0 0 -132.448
0.25 0 -437.018
0.5 0 -1187.13
0.75 0 -1491.49
1 0 -1494.49
1.25 0 -1502.48
1.5 0 -1518.38
1.7 0 -1611.2
1.85 0 -1828.57
2.1 0 -2204.5
2.35 0 -2303.86
2.6 0 -2427.35
2.85 0 -2589.19
3.1 0 -2820.63
3.35 0 -3215.1
3.6 0 -4622.11
3.85 0 -361373
4 0 -186756
4.25 0 -17475
4.5 0 -512652
4.75 0 -259376
5 0 -2209.19
5.14062 0 -2072.28
5.28125 0 -2056.42
5.42188 0 -2053.5
5.5625 0 -2052.75
5.70312 0 -2052.38
5.84375 0 -2052.08
5.98438 0 -2051.78
6.125 0 -2051.46
6.26562 0 -2051.11
6.40625 0 -2050.74
6.54688 0 -2050.33
6.6875 0 -2049.9
6.82812 0 -2049.44
6.96875 0 -2048.96
7.10938 0 -2048.44
7.25 0 -2047.89
7.39062 0 -2047.31
7.53125 0 -2046.7
7.67188 0 -2046.06
7.8125 0 -2045.39
7.95312 0 -2044.69
8.09375 0 -2043.95
8.23438 0 -2043.18
8.375 0 -2042.38
8.51562 0 -2041.55
8.65625 0 -2040.69
8.79688 0 -2039.81
8.9375 0 -2038.97
9.07812 0 -2038.31
9.21875 0 -2038.2
9.35938 0 -2036.79
9.5 0 -1614.32
9.75 0 -756.49
10 0 -434.144
0 0.0049922 -132.724
0.25 0.0049922 -361.506
0.5 0.0049922 -1036.66
0.75 0.0049922 -1489
1 0.0049922 -1493.38
1.25 0.0049922 -1504.23
1.5 0.0049922 -1520.05
1.7 0.0049922 -1862.15
1.85 0.0049922 -2008.4
2.1 0.0049922 -2233
2.35 0.0049922 -2336.14
2.6 0.0049922 -2465.68
2.85 0.0049922 -2636.74
3.1 0.0049922 -2884.62
3.35 0.0049922 -3324.69
3.6 0.0049922 -5128.63
3.85 0.0049922 -264280
4 0.0049922 -272068
4.25 0.0049922 -16190.2
4.5 0.0049922 -380613
4.75 0.0049922 -379899
5 0.0049922 -3434.44
5.14062 0.0049922 -2141.42
5.28125 0.0049922 -2038.2
5.42188 0.0049922 -2022.69
5.5625 0.0049922 -2020
5.70312 0.0049922 -2019.34
5.84375 0.0049922 -2019
5.98438 0.0049922 -2018.7
6.125 0.0049922 -2018.38
6.26562 0.0049922 -2018.05
6.40625 0.0049922 -2017.69
6.54688 0.0049922 -2017.3
6.6875 0.0049922 -2016.88
6.82812 0.0049922 -2016.43
6.96875 0.0049922 -2015.96
7.10938 0.0049922 -2015.46
7.25 0.0049922 -2014.92
7.39062 0.0049922 -2014.36
7.53125 0.0049922 -2013.77
7.67188 0.0049922 -2013.15
7.8125 0.0049922 -2012.49
7.95312 0.0049922 -2011.81
8.09375 0.0049922 -2011.09
8.23438 0.0049922 -2010.34
8.375 0.0049922 -2009.56
8.51562 0.0049922 -2008.74
8.65625 0.0049922 -2007.9
8.79688 0.0049922 -2007.04
8.9375 0.0049922 -2006.21
9.07812 0.0049922 -2005.48
9.21875 0.0049922 -2004.99
9.35938 0.0049922 -2001.48
9.5 0.0049922 -1691.45
9.75 0.0049922 -904.332
10 0.0049922 -427.488
0 0.0099844 -133
0.25 0.0099844 -362.027
0.5 0.0099844 -1035.09
0.75 0.0099844 -1485.92
1 0.0099844 -1490.93
1.25 0.0099844 -1502.43
1.5 0.0099844 -1523.11
1.7 0.0099844 -1927.16
1.85 0.0099844 -2228.16
2.1 0.0099844 -2250.36
2.35 0.0099844 -2354.96
2.6 0.0099844 -2488.34
2.85 0.0099844 -2666.07
3.1 0.0099844 -2927.83
3.35 0.0099844 -3418.11
3.6 0.0099844 -5815.6
3.85 0.0099844 -255114
4 0.0099844 -263402
4.25 0.0099844 -18988.5
4.5 0.0099844 -369482
4.75 0.0099844 -368750
5 0.0099844 -5132.14
5.14062 0.0099844 -2241.38
5.28125 0.0099844 -2010.16
5.42188 0.0099844 -1976.28
5.5625 0.0099844 -1970.78
5.70312 0.0099844 -1969.69
5.84375 0.0099844 -1969.3
5.98438 0.0099844 -1968.99
6.125 0.0099844 -1968.69
6.26562 0.0099844 -1968.36
6.40625 0.0099844 -1968.01
6.54688 0.0099844 -1967.64
6.6875 0.0099844 -1967.23
6.82812 0.0099844 -1966.8
6.96875 0.0099844 -1966.34
7.10938 0.0099844 -1965.85
7.25 0.0099844 -1965.33
7.39062 0.0099844 -1964.79
7.53125 0.0099844 -1964.21
7.67188 0.0099844 -1963.61
7.8125 0.0099844 -1962.97
7.95312 0.0099844 -1962.3
8.09375 0.0099844 -1961.6
8.23438 0.0099844 -1960.88
8.375 0.0099844 -1960.11
8.51562 0.0099844 -1959.32
8.65625 0.0099844 -1958.5
8.79688 0.0099844 -1957.67
8.9375 0.0099844 -1956.85
9.07812 0.0099844 -1956.1
9.21875 0.0099844 -1955.29
9.35938 0.0099844 -1948.89
9.5 0.0099844 -1646.24
9.75 0.0099844 -881.843
10 0.0099844 -417.478
0 0.0149766 -133.261
0.25 0.0149766 -362.364
0.5 0.0149766 -1032.72
0.75 0.0149766 -1481.65
1 0.0149766 -1486.92
1.25 0.0149766 -1497.81
1.5 0.0149766 -1520.57
1.7 0.0149766 -1943.91
1.85 0.0149766 -2266.96
2.1 0.0149766 -2243
2.35 0.0149766 -2344.53
2.6 0.0149766 -2475.67
2.85 0.0149766 -2651.41
3.1 0.0149766 -2913.21
3.35 0.0149766 -3429.02
3.6 0.0149766 -6305.89
3.85 0.0149766 -245999
4 0.0149766 -254886
4.25 0.0149766 -21500.3
4.5 0.0149766 -358492
4.75 0.0149766 -357742
5 0.0149766 -6684.62
5.14062 0.0149766 -2338.9
5.28125 0.0149766 -1981.88
5.42188 0.0149766 -1929.83
5.5625 0.0149766 -1921.56
5.70312 0.0149766 -1920.05
5.84375 0.0149766 -1919.59
5.98438 0.0149766 -1919.29
6.125 0.0149766 -1919
6.26562 0.0149766 -1918.68
6.40625 0.0149766 -1918.34
6.54688 0.0149766 -1917.97
6.6875 0.0149766 -1917.58
6.82812 0.0149766 -1917.16
6.96875 0.0149766 -1916.72
7.10938 0.0149766 -1916.24
7.25 0.0149766 -1915.74
7.39062 0.0149766 -1915.21
7.53125 0.0149766 -1914.65
7.67188 0.0149766 -1914.07
7.8125 0.0149766 -1913.45
7.95312 0.0149766 -1912.8
8.09375 0.0149766 -1912.12
8.23438 0.0149766 -1911.41
8.375 0.0149766 -1910.67
8.51562 0.0149766 -1909.9
8.65625 0.0149766 -1909.11
8.79688 0.0149766 -1908.29
8.9375 0.0149766 -1907.49
9.07812 0.0149766 -1906.71
9.21875 0.0149766 -1905.59
9.35938 0.0149766 -1896.58
9.5 0.0149766 -1601.33
9.75 0.0149766 -859.365
10 0.0149766 -407.427
0 0.0199688 -133.494
0.25 0.0199688 -362.529
0.5 0.0199688 -1029.67
0.75 0.0199688 -1476.14
1 0.0199688 -1481.29
1.25 0.0199688 -1490.83
1.5 0.0199688 -1514.74
1.7 0.0199688 -1942.65
1.85 0.0199688 -2268.39
2.1 0.0199688 -2225.37
2.35 0.0199688 -2321.97
2.6 0.0199688 -2448.52
2.85 0.0199688 -2619.17
3.1 0.0199688 -2876.41
3.35 0.0199688 -3411.02
3.6 0.0199688 -6721.88
3.85 0.0199688 -237042
4 0.0199688 -246495
4.25 0.0199688 -23738.1
4.5 0.0199688 -347634
4.75 0.0199688 -346874
5 0.0199688 -8097.16
5.14062 0.0199688 -2432.79
5.28125 0.0199688 -1953.21
5.42188 0.0199688 -1883.32
5.5625 0.0199688 -1872.33
5.70312 0.0199688 -1870.4
5.84375 0.0199688 -1869.89
5.98438 0.0199688 -1869.59
6.125 0.0199688 -1869.3
6.26562 0.0199688 -1869
6.40625 0.0199688 -1868.67
6.54688 0.0199688 -1868.31
6.6875 0.0199688 -1867.93
6.82812 0.0199688 -1867.53
6.96875 0.0199688 -1867.1
7.10938 0.0199688 -1866.64
7.25 0.0199688 -1866.15
7.39062 0.0199688 -1865.64
7.53125 0.0199688 -1865.1
7.67188 0.0199688 -1864.53
7.8125 0.0199688 -1863.93
7.95312 0.0199688 -1863.3
8.09375 0.0199688 -1862.64
8.23438 0.0199688 -1861.95
8.375 0.0199688 -1861.23
8.51562 0.0199688 -1860.48
8.65625 0.0199688 -1859.71
8.79688 0.0199688 -1858.92
8.9375 0.0199688 -1858.13
9.07812 0.0199688 -1857.33
9.21875 0.0199688 -1855.9
9.35938 0.0199688 -1844.52
9.5 0.0199688 -1556.71
9.75 0.0199688 -836.9
10 0.0199688 -397.338
0 0.0249609 -133.686
0.25 0.0249609 -362.506
0.5 0.0249609 -1025.93
0.75 0.0249609 -1469.41
1 0.0249609 -1474.01
1.25 0.0249609 -1481.63
1.5 0.0249609 -1505.94
1.7 0.0249609 -1931.41
1.85 0.0249609 -2253.6
2.1 0.0249609 -2200.4
2.35 0.0249609 -2290.99
2.6 0.0249609 -2411.72
2.85 0.0249609 -2575.82
3.1 0.0249609 -2826.57
3.35 0.0249609 -3377.81
3.6 0.0249609 -7103.52
3.85 0.0249609 -228273
4 0.0249609 -238212
4.25 0.0249609 -25714.6
4.5 0.0249609 -336903
4.75 0.0249609 -336142
5 0.0249609 -9374.81
5.14062 0.0249609 -2521.98
5.28125 0.0249609 -1924.03
5.42188 0.0249609 -1836.74
5.5625 0.0249609 -1823.09
5.70312 0.0249609 -1820.76
5.84375 0.0249609 -1820.19
5.98438 0.0249609 -1819.88
6.125 0.0249609 -1819.61
6.26562 0.0249609 -1819.31
6.40625 0.0249609 -1819
6.54688 0.0249609 -1818.65
6.6875 0.0249609 -1818.29
6.82812 0.0249609 -1817.9
6.96875 0.0249609 -1817.48
7.10938 0.0249609 -1817.03
7.25 0.0249609 -1816.56
7.39062 0.0249609 -1816.06
7.53125 0.0249609 -1815.54
7.67188 0.0249609 -1814.99
7.8125 0.0249609 -1814.41
7.95312 0.0249609 -1813.8
8.09375 0.0249609 -1813.16
8.23438 0.0249609 -1812.49
8.375 0.0249609 -1811.79
8.51562 0.0249609 -1811.07
8.65625 0.0249609 -1810.31
8.79688 0.0249609 -1809.55
8.9375 0.0249609 -1808.77
9.07812 0.0249609 -1807.95
9.21875 0.0249609 -1806.22
9.35938 0.0249609 -1792.71
9.5 0.0249609 -1512.36
9.75 0.0249609 -814.449
10 0.0249609 -387.212
0 0.0299531 -133.826
0.25 0.0299531 -362.283
0.5 0.0299531 -1021.51
0.75 0.0299531 -1461.44
1 0.0299531 -1465.08
1.25 0.0299531 -1470.25
1.5 0.0299531 -1494.33
1.7 0.0299531 -1913.27
1.85 0.0299531 -2228.9
2.1 0.0299531 -2169.37
2.35 0.0299531 -2253.32
2.6 0.0299531 -2367.57
2.85 0.0299531 -2524.5
3.1 0.0299531 -2768.06
3.35 0.0299531 -3335.13
3.6 0.0299531 -7466.89
3.85 0.0299531 -219698
4 0.0299531 -230026
4.25 0.0299531 -27442.4
4.5 0.0299531 -326294
4.75 0.0299531 -325540
5 0.0299531 -10522.6
5.14062 0.0299531 -2605.49
5.28125 0.0299531 -1894.2
5.42188 0.0299531 -1790.07
5.5625 0.0299531 -1773.84
5.70312 0.0299531 -1771.11
5.84375 0.0299531 -1770.48
5.98438 0.0299531 -1770.18
6.125 0.0299531 -1769.91
6.26562 0.0299531 -1769.63
6.40625 0.0299531 -1769.32
6.54688 0.0299531 -1768.99
6.6875 0.0299531 -1768.64
6.82812 0.0299531 -1768.26
6.96875 0.0299531 -1767.86
7.10938 0.0299531 -1767.43
7.25 0.0299531 -1766.97
7.39062 0.0299531 -1766.49
7.53125 0.0299531 -1765.98
7.67188 0.0299531 -1765.45
7.8125 0.0299531 -1764.88
7.95312 0.0299531 -1764.29
8.09375 0.0299531 -1763.67
8.23438 0.0299531 -1763.03
8.375 0.0299531 -1762.35
8.51562 0.0299531 -1761.65
8.65625 0.0299531 -1760.92
8.79688 0.0299531 -1760.17
8.9375 0.0299531 -1759.42
9.07812 0.0299531 -1758.57
9.21875 0.0299531 -1756.56
9.35938 0.0299531 -1741.15
9.5 0.0299531 -1468.29
9.75 0.0299531 -792.012
10 0.0299531 -377.053
0 0.0349453 -133.906
0.25 0.0349453 -361.847
0.5 0.0349453 -1016.4
0.75 0.0349453 -1452.25
1 0.0349453 -1454.48
1.25 0.0349453 -1456.75
1.5 0.0349453 -1479.97
1.7 0.0349453 -1889.71
1.85 0.0349453 -2197
2.1 0.0349453 -2133.1
2.35 0.0349453 -2210.11
2.6 0.0349453 -2317.64
2.85 0.0349453 -2467.3
3.1 0.0349453 -2703.57
3.35 0.0349453 -3285.99
3.6 0.0349453 -7817.43
3.85 0.0349453 -211316
4 0.0349453 -221931
4.25 0.0349453 -28933.6
4.5 0.0349453 -315804
4.75 0.0349453 -315064
5 0.0349453 -11545.3
5.14062 0.0349453 -2682.48
5.28125 0.0349453 -1863.61
5.42188 0.0349453 -1743.29
5.5625 0.0349453 -1724.56
5.70312 0.0349453 -1721.45
5.84375 0.0349453 -1720.78
5.98438 0.0349453 -1720.48
6.125 0.0349453 -1720.22
6.26562 0.0349453 -1719.94
6.40625 0.0349453 -1719.65
6.54688 0.0349453 -1719.33
6.6875 0.0349453 -1718.99
6.82812 0.0349453 -1718.63
6.96875 0.0349453 -1718.24
7.10938 0.0349453 -1717.82
7.25 0.0349453 -1717.38
7.39062 0.0349453 -1716.92
7.53125 0.0349453 -1716.43
7.67188 0.0349453 -1715.91
7.8125 0.0349453 -1715.36
7.95312 0.0349453 -1714.79
8.09375 0.0349453 -1714.19
8.23438 0.0349453 -1713.56
8.375 0.0349453 -1712.91
8.51562 0.0349453 -1712.23
8.65625 0.0349453 -1711.52
8.79688 0.0349453 -1710.8
8.9375 0.0349453 -1710.06
9.07812 0.0349453 -1709.19
9.21875 0.0349453 -1706.92
9.35938 0.0349453 -1689.81
9.5 0.0349453 -1424.47
9.75 0.0349453 -769.59
10 0.0349453 -366.86
0 0.0399375 -133.918
0.25 0.0399375 -361.187
0.5 0.0399375 -1010.6
0.75 0.0399375 -1441.82
1 0.0399375 -1442.23
1.25 0.0399375 -1441.14
1.5 0.0399375 -1462.98
1.7 0.0399375 -1861.62
1.85 0.0399375 -2159.34
2.1 0.0399375 -2092.26
2.35 0.0399375 -2162.29
2.6 0.0399375 -2263.18
2.85 0.0399375 -2405.75
3.1 0.0399375 -2634.96
3.35 0.0399375 -3232.14
3.6 0.0399375 -8154.11
3.85 0.0399375 -203124
4 0.0399375 -213926
4.25 0.0399375 -30199.8
4.5 0.0399375 -305427
4.75 0.0399375 -304709
5 0.0399375 -12447.7
5.14062 0.0399375 -2752.19
5.28125 0.0399375 -1832.14
5.42188 0.0399375 -1696.38
5.5625 0.0399375 -1675.27
5.70312 0.0399375 -1671.8
5.84375 0.0399375 -1671.08
5.98438 0.0399375 -1670.77
6.125 0.0399375 -1670.52
6.26562 0.0399375 -1670.26
6.40625 0.0399375 -1669.98
6.54688 0.0399375 -1669.67
6.6875 0.0399375 -1669.34
6.82812 0.0399375 -1668.99
6.96875 0.0399375 -1668.62
7.10938 0.0399375 -1668.22
7.25 0.0399375 -1667.79
7.39062 0.0399375 -1667.34
7.53125 0.0399375 -1666.87
7.67188 0.0399375 -1666.37
7.8125 0.0399375 -1665.84
7.95312 0.0399375 -1665.29
8.09375 0.0399375 -1664.71
8.23438 0.0399375 -1664.1
8.375 0.0399375 -1663.47
8.51562 0.0399375 -1662.81
8.65625 0.0399375 -1662.12
8.79688 0.0399375 -1661.42
8.9375 0.0399375 -1660.7
9.07812 0.0399375 -1659.82
9.21875 0.0399375 -1657.29
9.35938 0.0399375 -1638.71
9.5 0.0399375 -1380.9
9.75 0.0399375 -747.184
10 0.0399375 -356.635
0 0.0449297 -133.856
0.25 0.0449297 -360.295
0.5 0.0449297 -1004.1
0.75 0.0449297 -1430.16
1 0.0449297 -1428.3
1.25 0.0449297 -1423.47
1.5 0.0449297 -1443.41
1.7 0.0449297 -1829.58
1.85 0.0449297 -2116.89
2.1 0.0449297 -2047.44
2.35 0.0449297 -2110.66
2.6 0.0449297 -2205.16
2.85 0.0449297 -2341.01
3.1 0.0449297 -2563.49
3.35 0.0449297 -3174.62
3.6 0.0449297 -8472.96
3.85 0.0449297 -195118
4 0.0449297 -206015
4.25 0.0449297 -31252.6
4.5 0.0449297 -295159
4.75 0.0449297 -294472
5 0.0449297 -13234.4
5.14062 0.0449297 -2813.96
5.28125 0.0449297 -1799.68
5.42188 0.0449297 -1649.32
5.5625 0.0449297 -1625.96
5.70312 0.0449297 -1622.14
5.84375 0.0449297 -1621.37
5.98438 0.0449297 -1621.07
6.125 0.0449297 -1620.83
6.26562 0.0449297 -1620.58
6.40625 0.0449297 -1620.3
6.54688 0.0449297 -1620.01
6.6875 0.0449297 -1619.7
6.82812 0.0449297 -1619.36
6.96875 0.0449297 -1619
7.10938 0.0449297 -1618.61
7.25 0.0449297 -1618.2
7.39062 0.0449297 -1617.77
7.53125 0.0449297 -1617.31
7.67188 0.0449297 -1616.83
7.8125 0.0449297 -1616.32
7.95312 0.0449297 -1615.79
8.09375 0.0449297 -1615.23
8.23438 0.0449297 -1614.64
8.375 0.0449297 -1614.03
8.51562 0.0449297 -1613.39
8.65625 0.0449297 -1612.73
8.79688 0.0449297 -1612.05
8.9375 0.0449297 -1611.34
9.07812 0.0449297 -1610.44
9.21875 0.0449297 -1607.68
9.35938 0.0449297 -1587.81
9.5 0.0449297 -1337.56
9.75 0.0449297 -724.794
10 0.0449297 -346.381
0 0.0499219 -133.715
0.25 0.0499219 -359.158
0.5 0.0499219 -996.881
0.75 0.0499219 -1417.23
1 0.0499219 -1412.7
1.25 0.0499219 -1403.76
1.5 0.0499219 -1421.38
1.7 0.0499219 -1794.03
1.85 0.0499219 -2070.36
2.1 0.0499219 -1999.17
2.35 0.0499219 -2055.91
2.6 0.0499219 -2144.4
2.85 0.0499219 -2273.97
3.1 0.0499219 -2490.07
3.35 0.0499219 -3114.02
3.6 0.0499219 -8771.43
3.85 0.0499219 -187289
4 0.0499219 -198202
4.25 0.0499219 -32102.8
4.5 0.0499219 -284996
4.75 0.0499219 -284348
5 0.0499219 -13910
5.14062 0.0499219 -2867.22
5.28125 0.0499219 -1766.13
5.42188 0.0499219 -1602.11
5.5625 0.0499219 -1576.62
5.70312 0.0499219 -1572.48
5.84375 0.0499219 -1571.67
5.98438 0.0499219 -1571.37
6.125 0.0499219 -1571.13
6.26562 0.0499219 -1570.89
6.40625 0.0499219 -1570.63
6.54688 0.0499219 -1570.35
6.6875 0.0499219 -1570.05
6.82812 0.0499219 -1569.72
6.96875 0.0499219 -1569.38
7.10938 0.0499219 -1569.01
7.25 0.0499219 -1568.61
7.39062 0.0499219 -1568.19
7.53125 0.0499219 -1567.75
7.67188 0.0499219 -1567.29
7.8125 0.0499219 -1566.8
7.95312 0.0499219 -1566.28
8.09375 0.0499219 -1565.74
8.23438 0.0499219 -1565.18
8.375 0.0499219 -1564.59
8.51562 0.0499219 -1563.97
8.65625 0.0499219 -1563.33
8.79688 0.0499219 -1562.67
8.9375 0.0499219 -1561.99
9.07812 0.0499219 -1561.07
9.21875 0.0499219 -1558.1
9.35938 0.0499219 -1537.13
9.5 0.0499219 -1294.44
9.75 0.0499219 -702.42
10 0.0499219 -336.099
0 0.0549141 -133.489
0.25 0.0549141 -357.769
0.5 0.0549141 -988.931
0.75 0.0549141 -1403.04
1 0.0549141 -1395.42
1.25 0.0549141 -1382.07
1.5 0.0549141 -1396.97
1.7 0.0549141 -1755.35
1.85 0.0549141 -2020.29
2.1 0.0549141 -1947.95
2.35 0.0549141 -1998.62
2.6 0.0549141 -2081.55
2.85 0.0549141 -2205.27
3.1 0.0549141 -2415.29
3.35 0.0549141 -3050.67
3.6 0.0549141 -9048.3
3.85 0.0549141 -179628
4 0.0549141 -190486
4.25 0.0549141 -32760.7
4.5 0.0549141 -274933
4.75 0.0549141 -274332
5 0.0549141 -14478.8
5.14062 0.0549141 -2911.5
5.28125 0.0549141 -1731.4
5.42188 0.0549141 -1554.72
5.5625 0.0549141 -1527.25
5.70312 0.0549141 -1522.81
5.84375 0.0549141 -1521.96
5.98438 0.0549141 -1521.66
6.125 0.0549141 -1521.44
6.26562 0.0549141 -1521.21
6.40625 0.0549141 -1520.96
6.54688 0.0549141 -1520.69
6.6875 0.0549141 -1520.4
6.82812 0.0549141 -1520.09
6.96875 0.0549141 -1519.76
7.10938 0.0549141 -1519.4
7.25 0.0549141 -1519.02
7.39062 0.0549141 -1518.62
7.53125 0.0549141 -1518.2
7.67188 0.0549141 -1517.75
7.8125 0.0549141 -1517.28
7.95312 0.0549141 -1516.78
8.09375 0.0549141 -1516.26
8.23438 0.0549141 -1515.71
8.375 0.0549141 -1515.14
8.51562 0.0549141 -1514.55
8.65625 0.0549141 -1513.93
8.79688 0.0549141 -1513.3
8.9375 0.0549141 -1512.63
9.07812 0.0549141 -1511.7
9.21875 0.0549141 -1508.54
9.35938 0.0549141 -1486.64
9.5 0.0549141 -1251.55
9.75 0.0549141 -680.064
10 0.0549141 -325.79
0 0.0599063 -133.173
0.25 0.0599063 -356.116
0.5 0.0599063 -980.229
0.75 0.0599063 -1387.55
1 0.0599063 -1376.46
1.25 0.0599063 -1358.41
1.5 0.0599063 -1370.27
1.7 0.0599063 -1713.85
1.85 0.0599063 -1967.18
2.1 0.0599063 -1894.19
2.35 0.0599063 -1939.29
2.6 0.0599063 -2017.12
2.85 0.0599063 -2135.41
3.1 0.0599063 -2339.57
3.35 0.0599063 -2984.74
3.6 0.0599063 -9300.48
3.85 0.0599063 -172129
4 0.0599063 -182868
4.25 0.0599063 -33236.6
4.5 0.0599063 -264967
4.75 0.0599063 -264421
5 0.0599063 -14945.3
5.14062 0.0599063 -2946.4
5.28125 0.0599063 -1695.4
5.42188 0.0599063 -1507.14
5.5625 0.0599063 -1477.86
5.70312 0.0599063 -1473.14
5.84375 0.0599063 -1472.25
5.98438 0.0599063 -1471.96
6.125 0.0599063 -1471.74
6.26562 0.0599063 -1471.52
6.40625 0.0599063 -1471.29
6.54688 0.0599063 -1471.03
6.6875 0.0599063 -1470.75
6.82812 0.0599063 -1470.46
6.96875 0.0599063 -1470.14
7.10938 0.0599063 -1469.79
7.25 0.0599063 -1469.43
7.39062 0.0599063 -1469.05
7.53125 0.0599063 -1468.64
7.67188 0.0599063 -1468.21
7.8125 0.0599063 -1467.75
7.95312 0.0599063 -1467.28
8.09375 0.0599063 -1466.78
8.23438 0.0599063 -1466.25
8.375 0.0599063 -1465.7
8.51562 0.0599063 -1465.13
8.65625 0.0599063 -1464.54
8.79688 0.0599063 -1463.92
8.9375 0.0599063 -1463.27
9.07812 0.0599063 -1462.33
9.21875 0.0599063 -1459
9.35938 0.0599063 -1436.35
9.5 0.0599063 -1208.85
9.75 0.0599063 -657.724
10 0.0599063 -315.455
0 0.0648985 -132.762
0.25 0.0648985 -354.19
0.5 0.0648985 -970.752
0.75 0.0648985 -1370.75
1 0.0648985 -1355.82
1.25 0.0648985 -1332.84
1.5 0.0648985 -1341.4
1.7 0.0648985 -1669.8
1.85 0.0648985 -1911.44
2.1 0.0648985 -1838.3
2.35 0.0648985 -1878.33
2.6 0.0648985 -1951.51
2.85 0.0648985 -2064.72
3.1 0.0648985 -2263.17
3.35 0.0648985 -2916.27
3.6 0.0648985 -9523.22
3.85 0.0648985 -164789
4 0.0648985 -175350
4.25 0.0648985 -33539.9
4.5 0.0648985 -255093
4.75 0.0648985 -254611
5 0.0648985 -15313.6
5.14062 0.0648985 -2971.59
5.28125 0.0648985 -1658.07
5.42188 0.0648985 -1459.36
5.5625 0.0648985 -1428.43
5.70312 0.0648985 -1423.46
5.84375 0.0648985 -1422.55
5.98438 0.0648985 -1422.26
6.125 0.0648985 -1422.05
6.26562 0.0648985 -1421.84
6.40625 0.0648985 -1421.61
6.54688 0.0648985 -1421.37
6.6875 0.0648985 -1421.11
6.82812 0.0648985 -1420.82
6.96875 0.0648985 -1420.52
7.10938 0.0648985 -1420.19
7.25 0.0648985 -1419.84
7.39062 0.0648985 -1419.47
7.53125 0.0648985 -1419.08
7.67188 0.0648985 -1418.67
7.8125 0.0648985 -1418.23
7.95312 0.0648985 -1417.78
8.09375 0.0648985 -1417.29
8.23438 0.0648985 -1416.79
8.375 0.0648985 -1416.26
8.51562 0.0648985 -1415.71
8.65625 0.0648985 -1415.14
8.79688 0.0648985 -1414.55
8.9375 0.0648985 -1413.92
9.07812 0.0648985 -1412.97
9.21875 0.0648985 -1409.49
9.35938 0.0648985 -1386.25
9.5 0.0648985 -1166.36
9.75 0.0648985 -635.402
10 0.0648985 -305.097
0 0.0698906 -132.251
0.25 0.0698906 -351.977
0.5 0.0698906 -960.473
0.75 0.0698906 -1352.6
1 0.0698906 -1333.48
1.25 0.0698906 -1305.4
1.5 0.0698906 -1310.45
1.7 0.0698906 -1623.47
1.85 0.0698906 -1853.44
2.1 0.0698906 -1780.6
2.35 0.0698906 -1816.1
2.6 0.0698906 -1885.03
2.85 0.0698906 -1993.46
3.1 0.0698906 -2186.26
3.35 0.0698906 -2845.27
3.6 0.0698906 -9710.68
3.85 0.0698906 -157602
4 0.0698906 -167937
4.25 0.0698906 -33679.9
4.5 0.0698906 -245308
4.75 0.0698906 -244897
5 0.0698906 -15587.9
5.14062 0.0698906 -2986.82
5.28125 0.0698906 -1619.33
5.42188 0.0698906 -1411.37
5.5625 0.0698906 -1378.97
5.70312 0.0698906 -1373.78
5.84375 0.0698906 -1372.84
5.98438 0.0698906 -1372.55
6.125 0.0698906 -1372.35
6.26562 0.0698906 -1372.16
6.40625 0.0698906 -1371.94
6.54688 0.0698906 -1371.71
6.6875 0.0698906 -1371.46
6.82812 0.0698906 -1371.19
6.96875 0.0698906 -1370.9
7.10938 0.0698906 -1370.58
7.25 0.0698906 -1370.25
7.39062 0.0698906 -1369.9
7.53125 0.0698906 -1369.53
7.67188 0.0698906 -1369.13
7.8125 0.0698906 -1368.71
7.95312 0.0698906 -1368.27
8.09375 0.0698906 -1367.81
8.23438 0.0698906 -1367.33
8.375 0.0698906 -1366.82
8.51562 0.0698906 -1366.29
8.65625 0.0698906 -1365.74
8.79688 0.0698906 -1365.18
8.9375 0.0698906 -1364.56
9.07812 0.0698906 -1363.61
9.21875 0.0698906 -1360
9.35938 0.0698906 -1336.32
9.5 0.0698906 -1124.06
9.75 0.0698906 -613.098
10 0.0698906 -294.715
0 0.0748828 -131.635
0.25 0.0748828 -349.466
0.5 0.0748828 -949.36
0.75 0.0748828 -1333.07
1 0.0748828 -1309.44
1.25 0.0748828 -1276.13
1.5 0.0748828 -1277.53
1.7 0.0748828 -1575.09
1.85 0.0748828 -1793.5
2.1 0.0748828 -1721.4
2.35 0.0748828 -1752.85
2.6 0.0748828 -1817.9
2.85 0.0748828 -1921.78
3.1 0.0748828 -2108.96
3.35 0.0748828 -2771.69
3.6 0.0748828 -9856.84
3.85 0.0748828 -150567
4 0.0748828 -160635
4.25 0.0748828 -33665.5
4.5 0.0748828 -235607
4.75 0.0748828 -235275
5 0.0748828 -15772.2
5.14062 0.0748828 -2991.91
5.28125 0.0748828 -1579.12
5.42188 0.0748828 -1363.16
5.5625 0.0748828 -1329.48
5.70312 0.0748828 -1324.1
5.84375 0.0748828 -1323.13
5.98438 0.0748828 -1322.85
6.125 0.0748828 -1322.66
6.26562 0.0748828 -1322.47
6.40625 0.0748828 -1322.27
6.54688 0.0748828 -1322.05
6.6875 0.0748828 -1321.81
6.82812 0.0748828 -1321.55
6.96875 0.0748828 -1321.28
7.10938 0.0748828 -1320.98
7.25 0.0748828 -1320.66
7.39062 0.0748828 -1320.33
7.53125 0.0748828 -1319.97
7.67188 0.0748828 -1319.59
7.8125 0.0748828 -1319.19
7.95312 0.0748828 -1318.77
8.09375 0.0748828 -1318.33
8.23438 0.0748828 -1317.87
8.375 0.0748828 -1317.38
8.51562 0.0748828 -1316.87
8.65625 0.0748828 -1316.35
8.79688 0.0748828 -1315.8
8.9375 0.0748828 -1315.21
9.07812 0.0748828 -1314.25
9.21875 0.0748828 -1310.53
9.35938 0.0748828 -1286.56
9.5 0.0748828 -1081.93
9.75 0.0748828 -590.811
10 0.0748828 -284.312
0 0.079875 -130.909
0.25 0.079875 -346.643
0.5 0.079875 -937.378
0.75 0.079875 -1312.12
1 0.079875 -1283.71
1.25 0.079875 -1245.09
1.5 0.079875 -1242.76
1.7 0.079875 -1524.88
1.85 0.079875 -1731.9
2.1 0.079875 -1660.94
2.35 0.079875 -1688.83
2.6 0.079875 -1750.29
2.85 0.079875 -1849.82
3.1 0.079875 -2031.35
3.35 0.079875 -2695.5
3.6 0.079875 -9956.39
3.85 0.079875 -143677
4 0.079875 -153451
4.25 0.079875 -33505
4.5 0.079875 -225987
4.75 0.079875 -225742
5 0.079875 -15870.6
5.14062 0.079875 -2986.75
5.28125 0.079875 -1537.42
5.42188 0.079875 -1314.72
5.5625 0.079875 -1279.95
5.70312 0.079875 -1274.4
5.84375 0.079875 -1273.42
5.98438 0.079875 -1273.14
6.125 0.079875 -1272.97
6.26562 0.079875 -1272.79
6.40625 0.079875 -1272.6
6.54688 0.079875 -1272.39
6.6875 0.079875 -1272.16
6.82812 0.079875 -1271.92
6.96875 0.079875 -1271.66
7.10938 0.079875 -1271.37
7.25 0.079875 -1271.07
7.39062 0.079875 -1270.75
7.53125 0.079875 -1270.41
7.67188 0.079875 -1270.05
7.8125 0.079875 -1269.67
7.95312 0.079875 -1269.27
8.09375 0.079875 -1268.85
8.23438 0.079875 -1268.4
8.375 0.079875 -1267.94
8.51562 0.079875 -1267.46
8.65625 0.079875 -1266.95
8.79688 0.079875 -1266.43
8.9375 0.079875 -1265.85
9.07812 0.079875 -1264.9
9.21875 0.079875 -1261.1
9.35938 0.079875 -1236.96
9.5 0.079875 -1039.98
9.75 0.079875 -568.541
10 0.079875 -273.888
0 0.0848672 -130.065
0.25 0.0848672 -343.493
0.5 0.0848672 -924.487
0.75 0.0848672 -1289.71
1 0.0848672 -1256.26
1.25 0.0848672 -1212.31
1.5 0.0848672 -1206.23
1.7 0.0848672 -1473.03
1.85 0.0848672 -1668.91
2.1 0.0848672 -1599.44
2.35 0.0848672 -1624.19
2.6 0.0848672 -1682.33
2.85 0.0848672 -1777.66
3.1 0.0848672 -1953.46
3.35 0.0848672 -2616.64
3.6 0.0848672 -10005.5
3.85 0.0848672 -136929
4 0.0848672 -146391
4.25 0.0848672 -33206.4
4.5 0.0848672 -216443
4.75 0.0848672 -216295
5 0.0848672 -15886.9
5.14062 0.0848672 -2971.28
5.28125 0.0848672 -1494.16
5.42188 0.0848672 -1266.04
5.5625 0.0848672 -1230.39
5.70312 0.0848672 -1224.7
5.84375 0.0848672 -1223.71
5.98438 0.0848672 -1223.44
6.125 0.0848672 -1223.27
6.26562 0.0848672 -1223.11
6.40625 0.0848672 -1222.93
6.54688 0.0848672 -1222.73
6.6875 0.0848672 -1222.52
6.82812 0.0848672 -1222.29
6.96875 0.0848672 -1222.04
7.10938 0.0848672 -1221.77
7.25 0.0848672 -1221.48
7.39062 0.0848672 -1221.18
7.53125 0.0848672 -1220.85
7.67188 0.0848672 -1220.51
7.8125 0.0848672 -1220.15
7.95312 0.0848672 -1219.77
8.09375 0.0848672 -1219.36
8.23438 0.0848672 -1218.94
8.375 0.0848672 -1218.5
8.51562 0.0848672 -1218.04
8.65625 0.0848672 -1217.55
8.79688 0.0848672 -1217.05
8.9375 0.0848672 -1216.5
9.07812 0.0848672 -1215.55
9.21875 0.0848672 -1211.68
9.35938 0.0848672 -1187.52
9.5 0.0848672 -998.19
9.75 0.0848672 -546.288
10 0.0848672 -263.445
0 0.0898594 -129.098
0.25 0.0898594 -339.997
0.5 0.0898594 -910.643
0.75 0.0898594 -1265.79
1 0.0898594 -1227.1
1.25 0.0898594 -1177.85
1.5 0.0898594 -1168.05
1.7 0.0898594 -1419.73
1.85 0.0898594 -1604.74
2.1 0.0898594 -1537.08
2.35 0.0898594 -1559.07
2.6 0.0898594 -1614.12
2.85 0.0898594 -1705.35
3.1 0.0898594 -1875.33
3.35 0.0898594 -2535.09
3.6 0.0898594 -10002.3
3.85 0.0898594 -130316
4 0.0898594 -139456
4.25 0.0898594 -32777.1
4.5 0.0898594 -206972
4.75 0.0898594 -206928
5 0.0898594 -15824.9
5.14062 0.0898594 -2945.5
5.28125 0.0898594 -1449.33
5.42188 0.0898594 -1217.12
5.5625 0.0898594 -1180.78
5.70312 0.0898594 -1175
5.84375 0.0898594 -1174
5.98438 0.0898594 -1173.73
6.125 0.0898594 -1173.58
6.26562 0.0898594 -1173.42
6.40625 0.0898594 -1173.25
6.54688 0.0898594 -1173.07
6.6875 0.0898594 -1172.87
6.82812 0.0898594 -1172.65
6.96875 0.0898594 -1172.42
7.10938 0.0898594 -1172.16
7.25 0.0898594 -1171.89
7.39062 0.0898594 -1171.6
7.53125 0.0898594 -1171.3
7.67188 0.0898594 -1170.97
7.8125 0.0898594 -1170.63
7.95312 0.0898594 -1170.26
8.09375 0.0898594 -1169.88
8.23438 0.0898594 -1169.48
8.375 0.0898594 -1169.06
8.51562 0.0898594 -1168.62
8.65625 0.0898594 -1168.16
8.79688 0.0898594 -1167.68
8.9375 0.0898594 -1167.14
9.07812 0.0898594 -1166.2
9.21875 0.0898594 -1162.3
9.35938 0.0898594 -1138.23
9.5 0.0898594 -956.557
9.75 0.0898594 -524.052
10 0.0898594 -252.984
0 0.0948516 -128
0.25 0.0948516 -336.136
0.5 0.0948516 -895.796
0.75 0.0948516 -1240.32
1 0.0948516 -1196.21
1.25 0.0948516 -1141.75
1.5 0.0948516 -1128.32
1.7 0.0948516 -1365.15
1.85 0.0948516 -1539.58
2.1 0.0948516 -1474.02
2.35 0.0948516 -1493.6
2.6 0.0948516 -1545.73
2.85 0.0948516 -1632.93
3.1 0.0948516 -1796.97
3.35 0.0948516 -2450.8
3.6 0.0948516 -9946.65
3.85 0.0948516 -123831
4 0.0948516 -132647
4.25 0.0948516 -32224.2
4.5 0.0948516 -197571
4.75 0.0948516 -197638
5 0.0948516 -15688.5
5.14062 0.0948516 -2909.45
5.28125 0.0948516 -1402.91
5.42188 0.0948516 -1167.95
5.5625 0.0948516 -1131.14
5.70312 0.0948516 -1125.29
5.84375 0.0948516 -1124.28
5.98438 0.0948516 -1124.03
6.125 0.0948516 -1123.88
6.26562 0.0948516 -1123.74
6.40625 0.0948516 -1123.58
6.54688 0.0948516 -1123.41
6.6875 0.0948516 -1123.22
6.82812 0.0948516 -1123.02
6.96875 0.0948516 -1122.8
7.10938 0.0948516 -1122.56
7.25 0.0948516 -1122.3
7.39062 0.0948516 -1122.03
7.53125 0.0948516 -1121.74
7.67188 0.0948516 -1121.43
7.8125 0.0948516 -1121.11
7.95312 0.0948516 -1120.76
8.09375 0.0948516 -1120.4
8.23438 0.0948516 -1120.02
8.375 0.0948516 -1119.62
8.51562 0.0948516 -1119.2
8.65625 0.0948516 -1118.76
8.79688 0.0948516 -1118.31
8.9375 0.0948516 -1117.79
9.07812 0.0948516 -1116.86
9.21875 0.0948516 -1112.94
9.35938 0.0948516 -1089.08
9.5 0.0948516 -915.072
9.75 0.0948516 -501.832
10 0.0948516 -242.505
0 0.0998438 -126.265
0.25 0.0998438 -330.479
0.5 0.0998438 -875.31
0.75 0.0998438 -1207.68
1 0.0998438 -1157.11
1.25 0.0998438 -1096.96
1.5 0.0998438 -1079.62
1.7 0.0998438 -1297.67
1.85 0.0998438 -1462.93
2.1 0.0998438 -1399.51
2.35 0.0998438 -1416.64
2.6 0.0998438 -1465.49
2.85 0.0998438 -1547.94
3.1 0.0998438 -1704.57
3.35 0.0998438 -2347.04
3.6 0.0998438 -9792.39
3.85 0.0998438 -115449
4 0.0998438 -125852
4.25 0.0998438 -31367.2
4.5 0.0998438 -185335
4.75 0.0998438 -188318
5 0.0998438 -15467.2
5.14062 0.0998438 -2854.4
5.28125 0.0998438 -1346.52
5.42188 0.0998438 -1110.23
5.5625 0.0998438 -1073.17
5.70312 0.0998438 -1067.29
5.84375 0.0998438 -1066.29
5.98438 0.0998438 -1066.04
6.125 0.0998438 -1065.91
6.26562 0.0998438 -1065.77
6.40625 0.0998438 -1065.63
6.54688 0.0998438 -1065.47
6.6875 0.0998438 -1065.3
6.82812 0.0998438 -1065.11
6.96875 0.0998438 -1064.91
7.10938 0.0998438 -1064.69
7.25 0.0998438 -1064.45
7.39062 0.0998438 -1064.2
7.53125 0.0998438 -1063.93
7.67188 0.0998438 -1063.64
7.8125 0.0998438 -1063.33
7.95312 0.0998438 -1063.01
8.09375 0.0998438 -1062.67
8.23438 0.0998438 -1062.31
8.375 0.0998438 -1061.94
8.51562 0.0998438 -1061.54
8.65625 0.0998438 -1061.13
8.79688 0.0998438 -1060.71
8.9375 0.0998438 -1060.21
9.07812 0.0998438 -1059.3
9.21875 0.0998438 -1055.39
9.35938 0.0998438 -1032.01
9.5 0.0998438 -868.096
9.75 0.0998438 -477.874
10 0.0998438 -232.011
