0.0000000000e+00 0.0000000000e+00
4.9000000000e-04 0.0000000000e+00
5.0000000000e-04 0.0000000000e+00
9.9000000000e-04 0.0000000000e+00
1.0000000000e-03 0.0000000000e+00
1.0000000000e-03 0.0000000000e+00
1.4900000000e-03 7.8084462883e+09
1.5000000000e-03 8.0029088238e+09
1.9900000000e-03 1.5396608432e+10
2.0000000000e-03 1.5580742095e+10
2.4900000000e-03 2.2584147094e+10
2.5000000000e-03 2.2758560844e+10
2.9900000000e-03 2.9394434522e+10
3.0000000000e-03 2.9559695258e+10
3.4900000000e-03 3.5849253353e+10
3.5000000000e-03 3.6005889435e+10
3.9900000000e-03 4.1968928920e+10
4.0000000000e-03 4.2117433375e+10
4.4900000000e-03 4.7772448271e+10
4.5000000000e-03 4.7913281676e+10
4.9900000000e-03 5.3277567355e+10
5.0000000000e-03 5.3411160436e+10
5.4900000000e-03 5.8500907386e+10
5.5000000000e-03 5.8627663349e+10
5.9900000000e-03 6.3458041866e+10
6.0000000000e-03 6.3578338517e+10
6.4900000000e-03 6.8163575590e+10
6.5000000000e-03 6.8277767235e+10
6.9900000000e-03 7.2631215817e+10
7.0000000000e-03 7.2739635003e+10
7.4900000000e-03 7.6873838122e+10
7.5000000000e-03 7.6976797215e+10
7.9900000000e-03 8.0903544752e+10
8.0000000000e-03 8.1001337374e+10
8.4900000000e-03 8.4731719633e+10
8.5000000000e-03 8.4824621968e+10
8.9900000000e-03 8.8369077488e+10
9.0000000000e-03 8.8457349504e+10
9.4900000000e-03 9.1825709641e+10
9.5000000000e-03 9.1909596172e+10
9.9900000000e-03 9.5111125304e+10
1.0000000000e-02 9.5190857071e+10
1.0490000000e-02 9.8234290453e+10
1.0500000000e-02 9.8310085000e+10
1.0990000000e-02 1.0120366252e+11
1.1000000000e-02 1.0127572506e+11
1.1490000000e-02 1.0402722511e+11
1.1500000000e-02 1.0409574933e+11
1.1990000000e-02 1.0671251386e+11
1.2000000000e-02 1.0677768262e+11
1.2490000000e-02 1.0926664984e+11
1.2500000000e-02 1.0932863593e+11
1.2990000000e-02 1.1169636061e+11
1.3000000000e-02 1.1175532725e+11
1.3490000000e-02 1.1400800703e+11
1.3500000000e-02 1.1406410859e+11
1.3990000000e-02 1.1620760353e+11
1.4000000000e-02 1.1626098596e+11
1.4490000000e-02 1.1830084292e+11
1.4500000000e-02 1.1835164430e+11
1.4990000000e-02 1.2029310865e+11
1.5000000000e-02 1.2034145968e+11
1.5490000000e-02 1.2218950067e+11
1.5500000000e-02 1.2223552502e+11
1.5990000000e-02 1.2399484553e+11
1.6000000000e-02 1.2403866039e+11
1.6490000000e-02 1.2571371643e+11
1.6500000000e-02 1.2575543273e+11
1.6990000000e-02 1.2735044422e+11
1.7000000000e-02 1.2739016709e+11
1.7490000000e-02 1.2890913441e+11
1.7500000000e-02 1.2894696346e+11
1.7990000000e-02 1.3039368012e+11
1.8000000000e-02 1.3042970980e+11
1.8490000000e-02 1.3180776931e+11
1.8500000000e-02 1.3184208914e+11
1.8990000000e-02 1.3315490060e+11
1.9000000000e-02 1.3318759548e+11
1.9490000000e-02 1.3443839334e+11
1.9500000000e-02 1.3446954379e+11
1.9990000000e-02 1.3566139468e+11
2.0000000000e-02 1.3569107711e+11
2.0490000000e-02 1.3682689252e+11
2.0500000000e-02 1.3685517940e+11
2.0990000000e-02 1.3793772056e+11
2.1000000000e-02 1.3796468069e+11
2.1490000000e-02 1.3899656932e+11
2.1500000000e-02 1.3902226799e+11
2.1990000000e-02 1.4000599406e+11
2.2000000000e-02 1.4003049325e+11
2.2490000000e-02 1.4096841895e+11
2.2500000000e-02 1.4099177750e+11
2.2990000000e-02 1.4188614693e+11
2.3000000000e-02 1.4190842071e+11
2.3490000000e-02 1.4276136481e+11
2.3500000000e-02 1.4278260693e+11
2.3990000000e-02 1.4359614930e+11
2.4000000000e-02 1.4361641015e+11
2.4490000000e-02 1.4439247389e+11
2.4500000000e-02 1.4441180135e+11
2.4990000000e-02 1.4515221298e+11
2.5000000000e-02 1.4517065254e+11
2.5490000000e-02 1.4587714881e+11
2.5500000000e-02 1.4589474369e+11
2.5990000000e-02 1.4656897157e+11
2.6000000000e-02 1.4658576286e+11
2.6490000000e-02 1.4722929129e+11
2.6500000000e-02 1.4724531798e+11
2.6990000000e-02 1.4785963685e+11
2.7000000000e-02 1.4787493610e+11
2.7490000000e-02 1.4846146018e+11
2.7500000000e-02 1.4847606720e+11
2.7990000000e-02 1.4903614197e+11
2.8000000000e-02 1.4905009032e+11
2.8490000000e-02 1.4958499787e+11
2.8500000000e-02 1.4959831939e+11
2.8990000000e-02 1.5010927348e+11
2.9000000000e-02 1.5012199846e+11
2.9490000000e-02 1.5061015725e+11
2.9500000000e-02 1.5062231451e+11
2.9990000000e-02 1.5108877664e+11
3.0000000000e-02 1.5110039359e+11
3.0490000000e-02 1.5154620695e+11
3.0500000000e-02 1.5155730959e+11
3.0990000000e-02 1.5198346648e+11
3.1000000000e-02 1.5199407963e+11
3.1490000000e-02 1.5240152747e+11
3.1500000000e-02 1.5241167463e+11
3.1990000000e-02 1.5280131202e+11
3.2000000000e-02 1.5281101566e+11
3.2490000000e-02 1.5318370024e+11
3.2500000000e-02 1.5319298163e+11
3.2990000000e-02 1.5354952520e+11
3.3000000000e-02 1.5355840463e+11
3.3490000000e-02 1.5389958188e+11
3.3500000000e-02 1.5390807861e+11
3.3990000000e-02 1.5423462717e+11
3.4000000000e-02 1.5424275959e+11
3.4490000000e-02 1.5455538002e+11
3.4500000000e-02 1.5456316554e+11
3.4990000000e-02 1.5486252327e+11
3.5000000000e-02 1.5486997851e+11
3.5490000000e-02 1.5515670970e+11
3.5500000000e-02 1.5516385044e+11
3.5990000000e-02 1.5543855611e+11
3.6000000000e-02 1.5544539739e+11
3.6490000000e-02 1.5570865419e+11
3.6500000000e-02 1.5571521034e+11
3.6990000000e-02 1.5596756270e+11
3.7000000000e-02 1.5597384727e+11
3.7490000000e-02 1.5621581720e+11
3.7500000000e-02 1.5622184317e+11
3.7990000000e-02 1.5645392242e+11
3.8000000000e-02 1.5645970212e+11
3.8490000000e-02 1.5668236391e+11
3.8500000000e-02 1.5668790905e+11
3.8990000000e-02 1.5690160121e+11
3.9000000000e-02 1.5690692295e+11
3.9490000000e-02 1.5711206993e+11
3.9500000000e-02 1.5711717888e+11
3.9990000000e-02 1.5731418851e+11
4.0000000000e-02 1.5731909478e+11
4.0490000000e-02 1.5750835149e+11
4.0500000000e-02 1.5751306469e+11
4.0990000000e-02 1.5769493729e+11
4.1000000000e-02 1.5769946659e+11
4.1490000000e-02 1.5787430341e+11
4.1500000000e-02 1.5787865749e+11
4.1990000000e-02 1.5804679320e+11
4.2000000000e-02 1.5805098039e+11
4.2490000000e-02 1.5821272917e+11
4.2500000000e-02 1.5821675730e+11
4.2990000000e-02 1.5837242355e+11
4.3000000000e-02 1.5837630018e+11
4.3490000000e-02 1.5852616784e+11
4.3500000000e-02 1.5852990010e+11
4.3990000000e-02 1.5867424530e+11
4.4000000000e-02 1.5867783998e+11
4.4490000000e-02 1.5881692030e+11
4.4500000000e-02 1.5882038386e+11
4.4990000000e-02 1.5895444712e+11
4.5000000000e-02 1.5895778576e+11
4.5490000000e-02 1.5908706711e+11
4.5500000000e-02 1.5909028669e+11
4.5990000000e-02 1.5921501152e+11
4.6000000000e-02 1.5921811757e+11
4.6490000000e-02 1.5933849857e+11
4.6500000000e-02 1.5934149647e+11
4.6990000000e-02 1.5945773563e+11
4.7000000000e-02 1.5946063037e+11
4.7490000000e-02 1.5957292184e+11
4.7500000000e-02 1.5957571825e+11
4.7990000000e-02 1.5968424547e+11
4.8000000000e-02 1.5968694816e+11
4.8490000000e-02 1.5979188577e+11
4.8500000000e-02 1.5979449906e+11
4.8990000000e-02 1.5989601391e+11
4.9000000000e-02 1.5989854194e+11
4.9490000000e-02 1.5999679112e+11
4.9500000000e-02 1.5999923786e+11
4.9990000000e-02 1.6009437456e+11
5.0000000000e-02 1.6009674374e+11
5.0490000000e-02 1.6018890845e+11
5.0500000000e-02 1.6019120364e+11
5.0990000000e-02 1.6028053492e+11
5.1000000000e-02 1.6028275955e+11
5.1490000000e-02 1.6036938618e+11
5.1500000000e-02 1.6037154345e+11
5.1990000000e-02 1.6045558838e+11
5.2000000000e-02 1.6045768135e+11
5.2490000000e-02 1.6053926264e+11
5.2500000000e-02 1.6054129428e+11
5.2990000000e-02 1.6062052412e+11
5.3000000000e-02 1.6062249716e+11
5.3490000000e-02 1.6069947996e+11
5.3500000000e-02 1.6070139709e+11
5.3990000000e-02 1.6077623530e+11
5.4000000000e-02 1.6077809899e+11
5.4490000000e-02 1.6085088725e+11
5.4500000000e-02 1.6085269992e+11
5.4990000000e-02 1.6092353093e+11
5.5000000000e-02 1.6092529482e+11
5.5490000000e-02 1.6099425346e+11
5.5500000000e-02 1.6099597075e+11
5.5990000000e-02 1.6106314093e+11
5.6000000000e-02 1.6106481365e+11
5.6490000000e-02 1.6113027245e+11
5.6500000000e-02 1.6113190258e+11
5.6990000000e-02 1.6119572415e+11
5.7000000000e-02 1.6119731350e+11
5.7490000000e-02 1.6125956810e+11
5.7500000000e-02 1.6126111843e+11
5.7990000000e-02 1.6132187435e+11
5.8000000000e-02 1.6132338736e+11
5.8490000000e-02 1.6138270705e+11
5.8500000000e-02 1.6138418426e+11
5.8990000000e-02 1.6144212724e+11
5.9000000000e-02 1.6144357021e+11
5.9490000000e-02 1.6150019404e+11
5.9500000000e-02 1.6150160414e+11
5.9990000000e-02 1.6155696248e+11
6.0000000000e-02 1.6155834107e+11
6.0490000000e-02 1.6161248466e+11
6.0500000000e-02 1.6161383299e+11
6.0990000000e-02 1.6166681063e+11
6.1000000000e-02 1.6166812992e+11
6.1490000000e-02 1.6171998647e+11
6.1500000000e-02 1.6172127787e+11
6.1990000000e-02 1.6177205725e+11
6.2000000000e-02 1.6177332182e+11
6.2490000000e-02 1.6182306403e+11
6.2500000000e-02 1.6182430275e+11
6.2990000000e-02 1.6187304682e+11
6.3000000000e-02 1.6187426068e+11
6.3490000000e-02 1.6192204075e+11
6.3500000000e-02 1.6192323063e+11
6.3990000000e-02 1.6197008184e+11
6.4000000000e-02 1.6197124858e+11
6.4490000000e-02 1.6201720214e+11
6.4500000000e-02 1.6201834653e+11
6.4990000000e-02 1.6206343270e+11
6.5000000000e-02 1.6206455548e+11
6.5490000000e-02 1.6210880157e+11
6.5500000000e-02 1.6210990341e+11
6.5990000000e-02 1.6215333381e+11
6.6000000000e-02 1.6215441539e+11
6.6490000000e-02 1.6219705547e+11
6.6500000000e-02 1.6219811734e+11
6.6990000000e-02 1.6223998857e+11
6.7000000000e-02 1.6224103129e+11
6.7490000000e-02 1.6228215513e+11
6.7500000000e-02 1.6228317924e+11
6.7990000000e-02 1.6232357228e+11
6.8000000000e-02 1.6232457819e+11
6.8490000000e-02 1.6236425897e+11
6.8500000000e-02 1.6236524714e+11
6.8990000000e-02 1.6240423030e+11
6.9000000000e-02 1.6240520109e+11
6.9490000000e-02 1.6244350028e+11
6.9500000000e-02 1.6244445407e+11
6.9990000000e-02 1.6248208100e+11
7.0000000000e-02 1.6248301804e+11
7.0490000000e-02 1.6251998443e+11
7.0500000000e-02 1.6252090500e+11
7.0990000000e-02 1.6255721961e+11
7.1000000000e-02 1.6255812395e+11
7.1490000000e-02 1.6259379362e+11
7.1500000000e-02 1.6259468192e+11
7.1990000000e-02 1.6262971349e+11
7.2000000000e-02 1.6263058587e+11
7.2490000000e-02 1.6266498226e+11
7.2500000000e-02 1.6266583887e+11
7.2990000000e-02 1.6269960496e+11
7.3000000000e-02 1.6270044583e+11
7.3490000000e-02 1.6273358258e+11
7.3500000000e-02 1.6273440780e+11
7.3990000000e-02 1.6276691523e+11
7.4000000000e-02 1.6276772475e+11
7.4490000000e-02 1.6279960090e+11
7.4500000000e-02 1.6280039473e+11
7.4990000000e-02 1.6283163667e+11
7.5000000000e-02 1.6283241470e+11
7.5490000000e-02 1.6286301756e+11
7.5500000000e-02 1.6286377968e+11
7.5990000000e-02 1.6289373858e+11
7.6000000000e-02 1.6289448466e+11
7.6490000000e-02 1.6292378983e+11
7.6500000000e-02 1.6292451963e+11
7.6990000000e-02 1.6295316328e+11
7.7000000000e-02 1.6295387661e+11
7.7490000000e-02 1.6298184800e+11
7.7500000000e-02 1.6298254458e+11
7.7990000000e-02 1.6300982908e+11
7.8000000000e-02 1.6301050856e+11
7.8490000000e-02 1.6303709251e+11
7.8500000000e-02 1.6303775453e+11
7.8990000000e-02 1.6306362232e+11
7.9000000000e-02 1.6306426651e+11
7.9490000000e-02 1.6308939959e+11
7.9500000000e-02 1.6309002549e+11
7.9990000000e-02 1.6311440337e+11
8.0000000000e-02 1.6311501046e+11
8.0490000000e-02 1.6313861072e+11
8.0500000000e-02 1.6313919846e+11
8.0990000000e-02 1.6316199767e+11
8.1000000000e-02 1.6316256546e+11
8.1490000000e-02 1.6318453727e+11
8.1500000000e-02 1.6318508444e+11
8.1990000000e-02 1.6320620056e+11
8.2000000000e-02 1.6320672641e+11
8.2490000000e-02 1.6322695562e+11
8.2500000000e-02 1.6322745939e+11
8.2990000000e-02 1.6324676851e+11
8.3000000000e-02 1.6324724939e+11
8.3490000000e-02 1.6326560330e+11
8.3500000000e-02 1.6326606036e+11
8.3990000000e-02 1.6328342004e+11
8.4000000000e-02 1.6328385234e+11
8.4490000000e-02 1.6330017679e+11
8.4500000000e-02 1.6330058332e+11
8.4990000000e-02 1.6331582767e+11
8.5000000000e-02 1.6331620734e+11
8.5490000000e-02 1.6333032671e+11
8.5500000000e-02 1.6333067832e+11
8.5990000000e-02 1.6334362099e+11
8.6000000000e-02 1.6334394329e+11
8.6490000000e-02 1.6335565658e+11
8.6500000000e-02 1.6335594829e+11
8.6990000000e-02 1.6336637463e+11
8.7000000000e-02 1.6336663427e+11
8.7490000000e-02 1.6337571414e+11
8.7500000000e-02 1.6337594024e+11
8.7990000000e-02 1.6338360730e+11
8.8000000000e-02 1.6338379824e+11
8.8490000000e-02 1.6338998614e+11
8.8500000000e-02 1.6339014024e+11
8.8990000000e-02 1.6339477482e+11
8.9000000000e-02 1.6339489024e+11
8.9490000000e-02 1.6339789540e+11
8.9500000000e-02 1.6339797022e+11
8.9990000000e-02 1.6339926400e+11
9.0000000000e-02 1.6339929619e+11
9.0490000000e-02 1.6339879078e+11
9.0500000000e-02 1.6339877819e+11
9.0990000000e-02 1.6339638187e+11
9.1000000000e-02 1.6339632219e+11
9.1490000000e-02 1.6339193837e+11
9.1500000000e-02 1.6339182917e+11
9.1990000000e-02 1.6338535344e+11
9.2000000000e-02 1.6338519217e+11
9.2490000000e-02 1.6337651526e+11
9.2500000000e-02 1.6337629917e+11
9.2990000000e-02 1.6336530497e+11
9.3000000000e-02 1.6336503117e+11
9.3490000000e-02 1.6335159772e+11
9.3500000000e-02 1.6335126317e+11
9.3990000000e-02 1.6333526070e+11
9.4000000000e-02 1.6333486215e+11
9.4490000000e-02 1.6331615210e+11
9.4500000000e-02 1.6331568615e+11
9.4990000000e-02 1.6329412413e+11
9.5000000000e-02 1.6329358712e+11
9.5490000000e-02 1.6326901800e+11
9.5500000000e-02 1.6326840612e+11
9.5990000000e-02 1.6324066792e+11
9.6000000000e-02 1.6323997712e+11
9.6490000000e-02 1.6320889714e+11
9.6500000000e-02 1.6320812312e+11
9.6990000000e-02 1.6317351989e+11
9.7000000000e-02 1.6317265812e+11
9.7490000000e-02 1.6313433844e+11
9.7500000000e-02 1.6313338410e+11
9.7990000000e-02 1.6309114405e+11
9.8000000000e-02 1.6309009212e+11
9.8490000000e-02 1.6304371706e+11
9.8500000000e-02 1.6304256210e+11
9.8990000000e-02 1.6299182370e+11
9.9000000000e-02 1.6299056010e+11
9.9490000000e-02 1.6293521834e+11
9.9500000000e-02 1.6293384010e+11
9.9990000000e-02 1.6287363935e+11
1.0000000000e-01 1.6287214007e+11
1.0049000000e-01 1.6280681104e+11
1.0050000000e-01 1.6280518410e+11
1.0099000000e-01 1.6273444285e+11
1.0100000000e-01 1.6273268110e+11
1.0149000000e-01 1.6265622712e+11
1.0150000000e-01 1.6265432310e+11
1.0199000000e-01 1.6257183832e+11
1.0200000000e-01 1.6256978407e+11
1.0249000000e-01 1.6248093187e+11
1.0250000000e-01 1.6247871907e+11
1.0299000000e-01 1.6238314429e+11
1.0300000000e-01 1.6238076407e+11
1.0349000000e-01 1.6227809106e+11
1.0350000000e-01 1.6227553407e+11
1.0399000000e-01 1.6216536670e+11
1.0400000000e-01 1.6216262305e+11
1.0449000000e-01 1.6204454079e+11
1.0450000000e-01 1.6204160005e+11
1.0499000000e-01 1.6191515896e+11
1.0500000000e-01 1.6191201007e+11
1.0549000000e-01 1.6177674280e+11
1.0550000000e-01 1.6177337405e+11
1.0599000000e-01 1.6162878395e+11
1.0600000000e-01 1.6162518305e+11
1.0649000000e-01 1.6147074618e+11
1.0650000000e-01 1.6146690005e+11
1.0699000000e-01 1.6130206416e+11
1.0700000000e-01 1.6129795905e+11
1.0749000000e-01 1.6112213676e+11
1.0750000000e-01 1.6111775805e+11
1.0799000000e-01 1.6093033273e+11
1.0800000000e-01 1.6092566502e+11
1.0849000000e-01 1.6072598100e+11
1.0850000000e-01 1.6072100802e+11
1.0899000000e-01 1.6050837450e+11
1.0900000000e-01 1.6050307905e+11
1.0949000000e-01 1.6027676619e+11
1.0950000000e-01 1.6027113002e+11
1.0999000000e-01 1.6003036411e+11
1.1000000000e-01 1.6002436802e+11
1.1049000000e-01 1.5976833239e+11
1.1050000000e-01 1.5976195605e+11
1.1099000000e-01 1.5948978915e+11
1.1100000000e-01 1.5948301102e+11
1.1149000000e-01 1.5919379766e+11
1.1150000000e-01 1.5918659502e+11
1.1199000000e-01 1.5887937119e+11
1.1200000000e-01 1.5887172005e+11
1.1249000000e-01 1.5854546615e+11
1.1250000000e-01 1.5853734105e+11
1.1299000000e-01 1.5819097795e+11
1.1300000000e-01 1.5818235202e+11
1.1349000000e-01 1.5781473816e+11
1.1350000000e-01 1.5780558302e+11
1.1399000000e-01 1.5741551340e+11
1.1400000000e-01 1.5740579902e+11
1.1449000000e-01 1.5699199743e+11
1.1450000000e-01 1.5698169202e+11
1.1499000000e-01 1.5654281101e+11
1.1500000000e-01 1.5653188102e+11
1.1549000000e-01 1.5606649217e+11
1.1550000000e-01 1.5605490202e+11
1.1599000000e-01 1.5556149884e+11
1.1600000000e-01 1.5554921102e+11
1.1649000000e-01 1.5502619727e+11
1.1650000000e-01 1.5501317202e+11
1.1699000000e-01 1.5445885974e+11
1.1700000000e-01 1.5444505502e+11
1.1749000000e-01 1.5385765867e+11
1.1750000000e-01 1.5384303002e+11
1.1799000000e-01 1.5322066162e+11
1.1800000000e-01 1.5320516202e+11
1.1849000000e-01 1.5254582431e+11
1.1850000000e-01 1.5252940402e+11
1.1899000000e-01 1.5183098168e+11
1.1900000000e-01 1.5181358802e+11
1.1949000000e-01 1.5107384475e+11
1.1950000000e-01 1.5105542202e+11
1.1999000000e-01 1.5027199076e+11
1.2000000000e-01 1.5025248002e+11
1.2049000000e-01 1.4942285518e+11
1.2050000000e-01 1.4940219402e+11
1.2099000000e-01 1.4852372461e+11
1.2100000000e-01 1.4850184702e+11
1.2149000000e-01 1.4757172498e+11
1.2150000000e-01 1.4754856102e+11
1.2199000000e-01 1.4656381632e+11
1.2200000000e-01 1.4653929202e+11
1.2249000000e-01 1.4549677802e+11
1.2250000000e-01 1.4547081502e+11
1.2299000000e-01 1.4436719970e+11
1.2300000000e-01 1.4433971502e+11
1.2349000000e-01 1.4317146927e+11
1.2350000000e-01 1.4314237502e+11
1.2399000000e-01 1.4190576288e+11
1.2400000000e-01 1.4187496602e+11
1.2449000000e-01 1.4056602614e+11
1.2450000000e-01 1.4053342802e+11
1.2499000000e-01 1.3914796587e+11
1.2500000000e-01 1.3911346202e+11
1.2549000000e-01 1.3764703230e+11
1.2550000000e-01 1.3761051200e+11
1.2599000000e-01 1.3605840013e+11
1.2600000000e-01 1.3601974602e+11
1.2649000000e-01 1.3437695836e+11
1.2650000000e-01 1.3433604600e+11
1.2699000000e-01 1.3259728254e+11
1.2700000000e-01 1.3255398002e+11
1.2749000000e-01 1.3071362365e+11
1.2750000000e-01 1.3066779100e+11
1.2799000000e-01 1.2871987921e+11
1.2800000000e-01 1.2867136802e+11
1.2849000000e-01 1.2660957730e+11
1.2850000000e-01 1.2655823002e+11
1.2899000000e-01 1.2437584559e+11
1.2900000000e-01 1.2432149502e+11
1.2949000000e-01 1.2201139037e+11
1.2950000000e-01 1.2195385902e+11
1.2999000000e-01 1.1950846270e+11
1.3000000000e-01 1.1944756200e+11
1.3049000000e-01 1.1685883130e+11
1.3050000000e-01 1.1679436102e+11
1.3099000000e-01 1.1405375175e+11
1.3100000000e-01 1.1398549902e+11
1.3149000000e-01 1.1108392251e+11
1.3150000000e-01 1.1101166102e+11
1.3199000000e-01 1.0793945490e+11
1.3200000000e-01 1.0786294400e+11
1.3249000000e-01 1.0460982536e+11
1.3250000000e-01 1.0452880902e+11
1.3299000000e-01 1.0108383344e+11
1.3300000000e-01 1.0099803902e+11
1.3349000000e-01 9.7349552418e+10
1.3350000000e-01 9.7258689724e+10
1.3399000000e-01 9.3394271719e+10
1.3400000000e-01 9.3298031424e+10
1.3449000000e-01 8.9204442833e+10
1.3450000000e-01 8.9102495224e+10
1.3499000000e-01 8.4765613751e+10
1.3500000000e-01 8.4657607124e+10
1.3549000000e-01 8.0062359068e+10
1.3550000000e-01 7.9947918024e+10
1.3599000000e-01 7.5078204027e+10
1.3600000000e-01 7.4956927624e+10
1.3649000000e-01 6.9795540516e+10
1.3650000000e-01 6.9667000224e+10
1.3699000000e-01 6.4195534774e+10
1.3700000000e-01 6.4059272222e+10
1.3749000000e-01 5.8258025710e+10
1.3750000000e-01 5.8113550222e+10
1.3799000000e-01 5.1961412578e+10
1.3800000000e-01 5.1808198419e+10
1.3849000000e-01 4.5282530455e+10
1.3850000000e-01 4.5120013819e+10
1.3899000000e-01 3.8196512190e+10
1.3900000000e-01 3.8024087822e+10
1.3949000000e-01 3.0676634476e+10
1.3950000000e-01 3.0493651922e+10
1.3999000000e-01 2.2694145698e+10
1.4000000000e-01 2.2499905124e+10
1.4049000000e-01 1.4218074511e+10
1.4050000000e-01 1.4011822027e+10
1.4099000000e-01 5.2150147037e+09
1.4100000000e-01 4.9959371265e+09
1.4149000000e-01 -4.3511142213e+0 
1.4150000000e-01 -4.5838951923e+0 
1.4199000000e-01 -1.4519234452e+1 
1.4200000000e-01 -1.4766666271e+1 
1.4249000000e-01 -2.5331328457e+1 
1.4250000000e-01 -2.5594433071e+1 
1.4299000000e-01 -3.6832771968e+1 
1.4300000000e-01 -3.7112653968e+1 
1.4349000000e-01 -4.9072515901e+1 
1.4350000000e-01 -4.9370366866e+1 
1.4399000000e-01 -6.2103008526e+1 
1.4400000000e-01 -6.2420104966e+1 
1.4449000000e-01 -7.5979387387e+1 
1.4450000000e-01 -7.6317070666e+1 
1.4499000000e-01 -9.0756733992e+1 
1.4500000000e-01 -9.1116342466e+1 
1.4549000000e-01 -1.0648234670e+1 
1.4550000000e-01 -1.0686502498e+1 
1.4599000000e-01 -1.2317541356e+1 
1.4600000000e-01 -1.2358161095e+1 
1.4649000000e-01 -1.4077517865e+1 
1.4650000000e-01 -1.4120337095e+1 
1.4699000000e-01 -1.5901141364e+1 
1.4700000000e-01 -1.5945490898e+1 
1.4749000000e-01 -1.7708769138e+1 
1.4750000000e-01 -1.7752682195e+1 
1.4799000000e-01 -1.9293612926e+1 
1.4800000000e-01 -1.9331988598e+1 
1.4849000000e-01 -2.0161266971e+1 
1.4850000000e-01 -2.0181919495e+1 
1.4899000000e-01 -1.9262539238e+1 
1.4900000000e-01 -1.9239642798e+1 
1.4949000000e-01 -1.4945381014e+1 
1.4950000000e-01 -1.4838435798e+1 
1.4999000000e-01 -6.3835402113e+1 
1.5000000000e-01 -6.1729776790e+1 
1.5049000000e-01 -3.2725491729e+1 
1.5050000000e-01 -3.2003162795e+1 
1.5099000000e-01 -1.9392229582e+1 
1.5100000000e-01 -1.9078164198e+1 
1.5149000000e-01 -1.2215074067e+1 
1.5150000000e-01 -1.2044154198e+1 
1.5199000000e-01 -7.5648272763e+0 
1.5200000000e-01 -7.4532731585e+0 
1.5249000000e-01 -4.0818911690e+0 
1.5250000000e-01 -3.9979295488e+0 
1.5299000000e-01 -1.1794377922e+0 
1.5300000000e-01 -1.1092454690e+0 
1.5349000000e-01 1.4261164049e+09
1.5350000000e-01 1.4892576007e+09
1.5399000000e-01 3.9541166716e+09
1.5400000000e-01 4.0155020507e+09
1.5449000000e-01 6.6026718392e+09
1.5450000000e-01 6.6671032707e+09
1.5499000000e-01 9.3957746434e+09
1.5500000000e-01 9.4637300605e+09
1.5549000000e-01 1.2386827358e+10
1.5550000000e-01 1.2459624802e+10
1.5599000000e-01 1.5617119770e+10
1.5600000000e-01 1.5695754700e+10
1.5649000000e-01 1.9117710869e+10
1.5650000000e-01 1.9202932000e+10
1.5699000000e-01 2.2911067498e+10
1.5700000000e-01 2.3003415700e+10
1.5749000000e-01 2.7012085331e+10
1.5750000000e-01 2.7111918100e+10
1.5799000000e-01 3.1429035482e+10
1.5800000000e-01 3.1536549900e+10
1.5849000000e-01 3.6164749036e+10
1.5850000000e-01 3.6280010700e+10
1.5899000000e-01 4.1218210512e+10
1.5900000000e-01 4.1341192500e+10
1.5949000000e-01 4.6586652733e+10
1.5950000000e-01 4.6717286800e+10
1.5999000000e-01 5.2268232166e+10
1.6000000000e-01 5.2406474098e+10
1.6001000000e-01 5.2552385852e+10
1.6050000000e-01 5.8411303900e+10
1.6051000000e-01 5.8565157039e+10
1.6100000000e-01 6.4742952300e+10
1.6101000000e-01 6.4905360087e+10
1.6150000000e-01 7.1426657400e+10
1.6151000000e-01 7.1598747021e+10
1.6200000000e-01 7.8508807200e+10
1.6201000000e-01 7.8692449802e+10
1.6250000000e-01 8.6066406600e+10
1.6251000000e-01 8.6264532548e+10
1.6300000000e-01 9.4220051400e+10
1.6301000000e-01 9.4437093972e+10
1.6350000000e-01 1.0315218800e+11
1.6351000000e-01 1.0339472543e+11
1.6400000000e-01 1.1313353600e+11
1.6401000000e-01 1.1341124815e+11
1.6450000000e-01 1.2456245900e+11
1.6451000000e-01 1.2488959904e+11
1.6500000000e-01 1.3802553000e+11
1.6501000000e-01 1.3842326772e+11
1.6550000000e-01 1.5439396700e+11
1.6551000000e-01 1.5489426454e+11
1.6600000000e-01 1.7498313500e+11
1.6601000000e-01 1.7563543491e+11
1.6650000000e-01 2.0182778500e+11
1.6651000000e-01 2.0271111877e+11
1.6700000000e-01 2.3818036602e+11
1.6701000000e-01 2.3942653074e+11
1.6750000000e-01 2.8946483702e+11
1.6751000000e-01 2.9130578957e+11
1.6800000000e-01 3.6522711502e+11
1.6801000000e-01 3.6810002952e+11
1.6850000000e-01 4.8345859602e+11
1.6851000000e-01 4.8826350697e+11
1.6900000000e-01 6.8119916202e+11
1.6901000000e-01 6.9001864674e+11
1.6950000000e-01 1.0441548800e+12
1.6951000000e-01 1.0622015060e+12
1.7000000000e-01 1.7868429500e+12
1.7001000000e-01 1.8016359489e+12
1.7050000000e-01 2.3956317500e+12
1.7051000000e-01 2.4059582934e+12
1.7100000000e-01 2.8206087300e+12
1.7101000000e-01 2.8264656103e+12
1.7150000000e-01 3.0616418800e+12
1.7151000000e-01 3.0642070757e+12
1.7200000000e-01 3.1672095500e+12
1.7201000000e-01 3.1676958302e+12
1.7250000000e-01 3.1872218500e+12
1.7251000000e-01 3.1865062936e+12
1.7300000000e-01 3.1577739500e+12
1.7301000000e-01 3.1564045555e+12
1.7350000000e-01 3.1014180902e+12
1.7351000000e-01 3.0997129041e+12
1.7400000000e-01 3.0312431300e+12
1.7401000000e-01 3.0293793472e+12
1.7450000000e-01 2.9545413000e+12
1.7451000000e-01 2.9526152200e+12
1.7500000000e-01 2.8752757000e+12
1.7501000000e-01 2.8733387554e+12
1.7550000000e-01 2.7955629702e+12
1.7551000000e-01 2.7936422127e+12
1.7600000000e-01 2.7165164200e+12
1.7601000000e-01 2.7146258237e+12
1.7650000000e-01 2.6387111100e+12
1.7651000000e-01 2.6368576968e+12
1.7700000000e-01 2.5624360202e+12
1.7701000000e-01 2.5606231418e+12
1.7750000000e-01 2.4878291100e+12
1.7751000000e-01 2.4860581922e+12
1.7800000000e-01 2.4149490202e+12
1.7801000000e-01 2.4132204824e+12
1.7850000000e-01 2.3438130500e+12
1.7851000000e-01 2.3421267901e+12
1.7900000000e-01 2.2744169700e+12
1.7901000000e-01 2.2727726156e+12
1.7950000000e-01 2.2067454600e+12
1.7951000000e-01 2.2051425002e+12
1.8000000000e-01 2.1407775000e+12
1.8001000000e-01 2.1392153537e+12
1.8050000000e-01 2.0764891700e+12
1.8051000000e-01 2.0749672209e+12
1.8100000000e-01 2.0138551100e+12
1.8101000000e-01 2.0123727246e+12
1.8150000000e-01 1.9528492500e+12
1.8151000000e-01 1.9514057869e+12
1.8200000000e-01 1.8934451900e+12
1.8201000000e-01 1.8920400049e+12
1.8250000000e-01 1.8356164200e+12
1.8251000000e-01 1.8342488679e+12
1.8300000000e-01 1.7793363900e+12
1.8301000000e-01 1.7780058274e+12
1.8350000000e-01 1.7245786200e+12
1.8351000000e-01 1.7232844044e+12
1.8400000000e-01 1.6713166700e+12
1.8401000000e-01 1.6700581609e+12
1.8450000000e-01 1.6195241800e+12
1.8451000000e-01 1.6183007398e+12
1.8500000000e-01 1.5691749100e+12
1.8501000000e-01 1.5679859028e+12
1.8550000000e-01 1.5202426802e+12
1.8551000000e-01 1.5190874730e+12
1.8600000000e-01 1.4727014602e+12
1.8601000000e-01 1.4715794227e+12
1.8650000000e-01 1.4265253100e+12
1.8651000000e-01 1.4254358145e+12
1.8700000000e-01 1.3816883800e+12
1.8701000000e-01 1.3806308018e+12
1.8750000000e-01 1.3381649700e+12
1.8751000000e-01 1.3371386868e+12
1.8800000000e-01 1.2959294700e+12
1.8801000000e-01 1.2949338632e+12
1.8850000000e-01 1.2549564200e+12
1.8851000000e-01 1.2539908728e+12
1.8900000000e-01 1.2152204400e+12
1.8901000000e-01 1.2142843392e+12
1.8950000000e-01 1.1766962900e+12
1.8951000000e-01 1.1757890253e+12
1.9000000000e-01 1.1393588600e+12
1.9001000000e-01 1.1384798238e+12
1.9050000000e-01 1.1031831498e+12
1.9051000000e-01 1.1023317384e+12
1.9100000000e-01 1.0681442900e+12
1.9101000000e-01 1.0673199017e+12
1.9150000000e-01 1.0342175400e+12
1.9151000000e-01 1.0334195772e+12
1.9200000000e-01 1.0013783098e+12
1.9201000000e-01 1.0006061778e+12
1.9250000000e-01 9.6960210293e+11
1.9251000000e-01 9.6885521043e+11
1.9300000000e-01 9.3886460393e+11
1.9301000000e-01 9.3814236327e+11
1.9350000000e-01 9.0914162390e+11
1.9351000000e-01 9.0844345113e+11
1.9400000000e-01 8.8040912890e+11
1.9401000000e-01 8.7973444387e+11
1.9450000000e-01 8.5264324490e+11
1.9451000000e-01 8.5199147148e+11
1.9500000000e-01 8.2582026190e+11
1.9501000000e-01 8.2519082829e+11
1.9550000000e-01 7.9991664790e+11
1.9551000000e-01 7.9930898669e+11
1.9600000000e-01 7.7490905288e+11
1.9601000000e-01 7.7432260147e+11
1.9650000000e-01 7.5077432188e+11
1.9651000000e-01 7.5020852256e+11
1.9700000000e-01 7.2748950485e+11
1.9701000000e-01 7.2694380521e+11
1.9750000000e-01 7.0503186683e+11
1.9751000000e-01 7.0450572002e+11
1.9800000000e-01 6.8337890085e+11
1.9801000000e-01 6.8287176575e+11
1.9850000000e-01 6.6250834183e+11
1.9851000000e-01 6.6201968352e+11
1.9900000000e-01 6.4239817283e+11
1.9901000000e-01 6.4192746280e+11
1.9950000000e-01 6.2302664581e+11
1.9951000000e-01 6.2257336229e+11
2.0000000000e-01 6.0437228581e+11
2.0001000000e-01 6.0393591403e+11
2.0050000000e-01 5.8641390881e+11
2.0051000000e-01 5.8599394135e+11
2.0100000000e-01 5.6913063378e+11
2.0101000000e-01 5.6872657082e+11
2.0150000000e-01 5.5250188976e+11
2.0151000000e-01 5.5211323940e+11
2.0200000000e-01 5.3650743276e+11
2.0201000000e-01 5.3613371121e+11
2.0250000000e-01 5.2112735473e+11
2.0251000000e-01 5.2076808671e+11
2.0300000000e-01 5.0634209276e+11
2.0301000000e-01 5.0599681152e+11
2.0350000000e-01 4.9213244273e+11
2.0351000000e-01 4.9180069046e+11
2.0400000000e-01 4.7847956171e+11
2.0401000000e-01 4.7816088970e+11
2.0450000000e-01 4.6536498271e+11
2.0451000000e-01 4.6505895143e+11
2.0500000000e-01 4.5277061871e+11
2.0501000000e-01 4.5247679810e+11
2.0550000000e-01 4.4067877168e+11
2.0551000000e-01 4.4039674123e+11
2.0600000000e-01 4.2907213368e+11
2.0601000000e-01 4.2880148253e+11
2.0650000000e-01 4.1793379866e+11
2.0651000000e-01 4.1767412570e+11
2.0700000000e-01 4.0724725864e+11
2.0701000000e-01 4.0699817263e+11
2.0750000000e-01 3.9699641164e+11
2.0751000000e-01 3.9675753124e+11
2.0800000000e-01 3.8716556561e+11
2.0801000000e-01 3.8693651936e+11
2.0850000000e-01 3.7773943161e+11
2.0851000000e-01 3.7751985799e+11
2.0900000000e-01 3.6870313261e+11
2.0901000000e-01 3.6849268001e+11
2.0950000000e-01 3.6004220056e+11
2.0951000000e-01 3.5984052729e+11
2.1000000000e-01 3.5174256956e+11
2.1001000000e-01 3.5154934373e+11
2.1050000000e-01 3.4379058356e+11
2.1051000000e-01 3.4360548303e+11
2.1100000000e-01 3.3617298554e+11
2.1101000000e-01 3.3599569788e+11
2.1150000000e-01 3.2887691751e+11
2.1151000000e-01 3.2870713992e+11
2.1200000000e-01 3.2188991651e+11
2.1201000000e-01 3.2172735557e+11
2.1250000000e-01 3.1519990949e+11
2.1251000000e-01 3.1504428119e+11
2.1300000000e-01 3.0879520747e+11
2.1301000000e-01 3.0864623701e+11
2.1350000000e-01 3.0266450047e+11
2.1351000000e-01 3.0252192205e+11
2.1400000000e-01 2.9679685144e+11
2.1401000000e-01 2.9666040825e+11
2.1450000000e-01 2.9118169042e+11
2.1451000000e-01 2.9105113428e+11
2.1500000000e-01 2.8580880439e+11
2.1501000000e-01 2.8568389578e+11
2.1550000000e-01 2.8066833439e+11
2.1551000000e-01 2.8054884206e+11
2.1600000000e-01 2.7575076637e+11
2.1601000000e-01 2.7563646728e+11
2.1650000000e-01 2.7104691937e+11
2.1651000000e-01 2.7093759846e+11
2.1700000000e-01 2.6654794532e+11
2.1701000000e-01 2.6644339531e+11
2.1750000000e-01 2.6224531130e+11
2.1751000000e-01 2.6214533235e+11
2.1800000000e-01 2.5813079330e+11
2.1801000000e-01 2.5803519275e+11
2.1850000000e-01 2.5419646427e+11
2.1851000000e-01 2.5410505619e+11
2.1900000000e-01 2.5043467125e+11
2.1901000000e-01 2.5034728260e+11
2.1950000000e-01 2.4683829322e+11
2.1951000000e-01 2.4675476433e+11
2.2000000000e-01 2.4340075920e+11
2.2001000000e-01 2.4332092345e+11
2.2050000000e-01 2.4011521217e+11
2.2051000000e-01 2.4003891031e+11
2.2100000000e-01 2.3697509815e+11
2.2101000000e-01 2.3690217767e+11
2.2150000000e-01 2.3397414113e+11
2.2151000000e-01 2.3390445580e+11
2.2200000000e-01 2.3110632310e+11
2.2201000000e-01 2.3103973265e+11
2.2250000000e-01 2.2836587108e+11
2.2251000000e-01 2.2830224094e+11
2.2300000000e-01 2.2574724705e+11
2.2301000000e-01 2.2568644814e+11
2.2350000000e-01 2.2324514000e+11
2.2351000000e-01 2.2318704857e+11
2.2400000000e-01 2.2085445498e+11
2.2401000000e-01 2.2079895232e+11
2.2450000000e-01 2.1857030796e+11
2.2451000000e-01 2.1851728032e+11
2.2500000000e-01 2.1638801891e+11
2.2501000000e-01 2.1633735727e+11
2.2550000000e-01 2.1430309791e+11
2.2551000000e-01 2.1425469776e+11
2.2600000000e-01 2.1231124786e+11
2.2601000000e-01 2.1226500912e+11
2.2650000000e-01 2.1040834683e+11
2.2651000000e-01 2.1036417364e+11
2.2700000000e-01 2.0859045081e+11
2.2701000000e-01 2.0854825130e+11
2.2750000000e-01 2.0685378076e+11
2.2751000000e-01 2.0681346706e+11
2.2800000000e-01 2.0519471774e+11
2.2801000000e-01 2.0515620561e+11
2.2850000000e-01 2.0360979769e+11
2.2851000000e-01 2.0357300662e+11
2.2900000000e-01 2.0209570466e+11
2.2901000000e-01 2.0206055750e+11
2.2950000000e-01 2.0064926561e+11
2.2951000000e-01 2.0061568858e+11
2.3000000000e-01 1.9926744259e+11
2.3001000000e-01 1.9923536508e+11
2.3050000000e-01 1.9794733154e+11
2.3051000000e-01 1.9791668600e+11
2.3100000000e-01 1.9668615149e+11
2.3101000000e-01 1.9665687333e+11
2.3150000000e-01 1.9548124444e+11
2.3151000000e-01 1.9545327185e+11
2.3200000000e-01 1.9433006640e+11
2.3201000000e-01 1.9430334032e+11
2.3250000000e-01 1.9323018637e+11
2.3251000000e-01 1.9320465024e+11
2.3300000000e-01 1.9217927832e+11
2.3301000000e-01 1.9215487815e+11
2.3350000000e-01 1.9117512025e+11
2.3351000000e-01 1.9115180440e+11
2.3400000000e-01 1.9021558423e+11
2.3401000000e-01 1.9019330330e+11
2.3450000000e-01 1.8929864115e+11
2.3451000000e-01 1.8927734800e+11
2.3500000000e-01 1.8842234713e+11
2.3501000000e-01 1.8840199659e+11
2.3550000000e-01 1.8758484706e+11
2.3551000000e-01 1.8756539609e+11
2.3600000000e-01 1.8678436701e+11
2.3601000000e-01 1.8676577438e+11
2.3650000000e-01 1.8601921193e+11
2.3651000000e-01 1.8600143833e+11
2.3700000000e-01 1.8528776091e+11
2.3701000000e-01 1.8527076870e+11
2.3750000000e-01 1.8458846884e+11
2.3751000000e-01 1.8457222212e+11
2.3800000000e-01 1.8391985579e+11
2.3801000000e-01 1.8390432021e+11
2.3850000000e-01 1.8328050972e+11
2.3851000000e-01 1.8326565249e+11
2.3900000000e-01 1.8266908064e+11
2.3901000000e-01 1.8265487048e+11
2.3950000000e-01 1.8208427959e+11
2.3951000000e-01 1.8207068655e+11
2.4000000000e-01 1.8152487652e+11
2.4001000000e-01 1.8151187200e+11
2.4050000000e-01 1.8098969345e+11
2.4051000000e-01 1.8097725019e+11
2.4100000000e-01 1.8047760740e+11
2.4101000000e-01 1.8046569930e+11
2.4150000000e-01 1.7998754730e+11
2.4151000000e-01 1.7997614946e+11
2.4200000000e-01 1.7951848523e+11
2.4201000000e-01 1.7950757388e+11
2.4250000000e-01 1.7906944416e+11
2.4251000000e-01 1.7905899658e+11
2.4300000000e-01 1.7863948811e+11
2.4301000000e-01 1.7862948256e+11
2.4350000000e-01 1.7822772501e+11
2.4351000000e-01 1.7821814080e+11
2.4400000000e-01 1.7783330094e+11
2.4401000000e-01 1.7782411825e+11
2.4450000000e-01 1.7745540087e+11
2.4451000000e-01 1.7744660076e+11
2.4500000000e-01 1.7709324774e+11
2.4501000000e-01 1.7708481220e+11
2.4550000000e-01 1.7674609665e+11
2.4551000000e-01 1.7673800841e+11
2.4600000000e-01 1.7641323660e+11
2.4601000000e-01 1.7640547912e+11
2.4650000000e-01 1.7609399148e+11
2.4651000000e-01 1.7608654906e+11
2.4700000000e-01 1.7578771040e+11
2.4701000000e-01 1.7578056794e+11
2.4750000000e-01 1.7549377528e+11
2.4751000000e-01 1.7548691843e+11
2.4800000000e-01 1.7521159319e+11
2.4801000000e-01 1.7520500816e+11
2.4850000000e-01 1.7494059809e+11
2.4851000000e-01 1.7493427175e+11
2.4900000000e-01 1.7468024899e+11
2.4901000000e-01 1.7467416878e+11
2.4950000000e-01 1.7443002889e+11
2.4951000000e-01 1.7442418278e+11
2.5000000000e-01 1.7418944377e+11
2.5001000000e-01 1.7418382026e+11
2.5050000000e-01 1.7395801867e+11
2.5051000000e-01 1.7395260676e+11
2.5100000000e-01 1.7373530255e+11
2.5101000000e-01 1.7373009174e+11
2.5150000000e-01 1.7352086146e+11
2.5151000000e-01 1.7351584161e+11
2.5200000000e-01 1.7331428131e+11
2.5201000000e-01 1.7330944286e+11
2.5250000000e-01 1.7311516421e+11
2.5251000000e-01 1.7311049784e+11
2.5300000000e-01 1.7292313107e+11
2.5301000000e-01 1.7291862796e+11
2.5350000000e-01 1.7273781595e+11
2.5351000000e-01 1.7273346760e+11
2.5400000000e-01 1.7255886982e+11
2.5401000000e-01 1.7255466810e+11
2.5450000000e-01 1.7238595868e+11
2.5451000000e-01 1.7238189575e+11
2.5500000000e-01 1.7221875856e+11
2.5501000000e-01 1.7221482694e+11
2.5550000000e-01 1.7205696341e+11
2.5551000000e-01 1.7205315587e+11
2.5600000000e-01 1.7190027427e+11
2.5601000000e-01 1.7189658387e+11
2.5650000000e-01 1.7174840612e+11
2.5651000000e-01 1.7174482621e+11
2.5700000000e-01 1.7160108400e+11
2.5701000000e-01 1.7159760811e+11
2.5750000000e-01 1.7145804385e+11
2.5751000000e-01 1.7145466582e+11
2.5800000000e-01 1.7131903071e+11
2.5801000000e-01 1.7131574453e+11
2.5850000000e-01 1.7118379854e+11
2.5851000000e-01 1.7118059842e+11
2.5900000000e-01 1.7105210837e+11
2.5901000000e-01 1.7104898876e+11
2.5950000000e-01 1.7092373022e+11
2.5951000000e-01 1.7092068567e+11
2.6000000000e-01 1.7079844303e+11
2.6001000000e-01 1.7079546831e+11
2.6050000000e-01 1.7067602788e+11
2.6051000000e-01 1.7067311787e+11
2.6100000000e-01 1.7055627671e+11
2.6101000000e-01 1.7055342643e+11
2.6150000000e-01 1.7043898354e+11
2.6151000000e-01 1.7043618820e+11
2.6200000000e-01 1.7032395137e+11
2.6201000000e-01 1.7032120618e+11
2.6250000000e-01 1.7021098418e+11
2.6251000000e-01 1.7020828457e+11
2.6300000000e-01 1.7009989201e+11
2.6301000000e-01 1.7009723342e+11
2.6350000000e-01 1.6999048881e+11
2.6351000000e-01 1.6998786682e+11
2.6400000000e-01 1.6988259162e+11
2.6401000000e-01 1.6988000185e+11
2.6450000000e-01 1.6977601945e+11
2.6451000000e-01 1.6977345752e+11
2.6500000000e-01 1.6967059425e+11
2.6501000000e-01 1.6966805595e+11
2.6550000000e-01 1.6956614106e+11
2.6551000000e-01 1.6956362212e+11
2.6600000000e-01 1.6946248486e+11
2.6601000000e-01 1.6945998106e+11
2.6650000000e-01 1.6935945264e+11
2.6651000000e-01 1.6935695983e+11
2.6700000000e-01 1.6925687047e+11
2.6701000000e-01 1.6925438439e+11
2.6750000000e-01 1.6915456726e+11
2.6751000000e-01 1.6915208370e+11
2.6800000000e-01 1.6905236804e+11
2.6801000000e-01 1.6904988283e+11
2.6850000000e-01 1.6895010082e+11
2.6851000000e-01 1.6894760968e+11
2.6900000000e-01 1.6884758862e+11
2.6901000000e-01 1.6884508728e+11
2.6950000000e-01 1.6874465643e+11
2.6951000000e-01 1.6874214048e+11
2.7000000000e-01 1.6864112421e+11
2.7001000000e-01 1.6863858928e+11
2.7050000000e-01 1.6853681099e+11
2.7051000000e-01 1.6853425257e+11
2.7100000000e-01 1.6843153077e+11
2.7101000000e-01 1.6842894431e+11
2.7150000000e-01 1.6832509656e+11
2.7151000000e-01 1.6832247731e+11
2.7200000000e-01 1.6821731334e+11
2.7201000000e-01 1.6821465653e+11
2.7250000000e-01 1.6810798412e+11
2.7251000000e-01 1.6810528483e+11
2.7300000000e-01 1.6799690690e+11
2.7301000000e-01 1.6799416004e+11
2.7350000000e-01 1.6788387168e+11
2.7351000000e-01 1.6788107197e+11
2.7400000000e-01 1.6776866146e+11
2.7401000000e-01 1.6776580355e+11
2.7450000000e-01 1.6765105624e+11
2.7451000000e-01 1.6764813447e+11
2.7500000000e-01 1.6753082302e+11
2.7501000000e-01 1.6752783159e+11
2.7550000000e-01 1.6740772281e+11
2.7551000000e-01 1.6740465570e+11
2.7600000000e-01 1.6728150761e+11
2.7601000000e-01 1.6727835853e+11
2.7650000000e-01 1.6715191939e+11
2.7651000000e-01 1.6714868179e+11
2.7700000000e-01 1.6701868817e+11
2.7701000000e-01 1.6701535524e+11
2.7750000000e-01 1.6688153298e+11
2.7751000000e-01 1.6687809755e+11
2.7800000000e-01 1.6674016076e+11
2.7801000000e-01 1.6673661545e+11
2.7850000000e-01 1.6659426557e+11
2.7851000000e-01 1.6659060253e+11
2.7900000000e-01 1.6644352635e+11
2.7901000000e-01 1.6643973744e+11
2.7950000000e-01 1.6628760615e+11
2.7951000000e-01 1.6628368283e+11
2.8000000000e-01 1.6612615298e+11
2.8001000000e-01 1.6612208624e+11
2.8050000000e-01 1.6595879781e+11
2.8051000000e-01 1.6595457823e+11
2.8100000000e-01 1.6578515264e+11
2.8101000000e-01 1.6578077031e+11
2.8150000000e-01 1.6560481045e+11
2.8151000000e-01 1.6560025496e+11
2.8200000000e-01 1.6541734030e+11
2.8201000000e-01 1.6541260070e+11
2.8250000000e-01 1.6522229316e+11
2.8251000000e-01 1.6521735790e+11
2.8300000000e-01 1.6501919401e+11
2.8301000000e-01 1.6501405097e+11
2.8350000000e-01 1.6480754387e+11
2.8351000000e-01 1.6480218024e+11
2.8400000000e-01 1.6458681474e+11
2.8401000000e-01 1.6458121707e+11
2.8450000000e-01 1.6435645362e+11
2.8451000000e-01 1.6435060768e+11
2.8500000000e-01 1.6411587453e+11
2.8501000000e-01 1.6410976533e+11
2.8550000000e-01 1.6386446143e+11
2.8551000000e-01 1.6385807318e+11
2.8600000000e-01 1.6360156336e+11
2.8601000000e-01 1.6359487936e+11
2.8650000000e-01 1.6332649428e+11
2.8651000000e-01 1.6331949695e+11
2.8700000000e-01 1.6303852826e+11
2.8701000000e-01 1.6303119898e+11
2.8750000000e-01 1.6273690221e+11
2.8751000000e-01 1.6272922140e+11
2.8800000000e-01 1.6242080819e+11
2.8801000000e-01 1.6241275506e+11
2.8850000000e-01 1.6208939119e+11
2.8851000000e-01 1.6208094388e+11
2.8900000000e-01 1.6174175121e+11
2.8901000000e-01 1.6173288657e+11
2.8950000000e-01 1.6137693526e+11
2.8951000000e-01 1.6136762884e+11
2.9000000000e-01 1.6099393831e+11
2.9001000000e-01 1.6098416423e+11
2.9050000000e-01 1.6059169536e+11
2.9051000000e-01 1.6058142635e+11
2.9100000000e-01 1.6016908148e+11
2.9101000000e-01 1.6015828861e+11
2.9150000000e-01 1.5972490860e+11
2.9151000000e-01 1.5971356135e+11
2.9200000000e-01 1.5925791974e+11
2.9201000000e-01 1.5924598577e+11
2.9250000000e-01 1.5876678489e+11
2.9251000000e-01 1.5875423007e+11
2.9300000000e-01 1.5825009808e+11
2.9301000000e-01 1.5823688627e+11
2.9350000000e-01 1.5770637230e+11
2.9351000000e-01 1.5769246524e+11
2.9400000000e-01 1.5713403355e+11
2.9401000000e-01 1.5711939076e+11
2.9450000000e-01 1.5653141581e+11
2.9451000000e-01 1.5651599453e+11
2.9500000000e-01 1.5589675910e+11
2.9501000000e-01 1.5588051399e+11
2.9550000000e-01 1.5522819742e+11
2.9551000000e-01 1.5521108050e+11
2.9600000000e-01 1.5452375676e+11
2.9601000000e-01 1.5450571730e+11
2.9650000000e-01 1.5378134913e+11
2.9651000000e-01 1.5376233336e+11
2.9700000000e-01 1.5299876054e+11
2.9701000000e-01 1.5297871155e+11
2.9750000000e-01 1.5217365095e+11
2.9751000000e-01 1.5215250846e+11
2.9800000000e-01 1.5130353741e+11
2.9801000000e-01 1.5128123760e+11
2.9850000000e-01 1.5038579587e+11
2.9851000000e-01 1.5036227110e+11
2.9900000000e-01 1.4941764039e+11
2.9901000000e-01 1.4939281904e+11
2.9950000000e-01 1.4839612492e+11
2.9951000000e-01 1.4836993109e+11
3.0000000000e-01 1.4731812548e+11
3.0001000000e-01 1.4729047868e+11
3.0050000000e-01 1.4618033006e+11
3.0051000000e-01 1.4615114506e+11
3.0100000000e-01 1.4497923067e+11
3.0101000000e-01 1.4494841707e+11
3.0150000000e-01 1.4371110828e+11
3.0151000000e-01 1.4367857025e+11
3.0200000000e-01 1.4237201693e+11
3.0201000000e-01 1.4233765283e+11
3.0250000000e-01 1.4095777559e+11
3.0251000000e-01 1.4092147762e+11
3.0300000000e-01 1.3946394629e+11
3.0301000000e-01 1.3942560004e+11
3.0350000000e-01 1.3788582297e+11
3.0351000000e-01 1.3784530710e+11
3.0400000000e-01 1.3621840970e+11
3.0401000000e-01 1.3617559536e+11
3.0450000000e-01 1.3445640543e+11
3.0451000000e-01 1.3441115583e+11
3.0500000000e-01 1.3259418116e+11
3.0501000000e-01 1.3254635110e+11
3.0550000000e-01 1.3062576089e+11
3.0551000000e-01 1.3057519604e+11
3.0600000000e-01 1.2854479264e+11
3.0601000000e-01 1.2849132906e+11
3.0650000000e-01 1.2634453235e+11
3.0651000000e-01 1.2628799581e+11
3.0700000000e-01 1.2401780708e+11
3.0701000000e-01 1.2395801228e+11
3.0750000000e-01 1.2155699181e+11
3.0751000000e-01 1.2149374168e+11
3.0800000000e-01 1.1895397849e+11
3.0801000000e-01 1.1888706338e+11
3.0850000000e-01 1.1620013619e+11
3.0851000000e-01 1.1612933284e+11
3.0900000000e-01 1.1328628082e+11
3.0901000000e-01 1.1321135162e+11
3.0950000000e-01 1.1020263045e+11
3.0951000000e-01 1.1012332210e+11
3.1000000000e-01 1.0693876304e+11
3.1001000000e-01 1.0685480561e+11
3.1050000000e-01 1.0348356960e+11
3.1051000000e-01 1.0339467525e+11
3.1100000000e-01 9.9825205490e+10
3.1101000000e-01 9.9731067030e+10
3.1150000000e-01 9.5951027837e+10
3.1151000000e-01 9.5851317295e+10
3.1200000000e-01 9.1847539925e+10
3.1201000000e-01 9.1741906904e+10
3.1250000000e-01 8.7500321946e+10
3.1251000000e-01 8.7388391837e+10
3.1300000000e-01 8.2893957494e+10
3.1301000000e-01 8.2775329517e+10
3.1350000000e-01 7.8011953262e+10
3.1351000000e-01 7.7886198299e+10
3.1400000000e-01 7.2836649642e+10
3.1401000000e-01 7.2703307862e+10
3.1450000000e-01 6.7349123127e+10
3.1451000000e-01 6.7207701332e+10
3.1500000000e-01 6.1529077108e+10
3.1501000000e-01 6.1379045831e+10
3.1550000000e-01 5.5354722082e+10
3.1551000000e-01 5.5195512319e+10
3.1600000000e-01 4.8802641935e+10
3.1601000000e-01 4.8633641534e+10
3.1650000000e-01 4.1847644266e+10
3.1651000000e-01 4.1668193870e+10
3.1700000000e-01 3.4462594756e+10
3.1701000000e-01 3.4271983274e+10
3.1750000000e-01 2.6618229207e+10
3.1751000000e-01 2.6415688666e+10
3.1800000000e-01 1.8282943301e+10
3.1801000000e-01 1.8067642995e+10
3.1850000000e-01 9.4225503273e+09
3.1851000000e-01 9.1935899532e+09
3.1900000000e-01 0.0000000000e+00
3.1900000000e-01 0.0000000000e+00
3.1901000000e-01 0.0000000000e+00
3.1950000000e-01 0.0000000000e+00
3.1951000000e-01 0.0000000000e+00
3.2000000000e-01 0.0000000000e+00
