0.0000000000e+00 3.0000000000e+02
3.2000000000e-04 3.0005951329e+02
5.0000000000e-04 3.0009255807e+02
8.2000000000e-04 3.0015207200e+02
1.0000000000e-03 3.0018511679e+02
1.0000000000e-03 3.0018511679e+02
1.3200000000e-03 3.0028055460e+02
1.5000000000e-03 3.0033354657e+02
1.8200000000e-03 3.0042905383e+02
2.0000000000e-03 3.0048208400e+02
2.3200000000e-03 3.0057765234e+02
2.5000000000e-03 3.0063071678e+02
2.8200000000e-03 3.0072633914e+02
3.0000000000e-03 3.0077943321e+02
3.3200000000e-03 3.0087510122e+02
3.5000000000e-03 3.0092822064e+02
3.8200000000e-03 3.0102392787e+02
4.0000000000e-03 3.0107706907e+02
4.3200000000e-03 3.0117280909e+02
4.5000000000e-03 3.0122596850e+02
4.8200000000e-03 3.0132173424e+02
5.0000000000e-03 3.0137490828e+02
5.3200000000e-03 3.0147069460e+02
5.5000000000e-03 3.0152387935e+02
5.8200000000e-03 3.0161967981e+02
6.0000000000e-03 3.0167287314e+02
6.3200000000e-03 3.0176868324e+02
6.5000000000e-03 3.0182188121e+02
6.8200000000e-03 3.0191769453e+02
7.0000000000e-03 3.0197089464e+02
7.3200000000e-03 3.0206670732e+02
7.5000000000e-03 3.0211990706e+02
7.8200000000e-03 3.0221571396e+02
8.0000000000e-03 3.0226891013e+02
8.3200000000e-03 3.0236470674e+02
8.5000000000e-03 3.0241789721e+02
8.8200000000e-03 3.0251367902e+02
9.0000000000e-03 3.0256686163e+02
9.3200000000e-03 3.0266262480e+02
9.5000000000e-03 3.0271579670e+02
9.8200000000e-03 3.0281153737e+02
1.0000000000e-02 3.0286469678e+02
1.0320000000e-02 3.0296041108e+02
1.0500000000e-02 3.0301355585e+02
1.0820000000e-02 3.0310924057e+02
1.1000000000e-02 3.0316236856e+02
1.1320000000e-02 3.0325801985e+02
1.1500000000e-02 3.0331112963e+02
1.1820000000e-02 3.0340674363e+02
1.2000000000e-02 3.0345983270e+02
1.2320000000e-02 3.0355540748e+02
1.2500000000e-02 3.0360847477e+02
1.2820000000e-02 3.0370400711e+02
1.3000000000e-02 3.0375705013e+02
1.3320000000e-02 3.0385253681e+02
1.3500000000e-02 3.0390555484e+02
1.3820000000e-02 3.0400099266e+02
1.4000000000e-02 3.0405398392e+02
1.4320000000e-02 3.0414937094e+02
1.4500000000e-02 3.0420233363e+02
1.4820000000e-02 3.0429766793e+02
1.5000000000e-02 3.0435060099e+02
1.5320000000e-02 3.0444587870e+02
1.5500000000e-02 3.0449878034e+02
1.5820000000e-02 3.0459399954e+02
1.6000000000e-02 3.0464686906e+02
1.6320000000e-02 3.0474202846e+02
1.6500000000e-02 3.0479486441e+02
1.6820000000e-02 3.0488996080e+02
1.7000000000e-02 3.0494276177e+02
1.7320000000e-02 3.0503779322e+02
1.7500000000e-02 3.0509055849e+02
1.7820000000e-02 3.0518552370e+02
1.8000000000e-02 3.0523825184e+02
1.8320000000e-02 3.0533314890e+02
1.8500000000e-02 3.0538583849e+02
1.8820000000e-02 3.0548066418e+02
1.9000000000e-02 3.0553331520e+02
1.9320000000e-02 3.0562806952e+02
1.9500000000e-02 3.0568068020e+02
1.9820000000e-02 3.0577535993e+02
2.0000000000e-02 3.0582792956e+02
2.0320000000e-02 3.0592253406e+02
2.0500000000e-02 3.0597506156e+02
2.0820000000e-02 3.0606958954e+02
2.1000000000e-02 3.0612207420e+02
2.1320000000e-02 3.0621652310e+02
2.1500000000e-02 3.0626896420e+02
2.1820000000e-02 3.0636333272e+02
2.2000000000e-02 3.0641572956e+02
2.2320000000e-02 3.0651001642e+02
2.2500000000e-02 3.0656236756e+02
2.2820000000e-02 3.0665657212e+02
2.3000000000e-02 3.0670887720e+02
2.3320000000e-02 3.0680299753e+02
2.3500000000e-02 3.0685525620e+02
2.3820000000e-02 3.0694929037e+02
2.4000000000e-02 3.0700150120e+02
2.4320000000e-02 3.0709544921e+02
2.4500000000e-02 3.0714761184e+02
2.4820000000e-02 3.0724147176e+02
2.5000000000e-02 3.0729358549e+02
2.5320000000e-02 3.0738735603e+02
2.5500000000e-02 3.0743942013e+02
2.5820000000e-02 3.0753310001e+02
2.6000000000e-02 3.0758511413e+02
2.6320000000e-02 3.0767870335e+02
2.6500000000e-02 3.0773066677e+02
2.6820000000e-02 3.0782416340e+02
2.7000000000e-02 3.0787607541e+02
2.7320000000e-02 3.0796947817e+02
2.7500000000e-02 3.0802133841e+02
2.7820000000e-02 3.0811464729e+02
2.8000000000e-02 3.0816645470e+02
2.8320000000e-02 3.0825966777e+02
2.8500000000e-02 3.0831142234e+02
2.8820000000e-02 3.0840453896e+02
2.9000000000e-02 3.0845623999e+02
2.9320000000e-02 3.0854925887e+02
2.9500000000e-02 3.0860090563e+02
2.9820000000e-02 3.0869382678e+02
3.0000000000e-02 3.0874541927e+02
3.0320000000e-02 3.0883824140e+02
3.0500000000e-02 3.0888977856e+02
3.0820000000e-02 3.0898250038e+02
3.1000000000e-02 3.0903398220e+02
3.1320000000e-02 3.0912660308e+02
3.1500000000e-02 3.0917802884e+02
3.1820000000e-02 3.0927054813e+02
3.2000000000e-02 3.0932191749e+02
3.2320000000e-02 3.0941433453e+02
3.2500000000e-02 3.0946564677e+02
3.2820000000e-02 3.0955796030e+02
3.3000000000e-02 3.0960921542e+02
3.3320000000e-02 3.0970142542e+02
3.3500000000e-02 3.0975262270e+02
3.3820000000e-02 3.0984472726e+02
3.4000000000e-02 3.0989586670e+02
3.4320000000e-02 3.0998786645e+02
3.4500000000e-02 3.1003894699e+02
3.4820000000e-02 3.1013084000e+02
3.5000000000e-02 3.1018186163e+02
3.5320000000e-02 3.1027364790e+02
3.5500000000e-02 3.1032461027e+02
3.5820000000e-02 3.1041628917e+02
3.6000000000e-02 3.1046719156e+02
3.6320000000e-02 3.1055876243e+02
3.6500000000e-02 3.1060960485e+02
3.6820000000e-02 3.1070106641e+02
3.7000000000e-02 3.1075184849e+02
3.7320000000e-02 3.1084320074e+02
3.7500000000e-02 3.1089392178e+02
3.7820000000e-02 3.1098516344e+02
3.8000000000e-02 3.1103582342e+02
3.8320000000e-02 3.1112695448e+02
3.8500000000e-02 3.1117755306e+02
3.8820000000e-02 3.1126857289e+02
3.9000000000e-02 3.1131910935e+02
3.9320000000e-02 3.1141001730e+02
3.9500000000e-02 3.1146049163e+02
3.9820000000e-02 3.1155128641e+02
4.0000000000e-02 3.1160169828e+02
4.0320000000e-02 3.1169237989e+02
4.0500000000e-02 3.1174272892e+02
4.0820000000e-02 3.1183329673e+02
4.1000000000e-02 3.1188358256e+02
4.1320000000e-02 3.1197403656e+02
4.1500000000e-02 3.1202425885e+02
4.1820000000e-02 3.1211459711e+02
4.2000000000e-02 3.1216475549e+02
4.2320000000e-02 3.1225497865e+02
4.2500000000e-02 3.1230507278e+02
4.2820000000e-02 3.1239517956e+02
4.3000000000e-02 3.1244520978e+02
4.3320000000e-02 3.1253520018e+02
4.3500000000e-02 3.1258516506e+02
4.3820000000e-02 3.1267503844e+02
4.4000000000e-02 3.1272493871e+02
4.4320000000e-02 3.1281469441e+02
4.4500000000e-02 3.1286452935e+02
4.4820000000e-02 3.1295416739e+02
4.5000000000e-02 3.1300393664e+02
4.5320000000e-02 3.1309345508e+02
4.5500000000e-02 3.1314315828e+02
4.5820000000e-02 3.1323255777e+02
4.6000000000e-02 3.1328219492e+02
4.6320000000e-02 3.1337147482e+02
4.6500000000e-02 3.1342104556e+02
4.6820000000e-02 3.1351020522e+02
4.7000000000e-02 3.1355970885e+02
4.7320000000e-02 3.1364874827e+02
4.7500000000e-02 3.1369818549e+02
4.7820000000e-02 3.1378710339e+02
4.8000000000e-02 3.1383647278e+02
4.8320000000e-02 3.1392526850e+02
4.8500000000e-02 3.1397457078e+02
4.8820000000e-02 3.1406324498e+02
4.9000000000e-02 3.1411247907e+02
4.9320000000e-02 3.1420103045e+02
4.9500000000e-02 3.1425019671e+02
4.9820000000e-02 3.1433862464e+02
5.0000000000e-02 3.1438772271e+02
5.0320000000e-02 3.1447602783e+02
5.0500000000e-02 3.1452505699e+02
5.0820000000e-02 3.1461323738e+02
5.1000000000e-02 3.1466219764e+02
5.1320000000e-02 3.1475025392e+02
5.1500000000e-02 3.1479914528e+02
5.1820000000e-02 3.1488707618e+02
5.2000000000e-02 3.1493589792e+02
5.2320000000e-02 3.1502370344e+02
5.2500000000e-02 3.1507245557e+02
5.2820000000e-02 3.1516013570e+02
5.3000000000e-02 3.1520881821e+02
5.3320000000e-02 3.1529637167e+02
5.3500000000e-02 3.1534498385e+02
5.3820000000e-02 3.1543241065e+02
5.4000000000e-02 3.1548095250e+02
5.4320000000e-02 3.1556825198e+02
5.4500000000e-02 3.1561672314e+02
5.4820000000e-02 3.1570389467e+02
5.5000000000e-02 3.1575229478e+02
5.5320000000e-02 3.1583933836e+02
5.5500000000e-02 3.1588766778e+02
5.5820000000e-02 3.1597458276e+02
5.6000000000e-02 3.1602284042e+02
5.6320000000e-02 3.1610962680e+02
5.6500000000e-02 3.1615781307e+02
5.6820000000e-02 3.1624447020e+02
5.7000000000e-02 3.1629258471e+02
5.7320000000e-02 3.1637911132e+02
5.7500000000e-02 3.1642715335e+02
5.7820000000e-02 3.1651355008e+02
5.8000000000e-02 3.1656152000e+02
5.8320000000e-02 3.1664778619e+02
5.8500000000e-02 3.1669568364e+02
5.8820000000e-02 3.1678181802e+02
5.9000000000e-02 3.1682964264e+02
5.9320000000e-02 3.1691564650e+02
5.9500000000e-02 3.1696339828e+02
5.9820000000e-02 3.1704926968e+02
6.0000000000e-02 3.1709694793e+02
6.0320000000e-02 3.1718268687e+02
6.0500000000e-02 3.1723029157e+02
6.0820000000e-02 3.1731589741e+02
6.1000000000e-02 3.1736342857e+02
6.1320000000e-02 3.1744890132e+02
6.1500000000e-02 3.1749635857e+02
6.1820000000e-02 3.1758169822e+02
6.2000000000e-02 3.1762908121e+02
6.2320000000e-02 3.1771428647e+02
6.2500000000e-02 3.1776159485e+02
6.2820000000e-02 3.1784666573e+02
6.3000000000e-02 3.1789389985e+02
6.3320000000e-02 3.1797883570e+02
6.3500000000e-02 3.1802599450e+02
6.3820000000e-02 3.1811079532e+02
6.4000000000e-02 3.1815787914e+02
6.4320000000e-02 3.1824254429e+02
6.4500000000e-02 3.1828955314e+02
6.4820000000e-02 3.1837408198e+02
6.5000000000e-02 3.1842101478e+02
6.5320000000e-02 3.1850540731e+02
6.5500000000e-02 3.1855226478e+02
6.5820000000e-02 3.1863652035e+02
6.6000000000e-02 3.1868330143e+02
6.6320000000e-02 3.1876742004e+02
6.6500000000e-02 3.1881412507e+02
6.6820000000e-02 3.1889810544e+02
6.7000000000e-02 3.1894473407e+02
6.7320000000e-02 3.1902857684e+02
6.7500000000e-02 3.1907512871e+02
6.7820000000e-02 3.1915883259e+02
6.8000000000e-02 3.1920530771e+02
6.8320000000e-02 3.1928887271e+02
6.8500000000e-02 3.1933527071e+02
6.8820000000e-02 3.1941869682e+02
6.9000000000e-02 3.1946501736e+02
6.9320000000e-02 3.1954830329e+02
6.9500000000e-02 3.1959454636e+02
6.9820000000e-02 3.1967769276e+02
7.0000000000e-02 3.1972385800e+02
7.0320000000e-02 3.1980686359e+02
7.0500000000e-02 3.1985295100e+02
7.0820000000e-02 3.1993581578e+02
7.1000000000e-02 3.1998182500e+02
7.1320000000e-02 3.2006454896e+02
7.1500000000e-02 3.2011047964e+02
7.1820000000e-02 3.2019306150e+02
7.2000000000e-02 3.2023891364e+02
7.2320000000e-02 3.2032135340e+02
7.2500000000e-02 3.2036712664e+02
7.2820000000e-02 3.2044942430e+02
7.3000000000e-02 3.2049511828e+02
7.3320000000e-02 3.2057727320e+02
7.3500000000e-02 3.2062288828e+02
7.3820000000e-02 3.2070489981e+02
7.4000000000e-02 3.2075043493e+02
7.4320000000e-02 3.2083230307e+02
7.4500000000e-02 3.2087775893e+02
7.4820000000e-02 3.2095948304e+02
7.5000000000e-02 3.2100485893e+02
7.5320000000e-02 3.2108643837e+02
7.5500000000e-02 3.2113173393e+02
7.5820000000e-02 3.2121316934e+02
7.6000000000e-02 3.2125838457e+02
7.6320000000e-02 3.2133967466e+02
7.6500000000e-02 3.2138480957e+02
7.6820000000e-02 3.2146595370e+02
7.7000000000e-02 3.2151100757e+02
7.7320000000e-02 3.2159200639e+02
7.7500000000e-02 3.2163697957e+02
7.7820000000e-02 3.2171783243e+02
7.8000000000e-02 3.2176272421e+02
7.8320000000e-02 3.2184342983e+02
7.8500000000e-02 3.2188824021e+02
7.8820000000e-02 3.2196879923e+02
7.9000000000e-02 3.2201352821e+02
7.9320000000e-02 3.2209393998e+02
7.9500000000e-02 3.2213858686e+02
7.9820000000e-02 3.2221885074e+02
8.0000000000e-02 3.2226341586e+02
8.0320000000e-02 3.2234353185e+02
8.0500000000e-02 3.2238801450e+02
8.0820000000e-02 3.2246798196e+02
8.1000000000e-02 3.2251238250e+02
8.1320000000e-02 3.2259220079e+02
8.1500000000e-02 3.2263651850e+02
8.1820000000e-02 3.2271618826e+02
8.2000000000e-02 3.2276042350e+02
8.2320000000e-02 3.2283994280e+02
8.2500000000e-02 3.2288409450e+02
8.2820000000e-02 3.2296346462e+02
8.3000000000e-02 3.2300753350e+02
8.3320000000e-02 3.2308675316e+02
8.3500000000e-02 3.2313073850e+02
8.3820000000e-02 3.2320980770e+02
8.4000000000e-02 3.2325370914e+02
8.4320000000e-02 3.2333262724e+02
8.4500000000e-02 3.2337644514e+02
8.4820000000e-02 3.2345521214e+02
8.5000000000e-02 3.2349894614e+02
8.5320000000e-02 3.2357756075e+02
8.5500000000e-02 3.2362121014e+02
8.5820000000e-02 3.2369967365e+02
8.6000000000e-02 3.2374323879e+02
8.6320000000e-02 3.2382154926e+02
8.6500000000e-02 3.2386502979e+02
8.6820000000e-02 3.2394318787e+02
8.7000000000e-02 3.2398658379e+02
8.7320000000e-02 3.2406458820e+02
8.7500000000e-02 3.2410789879e+02
8.7820000000e-02 3.2418575016e+02
8.8000000000e-02 3.2422897579e+02
8.8320000000e-02 3.2430667349e+02
8.8500000000e-02 3.2434981379e+02
8.8820000000e-02 3.2442735717e+02
8.9000000000e-02 3.2447041179e+02
8.9320000000e-02 3.2454780085e+02
8.9500000000e-02 3.2459076943e+02
8.9820000000e-02 3.2466800354e+02
9.0000000000e-02 3.2471088643e+02
9.0320000000e-02 3.2478796558e+02
9.0500000000e-02 3.2483076243e+02
9.0820000000e-02 3.2490768597e+02
9.1000000000e-02 3.2495039643e+02
9.1320000000e-02 3.2502716373e+02
9.1500000000e-02 3.2506978743e+02
9.1820000000e-02 3.2514639912e+02
9.2000000000e-02 3.2518893643e+02
9.2320000000e-02 3.2526539187e+02
9.2500000000e-02 3.2530784243e+02
9.2820000000e-02 3.2538414099e+02
9.3000000000e-02 3.2542650443e+02
9.3320000000e-02 3.2550264545e+02
9.3500000000e-02 3.2554492143e+02
9.3820000000e-02 3.2562090556e+02
9.4000000000e-02 3.2566309443e+02
9.4320000000e-02 3.2573892103e+02
9.4500000000e-02 3.2578102207e+02
9.4820000000e-02 3.2585669050e+02
9.5000000000e-02 3.2589870407e+02
9.5320000000e-02 3.2597421368e+02
9.5500000000e-02 3.2601613943e+02
9.5820000000e-02 3.2609149086e+02
9.6000000000e-02 3.2613332843e+02
9.6320000000e-02 3.2620852104e+02
9.6500000000e-02 3.2625027007e+02
9.6820000000e-02 3.2632530387e+02
9.7000000000e-02 3.2636696507e+02
9.7320000000e-02 3.2644183876e+02
9.7500000000e-02 3.2648341107e+02
9.7820000000e-02 3.2655812530e+02
9.8000000000e-02 3.2659960907e+02
9.8320000000e-02 3.2667416319e+02
9.8500000000e-02 3.2671555807e+02
9.8820000000e-02 3.2678995209e+02
9.9000000000e-02 3.2683125807e+02
9.9320000000e-02 3.2690549199e+02
9.9500000000e-02 3.2694670871e+02
9.9820000000e-02 3.2702078124e+02
1.0000000000e-01 3.2706190871e+02
1.0032000000e-01 3.2713582049e+02
1.0050000000e-01 3.2717685871e+02
1.0082000000e-01 3.2725060910e+02
1.0100000000e-01 3.2729155771e+02
1.0132000000e-01 3.2736514671e+02
1.0150000000e-01 3.2740600571e+02
1.0182000000e-01 3.2747943267e+02
1.0200000000e-01 3.2752020207e+02
1.0232000000e-01 3.2759346764e+02
1.0250000000e-01 3.2763414671e+02
1.0282000000e-01 3.2770725025e+02
1.0300000000e-01 3.2774783971e+02
1.0332000000e-01 3.2782078057e+02
1.0350000000e-01 3.2786127971e+02
1.0382000000e-01 3.2793405790e+02
1.0400000000e-01 3.2797446671e+02
1.0432000000e-01 3.2804708286e+02
1.0450000000e-01 3.2808740136e+02
1.0482000000e-01 3.2815985419e+02
1.0500000000e-01 3.2820008271e+02
1.0532000000e-01 3.2827237222e+02
1.0550000000e-01 3.2831250971e+02
1.0582000000e-01 3.2838463655e+02
1.0600000000e-01 3.2842468371e+02
1.0632000000e-01 3.2849664787e+02
1.0650000000e-01 3.2853660436e+02
1.0682000000e-01 3.2860840455e+02
1.0700000000e-01 3.2864827036e+02
1.0732000000e-01 3.2871990659e+02
1.0750000000e-01 3.2875968171e+02
1.0782000000e-01 3.2883115527e+02
1.0800000000e-01 3.2887083936e+02
1.0832000000e-01 3.2894214895e+02
1.0850000000e-01 3.2898174236e+02
1.0882000000e-01 3.2905288799e+02
1.0900000000e-01 3.2909239071e+02
1.0932000000e-01 3.2916337302e+02
1.0950000000e-01 3.2920278471e+02
1.0982000000e-01 3.2927360370e+02
1.1000000000e-01 3.2931292436e+02
1.1032000000e-01 3.2938357874e+02
1.1050000000e-01 3.2942280871e+02
1.1082000000e-01 3.2949330042e+02
1.1100000000e-01 3.2953243936e+02
1.1132000000e-01 3.2960276646e+02
1.1150000000e-01 3.2964181436e+02
1.1182000000e-01 3.2971197878e+02
1.1200000000e-01 3.2975093636e+02
1.1232000000e-01 3.2982093682e+02
1.1250000000e-01 3.2985980336e+02
1.1282000000e-01 3.2992964050e+02
1.1300000000e-01 3.2996841636e+02
1.1332000000e-01 3.3003809018e+02
1.1350000000e-01 3.3007677536e+02
1.1382000000e-01 3.3014628650e+02
1.1400000000e-01 3.3018488136e+02
1.1432000000e-01 3.3025422919e+02
1.1450000000e-01 3.3029273336e+02
1.1482000000e-01 3.3036191915e+02
1.1500000000e-01 3.3040033336e+02
1.1532000000e-01 3.3046935712e+02
1.1550000000e-01 3.3050768136e+02
1.1582000000e-01 3.3057654244e+02
1.1600000000e-01 3.3061477636e+02
1.1632000000e-01 3.3068347669e+02
1.1650000000e-01 3.3072162136e+02
1.1682000000e-01 3.3079015966e+02
1.1700000000e-01 3.3082821436e+02
1.1732000000e-01 3.3089659256e+02
1.1750000000e-01 3.3093455836e+02
1.1782000000e-01 3.3100277581e+02
1.1800000000e-01 3.3104065236e+02
1.1832000000e-01 3.3110871035e+02
1.1850000000e-01 3.3114649836e+02
1.1882000000e-01 3.3121439688e+02
1.1900000000e-01 3.3125209636e+02
1.1932000000e-01 3.3131983671e+02
1.1950000000e-01 3.3135744836e+02
1.1982000000e-01 3.3142503053e+02
1.2000000000e-01 3.3146255436e+02
1.2032000000e-01 3.3152997964e+02
1.2050000000e-01 3.3156741636e+02
1.2082000000e-01 3.3163468540e+02
1.2100000000e-01 3.3167203500e+02
1.2132000000e-01 3.3173914844e+02
1.2150000000e-01 3.3177641236e+02
1.2182000000e-01 3.3184337147e+02
1.2200000000e-01 3.3188054900e+02
1.2232000000e-01 3.3194735444e+02
1.2250000000e-01 3.3198444736e+02
1.2282000000e-01 3.3205110041e+02
1.2300000000e-01 3.3208810836e+02
1.2332000000e-01 3.3215461095e+02
1.2350000000e-01 3.3219153500e+02
1.2382000000e-01 3.3225788713e+02
1.2400000000e-01 3.3229472836e+02
1.2432000000e-01 3.3236093260e+02
1.2450000000e-01 3.3239769100e+02
1.2482000000e-01 3.3246374736e+02
1.2500000000e-01 3.3250042436e+02
1.2532000000e-01 3.3256633604e+02
1.2550000000e-01 3.3260293200e+02
1.2582000000e-01 3.3266869966e+02
1.2600000000e-01 3.3270521600e+02
1.2632000000e-01 3.3277084156e+02
1.2650000000e-01 3.3280727936e+02
1.2682000000e-01 3.3287276538e+02
1.2700000000e-01 3.3290912500e+02
1.2732000000e-01 3.3297447278e+02
1.2750000000e-01 3.3301075600e+02
1.2782000000e-01 3.3307596747e+02
1.2800000000e-01 3.3311217536e+02
1.2832000000e-01 3.3317725437e+02
1.2850000000e-01 3.3321338800e+02
1.2882000000e-01 3.3327833520e+02
1.2900000000e-01 3.3331439636e+02
1.2932000000e-01 3.3337921624e+02
1.2950000000e-01 3.3341520600e+02
1.2982000000e-01 3.3347989986e+02
1.3000000000e-01 3.3351582000e+02
1.3032000000e-01 3.3358039169e+02
1.3050000000e-01 3.3361624400e+02
1.3082000000e-01 3.3368069674e+02
1.3100000000e-01 3.3371648300e+02
1.3132000000e-01 3.3378081936e+02
1.3150000000e-01 3.3381654136e+02
1.3182000000e-01 3.3388076648e+02
1.3200000000e-01 3.3391642600e+02
1.3232000000e-01 3.3398054246e+02
1.3250000000e-01 3.3401614236e+02
1.3282000000e-01 3.3408015529e+02
1.3300000000e-01 3.3411569700e+02
1.3332000000e-01 3.3417960963e+02
1.3350000000e-01 3.3421509636e+02
1.3382000000e-01 3.3427891511e+02
1.3400000000e-01 3.3431434900e+02
1.3432000000e-01 3.3437807709e+02
1.3450000000e-01 3.3441346100e+02
1.3482000000e-01 3.3447710421e+02
1.3500000000e-01 3.3451244100e+02
1.3532000000e-01 3.3457600577e+02
1.3550000000e-01 3.3461129900e+02
1.3582000000e-01 3.3467479047e+02
1.3600000000e-01 3.3471004300e+02
1.3632000000e-01 3.3477346760e+02
1.3650000000e-01 3.3480868336e+02
1.3682000000e-01 3.3487204880e+02
1.3700000000e-01 3.3490723100e+02
1.3732000000e-01 3.3497054307e+02
1.3750000000e-01 3.3500569600e+02
1.3782000000e-01 3.3506896307e+02
1.3800000000e-01 3.3510409100e+02
1.3832000000e-01 3.3516732141e+02
1.3850000000e-01 3.3520242900e+02
1.3882000000e-01 3.3526563112e+02
1.3900000000e-01 3.3530072300e+02
1.3932000000e-01 3.3536390583e+02
1.3950000000e-01 3.3539898700e+02
1.3982000000e-01 3.3546216083e+02
1.4000000000e-01 3.3549723700e+02
1.4032000000e-01 3.3556041212e+02
1.4050000000e-01 3.3559548900e+02
1.4082000000e-01 3.3565867569e+02
1.4100000000e-01 3.3569375936e+02
1.4132000000e-01 3.3575697048e+02
1.4150000000e-01 3.3579206736e+02
1.4182000000e-01 3.3585531513e+02
1.4200000000e-01 3.3589043200e+02
1.4232000000e-01 3.3595372993e+02
1.4250000000e-01 3.3598887500e+02
1.4282000000e-01 3.3605223659e+02
1.4300000000e-01 3.3608741700e+02
1.4332000000e-01 3.3615085767e+02
1.4350000000e-01 3.3618608236e+02
1.4382000000e-01 3.3624961884e+02
1.4400000000e-01 3.3628489636e+02
1.4432000000e-01 3.3634854600e+02
1.4450000000e-01 3.3638388600e+02
1.4482000000e-01 3.3644766617e+02
1.4500000000e-01 3.3648307900e+02
1.4532000000e-01 3.3654701027e+02
1.4550000000e-01 3.3658250700e+02
1.4582000000e-01 3.3664660931e+02
1.4600000000e-01 3.3668220100e+02
1.4632000000e-01 3.3674649749e+02
1.4650000000e-01 3.3678219700e+02
1.4682000000e-01 3.3684671018e+02
1.4700000000e-01 3.3688253036e+02
1.4732000000e-01 3.3694728595e+02
1.4750000000e-01 3.3698324000e+02
1.4782000000e-01 3.3704826050e+02
1.4800000000e-01 3.3708436200e+02
1.4832000000e-01 3.3714966992e+02
1.4850000000e-01 3.3718593100e+02
1.4882000000e-01 3.3725153662e+02
1.4900000000e-01 3.3728796300e+02
1.4932000000e-01 3.3735385540e+02
1.4950000000e-01 3.3739044136e+02
1.4982000000e-01 3.3745656266e+02
1.5000000000e-01 3.3749327500e+02
1.5032000000e-01 3.3755951140e+02
1.5050000000e-01 3.3759628800e+02
1.5082000000e-01 3.3766259898e+02
1.5100000000e-01 3.3769941736e+02
1.5132000000e-01 3.3776578814e+02
1.5150000000e-01 3.3780263900e+02
1.5182000000e-01 3.3786905865e+02
1.5200000000e-01 3.3790593700e+02
1.5232000000e-01 3.3797239973e+02
1.5250000000e-01 3.3800930200e+02
1.5282000000e-01 3.3807580395e+02
1.5300000000e-01 3.3811272800e+02
1.5332000000e-01 3.3817926467e+02
1.5350000000e-01 3.3821620800e+02
1.5382000000e-01 3.3828277682e+02
1.5400000000e-01 3.3831973800e+02
1.5432000000e-01 3.3838633447e+02
1.5450000000e-01 3.3842331100e+02
1.5482000000e-01 3.3848993255e+02
1.5500000000e-01 3.3852692300e+02
1.5532000000e-01 3.3859356577e+02
1.5550000000e-01 3.3863056800e+02
1.5582000000e-01 3.3869722813e+02
1.5600000000e-01 3.3873424000e+02
1.5632000000e-01 3.3880091299e+02
1.5650000000e-01 3.3883793200e+02
1.5682000000e-01 3.3890461270e+02
1.5700000000e-01 3.3894163600e+02
1.5732000000e-01 3.3900831992e+02
1.5750000000e-01 3.3904534500e+02
1.5782000000e-01 3.3911202635e+02
1.5800000000e-01 3.3914905036e+02
1.5832000000e-01 3.3921572399e+02
1.5850000000e-01 3.3925274300e+02
1.5882000000e-01 3.3931940184e+02
1.5900000000e-01 3.3935641300e+02
1.5932000000e-01 3.3942304998e+02
1.5950000000e-01 3.3946004900e+02
1.5982000000e-01 3.3952665769e+02
1.6000000000e-01 3.3956364100e+02
1.6018000000e-01 3.3960060432e+02
1.6050000000e-01 3.3966717636e+02
1.6068000000e-01 3.3970411469e+02
1.6100000000e-01 3.3977064300e+02
1.6118000000e-01 3.3980755205e+02
1.6150000000e-01 3.3987402700e+02
1.6168000000e-01 3.3991090142e+02
1.6200000000e-01 3.3997731400e+02
1.6218000000e-01 3.4001414915e+02
1.6250000000e-01 3.4008049036e+02
1.6268000000e-01 3.4011727981e+02
1.6300000000e-01 3.4018353936e+02
1.6318000000e-01 3.4022027705e+02
1.6350000000e-01 3.4028644400e+02
1.6368000000e-01 3.4032312385e+02
1.6400000000e-01 3.4038918600e+02
1.6418000000e-01 3.4042579981e+02
1.6450000000e-01 3.4049174300e+02
1.6468000000e-01 3.4052828219e+02
1.6500000000e-01 3.4059409100e+02
1.6518000000e-01 3.4063054594e+02
1.6550000000e-01 3.4069620300e+02
1.6568000000e-01 3.4073256119e+02
1.6600000000e-01 3.4079804400e+02
1.6618000000e-01 3.4083428937e+02
1.6650000000e-01 3.4089956900e+02
1.6668000000e-01 3.4093568228e+02
1.6700000000e-01 3.4100072400e+02
1.6718000000e-01 3.4103667734e+02
1.6750000000e-01 3.4110143100e+02
1.6768000000e-01 3.4113718584e+02
1.6800000000e-01 3.4120158200e+02
1.6818000000e-01 3.4123708194e+02
1.6850000000e-01 3.4130101836e+02
1.6868000000e-01 3.4133617414e+02
1.6900000000e-01 3.4139949200e+02
1.6918000000e-01 3.4143415618e+02
1.6950000000e-01 3.4149658736e+02
1.6968000000e-01 3.4153048718e+02
1.7000000000e-01 3.4159154300e+02
1.7018000000e-01 3.4162412332e+02
1.7050000000e-01 3.4168280200e+02
1.7068000000e-01 3.4171360512e+02
1.7100000000e-01 3.4176908300e+02
1.7118000000e-01 3.4179778869e+02
1.7150000000e-01 3.4184948900e+02
1.7168000000e-01 3.4187591483e+02
1.7200000000e-01 3.4192350900e+02
1.7218000000e-01 3.4194757357e+02
1.7250000000e-01 3.4199091500e+02
1.7268000000e-01 3.4201260082e+02
1.7300000000e-01 3.4205165800e+02
1.7318000000e-01 3.4207098470e+02
1.7350000000e-01 3.4210579300e+02
1.7368000000e-01 3.4212280164e+02
1.7400000000e-01 3.4215343436e+02
1.7418000000e-01 3.4216817527e+02
1.7450000000e-01 3.4219472500e+02
1.7468000000e-01 3.4220725460e+02
1.7500000000e-01 3.4222982100e+02
1.7518000000e-01 3.4224019748e+02
1.7550000000e-01 3.4225888600e+02
1.7568000000e-01 3.4226716862e+02
1.7600000000e-01 3.4228208600e+02
1.7618000000e-01 3.4228833295e+02
1.7650000000e-01 3.4229958336e+02
1.7668000000e-01 3.4230385212e+02
1.7700000000e-01 3.4231154100e+02
1.7718000000e-01 3.4231388905e+02
1.7750000000e-01 3.4231811800e+02
1.7768000000e-01 3.4231860103e+02
1.7800000000e-01 3.4231947036e+02
1.7818000000e-01 3.4231814228e+02
1.7850000000e-01 3.4231575100e+02
1.7868000000e-01 3.4231266608e+02
1.7900000000e-01 3.4230711000e+02
1.7918000000e-01 3.4230232036e+02
1.7950000000e-01 3.4229369336e+02
1.7968000000e-01 3.4228724934e+02
1.8000000000e-01 3.4227564400e+02
1.8018000000e-01 3.4226759630e+02
1.8050000000e-01 3.4225310200e+02
1.8068000000e-01 3.4224349881e+02
1.8100000000e-01 3.4222620300e+02
1.8118000000e-01 3.4221509216e+02
1.8150000000e-01 3.4219508100e+02
1.8168000000e-01 3.4218250892e+02
1.8200000000e-01 3.4215986600e+02
1.8218000000e-01 3.4214587766e+02
1.8250000000e-01 3.4212068400e+02
1.8268000000e-01 3.4210532367e+02
1.8300000000e-01 3.4207765836e+02
1.8318000000e-01 3.4206096888e+02
1.8350000000e-01 3.4203091036e+02
1.8368000000e-01 3.4201293387e+02
1.8400000000e-01 3.4198055736e+02
1.8418000000e-01 3.4196133419e+02
1.8450000000e-01 3.4192671300e+02
1.8468000000e-01 3.4190628350e+02
1.8500000000e-01 3.4186948900e+02
1.8518000000e-01 3.4184789136e+02
1.8550000000e-01 3.4180899300e+02
1.8568000000e-01 3.4178626543e+02
1.8600000000e-01 3.4174533136e+02
1.8618000000e-01 3.4172150955e+02
1.8650000000e-01 3.4167860600e+02
1.8668000000e-01 3.4165372602e+02
1.8700000000e-01 3.4160891600e+02
1.8718000000e-01 3.4158301247e+02
1.8750000000e-01 3.4153635900e+02
1.8768000000e-01 3.4150946549e+02
1.8800000000e-01 3.4146102900e+02
1.8818000000e-01 3.4143317799e+02
1.8850000000e-01 3.4138301636e+02
1.8868000000e-01 3.4135423926e+02
1.8900000000e-01 3.4130241100e+02
1.8918000000e-01 3.4127273924e+02
1.8950000000e-01 3.4121929836e+02
1.8968000000e-01 3.4118876085e+02
1.9000000000e-01 3.4113376200e+02
1.9018000000e-01 3.4110238838e+02
1.9050000000e-01 3.4104588300e+02
1.9068000000e-01 3.4101370111e+02
1.9100000000e-01 3.4095574000e+02
1.9118000000e-01 3.4092277697e+02
1.9150000000e-01 3.4086340836e+02
1.9168000000e-01 3.4082969025e+02
1.9200000000e-01 3.4076896236e+02
1.9218000000e-01 3.4073451488e+02
1.9250000000e-01 3.4067247336e+02
1.9268000000e-01 3.4063732115e+02
1.9300000000e-01 3.4057401036e+02
1.9318000000e-01 3.4053817697e+02
1.9350000000e-01 3.4047364000e+02
1.9368000000e-01 3.4043714900e+02
1.9400000000e-01 3.4037142700e+02
1.9418000000e-01 3.4033430053e+02
1.9450000000e-01 3.4026743336e+02
1.9468000000e-01 3.4022969283e+02
1.9500000000e-01 3.4016172100e+02
1.9518000000e-01 3.4012338748e+02
1.9550000000e-01 3.4005434700e+02
1.9568000000e-01 3.4001544084e+02
1.9600000000e-01 3.3994536836e+02
1.9618000000e-01 3.3990590811e+02
1.9650000000e-01 3.3983483900e+02
1.9668000000e-01 3.3979484467e+02
1.9700000000e-01 3.3972281236e+02
1.9718000000e-01 3.3968230108e+02
1.9750000000e-01 3.3960933836e+02
1.9768000000e-01 3.3956832798e+02
1.9800000000e-01 3.3949446636e+02
1.9818000000e-01 3.3945297402e+02
1.9850000000e-01 3.3937824436e+02
1.9868000000e-01 3.3933628576e+02
1.9900000000e-01 3.3926071636e+02
1.9918000000e-01 3.3921830757e+02
1.9950000000e-01 3.3914192736e+02
1.9968000000e-01 3.3909908302e+02
2.0000000000e-01 3.3902191900e+02
2.0018000000e-01 3.3897865447e+02
2.0050000000e-01 3.3890073236e+02
2.0068000000e-01 3.3885706083e+02
2.0100000000e-01 3.3877840636e+02
2.0118000000e-01 3.3873434176e+02
2.0150000000e-01 3.3865497936e+02
2.0168000000e-01 3.3861053455e+02
2.0200000000e-01 3.3853048736e+02
2.0218000000e-01 3.3848567483e+02
2.0250000000e-01 3.3840496536e+02
2.0268000000e-01 3.3835979725e+02
2.0300000000e-01 3.3827844736e+02
2.0318000000e-01 3.3823293509e+02
2.0350000000e-01 3.3815096471e+02
2.0368000000e-01 3.3810511900e+02
2.0400000000e-01 3.3802254936e+02
2.0418000000e-01 3.3797638162e+02
2.0450000000e-01 3.3789323136e+02
2.0468000000e-01 3.3784675124e+02
2.0500000000e-01 3.3776303836e+02
2.0518000000e-01 3.3771625621e+02
2.0550000000e-01 3.3763199871e+02
2.0568000000e-01 3.3758492346e+02
2.0600000000e-01 3.3750013936e+02
2.0618000000e-01 3.3745278064e+02
2.0650000000e-01 3.3736748471e+02
2.0668000000e-01 3.3731985074e+02
2.0700000000e-01 3.3723406036e+02
2.0718000000e-01 3.3718616006e+02
2.0750000000e-01 3.3709988871e+02
2.0768000000e-01 3.3705172958e+02
2.0800000000e-01 3.3696499336e+02
2.0818000000e-01 3.3691658360e+02
2.0850000000e-01 3.3682939471e+02
2.0868000000e-01 3.3678074148e+02
2.0900000000e-01 3.3669311471e+02
2.0918000000e-01 3.3664422514e+02
2.0950000000e-01 3.3655617271e+02
2.0968000000e-01 3.3650705358e+02
2.1000000000e-01 3.3641858771e+02
2.1018000000e-01 3.3636924545e+02
2.1050000000e-01 3.3628037836e+02
2.1068000000e-01 3.3623081975e+02
2.1100000000e-01 3.3614156171e+02
2.1118000000e-01 3.3609179247e+02
2.1150000000e-01 3.3600215571e+02
2.1168000000e-01 3.3595218155e+02
2.1200000000e-01 3.3586217571e+02
2.1218000000e-01 3.3581200198e+02
2.1250000000e-01 3.3572163671e+02
2.1268000000e-01 3.3567126912e+02
2.1300000000e-01 3.3558055471e+02
2.1318000000e-01 3.3552999791e+02
2.1350000000e-01 3.3543894271e+02
2.1368000000e-01 3.3538820205e+02
2.1400000000e-01 3.3529681571e+02
2.1418000000e-01 3.3524589547e+02
2.1450000000e-01 3.3515418571e+02
2.1468000000e-01 3.3510309089e+02
2.1500000000e-01 3.3501106607e+02
2.1518000000e-01 3.3495980024e+02
2.1550000000e-01 3.3486746871e+02
2.1568000000e-01 3.3481603652e+02
2.1600000000e-01 3.3472340407e+02
2.1618000000e-01 3.3467180908e+02
2.1650000000e-01 3.3457888471e+02
2.1668000000e-01 3.3452713121e+02
2.1700000000e-01 3.3443392071e+02
2.1718000000e-01 3.3438201191e+02
2.1750000000e-01 3.3428852171e+02
2.1768000000e-01 3.3423646118e+02
2.1800000000e-01 3.3414269771e+02
2.1818000000e-01 3.3409048902e+02
2.1850000000e-01 3.3399645807e+02
2.1868000000e-01 3.3394410408e+02
2.1900000000e-01 3.3384981207e+02
2.1918000000e-01 3.3379731599e+02
2.1950000000e-01 3.3370276807e+02
2.1968000000e-01 3.3365013311e+02
2.2000000000e-01 3.3355533507e+02
2.2018000000e-01 3.3350256338e+02
2.2050000000e-01 3.3340751907e+02
2.2068000000e-01 3.3335461386e+02
2.2100000000e-01 3.3325932907e+02
2.2118000000e-01 3.3320629283e+02
2.2150000000e-01 3.3311077207e+02
2.2168000000e-01 3.3305760731e+02
2.2200000000e-01 3.3296185507e+02
2.2218000000e-01 3.3290856429e+02
2.2250000000e-01 3.3281258443e+02
2.2268000000e-01 3.3275916940e+02
2.2300000000e-01 3.3266296643e+02
2.2318000000e-01 3.3260943002e+02
2.2350000000e-01 3.3251300843e+02
2.2368000000e-01 3.3245935207e+02
2.2400000000e-01 3.3236271443e+02
2.2418000000e-01 3.3230894097e+02
2.2450000000e-01 3.3221209243e+02
2.2468000000e-01 3.3215820294e+02
2.2500000000e-01 3.3206114543e+02
2.2518000000e-01 3.3200714241e+02
2.2550000000e-01 3.3190988043e+02
2.2568000000e-01 3.3185576531e+02
2.2600000000e-01 3.3175830143e+02
2.2618000000e-01 3.3170407599e+02
2.2650000000e-01 3.3160641343e+02
2.2668000000e-01 3.3155207946e+02
2.2700000000e-01 3.3145422143e+02
2.2718000000e-01 3.3139978072e+02
2.2750000000e-01 3.3130172979e+02
2.2768000000e-01 3.3124718340e+02
2.2800000000e-01 3.3114894279e+02
2.2818000000e-01 3.3109429215e+02
2.2850000000e-01 3.3099586443e+02
2.2868000000e-01 3.3094111169e+02
2.2900000000e-01 3.3084249879e+02
2.2918000000e-01 3.3078764430e+02
2.2950000000e-01 3.3068884879e+02
2.2968000000e-01 3.3063389469e+02
2.3000000000e-01 3.3053491979e+02
2.3018000000e-01 3.3047986716e+02
2.3050000000e-01 3.3038071414e+02
2.3068000000e-01 3.3032556370e+02
2.3100000000e-01 3.3022623514e+02
2.3118000000e-01 3.3017098866e+02
2.3150000000e-01 3.3007148714e+02
2.3168000000e-01 3.3001614534e+02
2.3200000000e-01 3.2991647214e+02
2.3218000000e-01 3.2986103609e+02
2.3250000000e-01 3.2976119314e+02
2.3268000000e-01 3.2970566462e+02
2.3300000000e-01 3.2960565450e+02
2.3318000000e-01 3.2955003351e+02
2.3350000000e-01 3.2944985750e+02
2.3368000000e-01 3.2939414548e+02
2.3400000000e-01 3.2929380550e+02
2.3418000000e-01 3.2923800351e+02
2.3450000000e-01 3.2913750150e+02
2.3468000000e-01 3.2908161061e+02
2.3500000000e-01 3.2898094786e+02
2.3518000000e-01 3.2892496808e+02
2.3550000000e-01 3.2882414650e+02
2.3568000000e-01 3.2876807961e+02
2.3600000000e-01 3.2866710050e+02
2.3618000000e-01 3.2861094721e+02
2.3650000000e-01 3.2850981186e+02
2.3668000000e-01 3.2845357253e+02
2.3700000000e-01 3.2835228286e+02
2.3718000000e-01 3.2829595821e+02
2.3750000000e-01 3.2819451486e+02
2.3768000000e-01 3.2813810631e+02
2.3800000000e-01 3.2803651121e+02
2.3818000000e-01 3.2798001913e+02
2.3850000000e-01 3.2787827421e+02
2.3868000000e-01 3.2782169894e+02
2.3900000000e-01 3.2771980421e+02
2.3918000000e-01 3.2766314683e+02
2.3950000000e-01 3.2756110421e+02
2.3968000000e-01 3.2750436543e+02
2.4000000000e-01 3.2740217557e+02
2.4018000000e-01 3.2734535610e+02
2.4050000000e-01 3.2724302093e+02
2.4068000000e-01 3.2718612078e+02
2.4100000000e-01 3.2708364157e+02
2.4118000000e-01 3.2702666216e+02
2.4150000000e-01 3.2692403893e+02
2.4168000000e-01 3.2686698027e+02
2.4200000000e-01 3.2676421493e+02
2.4218000000e-01 3.2670707772e+02
2.4250000000e-01 3.2660417093e+02
2.4268000000e-01 3.2654695590e+02
2.4300000000e-01 3.2644390893e+02
2.4318000000e-01 3.2638661678e+02
2.4350000000e-01 3.2628343028e+02
2.4368000000e-01 3.2622606102e+02
2.4400000000e-01 3.2612273628e+02
2.4418000000e-01 3.2606529098e+02
2.4450000000e-01 3.2596182864e+02
2.4468000000e-01 3.2590430730e+02
2.4500000000e-01 3.2580070864e+02
2.4518000000e-01 3.2574311197e+02
2.4550000000e-01 3.2563937764e+02
2.4568000000e-01 3.2558170635e+02
2.4600000000e-01 3.2547783764e+02
2.4618000000e-01 3.2542009209e+02
2.4650000000e-01 3.2531608900e+02
2.4668000000e-01 3.2525826955e+02
2.4700000000e-01 3.2515413400e+02
2.4718000000e-01 3.2509624136e+02
2.4750000000e-01 3.2499197336e+02
2.4768000000e-01 3.2493400753e+02
2.4800000000e-01 3.2482960771e+02
2.4818000000e-01 3.2477156942e+02
2.4850000000e-01 3.2466703971e+02
2.4868000000e-01 3.2460892930e+02
2.4900000000e-01 3.2450426971e+02
2.4918000000e-01 3.2444608790e+02
2.4950000000e-01 3.2434129907e+02
2.4968000000e-01 3.2428304585e+02
2.5000000000e-01 3.2417812843e+02
2.5018000000e-01 3.2411980417e+02
2.5050000000e-01 3.2401475943e+02
2.5068000000e-01 3.2395636519e+02
2.5100000000e-01 3.2385119378e+02
2.5118000000e-01 3.2379272922e+02
2.5150000000e-01 3.2368743178e+02
2.5168000000e-01 3.2362889796e+02
2.5200000000e-01 3.2352347514e+02
2.5218000000e-01 3.2346487170e+02
2.5250000000e-01 3.2335932414e+02
2.5268000000e-01 3.2330065215e+02
2.5300000000e-01 3.2319498050e+02
2.5318000000e-01 3.2313623961e+02
2.5350000000e-01 3.2303044450e+02
2.5368000000e-01 3.2297163578e+02
2.5400000000e-01 3.2286571785e+02
2.5418000000e-01 3.2280684130e+02
2.5450000000e-01 3.2270080185e+02
2.5468000000e-01 3.2264185818e+02
2.5500000000e-01 3.2253569657e+02
2.5518000000e-01 3.2247668542e+02
2.5550000000e-01 3.2237040357e+02
2.5568000000e-01 3.2231132602e+02
2.5600000000e-01 3.2220492393e+02
2.5618000000e-01 3.2214577997e+02
2.5650000000e-01 3.2203925893e+02
2.5668000000e-01 3.2198004893e+02
2.5700000000e-01 3.2187340828e+02
2.5718000000e-01 3.2181413295e+02
2.5750000000e-01 3.2170737464e+02
2.5768000000e-01 3.2164803362e+02
2.5800000000e-01 3.2154115764e+02
2.5818000000e-01 3.2148175200e+02
2.5850000000e-01 3.2137475835e+02
2.5868000000e-01 3.2131528774e+02
2.5900000000e-01 3.2120817835e+02
2.5918000000e-01 3.2114864347e+02
2.5950000000e-01 3.2104141771e+02
2.5968000000e-01 3.2098181893e+02
2.6000000000e-01 3.2087447807e+02
2.6018000000e-01 3.2081481574e+02
2.6050000000e-01 3.2070736042e+02
2.6068000000e-01 3.2064763455e+02
2.6100000000e-01 3.2054006542e+02
2.6118000000e-01 3.2048027671e+02
2.6150000000e-01 3.2037259378e+02
2.6168000000e-01 3.2031274224e+02
2.6200000000e-01 3.2020494614e+02
2.6218000000e-01 3.2014503247e+02
2.6250000000e-01 3.2003712450e+02
2.6268000000e-01 3.1997714871e+02
2.6300000000e-01 3.1986912821e+02
2.6318000000e-01 3.1980909030e+02
2.6350000000e-01 3.1970095921e+02
2.6368000000e-01 3.1964086026e+02
2.6400000000e-01 3.1953261857e+02
2.6418000000e-01 3.1947245856e+02
2.6450000000e-01 3.1936410628e+02
2.6468000000e-01 3.1930388523e+02
2.6500000000e-01 3.1919542364e+02
2.6518000000e-01 3.1913514225e+02
2.6550000000e-01 3.1902657199e+02
2.6568000000e-01 3.1896623027e+02
2.6600000000e-01 3.1885755135e+02
2.6618000000e-01 3.1879714965e+02
2.6650000000e-01 3.1868836335e+02
2.6668000000e-01 3.1862790239e+02
2.6700000000e-01 3.1851900807e+02
2.6718000000e-01 3.1845848784e+02
2.6750000000e-01 3.1834948678e+02
2.6768000000e-01 3.1828890729e+02
2.6800000000e-01 3.1817980078e+02
2.6818000000e-01 3.1811916274e+02
2.6850000000e-01 3.1800995014e+02
2.6868000000e-01 3.1794925391e+02
2.6900000000e-01 3.1783993585e+02
2.6918000000e-01 3.1777918143e+02
2.6950000000e-01 3.1766975921e+02
2.6968000000e-01 3.1760894731e+02
2.7000000000e-01 3.1749942156e+02
2.7018000000e-01 3.1743855219e+02
2.7050000000e-01 3.1732892228e+02
2.7068000000e-01 3.1726799542e+02
2.7100000000e-01 3.1715826328e+02
2.7118000000e-01 3.1709728001e+02
2.7150000000e-01 3.1698744499e+02
2.7168000000e-01 3.1692640532e+02
2.7200000000e-01 3.1681646871e+02
2.7218000000e-01 3.1675537263e+02
2.7250000000e-01 3.1664533506e+02
2.7268000000e-01 3.1658418293e+02
2.7300000000e-01 3.1647404442e+02
2.7318000000e-01 3.1641283695e+02
2.7350000000e-01 3.1630259813e+02
2.7368000000e-01 3.1624133569e+02
2.7400000000e-01 3.1613099785e+02
2.7418000000e-01 3.1606968007e+02
2.7450000000e-01 3.1595924321e+02
2.7468000000e-01 3.1589787080e+02
2.7500000000e-01 3.1578733556e+02
2.7518000000e-01 3.1572590889e+02
2.7550000000e-01 3.1561527528e+02
2.7568000000e-01 3.1555379505e+02
2.7600000000e-01 3.1544306499e+02
2.7618000000e-01 3.1538153050e+02
2.7650000000e-01 3.1527070335e+02
2.7668000000e-01 3.1520911602e+02
2.7700000000e-01 3.1509819306e+02
2.7718000000e-01 3.1503655219e+02
2.7750000000e-01 3.1492553342e+02
2.7768000000e-01 3.1486384042e+02
2.7800000000e-01 3.1475272713e+02
2.7818000000e-01 3.1469098130e+02
2.7850000000e-01 3.1457977285e+02
2.7868000000e-01 3.1451797524e+02
2.7900000000e-01 3.1440667420e+02
2.7918000000e-01 3.1434482483e+02
2.7950000000e-01 3.1423342992e+02
2.7968000000e-01 3.1417152914e+02
2.8000000000e-01 3.1406004163e+02
2.8018000000e-01 3.1399808980e+02
2.8050000000e-01 3.1388651099e+02
2.8068000000e-01 3.1382450846e+02
2.8100000000e-01 3.1371283770e+02
2.8118000000e-01 3.1365078519e+02
2.8150000000e-01 3.1353902442e+02
2.8168000000e-01 3.1347692157e+02
2.8200000000e-01 3.1336507013e+02
2.8218000000e-01 3.1330291766e+02
2.8250000000e-01 3.1319097749e+02
2.8268000000e-01 3.1312877575e+02
2.8300000000e-01 3.1301674620e+02
2.8318000000e-01 3.1295449591e+02
2.8350000000e-01 3.1284237892e+02
2.8368000000e-01 3.1278007971e+02
2.8400000000e-01 3.1266787463e+02
2.8418000000e-01 3.1260552723e+02
2.8450000000e-01 3.1249323599e+02
2.8468000000e-01 3.1243084111e+02
2.8500000000e-01 3.1231846370e+02
2.8518000000e-01 3.1225602134e+02
2.8550000000e-01 3.1214355841e+02
2.8568000000e-01 3.1208106893e+02
2.8600000000e-01 3.1196852177e+02
2.8618000000e-01 3.1190598552e+02
2.8650000000e-01 3.1179335349e+02
2.8668000000e-01 3.1173077118e+02
2.8700000000e-01 3.1161805684e+02
2.8718000000e-01 3.1155542884e+02
2.8750000000e-01 3.1144263156e+02
2.8768000000e-01 3.1137995821e+02
2.8800000000e-01 3.1126707927e+02
2.8818000000e-01 3.1120436094e+02
2.8850000000e-01 3.1109140163e+02
2.8868000000e-01 3.1102863867e+02
2.8900000000e-01 3.1091559834e+02
2.8918000000e-01 3.1085279147e+02
2.8950000000e-01 3.1073967270e+02
2.8968000000e-01 3.1067682227e+02
2.9000000000e-01 3.1056362441e+02
2.9018000000e-01 3.1050073079e+02
2.9050000000e-01 3.1038745513e+02
2.9068000000e-01 3.1032451866e+02
2.9100000000e-01 3.1021116648e+02
2.9118000000e-01 3.1014818789e+02
2.9150000000e-01 3.1003475984e+02
2.9168000000e-01 3.0997173948e+02
2.9200000000e-01 3.0985823684e+02
2.9218000000e-01 3.0979517578e+02
2.9250000000e-01 3.0968159791e+02
2.9268000000e-01 3.0961849580e+02
2.9300000000e-01 3.0950484591e+02
2.9318000000e-01 3.0944170381e+02
2.9350000000e-01 3.0932798127e+02
2.9368000000e-01 3.0926479954e+02
2.9400000000e-01 3.0915100563e+02
2.9418000000e-01 3.0908778498e+02
2.9450000000e-01 3.0897392098e+02
2.9468000000e-01 3.0891066214e+02
2.9500000000e-01 3.0879672934e+02
2.9518000000e-01 3.0873343265e+02
2.9550000000e-01 3.0861943170e+02
2.9568000000e-01 3.0855609788e+02
2.9600000000e-01 3.0844203005e+02
2.9618000000e-01 3.0837865947e+02
2.9650000000e-01 3.0826452605e+02
2.9668000000e-01 3.0820111977e+02
2.9700000000e-01 3.0808692205e+02
2.9718000000e-01 3.0802348078e+02
2.9750000000e-01 3.0790922005e+02
2.9768000000e-01 3.0784574415e+02
2.9800000000e-01 3.0773142105e+02
2.9818000000e-01 3.0766791159e+02
2.9850000000e-01 3.0755352805e+02
2.9868000000e-01 3.0748998575e+02
2.9900000000e-01 3.0737554241e+02
2.9918000000e-01 3.0731196797e+02
2.9950000000e-01 3.0719746741e+02
2.9968000000e-01 3.0713386156e+02
3.0000000000e-01 3.0701930505e+02
3.0018000000e-01 3.0695566885e+02
3.0050000000e-01 3.0684105705e+02
3.0068000000e-01 3.0677739122e+02
3.0100000000e-01 3.0666272670e+02
3.0118000000e-01 3.0659903230e+02
3.0150000000e-01 3.0648431570e+02
3.0168000000e-01 3.0642059346e+02
3.0200000000e-01 3.0630582798e+02
3.0218000000e-01 3.0624207932e+02
3.0250000000e-01 3.0612726563e+02
3.0268000000e-01 3.0606349126e+02
3.0300000000e-01 3.0594863127e+02
3.0318000000e-01 3.0588483227e+02
3.0350000000e-01 3.0576992791e+02
3.0368000000e-01 3.0570610571e+02
3.0400000000e-01 3.0559116020e+02
3.0418000000e-01 3.0552731586e+02
3.0450000000e-01 3.0541232984e+02
3.0468000000e-01 3.0534846444e+02
3.0500000000e-01 3.0523344113e+02
3.0518000000e-01 3.0516955573e+02
3.0550000000e-01 3.0505449706e+02
3.0568000000e-01 3.0499059381e+02
3.0600000000e-01 3.0487550170e+02
3.0618000000e-01 3.0481158132e+02
3.0650000000e-01 3.0469645963e+02
3.0668000000e-01 3.0463252425e+02
3.0700000000e-01 3.0451737491e+02
3.0718000000e-01 3.0445342526e+02
3.0750000000e-01 3.0433825084e+02
3.0768000000e-01 3.0427428905e+02
3.0800000000e-01 3.0415909277e+02
3.0818000000e-01 3.0409512062e+02
3.0850000000e-01 3.0397990570e+02
3.0868000000e-01 3.0391592499e+02
3.0900000000e-01 3.0380069463e+02
3.0918000000e-01 3.0373670713e+02
3.0950000000e-01 3.0362146456e+02
3.0968000000e-01 3.0355747206e+02
3.1000000000e-01 3.0344222113e+02
3.1018000000e-01 3.0337822613e+02
3.1050000000e-01 3.0326297070e+02
3.1068000000e-01 3.0319897499e+02
3.1100000000e-01 3.0308371827e+02
3.1118000000e-01 3.0301972471e+02
3.1150000000e-01 3.0290447120e+02
3.1168000000e-01 3.0284048156e+02
3.1200000000e-01 3.0272523642e+02
3.1218000000e-01 3.0266125392e+02
3.1250000000e-01 3.0254602035e+02
3.1268000000e-01 3.0248204713e+02
3.1300000000e-01 3.0236683156e+02
3.1318000000e-01 3.0230287048e+02
3.1350000000e-01 3.0218767678e+02
3.1368000000e-01 3.0212373141e+02
3.1400000000e-01 3.0200856599e+02
3.1418000000e-01 3.0194463919e+02
3.1450000000e-01 3.0182950656e+02
3.1468000000e-01 3.0176560153e+02
3.1500000000e-01 3.0165050878e+02
3.1518000000e-01 3.0158662945e+02
3.1550000000e-01 3.0147158235e+02
3.1568000000e-01 3.0140773194e+02
3.1600000000e-01 3.0129273757e+02
3.1618000000e-01 3.0122892036e+02
3.1650000000e-01 3.0111398578e+02
3.1668000000e-01 3.0105020570e+02
3.1700000000e-01 3.0093533864e+02
3.1718000000e-01 3.0087160033e+02
3.1750000000e-01 3.0075680785e+02
3.1768000000e-01 3.0069311632e+02
3.1800000000e-01 3.0057840807e+02
3.1818000000e-01 3.0051476758e+02
3.1850000000e-01 3.0040015128e+02
3.1868000000e-01 3.0033656756e+02
3.1900000000e-01 3.0022205414e+02
3.1900000000e-01 3.0022205414e+02
3.1918000000e-01 3.0018241575e+02
3.1950000000e-01 3.0011102707e+02
3.1968000000e-01 3.0007138868e+02
3.2000000000e-01 3.0000000000e+02
