0.0000000000e+00 0.0000000000e+00
1.6000000000e-04 0.0000000000e+00
5.0000000000e-04 0.0000000000e+00
6.6000000000e-04 0.0000000000e+00
1.0000000000e-03 0.0000000000e+00
1.0000000000e-03 -6.4069891226e-02
1.1600000000e-03 -6.4239228639e-02
1.5000000000e-03 -6.4593564388e-02
1.6600000000e-03 -6.4762918389e-02
2.0000000000e-03 -6.5117288782e-02
2.1600000000e-03 -6.5286666097e-02
2.5000000000e-03 -6.5641085276e-02
2.6600000000e-03 -6.5810489269e-02
3.0000000000e-03 -6.6164964338e-02
3.1600000000e-03 -6.6334396851e-02
3.5000000000e-03 -6.6688931599e-02
3.6600000000e-03 -6.6858393733e-02
4.0000000000e-03 -6.7212990461e-02
4.1600000000e-03 -6.7382482830e-02
4.5000000000e-03 -6.7737142890e-02
4.6600000000e-03 -6.7906666043e-02
5.0000000000e-03 -6.8261390384e-02
5.1600000000e-03 -6.8430944580e-02
5.5000000000e-03 -6.8785734014e-02
5.6600000000e-03 -6.8955319479e-02
6.0000000000e-03 -6.9310174343e-02
6.1600000000e-03 -6.9479791272e-02
6.5000000000e-03 -6.9834711973e-02
6.6600000000e-03 -7.0004360429e-02
7.0000000000e-03 -7.0359347102e-02
7.1600000000e-03 -7.0529027183e-02
7.5000000000e-03 -7.0884079964e-02
7.6600000000e-03 -7.1053791638e-02
8.0000000000e-03 -7.1408910661e-02
8.1600000000e-03 -7.1578653895e-02
8.5000000000e-03 -7.1933838958e-02
8.6600000000e-03 -7.2103613753e-02
9.0000000000e-03 -7.2458864787e-02
9.1600000000e-03 -7.2628671013e-02
9.5000000000e-03 -7.2983987884e-02
9.6600000000e-03 -7.3153825444e-02
1.0000000000e-02 -7.3509207949e-02
1.0160000000e-02 -7.3679076778e-02
1.0500000000e-02 -7.4034524646e-02
1.0660000000e-02 -7.4204424583e-02
1.1000000000e-02 -7.4559937543e-02
1.1160000000e-02 -7.4729868426e-02
1.1500000000e-02 -7.5085446207e-02
1.1660000000e-02 -7.5255407875e-02
1.2000000000e-02 -7.5611050072e-02
1.2160000000e-02 -7.5781042427e-02
1.2500000000e-02 -7.6136748837e-02
1.2660000000e-02 -7.6306771620e-02
1.3000000000e-02 -7.6662541769e-02
1.3160000000e-02 -7.6832594884e-02
1.3500000000e-02 -7.7188428434e-02
1.3660000000e-02 -7.7358511654e-02
1.4000000000e-02 -7.7714408266e-02
1.4160000000e-02 -7.7884521430e-02
1.4500000000e-02 -7.8240480698e-02
1.4660000000e-02 -7.8410623611e-02
1.5000000000e-02 -7.8766645131e-02
1.5160000000e-02 -7.8936817632e-02
1.5500000000e-02 -7.9292901063e-02
1.5660000000e-02 -7.9463102925e-02
1.6000000000e-02 -7.9819247863e-02
1.6160000000e-02 -7.9989478958e-02
1.6500000000e-02 -8.0345684995e-02
1.6660000000e-02 -8.0515945096e-02
1.7000000000e-02 -8.0872211895e-02
1.7160000000e-02 -8.1042500840e-02
1.7500000000e-02 -8.1398827995e-02
1.7660000000e-02 -8.1569145622e-02
1.8000000000e-02 -8.1925532795e-02
1.8160000000e-02 -8.2095878911e-02
1.8500000000e-02 -8.2452325695e-02
1.8660000000e-02 -8.2622700105e-02
1.9000000000e-02 -8.2979206163e-02
1.9160000000e-02 -8.3149608705e-02
1.9500000000e-02 -8.3506173631e-02
1.9660000000e-02 -8.3676604176e-02
2.0000000000e-02 -8.4033227631e-02
2.0160000000e-02 -8.4203685986e-02
2.0500000000e-02 -8.4560367631e-02
2.0660000000e-02 -8.4730853601e-02
2.1000000000e-02 -8.5087593166e-02
2.1160000000e-02 -8.5258106655e-02
2.1500000000e-02 -8.5614903666e-02
2.1660000000e-02 -8.5785444479e-02
2.2000000000e-02 -8.6142298734e-02
2.2160000000e-02 -8.6312866709e-02
2.2500000000e-02 -8.6669777801e-02
2.2660000000e-02 -8.6840372810e-02
2.3000000000e-02 -8.7197340537e-02
2.3160000000e-02 -8.7367962417e-02
2.3500000000e-02 -8.7724986304e-02
2.3660000000e-02 -8.7895634959e-02
2.4000000000e-02 -8.8252714872e-02
2.4160000000e-02 -8.8423390075e-02
2.4500000000e-02 -8.8780525607e-02
2.4660000000e-02 -8.8951227327e-02
2.5000000000e-02 -8.9308418275e-02
2.5160000000e-02 -8.9479146284e-02
2.5500000000e-02 -8.9836392310e-02
2.5660000000e-02 -9.0007146512e-02
2.6000000000e-02 -9.0364447346e-02
2.6160000000e-02 -9.0535227642e-02
2.6500000000e-02 -9.0892583013e-02
2.6660000000e-02 -9.1063389244e-02
2.7000000000e-02 -9.1420798949e-02
2.7160000000e-02 -9.1591631016e-02
2.7500000000e-02 -9.1949094716e-02
2.7660000000e-02 -9.2119952459e-02
2.8000000000e-02 -9.2477469952e-02
2.8160000000e-02 -9.2648353272e-02
2.8500000000e-02 -9.3005924287e-02
2.8660000000e-02 -9.3176833121e-02
2.9000000000e-02 -9.3534457455e-02
2.9160000000e-02 -9.3705391608e-02
2.9500000000e-02 -9.4063068990e-02
2.9660000000e-02 -9.4234028398e-02
3.0000000000e-02 -9.4591758625e-02
3.0160000000e-02 -9.4762743191e-02
3.0500000000e-02 -9.5120526061e-02
3.0660000000e-02 -9.5291535655e-02
3.1000000000e-02 -9.5649370828e-02
3.1160000000e-02 -9.5820405322e-02
3.1500000000e-02 -9.6178292731e-02
3.1660000000e-02 -9.6349352092e-02
3.2000000000e-02 -9.6707291399e-02
3.2160000000e-02 -9.6878375497e-02
3.2500000000e-02 -9.7236366634e-02
3.2660000000e-02 -9.7407475340e-02
3.3000000000e-02 -9.7765517970e-02
3.3160000000e-02 -9.7936651251e-02
3.3500000000e-02 -9.8294745237e-02
3.3660000000e-02 -9.8465902933e-02
3.4000000000e-02 -9.8824048073e-02
3.4160000000e-02 -9.8995230150e-02
3.4500000000e-02 -9.9353426240e-02
3.4660000000e-02 -9.9524632537e-02
3.5000000000e-02 -9.9882879443e-02
3.5160000000e-02 -1.0005410990e-01
3.5500000000e-02 -1.0041240762e-01
3.5660000000e-02 -1.0058366242e-01
3.6000000000e-02 -1.0094200994e-01
3.6160000000e-02 -1.0111328835e-01
3.6500000000e-02 -1.0147168662e-01
3.6660000000e-02 -1.0164298928e-01
3.7000000000e-02 -1.0200143762e-01
3.7160000000e-02 -1.0217276388e-01
3.7500000000e-02 -1.0253126162e-01
3.7660000000e-02 -1.0270261181e-01
3.8000000000e-02 -1.0306115962e-01
3.8160000000e-02 -1.0323253309e-01
3.8500000000e-02 -1.0359113029e-01
3.8660000000e-02 -1.0376252770e-01
3.9000000000e-02 -1.0412117429e-01
3.9160000000e-02 -1.0429259530e-01
3.9500000000e-02 -1.0465129129e-01
3.9660000000e-02 -1.0482273559e-01
4.0000000000e-02 -1.0518148029e-01
4.0160000000e-02 -1.0535294787e-01
4.0500000000e-02 -1.0571174129e-01
4.0660000000e-02 -1.0588323215e-01
4.1000000000e-02 -1.0624207497e-01
4.1160000000e-02 -1.0641358943e-01
4.1500000000e-02 -1.0677248029e-01
4.1660000000e-02 -1.0694401739e-01
4.2000000000e-02 -1.0730295697e-01
4.2160000000e-02 -1.0747451735e-01
4.2500000000e-02 -1.0783350497e-01
4.2660000000e-02 -1.0800508831e-01
4.3000000000e-02 -1.0836412397e-01
4.3160000000e-02 -1.0853573027e-01
4.3500000000e-02 -1.0889481397e-01
4.3660000000e-02 -1.0906644323e-01
4.4000000000e-02 -1.0942557429e-01
4.4160000000e-02 -1.0959722619e-01
4.4500000000e-02 -1.0995640597e-01
4.4660000000e-02 -1.1012808050e-01
4.5000000000e-02 -1.1048730697e-01
4.5160000000e-02 -1.1065900413e-01
4.5500000000e-02 -1.1101827797e-01
4.5660000000e-02 -1.1118999777e-01
4.6000000000e-02 -1.1154931965e-01
4.6160000000e-02 -1.1172106208e-01
4.6500000000e-02 -1.1208042997e-01
4.6660000000e-02 -1.1225219472e-01
4.7000000000e-02 -1.1261161065e-01
4.7160000000e-02 -1.1278339771e-01
4.7500000000e-02 -1.1314285965e-01
4.7660000000e-02 -1.1331466934e-01
4.8000000000e-02 -1.1367417797e-01
4.8160000000e-02 -1.1384600965e-01
4.8500000000e-02 -1.1420556497e-01
4.8660000000e-02 -1.1437741864e-01
4.9000000000e-02 -1.1473702065e-01
4.9160000000e-02 -1.1490889663e-01
4.9500000000e-02 -1.1526854465e-01
4.9660000000e-02 -1.1544044262e-01
5.0000000000e-02 -1.1580013665e-01
5.0160000000e-02 -1.1597205693e-01
5.0500000000e-02 -1.1633179765e-01
5.0660000000e-02 -1.1650373927e-01
5.1000000000e-02 -1.1686352532e-01
5.1160000000e-02 -1.1703548926e-01
5.1500000000e-02 -1.1739532065e-01
5.1660000000e-02 -1.1756730625e-01
5.2000000000e-02 -1.1792718365e-01
5.2160000000e-02 -1.1809919092e-01
5.2500000000e-02 -1.1845911432e-01
5.2660000000e-02 -1.1863114326e-01
5.3000000000e-02 -1.1899111132e-01
5.3160000000e-02 -1.1916316193e-01
5.3500000000e-02 -1.1952317532e-01
5.3660000000e-02 -1.1969524759e-01
5.4000000000e-02 -1.2005530632e-01
5.4160000000e-02 -1.2022739993e-01
5.4500000000e-02 -1.2058750332e-01
5.4660000000e-02 -1.2075961860e-01
5.5000000000e-02 -1.2111976665e-01
5.5160000000e-02 -1.2129190294e-01
5.5500000000e-02 -1.2165209632e-01
5.5660000000e-02 -1.2182425396e-01
5.6000000000e-02 -1.2218449132e-01
5.6160000000e-02 -1.2235667030e-01
5.6500000000e-02 -1.2271695232e-01
5.6660000000e-02 -1.2288915264e-01
5.7000000000e-02 -1.2324947932e-01
5.7160000000e-02 -1.2342170066e-01
5.7500000000e-02 -1.2378207132e-01
5.7660000000e-02 -1.2395431368e-01
5.8000000000e-02 -1.2431472832e-01
5.8160000000e-02 -1.2448699170e-01
5.8500000000e-02 -1.2484745032e-01
5.8660000000e-02 -1.2501973472e-01
5.9000000000e-02 -1.2538023732e-01
5.9160000000e-02 -1.2555254241e-01
5.9500000000e-02 -1.2591308832e-01
5.9660000000e-02 -1.2608541443e-01
6.0000000000e-02 -1.2644600432e-01
6.0160000000e-02 -1.2661835113e-01
6.0500000000e-02 -1.2697898432e-01
6.0660000000e-02 -1.2715135182e-01
6.1000000000e-02 -1.2751202832e-01
6.1160000000e-02 -1.2768441652e-01
6.1500000000e-02 -1.2804513632e-01
6.1660000000e-02 -1.2821754521e-01
6.2000000000e-02 -1.2857830832e-01
6.2160000000e-02 -1.2875073759e-01
6.2500000000e-02 -1.2911154332e-01
6.2660000000e-02 -1.2928399296e-01
6.3000000000e-02 -1.2964484200e-01
6.3160000000e-02 -1.2981731233e-01
6.3500000000e-02 -1.3017820332e-01
6.3660000000e-02 -1.3035069402e-01
6.4000000000e-02 -1.3071162832e-01
6.4160000000e-02 -1.3088413907e-01
6.4500000000e-02 -1.3124511600e-01
6.4660000000e-02 -1.3141764712e-01
6.5000000000e-02 -1.3177866600e-01
6.5160000000e-02 -1.3195121749e-01
6.5500000000e-02 -1.3231227832e-01
6.5660000000e-02 -1.3248484954e-01
6.6000000000e-02 -1.3284595300e-01
6.6160000000e-02 -1.3301854459e-01
6.6500000000e-02 -1.3337969000e-01
6.6660000000e-02 -1.3355230164e-01
6.7000000000e-02 -1.3391348900e-01
6.7160000000e-02 -1.3408612069e-01
6.7500000000e-02 -1.3444734932e-01
6.7660000000e-02 -1.3462000074e-01
6.8000000000e-02 -1.3498127132e-01
6.8160000000e-02 -1.3515394246e-01
6.8500000000e-02 -1.3551525500e-01
6.8660000000e-02 -1.3568794619e-01
6.9000000000e-02 -1.3604930000e-01
6.9160000000e-02 -1.3622201059e-01
6.9500000000e-02 -1.3658340500e-01
6.9660000000e-02 -1.3675613564e-01
7.0000000000e-02 -1.3711757200e-01
7.0160000000e-02 -1.3729032204e-01
7.0500000000e-02 -1.3765179900e-01
7.0660000000e-02 -1.3782456876e-01
7.1000000000e-02 -1.3818608700e-01
7.1160000000e-02 -1.3835887617e-01
7.1500000000e-02 -1.3872043500e-01
7.1660000000e-02 -1.3889324357e-01
7.2000000000e-02 -1.3925484300e-01
7.2160000000e-02 -1.3942767097e-01
7.2500000000e-02 -1.3978931100e-01
7.2660000000e-02 -1.3996215837e-01
7.3000000000e-02 -1.4032383900e-01
7.3160000000e-02 -1.4049670577e-01
7.3500000000e-02 -1.4085842700e-01
7.3660000000e-02 -1.4103131285e-01
7.4000000000e-02 -1.4139307400e-01
7.4160000000e-02 -1.4156597893e-01
7.4500000000e-02 -1.4192778000e-01
7.4660000000e-02 -1.4210070401e-01
7.5000000000e-02 -1.4246254500e-01
7.5160000000e-02 -1.4263548809e-01
7.5500000000e-02 -1.4299736900e-01
7.5660000000e-02 -1.4317033117e-01
7.6000000000e-02 -1.4353225200e-01
7.6160000000e-02 -1.4370523324e-01
7.6500000000e-02 -1.4406719400e-01
7.6660000000e-02 -1.4424019400e-01
7.7000000000e-02 -1.4460219400e-01
7.7160000000e-02 -1.4477521276e-01
7.7500000000e-02 -1.4513725200e-01
7.7660000000e-02 -1.4531028951e-01
7.8000000000e-02 -1.4567236800e-01
7.8160000000e-02 -1.4584542427e-01
7.8500000000e-02 -1.4620754200e-01
7.8660000000e-02 -1.4638061702e-01
7.9000000000e-02 -1.4674277400e-01
7.9160000000e-02 -1.4691586745e-01
7.9500000000e-02 -1.4727806300e-01
7.9660000000e-02 -1.4745117521e-01
8.0000000000e-02 -1.4781341000e-01
8.0160000000e-02 -1.4798654032e-01
8.0500000000e-02 -1.4834881300e-01
8.0660000000e-02 -1.4852196207e-01
8.1000000000e-02 -1.4888427400e-01
8.1160000000e-02 -1.4905744150e-01
8.1500000000e-02 -1.4941979200e-01
8.1660000000e-02 -1.4959297761e-01
8.2000000000e-02 -1.4995536600e-01
8.2160000000e-02 -1.5012856972e-01
8.2500000000e-02 -1.5049099600e-01
8.2660000000e-02 -1.5066421815e-01
8.3000000000e-02 -1.5102668300e-01
8.3160000000e-02 -1.5119992326e-01
8.3500000000e-02 -1.5156242600e-01
8.3660000000e-02 -1.5173568404e-01
8.4000000000e-02 -1.5209822400e-01
8.4160000000e-02 -1.5227150048e-01
8.4500000000e-02 -1.5263407900e-01
8.4660000000e-02 -1.5280737326e-01
8.5000000000e-02 -1.5316998900e-01
8.5160000000e-02 -1.5334330105e-01
8.5500000000e-02 -1.5370595400e-01
8.5660000000e-02 -1.5387928383e-01
8.6000000000e-02 -1.5424197468e-01
8.6160000000e-02 -1.5441532262e-01
8.6500000000e-02 -1.5477805000e-01
8.6660000000e-02 -1.5495141540e-01
8.7000000000e-02 -1.5531418000e-01
8.7160000000e-02 -1.5548756319e-01
8.7500000000e-02 -1.5585036500e-01
8.7660000000e-02 -1.5602376565e-01
8.8000000000e-02 -1.5638660400e-01
8.8160000000e-02 -1.5656002243e-01
8.8500000000e-02 -1.5692289800e-01
8.8660000000e-02 -1.5709633357e-01
8.9000000000e-02 -1.5745924568e-01
8.9160000000e-02 -1.5763269903e-01
8.9500000000e-02 -1.5799564700e-01
8.9660000000e-02 -1.5816911750e-01
9.0000000000e-02 -1.5853210200e-01
9.0160000000e-02 -1.5870558996e-01
9.0500000000e-02 -1.5906861100e-01
9.0660000000e-02 -1.5924211610e-01
9.1000000000e-02 -1.5960517300e-01
9.1160000000e-02 -1.5977869523e-01
9.1500000000e-02 -1.6014178800e-01
9.1660000000e-02 -1.6031532737e-01
9.2000000000e-02 -1.6067845600e-01
9.2160000000e-02 -1.6085201219e-01
9.2500000000e-02 -1.6121517600e-01
9.2660000000e-02 -1.6138874965e-01
9.3000000000e-02 -1.6175195000e-01
9.3160000000e-02 -1.6192554014e-01
9.3500000000e-02 -1.6228877500e-01
9.3660000000e-02 -1.6246238228e-01
9.4000000000e-02 -1.6282565300e-01
9.4160000000e-02 -1.6299927677e-01
9.4500000000e-02 -1.6336258200e-01
9.4660000000e-02 -1.6353622291e-01
9.5000000000e-02 -1.6389956400e-01
9.5160000000e-02 -1.6407322140e-01
9.5500000000e-02 -1.6443659700e-01
9.5660000000e-02 -1.6461027089e-01
9.6000000000e-02 -1.6497368100e-01
9.6160000000e-02 -1.6514737138e-01
9.6500000000e-02 -1.6551081600e-01
9.6660000000e-02 -1.6568452287e-01
9.7000000000e-02 -1.6604800200e-01
9.7160000000e-02 -1.6622172537e-01
9.7500000000e-02 -1.6658523900e-01
9.7660000000e-02 -1.6675897853e-01
9.8000000000e-02 -1.6712252600e-01
9.8160000000e-02 -1.6729628203e-01
9.8500000000e-02 -1.6765986400e-01
9.8660000000e-02 -1.6783363587e-01
9.9000000000e-02 -1.6819725100e-01
9.9160000000e-02 -1.6837103936e-01
9.9500000000e-02 -1.6873468900e-01
9.9660000000e-02 -1.6890849288e-01
1.0000000000e-01 -1.6927217568e-01
1.0016000000e-01 -1.6944599605e-01
1.0050000000e-01 -1.6980971200e-01
1.0066000000e-01 -1.6998354790e-01
1.0100000000e-01 -1.7034729700e-01
1.0116000000e-01 -1.7052114874e-01
1.0150000000e-01 -1.7088493100e-01
1.0166000000e-01 -1.7105879859e-01
1.0200000000e-01 -1.7142261400e-01
1.0216000000e-01 -1.7159649711e-01
1.0250000000e-01 -1.7196034568e-01
1.0266000000e-01 -1.7213424463e-01
1.0300000000e-01 -1.7249812500e-01
1.0316000000e-01 -1.7267203915e-01
1.0350000000e-01 -1.7303595200e-01
1.0366000000e-01 -1.7320988167e-01
1.0400000000e-01 -1.7357382700e-01
1.0416000000e-01 -1.7374777187e-01
1.0450000000e-01 -1.7411174900e-01
1.0466000000e-01 -1.7428570939e-01
1.0500000000e-01 -1.7464971900e-01
1.0516000000e-01 -1.7482369427e-01
1.0550000000e-01 -1.7518773500e-01
1.0566000000e-01 -1.7536172514e-01
1.0600000000e-01 -1.7572579768e-01
1.0616000000e-01 -1.7589980302e-01
1.0650000000e-01 -1.7626390600e-01
1.0666000000e-01 -1.7643792621e-01
1.0700000000e-01 -1.7680206100e-01
1.0716000000e-01 -1.7697609609e-01
1.0750000000e-01 -1.7734026200e-01
1.0766000000e-01 -1.7751431164e-01
1.0800000000e-01 -1.7787850800e-01
1.0816000000e-01 -1.7805257219e-01
1.0850000000e-01 -1.7841679900e-01
1.0866000000e-01 -1.7859087742e-01
1.0900000000e-01 -1.7895513400e-01
1.0916000000e-01 -1.7912922697e-01
1.0950000000e-01 -1.7949351400e-01
1.0966000000e-01 -1.7966762152e-01
1.1000000000e-01 -1.8003193900e-01
1.1016000000e-01 -1.8020606010e-01
1.1050000000e-01 -1.8057040600e-01
1.1066000000e-01 -1.8074454133e-01
1.1100000000e-01 -1.8110891768e-01
1.1116000000e-01 -1.8128306724e-01
1.1150000000e-01 -1.8164747200e-01
1.1166000000e-01 -1.8182163482e-01
1.1200000000e-01 -1.8218606800e-01
1.1216000000e-01 -1.8236024472e-01
1.1250000000e-01 -1.8272470700e-01
1.1266000000e-01 -1.8289889730e-01
1.1300000000e-01 -1.8326338800e-01
1.1316000000e-01 -1.8343759189e-01
1.1350000000e-01 -1.8380211100e-01
1.1366000000e-01 -1.8397632782e-01
1.1400000000e-01 -1.8434087400e-01
1.1416000000e-01 -1.8451510408e-01
1.1450000000e-01 -1.8487967800e-01
1.1466000000e-01 -1.8505392101e-01
1.1500000000e-01 -1.8541852200e-01
1.1516000000e-01 -1.8559277762e-01
1.1550000000e-01 -1.8595740500e-01
1.1566000000e-01 -1.8613167356e-01
1.1600000000e-01 -1.8649632800e-01
1.1616000000e-01 -1.8667060917e-01
1.1650000000e-01 -1.8703529000e-01
1.1666000000e-01 -1.8720958346e-01
1.1700000000e-01 -1.8757429000e-01
1.1716000000e-01 -1.8774859542e-01
1.1750000000e-01 -1.8811332700e-01
1.1766000000e-01 -1.8828764471e-01
1.1800000000e-01 -1.8865240200e-01
1.1816000000e-01 -1.8882673167e-01
1.1850000000e-01 -1.8919151400e-01
1.1866000000e-01 -1.8936585499e-01
1.1900000000e-01 -1.8973066100e-01
1.1916000000e-01 -1.8990501363e-01
1.1950000000e-01 -1.9026984468e-01
1.1966000000e-01 -1.9044420895e-01
1.2000000000e-01 -1.9080906300e-01
1.2016000000e-01 -1.9098343795e-01
1.2050000000e-01 -1.9134831500e-01
1.2066000000e-01 -1.9152270094e-01
1.2100000000e-01 -1.9188760168e-01
1.2116000000e-01 -1.9206199861e-01
1.2150000000e-01 -1.9242692100e-01
1.2166000000e-01 -1.9260132828e-01
1.2200000000e-01 -1.9296627300e-01
1.2216000000e-01 -1.9314069063e-01
1.2250000000e-01 -1.9350565700e-01
1.2266000000e-01 -1.9368008465e-01
1.2300000000e-01 -1.9404507200e-01
1.2316000000e-01 -1.9421950936e-01
1.2350000000e-01 -1.9458451700e-01
1.2366000000e-01 -1.9475896438e-01
1.2400000000e-01 -1.9512399300e-01
1.2416000000e-01 -1.9529844943e-01
1.2450000000e-01 -1.9566349700e-01
1.2466000000e-01 -1.9583796281e-01
1.2500000000e-01 -1.9620303000e-01
1.2516000000e-01 -1.9637750487e-01
1.2550000000e-01 -1.9674259100e-01
1.2566000000e-01 -1.9691707460e-01
1.2600000000e-01 -1.9728217900e-01
1.2616000000e-01 -1.9745667100e-01
1.2650000000e-01 -1.9782179300e-01
1.2666000000e-01 -1.9799629341e-01
1.2700000000e-01 -1.9836143300e-01
1.2716000000e-01 -1.9853594150e-01
1.2750000000e-01 -1.9890109800e-01
1.2766000000e-01 -1.9907561458e-01
1.2800000000e-01 -1.9944078800e-01
1.2816000000e-01 -1.9961531202e-01
1.2850000000e-01 -1.9998050100e-01
1.2866000000e-01 -2.0015503245e-01
1.2900000000e-01 -2.0052023768e-01
1.2916000000e-01 -2.0069477689e-01
1.2950000000e-01 -2.0105999700e-01
1.2966000000e-01 -2.0123454301e-01
1.3000000000e-01 -2.0159977800e-01
1.3016000000e-01 -2.0177433144e-01
1.3050000000e-01 -2.0213958200e-01
1.3066000000e-01 -2.0231414223e-01
1.3100000000e-01 -2.0267940700e-01
1.3116000000e-01 -2.0285397402e-01
1.3150000000e-01 -2.0321925300e-01
1.3166000000e-01 -2.0339382681e-01
1.3200000000e-01 -2.0375912068e-01
1.3216000000e-01 -2.0393370161e-01
1.3250000000e-01 -2.0429900900e-01
1.3266000000e-01 -2.0447359704e-01
1.3300000000e-01 -2.0483892000e-01
1.3316000000e-01 -2.0501351483e-01
1.3350000000e-01 -2.0537885200e-01
1.3366000000e-01 -2.0555345427e-01
1.3400000000e-01 -2.0591880700e-01
1.3416000000e-01 -2.0609341703e-01
1.3450000000e-01 -2.0645878600e-01
1.3466000000e-01 -2.0663340379e-01
1.3500000000e-01 -2.0699878900e-01
1.3516000000e-01 -2.0717341552e-01
1.3550000000e-01 -2.0753881900e-01
1.3566000000e-01 -2.0771345458e-01
1.3600000000e-01 -2.0807887700e-01
1.3616000000e-01 -2.0825352260e-01
1.3650000000e-01 -2.0861896600e-01
1.3666000000e-01 -2.0879362227e-01
1.3700000000e-01 -2.0915908800e-01
1.3716000000e-01 -2.0933375591e-01
1.3750000000e-01 -2.0969924600e-01
1.3766000000e-01 -2.0987392620e-01
1.3800000000e-01 -2.1023944200e-01
1.3816000000e-01 -2.1041413514e-01
1.3850000000e-01 -2.1077967800e-01
1.3866000000e-01 -2.1095438407e-01
1.3900000000e-01 -2.1131995400e-01
1.3916000000e-01 -2.1149467301e-01
1.3950000000e-01 -2.1186027000e-01
1.3966000000e-01 -2.1203500129e-01
1.4000000000e-01 -2.1240062468e-01
1.4016000000e-01 -2.1257536826e-01
1.4050000000e-01 -2.1294101600e-01
1.4066000000e-01 -2.1311576993e-01
1.4100000000e-01 -2.1348144000e-01
1.4116000000e-01 -2.1365620137e-01
1.4150000000e-01 -2.1402188700e-01
1.4166000000e-01 -2.1419664837e-01
1.4200000000e-01 -2.1456233400e-01
1.4216000000e-01 -2.1473707855e-01
1.4250000000e-01 -2.1510272900e-01
1.4266000000e-01 -2.1527742020e-01
1.4300000000e-01 -2.1564295900e-01
1.4316000000e-01 -2.1581751341e-01
1.4350000000e-01 -2.1618276600e-01
1.4366000000e-01 -2.1635699640e-01
1.4400000000e-01 -2.1672157100e-01
1.4416000000e-01 -2.1689505572e-01
1.4450000000e-01 -2.1725807000e-01
1.4466000000e-01 -2.1742986094e-01
1.4500000000e-01 -2.1778933100e-01
1.4516000000e-01 -2.1795729072e-01
1.4550000000e-01 -2.1830874400e-01
1.4566000000e-01 -2.1846805533e-01
1.4600000000e-01 -2.1880141200e-01
1.4616000000e-01 -2.1894121379e-01
1.4650000000e-01 -2.1923374700e-01
1.4666000000e-01 -2.1932953856e-01
1.4700000000e-01 -2.1952998168e-01
1.4716000000e-01 -2.1952652200e-01
1.4750000000e-01 -2.1951928200e-01
1.4766000000e-01 -2.1929222128e-01
1.4800000000e-01 -2.1881710000e-01
1.4816000000e-01 -2.1808788689e-01
1.4850000000e-01 -2.1656201900e-01
1.4866000000e-01 -2.1471429913e-01
1.4900000000e-01 -2.1084797200e-01
1.4916000000e-01 -2.0655881146e-01
1.4950000000e-01 -1.9758380500e-01
1.4966000000e-01 -1.8822898392e-01
1.5000000000e-01 -1.6865415600e-01
1.5016000000e-01 -1.6263453790e-01
1.5050000000e-01 -1.5003857400e-01
1.5066000000e-01 -1.4581921847e-01
1.5100000000e-01 -1.3699027800e-01
1.5116000000e-01 -1.3388163841e-01
1.5150000000e-01 -1.2737685500e-01
1.5166000000e-01 -1.2502578629e-01
1.5200000000e-01 -1.2010620900e-01
1.5216000000e-01 -1.1831227693e-01
1.5250000000e-01 -1.1455850000e-01
1.5266000000e-01 -1.1319886713e-01
1.5300000000e-01 -1.1035385500e-01
1.5316000000e-01 -1.0934889929e-01
1.5350000000e-01 -1.0724604400e-01
1.5366000000e-01 -1.0654206723e-01
1.5400000000e-01 -1.0506900600e-01
1.5416000000e-01 -1.0462884905e-01
1.5450000000e-01 -1.0370782700e-01
1.5466000000e-01 -1.0350545225e-01
1.5500000000e-01 -1.0308198600e-01
1.5516000000e-01 -1.0309885431e-01
1.5550000000e-01 -1.0313415100e-01
1.5566000000e-01 -1.0335664161e-01
1.5600000000e-01 -1.0382220000e-01
1.5616000000e-01 -1.0424049686e-01
1.5650000000e-01 -1.0511577700e-01
1.5666000000e-01 -1.0572291452e-01
1.5700000000e-01 -1.0699334100e-01
1.5716000000e-01 -1.0778453694e-01
1.5750000000e-01 -1.0944010300e-01
1.5766000000e-01 -1.1041229315e-01
1.5800000000e-01 -1.1244658632e-01
1.5816000000e-01 -1.1359809340e-01
1.5850000000e-01 -1.1600760600e-01
1.5866000000e-01 -1.1733791812e-01
1.5900000000e-01 -1.2012157700e-01
1.5916000000e-01 -1.2163120281e-01
1.5950000000e-01 -1.2479007300e-01
1.5966000000e-01 -1.2648046764e-01
1.6000000000e-01 -1.3001759400e-01
1.6034000000e-01 -1.3393797619e-01
1.6050000000e-01 -1.3581152900e-01
1.6084000000e-01 -1.4012221891e-01
1.6100000000e-01 -1.4218230000e-01
1.6134000000e-01 -1.4689263047e-01
1.6150000000e-01 -1.4914370000e-01
1.6184000000e-01 -1.5426566710e-01
1.6200000000e-01 -1.5671345800e-01
1.6234000000e-01 -1.6226227181e-01
1.6250000000e-01 -1.6491405332e-01
1.6284000000e-01 -1.7090892286e-01
1.6300000000e-01 -1.7377387400e-01
1.6334000000e-01 -1.8023907424e-01
1.6350000000e-01 -1.8332879700e-01
1.6384000000e-01 -1.9029515139e-01
1.6400000000e-01 -1.9362437600e-01
1.6434000000e-01 -2.0113129382e-01
1.6450000000e-01 -2.0471885400e-01
1.6484000000e-01 -2.1281719592e-01
1.6500000000e-01 -2.1668739800e-01
1.6534000000e-01 -2.2544356700e-01
1.6550000000e-01 -2.2962814500e-01
1.6584000000e-01 -2.3913007595e-01
1.6600000000e-01 -2.4367105432e-01
1.6634000000e-01 -2.5403722543e-01
1.6650000000e-01 -2.5899122400e-01
1.6684000000e-01 -2.7038468141e-01
1.6700000000e-01 -2.7582962100e-01
1.6734000000e-01 -2.8848070633e-01
1.6750000000e-01 -2.9452666700e-01
1.6784000000e-01 -3.0877164104e-01
1.6800000000e-01 -3.1557932200e-01
1.6834000000e-01 -3.3193001418e-01
1.6850000000e-01 -3.3974401932e-01
1.6884000000e-01 -3.5902298160e-01
1.6900000000e-01 -3.6823640832e-01
1.6934000000e-01 -3.9186481007e-01
1.6950000000e-01 -4.0315683600e-01
1.6984000000e-01 -4.3384596520e-01
1.7000000000e-01 -4.4851231732e-01
1.7034000000e-01 -4.6624469990e-01
1.7050000000e-01 -4.7471901532e-01
1.7084000000e-01 -4.8454417844e-01
1.7100000000e-01 -4.8923962900e-01
1.7134000000e-01 -4.9460879676e-01
1.7150000000e-01 -4.9717472500e-01
1.7184000000e-01 -5.0014519618e-01
1.7200000000e-01 -5.0156478600e-01
1.7234000000e-01 -5.0327709607e-01
1.7250000000e-01 -5.0409541000e-01
1.7284000000e-01 -5.0515768378e-01
1.7300000000e-01 -5.0566534500e-01
1.7334000000e-01 -5.0639485281e-01
1.7350000000e-01 -5.0674348500e-01
1.7384000000e-01 -5.0730362418e-01
1.7400000000e-01 -5.0757131500e-01
1.7434000000e-01 -5.0804553568e-01
1.7450000000e-01 -5.0827216600e-01
1.7484000000e-01 -5.0870283300e-01
1.7500000000e-01 -5.0890864932e-01
1.7534000000e-01 -5.0931717004e-01
1.7550000000e-01 -5.0951240232e-01
1.7584000000e-01 -5.0990955286e-01
1.7600000000e-01 -5.1009935100e-01
1.7634000000e-01 -5.1049053835e-01
1.7650000000e-01 -5.1067748700e-01
1.7684000000e-01 -5.1106541906e-01
1.7700000000e-01 -5.1125081200e-01
1.7734000000e-01 -5.1163684406e-01
1.7750000000e-01 -5.1182132900e-01
1.7784000000e-01 -5.1220614041e-01
1.7800000000e-01 -5.1239004200e-01
1.7834000000e-01 -5.1277397717e-01
1.7850000000e-01 -5.1295746000e-01
1.7884000000e-01 -5.1334069553e-01
1.7900000000e-01 -5.1352384400e-01
1.7934000000e-01 -5.1390647462e-01
1.7950000000e-01 -5.1408933400e-01
1.7984000000e-01 -5.1447141181e-01
1.8000000000e-01 -5.1465400700e-01
1.8034000000e-01 -5.1503556650e-01
1.8050000000e-01 -5.1521791400e-01
1.8084000000e-01 -5.1559897821e-01
1.8100000000e-01 -5.1578108900e-01
1.8134000000e-01 -5.1616167618e-01
1.8150000000e-01 -5.1634355900e-01
1.8184000000e-01 -5.1672368404e-01
1.8200000000e-01 -5.1690534600e-01
1.8234000000e-01 -5.1728502378e-01
1.8250000000e-01 -5.1746647200e-01
1.8284000000e-01 -5.1784571606e-01
1.8300000000e-01 -5.1802695700e-01
1.8334000000e-01 -5.1840577884e-01
1.8350000000e-01 -5.1858681832e-01
1.8384000000e-01 -5.1896523215e-01
1.8400000000e-01 -5.1914607600e-01
1.8434000000e-01 -5.1952409264e-01
1.8450000000e-01 -5.1970474700e-01
1.8484000000e-01 -5.2008237863e-01
1.8500000000e-01 -5.2026284900e-01
1.8534000000e-01 -5.2064010713e-01
1.8550000000e-01 -5.2082039932e-01
1.8584000000e-01 -5.2119729545e-01
1.8600000000e-01 -5.2137741400e-01
1.8634000000e-01 -5.2175395896e-01
1.8650000000e-01 -5.2193391000e-01
1.8684000000e-01 -5.2231011393e-01
1.8700000000e-01 -5.2248990200e-01
1.8734000000e-01 -5.2286577573e-01
1.8750000000e-01 -5.2304540600e-01
1.8784000000e-01 -5.2342095901e-01
1.8800000000e-01 -5.2360043632e-01
1.8834000000e-01 -5.2397568011e-01
1.8850000000e-01 -5.2415500900e-01
1.8884000000e-01 -5.2452995168e-01
1.8900000000e-01 -5.2470913700e-01
1.8934000000e-01 -5.2508378873e-01
1.8950000000e-01 -5.2526283500e-01
1.8984000000e-01 -5.2563720457e-01
1.9000000000e-01 -5.2581611600e-01
1.9034000000e-01 -5.2619021289e-01
1.9050000000e-01 -5.2636899400e-01
1.9084000000e-01 -5.2674282565e-01
1.9100000000e-01 -5.2692148000e-01
1.9134000000e-01 -5.2729505588e-01
1.9150000000e-01 -5.2747358800e-01
1.9184000000e-01 -5.2784691623e-01
1.9200000000e-01 -5.2802533000e-01
1.9234000000e-01 -5.2839841735e-01
1.9250000000e-01 -5.2857671632e-01
1.9284000000e-01 -5.2894957226e-01
1.9300000000e-01 -5.2912776000e-01
1.9334000000e-01 -5.2950038994e-01
1.9350000000e-01 -5.2967847032e-01
1.9384000000e-01 -5.3005088307e-01
1.9400000000e-01 -5.3022885932e-01
1.9434000000e-01 -5.3060106163e-01
1.9450000000e-01 -5.3077893700e-01
1.9484000000e-01 -5.3115093497e-01
1.9500000000e-01 -5.3132871300e-01
1.9534000000e-01 -5.3170051339e-01
1.9550000000e-01 -5.3187819700e-01
1.9584000000e-01 -5.3224980590e-01
1.9600000000e-01 -5.3242739800e-01
1.9634000000e-01 -5.3279882218e-01
1.9650000000e-01 -5.3297632600e-01
1.9684000000e-01 -5.3334757087e-01
1.9700000000e-01 -5.3352498900e-01
1.9734000000e-01 -5.3389605998e-01
1.9750000000e-01 -5.3407339500e-01
1.9784000000e-01 -5.3444429817e-01
1.9800000000e-01 -5.3462155300e-01
1.9834000000e-01 -5.3499229378e-01
1.9850000000e-01 -5.3516947100e-01
1.9884000000e-01 -5.3554005344e-01
1.9900000000e-01 -5.3571715532e-01
1.9934000000e-01 -5.3608758553e-01
1.9950000000e-01 -5.3626461400e-01
1.9984000000e-01 -5.3663489602e-01
2.0000000000e-01 -5.3681185400e-01
2.0034000000e-01 -5.3718199257e-01
2.0050000000e-01 -5.3735888200e-01
2.0084000000e-01 -5.3772888119e-01
2.0100000000e-01 -5.3790570400e-01
2.0134000000e-01 -5.3827556853e-01
2.0150000000e-01 -5.3845232700e-01
2.0184000000e-01 -5.3882206027e-01
2.0200000000e-01 -5.3899875600e-01
2.0234000000e-01 -5.3936836206e-01
2.0250000000e-01 -5.3954499700e-01
2.0284000000e-01 -5.3991447924e-01
2.0300000000e-01 -5.4009105532e-01
2.0334000000e-01 -5.4046041779e-01
2.0350000000e-01 -5.4063693600e-01
2.0384000000e-01 -5.4100618074e-01
2.0400000000e-01 -5.4118264300e-01
2.0434000000e-01 -5.4155177136e-01
2.0450000000e-01 -5.4172817800e-01
2.0484000000e-01 -5.4209718997e-01
2.0500000000e-01 -5.4227354100e-01
2.0534000000e-01 -5.4264243118e-01
2.0550000000e-01 -5.4281872400e-01
2.0584000000e-01 -5.4318747750e-01
2.0600000000e-01 -5.4336370500e-01
2.0634000000e-01 -5.4373231032e-01
2.0650000000e-01 -5.4390846732e-01
2.0684000000e-01 -5.4427692513e-01
2.0700000000e-01 -5.4445301100e-01
2.0734000000e-01 -5.4482132401e-01
2.0750000000e-01 -5.4499734100e-01
2.0784000000e-01 -5.4536551462e-01
2.0800000000e-01 -5.4554146500e-01
2.0834000000e-01 -5.4590950600e-01
2.0850000000e-01 -5.4608539300e-01
2.0884000000e-01 -5.4645330679e-01
2.0900000000e-01 -5.4662913300e-01
2.0934000000e-01 -5.4699692500e-01
2.0950000000e-01 -5.4717269332e-01
2.0984000000e-01 -5.4754036962e-01
2.1000000000e-01 -5.4771608232e-01
2.1034000000e-01 -5.4808364833e-01
2.1050000000e-01 -5.4825930800e-01
2.1084000000e-01 -5.4862676642e-01
2.1100000000e-01 -5.4880237532e-01
2.1134000000e-01 -5.4916973225e-01
2.1150000000e-01 -5.4934529232e-01
2.1184000000e-01 -5.4971255113e-01
2.1200000000e-01 -5.4988806400e-01
2.1234000000e-01 -5.5025522808e-01
2.1250000000e-01 -5.5043069600e-01
2.1284000000e-01 -5.5079776874e-01
2.1300000000e-01 -5.5097319332e-01
2.1334000000e-01 -5.5134017810e-01
2.1350000000e-01 -5.5151556032e-01
2.1384000000e-01 -5.5188245984e-01
2.1400000000e-01 -5.5205780132e-01
2.1434000000e-01 -5.5242461897e-01
2.1450000000e-01 -5.5259992100e-01
2.1484000000e-01 -5.5296665813e-01
2.1500000000e-01 -5.5314192200e-01
2.1534000000e-01 -5.5350858131e-01
2.1550000000e-01 -5.5368380832e-01
2.1584000000e-01 -5.5405039253e-01
2.1600000000e-01 -5.5422558300e-01
2.1634000000e-01 -5.5459209345e-01
2.1650000000e-01 -5.5476724900e-01
2.1684000000e-01 -5.5513368705e-01
2.1700000000e-01 -5.5530880832e-01
2.1734000000e-01 -5.5567517736e-01
2.1750000000e-01 -5.5585026500e-01
2.1784000000e-01 -5.5621656502e-01
2.1800000000e-01 -5.5639162000e-01
2.1834000000e-01 -5.5675785303e-01
2.1850000000e-01 -5.5693287600e-01
2.1884000000e-01 -5.5729904340e-01
2.1900000000e-01 -5.5747403500e-01
2.1934000000e-01 -5.5784013744e-01
2.1950000000e-01 -5.5801509832e-01
2.1984000000e-01 -5.5838113851e-01
2.2000000000e-01 -5.5855606900e-01
2.2034000000e-01 -5.5892204626e-01
2.2050000000e-01 -5.5909694732e-01
2.2084000000e-01 -5.5946286369e-01
2.2100000000e-01 -5.5963773532e-01
2.2134000000e-01 -5.6000359147e-01
2.2150000000e-01 -5.6017843400e-01
2.2184000000e-01 -5.6054423060e-01
2.2200000000e-01 -5.6071904532e-01
2.2234000000e-01 -5.6108478306e-01
2.2250000000e-01 -5.6125956932e-01
2.2284000000e-01 -5.6162524954e-01
2.2300000000e-01 -5.6180000832e-01
2.2334000000e-01 -5.6216563171e-01
2.2350000000e-01 -5.6234036332e-01
2.2384000000e-01 -5.6270592987e-01
2.2400000000e-01 -5.6288063432e-01
2.2434000000e-01 -5.6324614471e-01
2.2450000000e-01 -5.6342082232e-01
2.2484000000e-01 -5.6378627790e-01
2.2500000000e-01 -5.6396092932e-01
2.2534000000e-01 -5.6432632942e-01
2.2550000000e-01 -5.6450095432e-01
2.2584000000e-01 -5.6486630029e-01
2.2600000000e-01 -5.6504089932e-01
2.2634000000e-01 -5.6540619116e-01
2.2650000000e-01 -5.6558076432e-01
2.2684000000e-01 -5.6594600270e-01
2.2700000000e-01 -5.6612055032e-01
2.2734000000e-01 -5.6648573525e-01
2.2750000000e-01 -5.6666025732e-01
2.2784000000e-01 -5.6702539015e-01
2.2800000000e-01 -5.6719988732e-01
2.2834000000e-01 -5.6756496669e-01
2.2850000000e-01 -5.6773943832e-01
2.2884000000e-01 -5.6810446559e-01
2.2900000000e-01 -5.6827891232e-01
2.2934000000e-01 -5.6864388817e-01
2.2950000000e-01 -5.6881831032e-01
2.2984000000e-01 -5.6918323407e-01
2.3000000000e-01 -5.6935763132e-01
2.3034000000e-01 -5.6972250296e-01
2.3050000000e-01 -5.6989687565e-01
2.3084000000e-01 -5.7026169654e-01
2.3100000000e-01 -5.7043604432e-01
2.3134000000e-01 -5.7080081379e-01
2.3150000000e-01 -5.7097513765e-01
2.3184000000e-01 -5.7133985637e-01
2.3200000000e-01 -5.7151415565e-01
2.3234000000e-01 -5.7187882362e-01
2.3250000000e-01 -5.7205309832e-01
2.3284000000e-01 -5.7241771555e-01
2.3300000000e-01 -5.7259196632e-01
2.3334000000e-01 -5.7295653280e-01
2.3350000000e-01 -5.7313075932e-01
2.3384000000e-01 -5.7349527505e-01
2.3400000000e-01 -5.7366947732e-01
2.3434000000e-01 -5.7403394298e-01
2.3450000000e-01 -5.7420812132e-01
2.3484000000e-01 -5.7457253624e-01
2.3500000000e-01 -5.7474669065e-01
2.3534000000e-01 -5.7511105616e-01
2.3550000000e-01 -5.7528518632e-01
2.3584000000e-01 -5.7564950109e-01
2.3600000000e-01 -5.7582360765e-01
2.3634000000e-01 -5.7618787235e-01
2.3650000000e-01 -5.7636195465e-01
2.3684000000e-01 -5.7672616927e-01
2.3700000000e-01 -5.7690022765e-01
2.3734000000e-01 -5.7726439220e-01
2.3750000000e-01 -5.7743842665e-01
2.3784000000e-01 -5.7780254113e-01
2.3800000000e-01 -5.7797655165e-01
2.3834000000e-01 -5.7834061674e-01
2.3850000000e-01 -5.7851460365e-01
2.3884000000e-01 -5.7887861799e-01
2.3900000000e-01 -5.7905258065e-01
2.3934000000e-01 -5.7941654560e-01
2.3950000000e-01 -5.7959048465e-01
2.3984000000e-01 -5.7995439885e-01
2.4000000000e-01 -5.8012831365e-01
2.4034000000e-01 -5.8049217845e-01
2.4050000000e-01 -5.8066606965e-01
2.4084000000e-01 -5.8102988438e-01
2.4100000000e-01 -5.8120375165e-01
2.4134000000e-01 -5.8156751631e-01
2.4150000000e-01 -5.8174135965e-01
2.4184000000e-01 -5.8210507424e-01
2.4200000000e-01 -5.8227889365e-01
2.4234000000e-01 -5.8264255749e-01
2.4250000000e-01 -5.8281635297e-01
2.4284000000e-01 -5.8317996742e-01
2.4300000000e-01 -5.8335373865e-01
2.4334000000e-01 -5.8371730303e-01
2.4350000000e-01 -5.8389105065e-01
2.4384000000e-01 -5.8425456428e-01
2.4400000000e-01 -5.8442828765e-01
2.4434000000e-01 -5.8479175121e-01
2.4450000000e-01 -5.8496545065e-01
2.4484000000e-01 -5.8532886414e-01
2.4500000000e-01 -5.8550253965e-01
2.4534000000e-01 -5.8586590239e-01
2.4550000000e-01 -5.8603955365e-01
2.4584000000e-01 -5.8640286564e-01
2.4600000000e-01 -5.8657649297e-01
2.4634000000e-01 -5.8693975490e-01
2.4650000000e-01 -5.8711335797e-01
2.4684000000e-01 -5.8747656982e-01
2.4700000000e-01 -5.8765014865e-01
2.4734000000e-01 -5.8801330908e-01
2.4750000000e-01 -5.8818686397e-01
2.4784000000e-01 -5.8854997365e-01
2.4800000000e-01 -5.8872350397e-01
2.4834000000e-01 -5.8908656358e-01
2.4850000000e-01 -5.8926006997e-01
2.4884000000e-01 -5.8962307816e-01
2.4900000000e-01 -5.8979655997e-01
2.4934000000e-01 -5.9015951741e-01
2.4950000000e-01 -5.9033297497e-01
2.4984000000e-01 -5.9069588099e-01
2.5000000000e-01 -5.9086931429e-01
2.5034000000e-01 -5.9123216956e-01
2.5050000000e-01 -5.9140557797e-01
2.5084000000e-01 -5.9176838181e-01
2.5100000000e-01 -5.9194176629e-01
2.5134000000e-01 -5.9230451939e-01
2.5150000000e-01 -5.9247787897e-01
2.5184000000e-01 -5.9284057996e-01
2.5200000000e-01 -5.9301391529e-01
2.5234000000e-01 -5.9337656486e-01
2.5250000000e-01 -5.9354987529e-01
2.5284000000e-01 -5.9391247412e-01
2.5300000000e-01 -5.9408575997e-01
2.5334000000e-01 -5.9444830601e-01
2.5350000000e-01 -5.9462156729e-01
2.5384000000e-01 -5.9498406259e-01
2.5400000000e-01 -5.9515729929e-01
2.5434000000e-01 -5.9551974181e-01
2.5450000000e-01 -5.9569295329e-01
2.5484000000e-01 -5.9605534439e-01
2.5500000000e-01 -5.9622853129e-01
2.5534000000e-01 -5.9659087029e-01
2.5550000000e-01 -5.9676403229e-01
2.5584000000e-01 -5.9712631919e-01
2.5600000000e-01 -5.9729945629e-01
2.5634000000e-01 -5.9766169041e-01
2.5650000000e-01 -5.9783480262e-01
2.5684000000e-01 -5.9819698463e-01
2.5700000000e-01 -5.9837007162e-01
2.5734000000e-01 -5.9873220085e-01
2.5750000000e-01 -5.9890526262e-01
2.5784000000e-01 -5.9926733975e-01
2.5800000000e-01 -5.9944037662e-01
2.5834000000e-01 -5.9980240098e-01
2.5850000000e-01 -5.9997541262e-01
2.5884000000e-01 -6.0033738420e-01
2.5900000000e-01 -6.0051037062e-01
2.5934000000e-01 -6.0087228874e-01
2.5950000000e-01 -6.0104524994e-01
2.5984000000e-01 -6.0140711529e-01
2.6000000000e-01 -6.0158005094e-01
2.6034000000e-01 -6.0194186351e-01
2.6050000000e-01 -6.0211477362e-01
2.6084000000e-01 -6.0247653206e-01
2.6100000000e-01 -6.0264941694e-01
2.6134000000e-01 -6.0301112260e-01
2.6150000000e-01 -6.0318398194e-01
2.6184000000e-01 -6.0354563415e-01
2.6200000000e-01 -6.0371846794e-01
2.6234000000e-01 -6.0408006670e-01
2.6250000000e-01 -6.0425287494e-01
2.6284000000e-01 -6.0461441956e-01
2.6300000000e-01 -6.0478720194e-01
2.6334000000e-01 -6.0514869243e-01
2.6350000000e-01 -6.0532144926e-01
2.6384000000e-01 -6.0568288630e-01
2.6400000000e-01 -6.0585561694e-01
2.6434000000e-01 -6.0621699917e-01
2.6450000000e-01 -6.0638970426e-01
2.6484000000e-01 -6.0675103304e-01
2.6500000000e-01 -6.0692371226e-01
2.6534000000e-01 -6.0728498623e-01
2.6550000000e-01 -6.0745763926e-01
2.6584000000e-01 -6.0781885910e-01
2.6600000000e-01 -6.0799148626e-01
2.6634000000e-01 -6.0835265062e-01
2.6650000000e-01 -6.0852525159e-01
2.6684000000e-01 -6.0888636181e-01
2.6700000000e-01 -6.0905893659e-01
2.6734000000e-01 -6.0941999200e-01
2.6750000000e-01 -6.0959254059e-01
2.6784000000e-01 -6.0995354120e-01
2.6800000000e-01 -6.1012606359e-01
2.6834000000e-01 -6.1048700871e-01
2.6850000000e-01 -6.1065950491e-01
2.6884000000e-01 -6.1102039523e-01
2.6900000000e-01 -6.1119286459e-01
2.6934000000e-01 -6.1155369874e-01
2.6950000000e-01 -6.1172614191e-01
2.6984000000e-01 -6.1208692126e-01
2.7000000000e-01 -6.1225933791e-01
2.7034000000e-01 -6.1262006110e-01
2.7050000000e-01 -6.1279245123e-01
2.7084000000e-01 -6.1315311894e-01
2.7100000000e-01 -6.1332548223e-01
2.7134000000e-01 -6.1368609445e-01
2.7150000000e-01 -6.1385843091e-01
2.7184000000e-01 -6.1421898629e-01
2.7200000000e-01 -6.1439129623e-01
2.7234000000e-01 -6.1475179613e-01
2.7250000000e-01 -6.1492407923e-01
2.7284000000e-01 -6.1528452230e-01
2.7300000000e-01 -6.1545677823e-01
2.7334000000e-01 -6.1581716513e-01
2.7350000000e-01 -6.1598939423e-01
2.7384000000e-01 -6.1634972430e-01
2.7400000000e-01 -6.1652192623e-01
2.7434000000e-01 -6.1688219946e-01
2.7450000000e-01 -6.1705437456e-01
2.7484000000e-01 -6.1741459095e-01
2.7500000000e-01 -6.1758673856e-01
2.7534000000e-01 -6.1794689811e-01
2.7550000000e-01 -6.1811901856e-01
2.7584000000e-01 -6.1847912059e-01
2.7600000000e-01 -6.1865121356e-01
2.7634000000e-01 -6.1901125876e-01
2.7650000000e-01 -6.1918332456e-01
2.7684000000e-01 -6.1954331157e-01
2.7700000000e-01 -6.1971534988e-01
2.7734000000e-01 -6.2007528005e-01
2.7750000000e-01 -6.2024729088e-01
2.7784000000e-01 -6.2060716286e-01
2.7800000000e-01 -6.2077914588e-01
2.7834000000e-01 -6.2113895967e-01
2.7850000000e-01 -6.2131091520e-01
2.7884000000e-01 -6.2167067148e-01
2.7900000000e-01 -6.2184259920e-01
2.7934000000e-01 -6.2220229661e-01
2.7950000000e-01 -6.2237419620e-01
2.7984000000e-01 -6.2273383542e-01
2.8000000000e-01 -6.2290570753e-01
2.8034000000e-01 -6.2326528856e-01
2.8050000000e-01 -6.2343713253e-01
2.8084000000e-01 -6.2379665469e-01
2.8100000000e-01 -6.2396847053e-01
2.8134000000e-01 -6.2432793382e-01
2.8150000000e-01 -6.2449972153e-01
2.8184000000e-01 -6.2485912528e-01
2.8200000000e-01 -6.2503088453e-01
2.8234000000e-01 -6.2539022941e-01
2.8250000000e-01 -6.2556196085e-01
2.8284000000e-01 -6.2592124619e-01
2.8300000000e-01 -6.2609294885e-01
2.8334000000e-01 -6.2645217464e-01
2.8350000000e-01 -6.2662384885e-01
2.8384000000e-01 -6.2698301510e-01
2.8400000000e-01 -6.2715466085e-01
2.8434000000e-01 -6.2751376688e-01
2.8450000000e-01 -6.2768538417e-01
2.8484000000e-01 -6.2804443066e-01
2.8500000000e-01 -6.2821601885e-01
2.8534000000e-01 -6.2857500444e-01
2.8550000000e-01 -6.2874656417e-01
2.8584000000e-01 -6.2910548954e-01
2.8600000000e-01 -6.2927701985e-01
2.8634000000e-01 -6.2963588432e-01
2.8650000000e-01 -6.2980738617e-01
2.8684000000e-01 -6.3016618975e-01
2.8700000000e-01 -6.3033766217e-01
2.8734000000e-01 -6.3069640417e-01
2.8750000000e-01 -6.3086784750e-01
2.8784000000e-01 -6.3122652860e-01
2.8800000000e-01 -6.3139794250e-01
2.8834000000e-01 -6.3175656270e-01
2.8850000000e-01 -6.3192794750e-01
2.8884000000e-01 -6.3228650545e-01
2.8900000000e-01 -6.3245786050e-01
2.8934000000e-01 -6.3281635620e-01
2.8950000000e-01 -6.3298768150e-01
2.8984000000e-01 -6.3334611495e-01
2.9000000000e-01 -6.3351741082e-01
2.9034000000e-01 -6.3387578270e-01
2.9050000000e-01 -6.3404704850e-01
2.9084000000e-01 -6.3440535677e-01
2.9100000000e-01 -6.3457659282e-01
2.9134000000e-01 -6.3493483885e-01
2.9150000000e-01 -6.3510604482e-01
2.9184000000e-01 -6.3546422724e-01
2.9200000000e-01 -6.3563540314e-01
2.9234000000e-01 -6.3599352264e-01
2.9250000000e-01 -6.3616466782e-01
2.9284000000e-01 -6.3652272371e-01
2.9300000000e-01 -6.3669383882e-01
2.9334000000e-01 -6.3705183043e-01
2.9350000000e-01 -6.3722291482e-01
2.9384000000e-01 -6.3758084215e-01
2.9400000000e-01 -6.3775189614e-01
2.9434000000e-01 -6.3810975919e-01
2.9450000000e-01 -6.3828078214e-01
2.9484000000e-01 -6.3863858091e-01
2.9500000000e-01 -6.3880957282e-01
2.9534000000e-01 -6.3916730596e-01
2.9550000000e-01 -6.3933826714e-01
2.9584000000e-01 -6.3969593532e-01
2.9600000000e-01 -6.3986686482e-01
2.9634000000e-01 -6.4022446669e-01
2.9650000000e-01 -6.4039536514e-01
2.9684000000e-01 -6.4075290138e-01
2.9700000000e-01 -6.4092376814e-01
2.9734000000e-01 -6.4128123807e-01
2.9750000000e-01 -6.4145207314e-01
2.9784000000e-01 -6.4180947676e-01
2.9800000000e-01 -6.4198028014e-01
2.9834000000e-01 -6.4233761677e-01
2.9850000000e-01 -6.4250838782e-01
2.9884000000e-01 -6.4286565611e-01
2.9900000000e-01 -6.4303639514e-01
2.9934000000e-01 -6.4339359644e-01
2.9950000000e-01 -6.4356430314e-01
2.9984000000e-01 -6.4392143678e-01
3.0000000000e-01 -6.4409211082e-01
3.0034000000e-01 -6.4444917544e-01
3.0050000000e-01 -6.4461981682e-01
3.0084000000e-01 -6.4497681242e-01
3.0100000000e-01 -6.4514742082e-01
3.0134000000e-01 -6.4550434741e-01
3.0150000000e-01 -6.4567492282e-01
3.0184000000e-01 -6.4603177971e-01
3.0200000000e-01 -6.4620232150e-01
3.0234000000e-01 -6.4655910802e-01
3.0250000000e-01 -6.4672961650e-01
3.0284000000e-01 -6.4708633265e-01
3.0300000000e-01 -6.4725680750e-01
3.0334000000e-01 -6.4761345260e-01
3.0350000000e-01 -6.4778389350e-01
3.0384000000e-01 -6.4814046688e-01
3.0400000000e-01 -6.4831087350e-01
3.0434000000e-01 -6.4866737516e-01
3.0450000000e-01 -6.4883774750e-01
3.0484000000e-01 -6.4919417676e-01
3.0500000000e-01 -6.4936451450e-01
3.0534000000e-01 -6.4972087136e-01
3.0550000000e-01 -6.4989117417e-01
3.0584000000e-01 -6.5024745728e-01
3.0600000000e-01 -6.5041772485e-01
3.0634000000e-01 -6.5077393420e-01
3.0650000000e-01 -6.5094416685e-01
3.0684000000e-01 -6.5130030177e-01
3.0700000000e-01 -6.5147049885e-01
3.0734000000e-01 -6.5182655867e-01
3.0750000000e-01 -6.5199671985e-01
3.0784000000e-01 -6.5235270524e-01
3.0800000000e-01 -6.5252283053e-01
3.0834000000e-01 -6.5287873945e-01
3.0850000000e-01 -6.5304882853e-01
3.0884000000e-01 -6.5340466167e-01
3.0900000000e-01 -6.5357471420e-01
3.0934000000e-01 -6.5393047089e-01
3.0950000000e-01 -6.5410048688e-01
3.0984000000e-01 -6.5445616643e-01
3.1000000000e-01 -6.5462614588e-01
3.1034000000e-01 -6.5498174761e-01
3.1050000000e-01 -6.5515168956e-01
3.1084000000e-01 -6.5550721348e-01
3.1100000000e-01 -6.5567711856e-01
3.1134000000e-01 -6.5603256467e-01
3.1150000000e-01 -6.5620243223e-01
3.1184000000e-01 -6.5655779918e-01
3.1200000000e-01 -6.5672762923e-01
3.1234000000e-01 -6.5708291836e-01
3.1250000000e-01 -6.5725271091e-01
3.1284000000e-01 -6.5760792087e-01
3.1300000000e-01 -6.5777767559e-01
3.1334000000e-01 -6.5813280638e-01
3.1350000000e-01 -6.5830252359e-01
3.1384000000e-01 -6.5865757522e-01
3.1400000000e-01 -6.5882725459e-01
3.1434000000e-01 -6.5918222840e-01
3.1450000000e-01 -6.5935186994e-01
3.1484000000e-01 -6.5970676459e-01
3.1500000000e-01 -6.5987636894e-01
3.1534000000e-01 -6.6023118578e-01
3.1550000000e-01 -6.6040075262e-01
3.1584000000e-01 -6.6075549232e-01
3.1600000000e-01 -6.6092502229e-01
3.1634000000e-01 -6.6127968553e-01
3.1650000000e-01 -6.6144917929e-01
3.1684000000e-01 -6.6180376810e-01
3.1700000000e-01 -6.6197322629e-01
3.1734000000e-01 -6.6232774406e-01
3.1750000000e-01 -6.6249716797e-01
3.1784000000e-01 -6.6285161942e-01
3.1800000000e-01 -6.6302101165e-01
3.1834000000e-01 -6.6337540694e-01
3.1850000000e-01 -6.6354477232e-01
3.1884000000e-01 -6.6389913176e-01
3.1900000000e-01 -6.6406848032e-01
3.1900000000e-01 0.0000000000e+00
3.1934000000e-01 0.0000000000e+00
3.1950000000e-01 0.0000000000e+00
3.1984000000e-01 0.0000000000e+00
3.2000000000e-01 0.0000000000e+00
