0.0000000000e+00 0.0000000000e+00
4.9000000000e-04 0.0000000000e+00
5.0000000000e-04 0.0000000000e+00
9.9000000000e-04 0.0000000000e+00
1.0000000000e-03 0.0000000000e+00
1.0000000000e-03 0.0000000000e+00
1.4900000000e-03 5.2376048647e+09
1.5000000000e-03 5.3680429418e+09
1.9900000000e-03 1.0330223727e+10
2.0000000000e-03 1.0453802620e+10
2.4900000000e-03 1.5156091703e+10
2.5000000000e-03 1.5273198233e+10
2.9900000000e-03 1.9730146634e+10
3.0000000000e-03 1.9841143180e+10
3.4900000000e-03 2.4066393051e+10
3.5000000000e-03 2.4171619366e+10
3.9900000000e-03 2.8177971318e+10
4.0000000000e-03 2.8277746179e+10
4.4900000000e-03 3.2077219188e+10
4.5000000000e-03 3.2171841926e+10
4.9900000000e-03 3.5775729536e+10
5.0000000000e-03 3.5865481405e+10
5.4900000000e-03 3.9284402168e+10
5.5000000000e-03 3.9369547615e+10
5.9900000000e-03 4.2613491734e+10
6.0000000000e-03 4.2694279549e+10
6.4900000000e-03 4.5772651123e+10
6.5000000000e-03 4.5849315513e+10
6.9900000000e-03 4.8770971954e+10
7.0000000000e-03 4.8843733503e+10
7.4900000000e-03 5.1617021738e+10
7.5000000000e-03 5.1686088315e+10
7.9900000000e-03 5.4318877372e+10
8.0000000000e-03 5.4384444952e+10
8.4900000000e-03 5.6884157475e+10
8.5000000000e-03 5.6946410907e+10
8.9900000000e-03 5.9320050673e+10
9.0000000000e-03 5.9379164385e+10
9.4900000000e-03 6.1633343329e+10
9.5000000000e-03 6.1689481978e+10
9.9900000000e-03 6.3830443902e+10
1.0000000000e-02 6.3883762989e+10
1.0490000000e-02 6.5917406690e+10
1.0500000000e-02 6.5968053113e+10
1.0990000000e-02 6.7899952770e+10
1.1000000000e-02 6.7948065352e+10
1.1490000000e-02 6.9783490529e+10
1.1500000000e-02 6.9829200502e+10
1.1990000000e-02 7.1573134399e+10
1.2000000000e-02 7.1616565863e+10
1.2490000000e-02 7.3273721698e+10
1.2500000000e-02 7.3314992030e+10
1.2990000000e-02 7.4889829247e+10
1.3000000000e-02 7.4929049508e+10
1.3490000000e-02 7.6425788694e+10
1.3500000000e-02 7.6463063988e+10
1.3990000000e-02 7.7885700054e+10
1.4000000000e-02 7.7921129875e+10
1.4490000000e-02 7.9273445613e+10
1.4500000000e-02 7.9307124167e+10
1.4990000000e-02 8.0592701961e+10
1.5000000000e-02 8.0624718459e+10
1.5490000000e-02 8.1846951700e+10
1.5500000000e-02 8.1877390653e+10
1.5990000000e-02 8.3039494275e+10
1.6000000000e-02 8.3068435745e+10
1.6490000000e-02 8.4173456277e+10
1.6500000000e-02 8.4200976137e+10
1.6990000000e-02 8.5251800775e+10
1.7000000000e-02 8.5277970931e+10
1.7490000000e-02 8.6277336907e+10
1.7500000000e-02 8.6302225519e+10
1.7990000000e-02 8.7252727513e+10
1.8000000000e-02 8.7276399203e+10
1.8490000000e-02 8.8180497837e+10
1.8500000000e-02 8.8203013883e+10
1.8990000000e-02 8.9063042447e+10
1.9000000000e-02 8.9084460960e+10
1.9490000000e-02 8.9902632735e+10
1.9500000000e-02 8.9923008833e+10
1.9990000000e-02 9.0701423331e+10
2.0000000000e-02 9.0720809296e+10
2.0490000000e-02 9.1461458119e+10
2.0500000000e-02 9.1479903556e+10
2.0990000000e-02 9.2184676636e+10
2.1000000000e-02 9.2202228609e+10
2.1490000000e-02 9.2872919285e+10
2.1500000000e-02 9.2889622455e+10
2.1990000000e-02 9.3527932544e+10
2.2000000000e-02 9.3543829296e+10
2.2490000000e-02 9.4151374266e+10
2.2500000000e-02 9.4166504827e+10
2.2990000000e-02 9.4744817894e+10
2.3000000000e-02 9.4759220451e+10
2.3490000000e-02 9.5309757167e+10
2.3500000000e-02 9.5323467968e+10
2.3990000000e-02 9.5847610217e+10
2.4000000000e-02 9.5860663675e+10
2.4490000000e-02 9.6359723287e+10
2.4500000000e-02 9.6372152077e+10
2.4990000000e-02 9.6847375022e+10
2.5000000000e-02 9.6859210171e+10
2.5490000000e-02 9.7311779390e+10
2.5500000000e-02 9.7323050359e+10
2.5990000000e-02 9.7754089273e+10
2.6000000000e-02 9.7764824037e+10
2.6490000000e-02 9.8175399575e+10
2.6500000000e-02 9.8185624707e+10
2.6990000000e-02 9.8576750136e+10
2.7000000000e-02 9.8586490873e+10
2.7490000000e-02 9.8959128915e+10
2.7500000000e-02 9.8968409229e+10
2.7990000000e-02 9.9323474019e+10
2.8000000000e-02 9.9332316680e+10
2.8490000000e-02 9.9670676884e+10
2.8500000000e-02 9.9679103521e+10
2.8990000000e-02 1.0000158439e+11
2.9000000000e-02 1.0000961555e+11
2.9490000000e-02 1.0031700037e+11
2.9500000000e-02 1.0032465557e+11
2.9990000000e-02 1.0061768881e+11
3.0000000000e-02 1.0062498662e+11
3.0490000000e-02 1.0090437761e+11
3.0500000000e-02 1.0091133562e+11
3.0990000000e-02 1.0117775466e+11
3.1000000000e-02 1.0118438964e+11
3.1490000000e-02 1.0143847680e+11
3.1500000000e-02 1.0144480464e+11
3.1990000000e-02 1.0168716681e+11
3.2000000000e-02 1.0169320264e+11
3.2490000000e-02 1.0192441547e+11
3.2500000000e-02 1.0193017367e+11
3.2990000000e-02 1.0215078746e+11
3.3000000000e-02 1.0215628164e+11
3.3490000000e-02 1.0236681547e+11
3.3500000000e-02 1.0237205862e+11
3.3990000000e-02 1.0257300813e+11
3.4000000000e-02 1.0257801262e+11
3.4490000000e-02 1.0276984811e+11
3.4500000000e-02 1.0277462560e+11
3.4990000000e-02 1.0295779491e+11
3.5000000000e-02 1.0296235657e+11
3.5490000000e-02 1.0313728414e+11
3.5500000000e-02 1.0314164055e+11
3.5990000000e-02 1.0330873031e+11
3.6000000000e-02 1.0331289152e+11
3.6490000000e-02 1.0347252790e+11
3.6500000000e-02 1.0347650347e+11
3.6990000000e-02 1.0362905041e+11
3.7000000000e-02 1.0363284945e+11
3.7490000000e-02 1.0377865430e+11
3.7500000000e-02 1.0378228543e+11
3.7990000000e-02 1.0392167894e+11
3.8000000000e-02 1.0392515035e+11
3.8490000000e-02 1.0405844379e+11
3.8500000000e-02 1.0406176333e+11
3.8990000000e-02 1.0418925622e+11
3.9000000000e-02 1.0419243128e+11
3.9490000000e-02 1.0431440561e+11
3.9500000000e-02 1.0431744323e+11
3.9990000000e-02 1.0443416829e+11
4.0000000000e-02 1.0443707518e+11
4.0490000000e-02 1.0454880758e+11
4.0500000000e-02 1.0455159013e+11
4.0990000000e-02 1.0465857281e+11
4.1000000000e-02 1.0466123709e+11
4.1490000000e-02 1.0476370032e+11
4.1500000000e-02 1.0476625204e+11
4.1990000000e-02 1.0486441633e+11
4.2000000000e-02 1.0486686099e+11
4.2490000000e-02 1.0496093417e+11
4.2500000000e-02 1.0496327694e+11
4.2990000000e-02 1.0505345903e+11
4.3000000000e-02 1.0505570489e+11
4.3490000000e-02 1.0514218419e+11
4.3500000000e-02 1.0514433782e+11
4.3990000000e-02 1.0522729289e+11
4.4000000000e-02 1.0522935877e+11
4.4490000000e-02 1.0530896036e+11
4.4500000000e-02 1.0531094270e+11
4.4990000000e-02 1.0538735276e+11
4.5000000000e-02 1.0538925565e+11
4.5490000000e-02 1.0546262836e+11
4.5500000000e-02 1.0546445560e+11
4.5990000000e-02 1.0553493731e+11
4.6000000000e-02 1.0553669253e+11
4.6490000000e-02 1.0560442178e+11
4.6500000000e-02 1.0560610850e+11
4.6990000000e-02 1.0567121898e+11
4.7000000000e-02 1.0567284043e+11
4.7490000000e-02 1.0573545604e+11
4.7500000000e-02 1.0573701536e+11
4.7990000000e-02 1.0579725611e+11
4.8000000000e-02 1.0579875631e+11
4.8490000000e-02 1.0585673539e+11
4.8500000000e-02 1.0585817926e+11
4.8990000000e-02 1.0591400496e+11
4.9000000000e-02 1.0591539521e+11
4.9490000000e-02 1.0596916902e+11
4.9500000000e-02 1.0597050816e+11
4.9990000000e-02 1.0602232861e+11
5.0000000000e-02 1.0602361909e+11
5.0490000000e-02 1.0607357693e+11
5.0500000000e-02 1.0607482104e+11
5.0990000000e-02 1.0612300506e+11
5.1000000000e-02 1.0612420499e+11
5.1490000000e-02 1.0617069812e+11
5.1500000000e-02 1.0617185594e+11
5.1990000000e-02 1.0621673721e+11
5.2000000000e-02 1.0621785490e+11
5.2490000000e-02 1.0626119943e+11
5.2500000000e-02 1.0626227885e+11
5.2990000000e-02 1.0630415788e+11
5.3000000000e-02 1.0630520080e+11
5.3490000000e-02 1.0634568263e+11
5.3500000000e-02 1.0634669075e+11
5.3990000000e-02 1.0638583782e+11
5.4000000000e-02 1.0638681270e+11
5.4490000000e-02 1.0642468746e+11
5.4500000000e-02 1.0642563065e+11
5.4990000000e-02 1.0646228871e+11
5.5000000000e-02 1.0646320163e+11
5.5490000000e-02 1.0649870056e+11
5.5500000000e-02 1.0649958456e+11
5.5990000000e-02 1.0653397313e+11
5.6000000000e-02 1.0653482953e+11
5.6490000000e-02 1.0656815850e+11
5.6500000000e-02 1.0656898848e+11
5.6990000000e-02 1.0660130467e+11
5.7000000000e-02 1.0660210943e+11
5.7490000000e-02 1.0663345480e+11
5.7500000000e-02 1.0663423539e+11
5.7990000000e-02 1.0666465286e+11
5.8000000000e-02 1.0666541036e+11
5.8490000000e-02 1.0669493897e+11
5.8500000000e-02 1.0669567431e+11
5.8990000000e-02 1.0672435114e+11
5.9000000000e-02 1.0672506526e+11
5.9490000000e-02 1.0675292445e+11
5.9500000000e-02 1.0675361824e+11
5.9990000000e-02 1.0678069296e+11
6.0000000000e-02 1.0678136721e+11
6.0490000000e-02 1.0680768967e+11
6.0500000000e-02 1.0680834517e+11
6.0990000000e-02 1.0683394268e+11
6.1000000000e-02 1.0683458012e+11
6.1490000000e-02 1.0685948098e+11
6.1500000000e-02 1.0686010109e+11
6.1990000000e-02 1.0688432970e+11
6.2000000000e-02 1.0688493307e+11
6.2490000000e-02 1.0690851576e+11
6.2500000000e-02 1.0690910302e+11
6.2990000000e-02 1.0693205931e+11
6.3000000000e-02 1.0693263100e+11
6.3490000000e-02 1.0695498430e+11
6.3500000000e-02 1.0695554095e+11
6.3990000000e-02 1.0697730786e+11
6.4000000000e-02 1.0697784992e+11
6.4490000000e-02 1.0699905093e+11
6.4500000000e-02 1.0699957890e+11
6.4990000000e-02 1.0702022863e+11
6.5000000000e-02 1.0702074285e+11
6.5490000000e-02 1.0704085693e+11
6.5500000000e-02 1.0704135783e+11
6.5990000000e-02 1.0706094990e+11
6.6000000000e-02 1.0706143780e+11
6.6490000000e-02 1.0708052056e+11
6.6500000000e-02 1.0708099578e+11
6.6990000000e-02 1.0709957995e+11
6.7000000000e-02 1.0710004275e+11
6.7490000000e-02 1.0711813908e+11
6.7500000000e-02 1.0711858973e+11
6.7990000000e-02 1.0713620601e+11
6.8000000000e-02 1.0713664470e+11
6.8490000000e-02 1.0715378875e+11
6.8500000000e-02 1.0715421568e+11
6.8990000000e-02 1.0717089334e+11
6.9000000000e-02 1.0717130868e+11
6.9490000000e-02 1.0718752581e+11
6.9500000000e-02 1.0718792966e+11
6.9990000000e-02 1.0720369015e+11
7.0000000000e-02 1.0720408263e+11
7.0490000000e-02 1.0721938943e+11
7.0500000000e-02 1.0721977061e+11
7.0990000000e-02 1.0723462370e+11
7.1000000000e-02 1.0723499358e+11
7.1490000000e-02 1.0724939493e+11
7.1500000000e-02 1.0724975358e+11
7.1990000000e-02 1.0726370220e+11
7.2000000000e-02 1.0726404956e+11
7.2490000000e-02 1.0727754350e+11
7.2500000000e-02 1.0727787953e+11
7.2990000000e-02 1.0729091490e+11
7.3000000000e-02 1.0729123951e+11
7.3490000000e-02 1.0730381337e+11
7.3500000000e-02 1.0730412649e+11
7.3990000000e-02 1.0731623201e+11
7.4000000000e-02 1.0731653346e+11
7.4490000000e-02 1.0732816382e+11
7.4500000000e-02 1.0732845346e+11
7.4990000000e-02 1.0733960084e+11
7.5000000000e-02 1.0733987844e+11
7.5490000000e-02 1.0735053407e+11
7.5500000000e-02 1.0735079941e+11
7.5990000000e-02 1.0736095158e+11
7.6000000000e-02 1.0736120441e+11
7.6490000000e-02 1.0737084141e+11
7.6500000000e-02 1.0737108139e+11
7.6990000000e-02 1.0738018956e+11
7.7000000000e-02 1.0738041639e+11
7.7490000000e-02 1.0738898109e+11
7.7500000000e-02 1.0738919439e+11
7.7990000000e-02 1.0739719904e+11
7.8000000000e-02 1.0739739836e+11
7.8490000000e-02 1.0740482540e+11
7.8500000000e-02 1.0740501034e+11
7.8990000000e-02 1.0741183830e+11
7.9000000000e-02 1.0741200832e+11
7.9490000000e-02 1.0741821670e+11
7.9500000000e-02 1.0741837132e+11
7.9990000000e-02 1.0742393769e+11
8.0000000000e-02 1.0742407632e+11
8.0490000000e-02 1.0742897531e+11
8.0500000000e-02 1.0742909729e+11
8.0990000000e-02 1.0743330159e+11
8.1000000000e-02 1.0743340629e+11
8.1490000000e-02 1.0743688857e+11
8.1500000000e-02 1.0743697527e+11
8.1990000000e-02 1.0743970235e+11
8.2000000000e-02 1.0743977027e+11
8.2490000000e-02 1.0744170996e+11
8.2500000000e-02 1.0744175827e+11
8.2990000000e-02 1.0744287544e+11
8.3000000000e-02 1.0744290324e+11
8.3490000000e-02 1.0744316083e+11
8.3500000000e-02 1.0744316722e+11
8.3990000000e-02 1.0744252326e+11
8.4000000000e-02 1.0744250722e+11
8.4490000000e-02 1.0744091975e+11
8.4500000000e-02 1.0744088022e+11
8.4990000000e-02 1.0743830339e+11
8.5000000000e-02 1.0743823922e+11
8.5490000000e-02 1.0743462425e+11
8.5500000000e-02 1.0743453422e+11
8.5990000000e-02 1.0742983036e+11
8.6000000000e-02 1.0742971319e+11
8.6490000000e-02 1.0742386387e+11
8.6500000000e-02 1.0742371819e+11
8.6990000000e-02 1.0741666680e+11
8.7000000000e-02 1.0741649119e+11
8.7490000000e-02 1.0740817530e+11
8.7500000000e-02 1.0740796817e+11
8.7990000000e-02 1.0739832141e+11
8.8000000000e-02 1.0739808117e+11
8.8490000000e-02 1.0738703526e+11
8.8500000000e-02 1.0738676017e+11
8.8990000000e-02 1.0737424095e+11
8.9000000000e-02 1.0737392917e+11
8.9490000000e-02 1.0735985761e+11
8.9500000000e-02 1.0735950717e+11
8.9990000000e-02 1.0734380229e+11
9.0000000000e-02 1.0734341115e+11
9.0490000000e-02 1.0732598318e+11
9.0500000000e-02 1.0732554915e+11
9.0990000000e-02 1.0730630735e+11
9.1000000000e-02 1.0730582812e+11
9.1490000000e-02 1.0728467200e+11
9.1500000000e-02 1.0728414515e+11
9.1990000000e-02 1.0726097322e+11
9.2000000000e-02 1.0726039612e+11
9.2490000000e-02 1.0723509620e+11
9.2500000000e-02 1.0723446612e+11
9.2990000000e-02 1.0720692208e+11
9.3000000000e-02 1.0720623612e+11
9.3490000000e-02 1.0717632503e+11
9.3500000000e-02 1.0717558012e+11
9.3990000000e-02 1.0714317221e+11
9.4000000000e-02 1.0714236510e+11
9.4490000000e-02 1.0710732085e+11
9.4500000000e-02 1.0710644812e+11
9.4990000000e-02 1.0706862312e+11
9.5000000000e-02 1.0706768110e+11
9.5490000000e-02 1.0702692021e+11
9.5500000000e-02 1.0702590510e+11
9.5990000000e-02 1.0698204441e+11
9.6000000000e-02 1.0698095210e+11
9.6490000000e-02 1.0693382086e+11
9.6500000000e-02 1.0693264710e+11
9.6990000000e-02 1.0688206091e+11
9.7000000000e-02 1.0688080107e+11
9.7490000000e-02 1.0682656674e+11
9.7500000000e-02 1.0682521610e+11
9.7990000000e-02 1.0676713067e+11
9.8000000000e-02 1.0676568407e+11
9.8490000000e-02 1.0670353095e+11
9.8500000000e-02 1.0670198307e+11
9.8990000000e-02 1.0663553394e+11
9.9000000000e-02 1.0663387907e+11
9.9490000000e-02 1.0656289293e+11
9.9500000000e-02 1.0656112507e+11
9.9990000000e-02 1.0648534628e+11
1.0000000000e-01 1.0648345907e+11
1.0049000000e-01 1.0640261835e+11
1.0050000000e-01 1.0640060507e+11
1.0099000000e-01 1.0631441653e+11
1.0100000000e-01 1.0631227007e+11
1.0149000000e-01 1.0622043320e+11
1.0150000000e-01 1.0621814605e+11
1.0199000000e-01 1.0612034081e+11
1.0200000000e-01 1.0611790505e+11
1.0249000000e-01 1.0601379386e+11
1.0250000000e-01 1.0601120107e+11
1.0299000000e-01 1.0590042877e+11
1.0300000000e-01 1.0589767007e+11
1.0349000000e-01 1.0577986004e+11
1.0350000000e-01 1.0577692605e+11
1.0399000000e-01 1.0565167825e+11
1.0400000000e-01 1.0564855907e+11
1.0449000000e-01 1.0551545395e+11
1.0450000000e-01 1.0551213905e+11
1.0499000000e-01 1.0537073071e+11
1.0500000000e-01 1.0536720905e+11
1.0549000000e-01 1.0521702721e+11
1.0550000000e-01 1.0521328705e+11
1.0599000000e-01 1.0505383312e+11
1.0600000000e-01 1.0504986205e+11
1.0649000000e-01 1.0488060916e+11
1.0650000000e-01 1.0487639405e+11
1.0699000000e-01 1.0469678800e+11
1.0700000000e-01 1.0469231505e+11
1.0749000000e-01 1.0450176553e+11
1.0750000000e-01 1.0449702005e+11
1.0799000000e-01 1.0429490555e+11
1.0800000000e-01 1.0428987205e+11
1.0849000000e-01 1.0407553495e+11
1.0850000000e-01 1.0407019705e+11
1.0899000000e-01 1.0384294264e+11
1.0900000000e-01 1.0383728302e+11
1.0949000000e-01 1.0359637466e+11
1.0950000000e-01 1.0359037502e+11
1.0999000000e-01 1.0333503507e+11
1.1000000000e-01 1.0332867605e+11
1.1049000000e-01 1.0305808296e+11
1.1050000000e-01 1.0305134402e+11
1.1099000000e-01 1.0276462747e+11
1.1100000000e-01 1.0275748705e+11
1.1149000000e-01 1.0245372793e+11
1.1150000000e-01 1.0244616302e+11
1.1199000000e-01 1.0212438856e+11
1.1200000000e-01 1.0211637502e+11
1.1249000000e-01 1.0177555488e+11
1.1250000000e-01 1.0176706705e+11
1.1299000000e-01 1.0140611624e+11
1.1300000000e-01 1.0139712702e+11
1.1349000000e-01 1.0101489228e+11
1.1350000000e-01 1.0100537302e+11
1.1399000000e-01 1.0060063667e+11
1.1400000000e-01 1.0059055705e+11
1.1449000000e-01 1.0016203310e+11
1.1450000000e-01 1.0015136102e+11
1.1499000000e-01 9.9697686531e+10
1.1500000000e-01 9.9686388127e+10
1.1549000000e-01 9.9206121295e+10
1.1550000000e-01 9.9194160627e+10
1.1599000000e-01 9.8685776826e+10
1.1600000000e-01 9.8673115924e+10
1.1649000000e-01 9.8135001638e+10
1.1650000000e-01 9.8121600324e+10
1.1699000000e-01 9.7552048271e+10
1.1700000000e-01 9.7537864024e+10
1.1749000000e-01 9.6935067303e+10
1.1750000000e-01 9.6920055124e+10
1.1799000000e-01 9.6282101654e+10
1.1800000000e-01 9.6266213924e+10
1.1849000000e-01 9.5591079907e+10
1.1850000000e-01 9.5574266222e+10
1.1899000000e-01 9.4859809213e+10
1.1900000000e-01 9.4842016222e+10
1.1949000000e-01 9.4085968399e+10
1.1950000000e-01 9.4067139622e+10
1.1999000000e-01 9.3267099981e+10
1.2000000000e-01 9.3247175622e+10
1.2049000000e-01 9.2400601779e+10
1.2050000000e-01 9.2379518522e+10
1.2099000000e-01 9.1483718517e+10
1.2100000000e-01 9.1461409322e+10
1.2149000000e-01 9.0513531768e+10
1.2150000000e-01 9.0489925622e+10
1.2199000000e-01 8.9486950626e+10
1.2200000000e-01 8.9461972319e+10
1.2249000000e-01 8.8400700364e+10
1.2250000000e-01 8.8374270219e+10
1.2299000000e-01 8.7251311816e+10
1.2300000000e-01 8.7223345419e+10
1.2349000000e-01 8.6035108526e+10
1.2350000000e-01 8.6005516419e+10
1.2399000000e-01 8.4748194143e+10
1.2400000000e-01 8.4716881519e+10
1.2449000000e-01 8.3386438556e+10
1.2450000000e-01 8.3353304917e+10
1.2499000000e-01 8.1945462624e+10
1.2500000000e-01 8.1910401419e+10
1.2549000000e-01 8.0420623176e+10
1.2550000000e-01 8.0383521417e+10
1.2599000000e-01 7.8806994970e+10
1.2600000000e-01 7.8767732819e+10
1.2649000000e-01 7.7099353399e+10
1.2650000000e-01 7.7057803717e+10
1.2699000000e-01 7.5292154328e+10
1.2700000000e-01 7.5248182217e+10
1.2749000000e-01 7.3379513543e+10
1.2750000000e-01 7.3332975817e+10
1.2799000000e-01 7.1355183774e+10
1.2800000000e-01 7.1305928417e+10
1.2849000000e-01 6.9212531230e+10
1.2850000000e-01 6.9160396817e+10
1.2899000000e-01 6.6944508671e+10
1.2900000000e-01 6.6889323717e+10
1.2949000000e-01 6.4543628026e+10
1.2950000000e-01 6.4485210317e+10
1.2999000000e-01 6.2001929671e+10
1.3000000000e-01 6.1940085517e+10
1.3049000000e-01 5.9310950070e+10
1.3050000000e-01 5.9245473515e+10
1.3099000000e-01 5.6461686152e+10
1.3100000000e-01 5.6392358115e+10
1.3149000000e-01 5.3444557181e+10
1.3150000000e-01 5.3371144515e+10
1.3199000000e-01 5.0249363226e+10
1.3200000000e-01 5.0171617717e+10
1.3249000000e-01 4.6865240446e+10
1.3250000000e-01 4.6782897717e+10
1.3299000000e-01 4.3280611699e+10
1.3300000000e-01 4.3193390015e+10
1.3349000000e-01 3.9483133538e+10
1.3350000000e-01 3.9390732515e+10
1.3399000000e-01 3.5459637937e+10
1.3400000000e-01 3.5361737115e+10
1.3449000000e-01 3.1196069104e+10
1.3450000000e-01 3.1092326415e+10
1.3499000000e-01 2.6677413844e+10
1.3500000000e-01 2.6567463915e+10
1.3549000000e-01 2.1887625417e+10
1.3550000000e-01 2.1771077712e+10
1.3599000000e-01 1.6809539621e+10
1.3600000000e-01 1.6685976410e+10
1.3649000000e-01 1.1424782999e+10
1.3650000000e-01 1.1293757110e+10
1.3699000000e-01 5.7136711478e+09
1.3700000000e-01 5.5747034890e+09
1.3749000000e-01 -3.4490375802e+0 
1.3750000000e-01 -4.9232692718e+0 
1.3799000000e-01 -6.7735880270e+0 
1.3800000000e-01 -6.9300179003e+0 
1.3849000000e-01 -1.3596665079e+1 
1.3850000000e-01 -1.3762692688e+1 
1.3899000000e-01 -2.0840227249e+1 
1.3900000000e-01 -2.1016487688e+1 
1.3949000000e-01 -2.8532344868e+1 
1.3950000000e-01 -2.8719521390e+1 
1.3999000000e-01 -3.6703249805e+1 
1.4000000000e-01 -3.6902078288e+1 
1.4049000000e-01 -4.5385539353e+1 
1.4050000000e-01 -4.5596813285e+1 
1.4099000000e-01 -5.4614403972e+1 
1.4100000000e-01 -5.4838979988e+1 
1.4149000000e-01 -6.4427879282e+1 
1.4150000000e-01 -6.4666683285e+1 
1.4199000000e-01 -7.4867118654e+1 
1.4200000000e-01 -7.5121152483e+1 
1.4249000000e-01 -8.5976677070e+1 
1.4250000000e-01 -8.6247025383e+1 
1.4299000000e-01 -9.7804768177e+1 
1.4300000000e-01 -9.8092604681e+1 
1.4349000000e-01 -1.1040339638e+1 
1.4350000000e-01 -1.1070998698e+1 
1.4399000000e-01 -1.2382811334e+1 
1.4400000000e-01 -1.2415480998e+1 
1.4449000000e-01 -1.3813675950e+1 
1.4450000000e-01 -1.3848496900e+1 
1.4499000000e-01 -1.5338560633e+1 
1.4500000000e-01 -1.5375669498e+1 
1.4549000000e-01 -1.6961896363e+1 
1.4550000000e-01 -1.7001400098e+1 
1.4599000000e-01 -1.8684258725e+1 
1.4600000000e-01 -1.8726168995e+1 
1.4649000000e-01 -2.0495714943e+1 
1.4650000000e-01 -2.0539784095e+1 
1.4699000000e-01 -2.2359452386e+1 
1.4700000000e-01 -2.2404769798e+1 
1.4749000000e-01 -2.4172240527e+1 
1.4750000000e-01 -2.4216257998e+1 
1.4799000000e-01 -2.5672397292e+1 
1.4800000000e-01 -2.5708661298e+1 
1.4849000000e-01 -2.6243725836e+1 
1.4850000000e-01 -2.6257051198e+1 
1.4899000000e-01 -2.4594922507e+1 
1.4900000000e-01 -2.4553528498e+1 
1.4949000000e-01 -1.8733696736e+1 
1.4950000000e-01 -1.8588758398e+1 
1.4999000000e-01 -7.7565258316e+1 
1.5000000000e-01 -7.4867575893e+1 
1.5049000000e-01 -3.8940919551e+1 
1.5050000000e-01 -3.8046194398e+1 
1.5099000000e-01 -2.3155211725e+1 
1.5100000000e-01 -2.2784363498e+1 
1.5149000000e-01 -1.5182141661e+1 
1.5150000000e-01 -1.4992814300e+1 
1.5199000000e-01 -1.0412456220e+1 
1.5200000000e-01 -1.0298386000e+1 
1.5249000000e-01 -7.1425420938e+0 
1.5250000000e-01 -7.0639482795e+0 
1.5299000000e-01 -4.6436987530e+0 
1.5300000000e-01 -4.5834243395e+0 
1.5349000000e-01 -2.5678839010e+0 
1.5350000000e-01 -2.5176884495e+0 
1.5399000000e-01 -7.3362815293e+0 
1.5400000000e-01 -6.8919753273e+0 
1.5449000000e-01 9.6186822440e+08
1.5450000000e-01 1.0029867200e+09
1.5499000000e-01 2.6253121689e+09
1.5500000000e-01 2.6657149100e+09
1.5549000000e-01 4.3650945547e+09
1.5550000000e-01 4.4074162700e+09
1.5599000000e-01 6.1832173392e+09
1.5600000000e-01 6.2274422698e+09
1.5649000000e-01 8.1048705139e+09
1.5650000000e-01 8.1516263900e+09
1.5699000000e-01 1.0149593694e+10
1.5700000000e-01 1.0199351500e+10
1.5749000000e-01 1.2331817216e+10
1.5750000000e-01 1.2384924600e+10
1.5799000000e-01 1.4661779517e+10
1.5800000000e-01 1.4718482800e+10
1.5849000000e-01 1.7146296994e+10
1.5850000000e-01 1.7206759800e+10
1.5899000000e-01 1.9789602335e+10
1.5900000000e-01 1.9853925998e+10
1.5949000000e-01 2.2594400434e+10
1.5950000000e-01 2.2662649798e+10
1.5999000000e-01 2.5563254320e+10
1.6000000000e-01 2.5635491598e+10
1.6001000000e-01 2.5711820804e+10
1.6050000000e-01 2.8776731998e+10
1.6051000000e-01 2.8857356933e+10
1.6100000000e-01 3.2094758198e+10
1.6101000000e-01 3.2180058261e+10
1.6150000000e-01 3.5605183898e+10
1.6151000000e-01 3.5695814289e+10
1.6200000000e-01 3.9334973098e+10
1.6201000000e-01 3.9431999655e+10
1.6250000000e-01 4.3327989000e+10
1.6251000000e-01 4.3433073944e+10
1.6300000000e-01 4.7652638600e+10
1.6301000000e-01 4.7768303408e+10
1.6350000000e-01 5.2412690202e+10
1.6351000000e-01 5.2542698911e+10
1.6400000000e-01 5.7763048602e+10
1.6401000000e-01 5.7912985140e+10
1.6450000000e-01 6.3933513900e+10
1.6451000000e-01 6.4111682730e+10
1.6500000000e-01 7.1265846402e+10
1.6501000000e-01 7.1484732012e+10
1.6550000000e-01 8.0273831102e+10
1.6551000000e-01 8.0552563573e+10
1.6600000000e-01 9.1744744302e+10
1.6601000000e-01 9.2113460887e+10
1.6650000000e-01 1.0691885000e+11
1.6651000000e-01 1.0742682456e+11
1.6700000000e-01 1.2782395700e+11
1.6701000000e-01 1.2855570277e+11
1.6750000000e-01 1.5793810902e+11
1.6751000000e-01 1.5904768748e+11
1.6800000000e-01 2.0360153100e+11
1.6801000000e-01 2.0539252953e+11
1.6850000000e-01 2.7730800802e+11
1.6851000000e-01 2.8044245015e+11
1.6900000000e-01 4.0630235702e+11
1.6901000000e-01 4.1243338876e+11
1.6950000000e-01 6.5861789402e+11
1.6951000000e-01 6.7235208652e+11
1.7000000000e-01 1.2238327400e+12
1.7001000000e-01 1.2345112403e+12
1.7050000000e-01 1.6632941000e+12
1.7051000000e-01 1.6700253525e+12
1.7100000000e-01 1.9403110300e+12
1.7101000000e-01 1.9435869367e+12
1.7150000000e-01 2.0751271900e+12
1.7151000000e-01 2.0761500939e+12
1.7200000000e-01 2.1172236200e+12
1.7201000000e-01 2.1169724070e+12
1.7250000000e-01 2.1068852302e+12
1.7251000000e-01 2.1059709604e+12
1.7300000000e-01 2.0692595102e+12
1.7301000000e-01 2.0680227481e+12
1.7350000000e-01 2.0183620000e+12
1.7351000000e-01 2.0169821703e+12
1.7400000000e-01 1.9615767000e+12
1.7401000000e-01 1.9601454345e+12
1.7450000000e-01 1.9026746200e+12
1.7451000000e-01 1.9012377725e+12
1.7500000000e-01 1.8435428200e+12
1.7501000000e-01 1.8421229304e+12
1.7550000000e-01 1.7851089000e+12
1.7551000000e-01 1.7837167978e+12
1.7600000000e-01 1.7278185400e+12
1.7601000000e-01 1.7264592257e+12
1.7650000000e-01 1.6718775202e+12
1.7651000000e-01 1.6705531121e+12
1.7700000000e-01 1.6173730400e+12
1.7701000000e-01 1.6160842397e+12
1.7750000000e-01 1.5643339402e+12
1.7751000000e-01 1.5630807558e+12
1.7800000000e-01 1.5127605802e+12
1.7801000000e-01 1.5115426834e+12
1.7850000000e-01 1.4626394500e+12
1.7851000000e-01 1.4614563509e+12
1.7900000000e-01 1.4139503602e+12
1.7901000000e-01 1.4128014905e+12
1.7950000000e-01 1.3666699600e+12
1.7951000000e-01 1.3655547167e+12
1.8000000000e-01 1.3207734002e+12
1.8001000000e-01 1.3196911639e+12
1.8050000000e-01 1.2762352102e+12
1.8051000000e-01 1.2751853555e+12
1.8100000000e-01 1.2330296600e+12
1.8101000000e-01 1.2320115600e+12
1.8150000000e-01 1.1911309300e+12
1.8151000000e-01 1.1901439588e+12
1.8200000000e-01 1.1505132602e+12
1.8201000000e-01 1.1495567929e+12
1.8250000000e-01 1.1111509600e+12
1.8251000000e-01 1.1102243744e+12
1.8300000000e-01 1.0730184000e+12
1.8301000000e-01 1.0721210763e+12
1.8350000000e-01 1.0360900702e+12
1.8351000000e-01 1.0352213906e+12
1.8400000000e-01 1.0003405700e+12
1.8401000000e-01 9.9949991982e+11
1.8450000000e-01 9.6574458005e+11
1.8451000000e-01 9.6493134658e+11
1.8500000000e-01 9.3227689505e+11
1.8501000000e-01 9.3149046848e+11
1.8550000000e-01 8.9991241802e+11
1.8551000000e-01 8.9915219110e+11
1.8600000000e-01 8.6862615602e+11
1.8601000000e-01 8.6789152418e+11
1.8650000000e-01 8.3839323002e+11
1.8651000000e-01 8.3768359149e+11
1.8700000000e-01 8.0918887405e+11
1.8701000000e-01 8.0850363000e+11
1.8750000000e-01 7.8098844605e+11
1.8751000000e-01 7.8032700080e+11
1.8800000000e-01 7.5376743102e+11
1.8801000000e-01 7.5312919221e+11
1.8850000000e-01 7.2750144902e+11
1.8851000000e-01 7.2688582780e+11
1.8900000000e-01 7.0216626802e+11
1.8901000000e-01 7.0157267940e+11
1.8950000000e-01 6.7773781400e+11
1.8951000000e-01 6.7716567707e+11
1.9000000000e-01 6.5419217802e+11
1.9001000000e-01 6.5364091628e+11
1.9050000000e-01 6.3150563800e+11
1.9051000000e-01 6.3097467973e+11
1.9100000000e-01 6.0965466300e+11
1.9101000000e-01 6.0914344162e+11
1.9150000000e-01 5.8861593700e+11
1.9151000000e-01 5.8812389135e+11
1.9200000000e-01 5.6836636600e+11
1.9201000000e-01 5.6789294087e+11
1.9250000000e-01 5.4888310100e+11
1.9251000000e-01 5.4842774738e+11
1.9300000000e-01 5.3014354898e+11
1.9301000000e-01 5.2970572458e+11
1.9350000000e-01 5.1212539000e+11
1.9351000000e-01 5.1170455949e+11
1.9400000000e-01 4.9480659698e+11
1.9401000000e-01 4.9440223253e+11
1.9450000000e-01 4.7816544498e+11
1.9451000000e-01 4.7777702655e+11
1.9500000000e-01 4.6218053298e+11
1.9501000000e-01 4.6180754869e+11
1.9550000000e-01 4.4683079498e+11
1.9551000000e-01 4.4647274147e+11
1.9600000000e-01 4.3209551598e+11
1.9601000000e-01 4.3175189874e+11
1.9650000000e-01 4.1795434595e+11
1.9651000000e-01 4.1762467961e+11
1.9700000000e-01 4.0438730795e+11
1.9701000000e-01 4.0407111661e+11
1.9750000000e-01 3.9137481795e+11
1.9751000000e-01 3.9107163535e+11
1.9800000000e-01 3.7889768893e+11
1.9801000000e-01 3.7860705879e+11
1.9850000000e-01 3.6693714093e+11
1.9851000000e-01 3.6665861707e+11
1.9900000000e-01 3.5547481293e+11
1.9901000000e-01 3.5520795950e+11
1.9950000000e-01 3.4449276695e+11
1.9951000000e-01 3.4423715850e+11
2.0000000000e-01 3.3397349693e+11
2.0001000000e-01 3.3372871866e+11
2.0050000000e-01 3.2389992993e+11
2.0051000000e-01 3.2366557766e+11
2.0100000000e-01 3.1425543293e+11
2.0101000000e-01 3.1403111319e+11
2.0150000000e-01 3.0502381390e+11
2.0151000000e-01 3.0480914403e+11
2.0200000000e-01 2.9618932290e+11
2.0201000000e-01 2.9598393097e+11
2.0250000000e-01 2.8773665490e+11
2.0251000000e-01 2.8754017968e+11
2.0300000000e-01 2.7965094390e+11
2.0301000000e-01 2.7946303490e+11
2.0350000000e-01 2.7191776688e+11
2.0351000000e-01 2.7173808416e+11
2.0400000000e-01 2.6452313090e+11
2.0401000000e-01 2.6435134489e+11
2.0450000000e-01 2.5745347688e+11
2.0451000000e-01 2.5728926812e+11
2.0500000000e-01 2.5069565488e+11
2.0501000000e-01 2.5053871341e+11
2.0550000000e-01 2.4423691085e+11
2.0551000000e-01 2.4408696057e+11
2.0600000000e-01 2.3806587888e+11
2.0601000000e-01 2.3792264310e+11
2.0650000000e-01 2.3217117685e+11
2.0651000000e-01 2.3203437231e+11
2.0700000000e-01 2.2654114385e+11
2.0701000000e-01 2.2641049859e+11
2.0750000000e-01 2.2116458885e+11
2.0751000000e-01 2.2103984139e+11
2.0800000000e-01 2.1603075085e+11
2.0801000000e-01 2.1591164964e+11
2.0850000000e-01 2.1112927883e+11
2.0851000000e-01 2.1101558197e+11
2.0900000000e-01 2.0645021583e+11
2.0901000000e-01 2.0634169061e+11
2.0950000000e-01 2.0198398681e+11
2.0951000000e-01 2.0188040951e+11
2.1000000000e-01 1.9772138281e+11
2.1001000000e-01 1.9762253839e+11
2.1050000000e-01 1.9365355481e+11
2.1051000000e-01 1.9355923667e+11
2.1100000000e-01 1.8977200081e+11
2.1101000000e-01 1.8968201050e+11
2.1150000000e-01 1.8606855381e+11
2.1151000000e-01 1.8598270081e+11
2.1200000000e-01 1.8253537378e+11
2.1201000000e-01 1.8245347526e+11
2.1250000000e-01 1.7916493478e+11
2.1251000000e-01 1.7908681528e+11
2.1300000000e-01 1.7595001776e+11
2.1301000000e-01 1.7587550897e+11
2.1350000000e-01 1.7288369476e+11
2.1351000000e-01 1.7281263535e+11
2.1400000000e-01 1.6995932676e+11
2.1401000000e-01 1.6989156206e+11
2.1450000000e-01 1.6717054876e+11
2.1451000000e-01 1.6710593052e+11
2.1500000000e-01 1.6451125976e+11
2.1501000000e-01 1.6444964598e+11
2.1550000000e-01 1.6197561673e+11
2.1551000000e-01 1.6191687146e+11
2.1600000000e-01 1.5955802371e+11
2.1601000000e-01 1.5950201670e+11
2.1650000000e-01 1.5725311971e+11
2.1651000000e-01 1.5719972630e+11
2.1700000000e-01 1.5505577571e+11
2.1701000000e-01 1.5500487665e+11
2.1750000000e-01 1.5296108371e+11
2.1751000000e-01 1.5291256482e+11
2.1800000000e-01 1.5096434568e+11
2.1801000000e-01 1.5091809781e+11
2.1850000000e-01 1.4906106768e+11
2.1851000000e-01 1.4901698641e+11
2.1900000000e-01 1.4724695466e+11
2.1901000000e-01 1.4720494014e+11
2.1950000000e-01 1.4551789664e+11
2.1951000000e-01 1.4547785345e+11
2.2000000000e-01 1.4386996466e+11
2.2001000000e-01 1.4383180157e+11
2.2050000000e-01 1.4229940764e+11
2.2051000000e-01 1.4226303745e+11
2.2100000000e-01 1.4080263561e+11
2.2101000000e-01 1.4076797508e+11
2.2150000000e-01 1.3937622161e+11
2.2151000000e-01 1.3934319116e+11
2.2200000000e-01 1.3801689161e+11
2.2201000000e-01 1.3798541523e+11
2.2250000000e-01 1.3672151859e+11
2.2251000000e-01 1.3669152372e+11
2.2300000000e-01 1.3548711556e+11
2.2301000000e-01 1.3545853294e+11
2.2350000000e-01 1.3431083056e+11
2.2351000000e-01 1.3428359401e+11
2.2400000000e-01 1.3318994156e+11
2.2401000000e-01 1.3316398790e+11
2.2450000000e-01 1.3212185051e+11
2.2451000000e-01 1.3209711953e+11
2.2500000000e-01 1.3110407551e+11
2.2501000000e-01 1.3108050965e+11
2.2550000000e-01 1.3013425049e+11
2.2551000000e-01 1.3011179490e+11
2.2600000000e-01 1.2921011649e+11
2.2601000000e-01 1.2918871876e+11
2.2650000000e-01 1.2832951847e+11
2.2651000000e-01 1.2830912868e+11
2.2700000000e-01 1.2749040047e+11
2.2701000000e-01 1.2747097096e+11
2.2750000000e-01 1.2669080244e+11
2.2751000000e-01 1.2667228774e+11
2.2800000000e-01 1.2592885144e+11
2.2801000000e-01 1.2591120823e+11
2.2850000000e-01 1.2520276642e+11
2.2851000000e-01 1.2518595333e+11
2.2900000000e-01 1.2451084439e+11
2.2901000000e-01 1.2449482203e+11
2.2950000000e-01 1.2385146337e+11
2.2951000000e-01 1.2383619413e+11
2.3000000000e-01 1.2322307634e+11
2.3001000000e-01 1.2320852441e+11
2.3050000000e-01 1.2262420834e+11
2.3051000000e-01 1.2261033956e+11
2.3100000000e-01 1.2205345532e+11
2.3101000000e-01 1.2204023709e+11
2.3150000000e-01 1.2150947432e+11
2.3151000000e-01 1.2149687559e+11
2.3200000000e-01 1.2099099027e+11
2.3201000000e-01 1.2097898150e+11
2.3250000000e-01 1.2049678425e+11
2.3251000000e-01 1.2048533722e+11
2.3300000000e-01 1.2002569525e+11
2.3301000000e-01 1.2001478305e+11
2.3350000000e-01 1.1957661820e+11
2.3351000000e-01 1.1956621526e+11
2.3400000000e-01 1.1914849720e+11
2.3401000000e-01 1.1913857910e+11
2.3450000000e-01 1.1874033017e+11
2.3451000000e-01 1.1873087361e+11
2.3500000000e-01 1.1835115715e+11
2.3501000000e-01 1.1834214001e+11
2.3550000000e-01 1.1798006813e+11
2.3551000000e-01 1.1797146924e+11
2.3600000000e-01 1.1762619210e+11
2.3601000000e-01 1.1761799136e+11
2.3650000000e-01 1.1728870205e+11
2.3651000000e-01 1.1728088030e+11
2.3700000000e-01 1.1696680705e+11
2.3701000000e-01 1.1695934600e+11
2.3750000000e-01 1.1665975703e+11
2.3751000000e-01 1.1665263925e+11
2.3800000000e-01 1.1636683400e+11
2.3801000000e-01 1.1636004293e+11
2.3850000000e-01 1.1608735696e+11
2.3851000000e-01 1.1608087676e+11
2.3900000000e-01 1.1582067293e+11
2.3901000000e-01 1.1581448858e+11
2.3950000000e-01 1.1556616391e+11
2.3951000000e-01 1.1556026103e+11
2.4000000000e-01 1.1532323986e+11
2.4001000000e-01 1.1531760481e+11
2.4050000000e-01 1.1509133586e+11
2.4051000000e-01 1.1508595558e+11
2.4100000000e-01 1.1486991881e+11
2.4101000000e-01 1.1486478089e+11
2.4150000000e-01 1.1465847479e+11
2.4151000000e-01 1.1465356739e+11
2.4200000000e-01 1.1445651874e+11
2.4201000000e-01 1.1445183064e+11
2.4250000000e-01 1.1426358671e+11
2.4251000000e-01 1.1425910713e+11
2.4300000000e-01 1.1407923666e+11
2.4301000000e-01 1.1407495536e+11
2.4350000000e-01 1.1390304564e+11
2.4351000000e-01 1.1389895287e+11
2.4400000000e-01 1.1373461459e+11
2.4401000000e-01 1.1373070106e+11
2.4450000000e-01 1.1357355857e+11
2.4451000000e-01 1.1356981539e+11
2.4500000000e-01 1.1341951452e+11
2.4501000000e-01 1.1341593325e+11
2.4550000000e-01 1.1327213249e+11
2.4551000000e-01 1.1326870506e+11
2.4600000000e-01 1.1313108244e+11
2.4601000000e-01 1.1312780117e+11
2.4650000000e-01 1.1299604740e+11
2.4651000000e-01 1.1299290494e+11
2.4700000000e-01 1.1286672535e+11
2.4701000000e-01 1.1286371474e+11
2.4750000000e-01 1.1274282930e+11
2.4751000000e-01 1.1273994383e+11
2.4800000000e-01 1.1262408325e+11
2.4801000000e-01 1.1262131658e+11
2.4850000000e-01 1.1251022620e+11
2.4851000000e-01 1.1250757223e+11
2.4900000000e-01 1.1240100715e+11
2.4901000000e-01 1.1239846008e+11
2.4950000000e-01 1.1229618710e+11
2.4951000000e-01 1.1229374140e+11
2.5000000000e-01 1.1219553808e+11
2.5001000000e-01 1.1219318841e+11
2.5050000000e-01 1.1209884301e+11
2.5051000000e-01 1.1209658434e+11
2.5100000000e-01 1.1200589196e+11
2.5101000000e-01 1.1200371943e+11
2.5150000000e-01 1.1191648591e+11
2.5151000000e-01 1.1191439488e+11
2.5200000000e-01 1.1183043484e+11
2.5201000000e-01 1.1182842091e+11
2.5250000000e-01 1.1174755481e+11
2.5251000000e-01 1.1174561368e+11
2.5300000000e-01 1.1166767274e+11
2.5301000000e-01 1.1166580035e+11
2.5350000000e-01 1.1159061967e+11
2.5351000000e-01 1.1158881213e+11
2.5400000000e-01 1.1151623462e+11
2.5401000000e-01 1.1151448820e+11
2.5450000000e-01 1.1144436457e+11
2.5451000000e-01 1.1144267561e+11
2.5500000000e-01 1.1137486050e+11
2.5501000000e-01 1.1137322561e+11
2.5550000000e-01 1.1130758045e+11
2.5551000000e-01 1.1130599625e+11
2.5600000000e-01 1.1124238738e+11
2.5601000000e-01 1.1124085065e+11
2.5650000000e-01 1.1117914830e+11
2.5651000000e-01 1.1117765600e+11
2.5700000000e-01 1.1111773723e+11
2.5701000000e-01 1.1111628636e+11
2.5750000000e-01 1.1105803018e+11
2.5751000000e-01 1.1105661780e+11
2.5800000000e-01 1.1099990908e+11
2.5801000000e-01 1.1099853244e+11
2.5850000000e-01 1.1094325704e+11
2.5851000000e-01 1.1094191339e+11
2.5900000000e-01 1.1088796494e+11
2.5901000000e-01 1.1088665167e+11
2.5950000000e-01 1.1083392187e+11
2.5951000000e-01 1.1083263640e+11
2.6000000000e-01 1.1078102279e+11
2.6001000000e-01 1.1077976264e+11
2.6050000000e-01 1.1072916572e+11
2.6051000000e-01 1.1072792841e+11
2.6100000000e-01 1.1067824962e+11
2.6101000000e-01 1.1067703280e+11
2.6150000000e-01 1.1062817457e+11
2.6151000000e-01 1.1062697583e+11
2.6200000000e-01 1.1057884645e+11
2.6201000000e-01 1.1057766355e+11
2.6250000000e-01 1.1053016740e+11
2.6251000000e-01 1.1052899799e+11
2.6300000000e-01 1.1048204531e+11
2.6301000000e-01 1.1048088719e+11
2.6350000000e-01 1.1043438723e+11
2.6351000000e-01 1.1043323813e+11
2.6400000000e-01 1.1038710114e+11
2.6401000000e-01 1.1038595886e+11
2.6450000000e-01 1.1034009604e+11
2.6451000000e-01 1.1033895838e+11
2.6500000000e-01 1.1029327997e+11
2.6501000000e-01 1.1029214469e+11
2.6550000000e-01 1.1024656287e+11
2.6551000000e-01 1.1024542781e+11
2.6600000000e-01 1.1019985477e+11
2.6601000000e-01 1.1019871767e+11
2.6650000000e-01 1.1015306267e+11
2.6651000000e-01 1.1015192130e+11
2.6700000000e-01 1.1010609458e+11
2.6701000000e-01 1.1010494669e+11
2.6750000000e-01 1.1005885750e+11
2.6751000000e-01 1.1005770080e+11
2.6800000000e-01 1.1001125841e+11
2.6801000000e-01 1.1001009055e+11
2.6850000000e-01 1.0996320129e+11
2.6851000000e-01 1.0996201991e+11
2.6900000000e-01 1.0991458719e+11
2.6901000000e-01 1.0991338990e+11
2.6950000000e-01 1.0986531809e+11
2.6951000000e-01 1.0986410241e+11
2.7000000000e-01 1.0981529199e+11
2.7001000000e-01 1.0981405539e+11
2.7050000000e-01 1.0976440490e+11
2.7051000000e-01 1.0976314475e+11
2.7100000000e-01 1.0971254978e+11
2.7101000000e-01 1.0971126343e+11
2.7150000000e-01 1.0965961470e+11
2.7151000000e-01 1.0965829935e+11
2.7200000000e-01 1.0960548758e+11
2.7201000000e-01 1.0960414039e+11
2.7250000000e-01 1.0955004948e+11
2.7251000000e-01 1.0954866747e+11
2.7300000000e-01 1.0949317936e+11
2.7301000000e-01 1.0949175947e+11
2.7350000000e-01 1.0943474927e+11
2.7351000000e-01 1.0943328828e+11
2.7400000000e-01 1.0937462817e+11
2.7401000000e-01 1.0937312277e+11
2.7450000000e-01 1.0931267907e+11
2.7451000000e-01 1.0931112578e+11
2.7500000000e-01 1.0924875995e+11
2.7501000000e-01 1.0924715517e+11
2.7550000000e-01 1.0918271988e+11
2.7551000000e-01 1.0918105979e+11
2.7600000000e-01 1.0911440576e+11
2.7601000000e-01 1.0911268645e+11
2.7650000000e-01 1.0904365268e+11
2.7651000000e-01 1.0904186996e+11
2.7700000000e-01 1.0897029156e+11
2.7701000000e-01 1.0896844114e+11
2.7750000000e-01 1.0889414346e+11
2.7751000000e-01 1.0889222078e+11
2.7800000000e-01 1.0881502039e+11
2.7801000000e-01 1.0881302063e+11
2.7850000000e-01 1.0873272727e+11
2.7851000000e-01 1.0873064547e+11
2.7900000000e-01 1.0864705620e+11
2.7901000000e-01 1.0864488704e+11
2.7950000000e-01 1.0855779110e+11
2.7951000000e-01 1.0855552907e+11
2.8000000000e-01 1.0846470303e+11
2.8001000000e-01 1.0846234227e+11
2.8050000000e-01 1.0836755293e+11
2.8051000000e-01 1.0836508733e+11
2.8100000000e-01 1.0826608783e+11
2.8101000000e-01 1.0826351092e+11
2.8150000000e-01 1.0816004076e+11
2.8151000000e-01 1.0815734573e+11
2.8200000000e-01 1.0804913269e+11
2.8201000000e-01 1.0804631232e+11
2.8250000000e-01 1.0793306661e+11
2.8251000000e-01 1.0793011338e+11
2.8300000000e-01 1.0781153254e+11
2.8301000000e-01 1.0780843842e+11
2.8350000000e-01 1.0768420047e+11
2.8351000000e-01 1.0768095708e+11
2.8400000000e-01 1.0755072442e+11
2.8401000000e-01 1.0754732284e+11
2.8450000000e-01 1.0741073837e+11
2.8451000000e-01 1.0740716923e+11
2.8500000000e-01 1.0726385730e+11
2.8501000000e-01 1.0726011072e+11
2.8550000000e-01 1.0710967227e+11
2.8551000000e-01 1.0710573777e+11
2.8600000000e-01 1.0694775422e+11
2.8601000000e-01 1.0694362076e+11
2.8650000000e-01 1.0677764720e+11
2.8651000000e-01 1.0677330311e+11
2.8700000000e-01 1.0659887218e+11
2.8701000000e-01 1.0659430514e+11
2.8750000000e-01 1.0641092215e+11
2.8751000000e-01 1.0640611917e+11
2.8800000000e-01 1.0621326115e+11
2.8801000000e-01 1.0620820843e+11
2.8850000000e-01 1.0600532215e+11
2.8851000000e-01 1.0600000518e+11
2.8900000000e-01 1.0578650815e+11
2.8901000000e-01 1.0578091157e+11
2.8950000000e-01 1.0555618618e+11
2.8951000000e-01 1.0555029370e+11
2.9000000000e-01 1.0531368720e+11
2.9001000000e-01 1.0530748170e+11
2.9050000000e-01 1.0505830525e+11
2.9051000000e-01 1.0505176853e+11
2.9100000000e-01 1.0478929230e+11
2.9101000000e-01 1.0478240519e+11
2.9150000000e-01 1.0450585935e+11
2.9151000000e-01 1.0449860153e+11
2.9200000000e-01 1.0420717039e+11
2.9201000000e-01 1.0419952042e+11
2.9250000000e-01 1.0389234049e+11
2.9251000000e-01 1.0388427563e+11
2.9300000000e-01 1.0356043659e+11
2.9301000000e-01 1.0355193281e+11
2.9350000000e-01 1.0321047066e+11
2.9351000000e-01 1.0320150258e+11
2.9400000000e-01 1.0284139478e+11
2.9401000000e-01 1.0283193552e+11
2.9450000000e-01 1.0245210490e+11
2.9451000000e-01 1.0244212601e+11
2.9500000000e-01 1.0204142905e+11
2.9501000000e-01 1.0203090044e+11
2.9550000000e-01 1.0160813020e+11
2.9551000000e-01 1.0159702001e+11
2.9600000000e-01 1.0115089734e+11
2.9601000000e-01 1.0113917190e+11
2.9650000000e-01 1.0066834254e+11
2.9651000000e-01 1.0065596617e+11
2.9700000000e-01 1.0015899973e+11
2.9701000000e-01 1.0014593470e+11
2.9750000000e-01 9.9621315428e+10
2.9751000000e-01 9.9607521767e+10
2.9800000000e-01 9.9053644544e+10
2.9801000000e-01 9.9039079961e+10
2.9850000000e-01 9.8454246772e+10
2.9851000000e-01 9.8438866484e+10
2.9900000000e-01 9.7821279210e+10
2.9901000000e-01 9.7805035805e+10
2.9950000000e-01 9.7152790463e+10
2.9951000000e-01 9.7135633729e+10
3.0000000000e-01 9.6446714228e+10
3.0001000000e-01 9.6428590994e+10
3.0050000000e-01 9.5700862305e+10
3.0051000000e-01 9.5681716250e+10
3.0100000000e-01 9.4912916992e+10
3.0101000000e-01 9.4892688457e+10
3.0150000000e-01 9.4080423088e+10
3.0151000000e-01 9.4059048872e+10
3.0200000000e-01 9.3200779594e+10
3.0201000000e-01 9.3178192733e+10
3.0250000000e-01 9.2271230613e+10
3.0251000000e-01 9.2247360144e+10
3.0300000000e-01 9.1288856036e+10
3.0301000000e-01 9.1263626751e+10
3.0350000000e-01 9.0250560569e+10
3.0351000000e-01 9.0223892745e+10
3.0400000000e-01 8.9153063507e+10
3.0401000000e-01 8.9124872630e+10
3.0450000000e-01 8.7992886749e+10
3.0451000000e-01 8.7963083199e+10
3.0500000000e-01 8.6766342194e+10
3.0501000000e-01 8.6734830930e+10
3.0550000000e-01 8.5469518542e+10
3.0551000000e-01 8.5436198754e+10
3.0600000000e-01 8.4098267189e+10
3.0601000000e-01 8.4063031919e+10
3.0650000000e-01 8.2648186434e+10
3.0651000000e-01 8.2610922184e+10
3.0700000000e-01 8.1114605477e+10
3.0701000000e-01 8.1075191780e+10
3.0750000000e-01 7.9492566715e+10
3.0751000000e-01 7.9450875683e+10
3.0800000000e-01 7.7776807145e+10
3.0801000000e-01 7.7732702961e+10
3.0850000000e-01 7.5961737563e+10
3.0851000000e-01 7.5915075976e+10
3.0900000000e-01 7.4041421372e+10
3.0901000000e-01 7.3992049102e+10
3.0950000000e-01 7.2009550864e+10
3.0951000000e-01 7.1957305013e+10
3.1000000000e-01 6.9859422041e+10
3.1001000000e-01 6.9804129418e+10
3.1050000000e-01 6.7583907696e+10
3.1051000000e-01 6.7525384109e+10
3.1100000000e-01 6.5175427727e+10
3.1101000000e-01 6.5113477213e+10
3.1150000000e-01 6.2625917533e+10
3.1151000000e-01 6.2560331532e+10
3.1200000000e-01 5.9926794210e+10
3.1201000000e-01 5.9857350650e+10
3.1250000000e-01 5.7068918756e+10
3.1251000000e-01 5.6995381088e+10
3.1300000000e-01 5.4042556368e+10
3.1301000000e-01 5.3964672491e+10
3.1350000000e-01 5.0837332439e+10
3.1351000000e-01 5.0754833556e+10
3.1400000000e-01 4.7442184968e+10
3.1401000000e-01 4.7354784332e+10
3.1450000000e-01 4.3845313253e+10
3.1451000000e-01 4.3752704776e+10
3.1500000000e-01 4.0034120887e+10
3.1501000000e-01 3.9935977657e+10
3.1550000000e-01 3.5995154073e+10
3.1551000000e-01 3.5891126700e+10
3.1600000000e-01 3.1714034403e+10
3.1601000000e-01 3.1603749221e+10
3.1650000000e-01 2.7175384370e+10
3.1651000000e-01 2.7058441463e+10
3.1700000000e-01 2.2362745776e+10
3.1701000000e-01 2.2238716778e+10
3.1750000000e-01 1.7258489916e+10
3.1751000000e-01 1.7126915607e+10
3.1800000000e-01 1.1843718286e+10
3.1801000000e-01 1.1704105875e+10
3.1850000000e-01 6.0981508322e+09
3.1851000000e-01 5.9499708981e+09
3.1900000000e-01 0.0000000000e+00
3.1900000000e-01 0.0000000000e+00
3.1901000000e-01 0.0000000000e+00
3.1950000000e-01 0.0000000000e+00
3.1951000000e-01 0.0000000000e+00
3.2000000000e-01 0.0000000000e+00
