0.0000000000e+00 3.0000000000e+02
4.1000000000e-04 3.0004703661e+02
5.0000000000e-04 3.0005667870e+02
9.1000000000e-04 3.0010371448e+02
1.0000000000e-03 3.0011335657e+02
1.0000000000e-03 3.0011335657e+02
1.4100000000e-03 3.0018874445e+02
1.5000000000e-03 3.0020419829e+02
1.9100000000e-03 3.0027961605e+02
2.0000000000e-03 3.0029507601e+02
2.4100000000e-03 3.0037051701e+02
2.5000000000e-03 3.0038598191e+02
2.9100000000e-03 3.0046144033e+02
3.0000000000e-03 3.0047690846e+02
3.4100000000e-03 3.0055237601e+02
3.5000000000e-03 3.0056784635e+02
3.9100000000e-03 3.0064331888e+02
4.0000000000e-03 3.0065878990e+02
4.4100000000e-03 3.0073426160e+02
4.5000000000e-03 3.0074973245e+02
4.9100000000e-03 3.0082519668e+02
5.0000000000e-03 3.0084066600e+02
5.4100000000e-03 3.0091611779e+02
5.5000000000e-03 3.0093158456e+02
5.9100000000e-03 3.0100702057e+02
6.0000000000e-03 3.0102248377e+02
6.4100000000e-03 3.0109789737e+02
6.5000000000e-03 3.0111335615e+02
6.9100000000e-03 3.0118874403e+02
7.0000000000e-03 3.0120419736e+02
7.4100000000e-03 3.0127955453e+02
7.5000000000e-03 3.0129500174e+02
7.9100000000e-03 3.0137032489e+02
8.0000000000e-03 3.0138576478e+02
8.4100000000e-03 3.0146105058e+02
8.5000000000e-03 3.0147648282e+02
8.9100000000e-03 3.0155172630e+02
9.0000000000e-03 3.0156714969e+02
9.4100000000e-03 3.0164234753e+02
9.5000000000e-03 3.0165776156e+02
9.9100000000e-03 3.0173291126e+02
1.0000000000e-02 3.0174831527e+02
1.0410000000e-02 3.0182341351e+02
1.0500000000e-02 3.0183880697e+02
1.0910000000e-02 3.0191385044e+02
1.1000000000e-02 3.0192923250e+02
1.1410000000e-02 3.0200421787e+02
1.1500000000e-02 3.0201958803e+02
1.1910000000e-02 3.0209451365e+02
1.2000000000e-02 3.0210987122e+02
1.2410000000e-02 3.0218473377e+02
1.2500000000e-02 3.0220007841e+02
1.2910000000e-02 3.0227487540e+02
1.3000000000e-02 3.0229020660e+02
1.3410000000e-02 3.0236493553e+02
1.3500000000e-02 3.0238025262e+02
1.3910000000e-02 3.0245491101e+02
1.4000000000e-02 3.0247021364e+02
1.4410000000e-02 3.0254480066e+02
1.4500000000e-02 3.0256008849e+02
1.4910000000e-02 3.0263459999e+02
1.5000000000e-02 3.0264987234e+02
1.5410000000e-02 3.0272430749e+02
1.5500000000e-02 3.0273956402e+02
1.5910000000e-02 3.0281392116e+02
1.6000000000e-02 3.0282916153e+02
1.6410000000e-02 3.0290343817e+02
1.6500000000e-02 3.0291866204e+02
1.6910000000e-02 3.0299285652e+02
1.7000000000e-02 3.0300806355e+02
1.7410000000e-02 3.0308217504e+02
1.7500000000e-02 3.0309736472e+02
1.7910000000e-02 3.0317138990e+02
1.8000000000e-02 3.0318656206e+02
1.8410000000e-02 3.0326050093e+02
1.8500000000e-02 3.0327565523e+02
1.8910000000e-02 3.0334950530e+02
1.9000000000e-02 3.0336464140e+02
1.9410000000e-02 3.0343840184e+02
1.9500000000e-02 3.0345351940e+02
1.9910000000e-02 3.0352718938e+02
2.0000000000e-02 3.0354228823e+02
2.0410000000e-02 3.0361586443e+02
2.0500000000e-02 3.0363094423e+02
2.0910000000e-02 3.0370442748e+02
2.1000000000e-02 3.0371948806e+02
2.1410000000e-02 3.0379287587e+02
2.1500000000e-02 3.0380791672e+02
2.1910000000e-02 3.0388120826e+02
2.2000000000e-02 3.0389622955e+02
2.2410000000e-02 3.0396942399e+02
2.2500000000e-02 3.0398442521e+02
2.2910000000e-02 3.0405752089e+02
2.3000000000e-02 3.0407250187e+02
2.3410000000e-02 3.0414549879e+02
2.3500000000e-02 3.0416045936e+02
2.3910000000e-02 3.0423335503e+02
2.4000000000e-02 3.0424829485e+02
2.4410000000e-02 3.0432109010e+02
2.4500000000e-02 3.0433600934e+02
2.4910000000e-02 3.0440870169e+02
2.5000000000e-02 3.0442359966e+02
2.5410000000e-02 3.0449618827e+02
2.5500000000e-02 3.0451106515e+02
2.5910000000e-02 3.0458355002e+02
2.6000000000e-02 3.0459840564e+02
2.6410000000e-02 3.0467078511e+02
2.6500000000e-02 3.0468561896e+02
2.6910000000e-02 3.0475789303e+02
2.7000000000e-02 3.0477270528e+02
2.7410000000e-02 3.0484487312e+02
2.7500000000e-02 3.0485966360e+02
2.7910000000e-02 3.0493172356e+02
2.8000000000e-02 3.0494649175e+02
2.8410000000e-02 3.0501844382e+02
2.8500000000e-02 3.0503319007e+02
2.8910000000e-02 3.0510503342e+02
2.9000000000e-02 3.0511975739e+02
2.9410000000e-02 3.0519149119e+02
2.9500000000e-02 3.0520619254e+02
2.9910000000e-02 3.0527781679e+02
3.0000000000e-02 3.0529249569e+02
3.0410000000e-02 3.0536400873e+02
3.0500000000e-02 3.0537866484e+02
3.0910000000e-02 3.0545006585e+02
3.1000000000e-02 3.0546469916e+02
3.1410000000e-02 3.0553598896e+02
3.1500000000e-02 3.0555059931e+02
3.1910000000e-02 3.0562177624e+02
3.2000000000e-02 3.0563636346e+02
3.2410000000e-02 3.0570742752e+02
3.2500000000e-02 3.0572199161e+02
3.2910000000e-02 3.0579294198e+02
3.3000000000e-02 3.0580748276e+02
3.3410000000e-02 3.0587831860e+02
3.3500000000e-02 3.0589283590e+02
3.3910000000e-02 3.0596355722e+02
3.4000000000e-02 3.0597805105e+02
3.4410000000e-02 3.0604865701e+02
3.4500000000e-02 3.0606312720e+02
3.4910000000e-02 3.0613361781e+02
3.5000000000e-02 3.0614806418e+02
3.5410000000e-02 3.0621843777e+02
3.5500000000e-02 3.0623286050e+02
3.5910000000e-02 3.0630311790e+02
3.6000000000e-02 3.0631751665e+02
3.6410000000e-02 3.0638765703e+02
3.6500000000e-02 3.0640203180e+02
3.6910000000e-02 3.0647205434e+02
3.7000000000e-02 3.0648640495e+02
3.7410000000e-02 3.0655630964e+02
3.7500000000e-02 3.0657063610e+02
3.7910000000e-02 3.0664042211e+02
3.8000000000e-02 3.0665472425e+02
3.8410000000e-02 3.0672439159e+02
3.8500000000e-02 3.0673866957e+02
3.8910000000e-02 3.0680821740e+02
3.9000000000e-02 3.0682247072e+02
3.9410000000e-02 3.0689189904e+02
3.9500000000e-02 3.0690612787e+02
3.9910000000e-02 3.0697543668e+02
4.0000000000e-02 3.0698964102e+02
4.0410000000e-02 3.0705882867e+02
4.0500000000e-02 3.0707300834e+02
4.0910000000e-02 3.0714207565e+02
4.1000000000e-02 3.0715623049e+02
4.1410000000e-02 3.0722517580e+02
4.1500000000e-02 3.0723930581e+02
4.1910000000e-02 3.0730813079e+02
4.2000000000e-02 3.0732223596e+02
4.2410000000e-02 3.0739093811e+02
4.2500000000e-02 3.0740501845e+02
4.2910000000e-02 3.0747359943e+02
4.3000000000e-02 3.0748765460e+02
4.3410000000e-02 3.0755611193e+02
4.3500000000e-02 3.0757014192e+02
4.3910000000e-02 3.0763847725e+02
4.4000000000e-02 3.0765248224e+02
4.4410000000e-02 3.0772069391e+02
4.4500000000e-02 3.0773467356e+02
4.4910000000e-02 3.0780276158e+02
4.5000000000e-02 3.0781671587e+02
4.5410000000e-02 3.0788468107e+02
4.5500000000e-02 3.0789861002e+02
4.5910000000e-02 3.0796644990e+02
4.6000000000e-02 3.0798035351e+02
4.6410000000e-02 3.0804806974e+02
4.6500000000e-02 3.0806194783e+02
4.6910000000e-02 3.0812953874e+02
4.7000000000e-02 3.0814339132e+02
4.7410000000e-02 3.0821085775e+02
4.7500000000e-02 3.0822468464e+02
4.7910000000e-02 3.0829202575e+02
4.8000000000e-02 3.0830582696e+02
4.8410000000e-02 3.0837304192e+02
4.8500000000e-02 3.0838681745e+02
4.8910000000e-02 3.0845390710e+02
4.9000000000e-02 3.0846765677e+02
4.9410000000e-02 3.0853462027e+02
4.9500000000e-02 3.0854834426e+02
4.9910000000e-02 3.0861518079e+02
5.0000000000e-02 3.0862887875e+02
5.0410000000e-02 3.0869558913e+02
5.0500000000e-02 3.0870926107e+02
5.0910000000e-02 3.0877584364e+02
5.1000000000e-02 3.0878948973e+02
5.1410000000e-02 3.0885594616e+02
5.1500000000e-02 3.0886956605e+02
5.1910000000e-02 3.0893589384e+02
5.2000000000e-02 3.0894948771e+02
5.2410000000e-02 3.0901568853e+02
5.2500000000e-02 3.0902925603e+02
5.2910000000e-02 3.0909532904e+02
5.3000000000e-02 3.0910887052e+02
5.3410000000e-02 3.0917481489e+02
5.3500000000e-02 3.0918833001e+02
5.3910000000e-02 3.0925414575e+02
5.4000000000e-02 3.0926763467e+02
5.4410000000e-02 3.0933332177e+02
5.4500000000e-02 3.0934678416e+02
5.4910000000e-02 3.0941234180e+02
5.5000000000e-02 3.0942577782e+02
5.5410000000e-02 3.0949120682e+02
5.5500000000e-02 3.0950461631e+02
5.5910000000e-02 3.0956991501e+02
5.6000000000e-02 3.0958329797e+02
5.6410000000e-02 3.0964846804e+02
5.6500000000e-02 3.0966182446e+02
5.6910000000e-02 3.0972686340e+02
5.7000000000e-02 3.0974019312e+02
5.7410000000e-02 3.0980510260e+02
5.7500000000e-02 3.0981840561e+02
5.7910000000e-02 3.0988318396e+02
5.8000000000e-02 3.0989646044e+02
5.8410000000e-02 3.0996110850e+02
5.8500000000e-02 3.0997435810e+02
5.8910000000e-02 3.1003887586e+02
5.9000000000e-02 3.1005209859e+02
5.9410000000e-02 3.1011648440e+02
5.9500000000e-02 3.1012968025e+02
5.9910000000e-02 3.1019393493e+02
6.0000000000e-02 3.1020710391e+02
6.0410000000e-02 3.1027122664e+02
6.0500000000e-02 3.1028436857e+02
6.0910000000e-02 3.1034836017e+02
6.1000000000e-02 3.1036147523e+02
6.1410000000e-02 3.1042533404e+02
6.1500000000e-02 3.1043842189e+02
6.1910000000e-02 3.1050214875e+02
6.2000000000e-02 3.1051520955e+02
6.2410000000e-02 3.1057880362e+02
6.2500000000e-02 3.1059183738e+02
6.2910000000e-02 3.1065529867e+02
6.3000000000e-02 3.1066830504e+02
6.3410000000e-02 3.1073163437e+02
6.3500000000e-02 3.1074461370e+02
6.3910000000e-02 3.1080780859e+02
6.4000000000e-02 3.1082076053e+02
6.4410000000e-02 3.1088382263e+02
6.4500000000e-02 3.1089674719e+02
6.4910000000e-02 3.1095967568e+02
6.5000000000e-02 3.1097257301e+02
6.5410000000e-02 3.1103536789e+02
6.5500000000e-02 3.1104823767e+02
6.5910000000e-02 3.1111089811e+02
6.6000000000e-02 3.1112374050e+02
6.6410000000e-02 3.1118626732e+02
6.6500000000e-02 3.1119908216e+02
6.6910000000e-02 3.1126147454e+02
6.7000000000e-02 3.1127426182e+02
6.7410000000e-02 3.1133651892e+02
6.7500000000e-02 3.1134927865e+02
6.7910000000e-02 3.1141140131e+02
6.8000000000e-02 3.1142413348e+02
6.8410000000e-02 3.1148612086e+02
6.8500000000e-02 3.1149882514e+02
6.8910000000e-02 3.1156067725e+02
6.9000000000e-02 3.1157335397e+02
6.9410000000e-02 3.1163507080e+02
6.9500000000e-02 3.1164771980e+02
6.9910000000e-02 3.1170930053e+02
7.0000000000e-02 3.1172192163e+02
7.0410000000e-02 3.1178336708e+02
7.0500000000e-02 3.1179596046e+02
7.0910000000e-02 3.1185726981e+02
7.1000000000e-02 3.1186983512e+02
7.1410000000e-02 3.1193100753e+02
7.1500000000e-02 3.1194354512e+02
7.1910000000e-02 3.1200458143e+02
7.2000000000e-02 3.1201709095e+02
7.2410000000e-02 3.1207799116e+02
7.2500000000e-02 3.1209047261e+02
7.2910000000e-02 3.1215123505e+02
7.3000000000e-02 3.1216368861e+02
7.3410000000e-02 3.1222431495e+02
7.3500000000e-02 3.1223674027e+02
7.3910000000e-02 3.1229722801e+02
7.4000000000e-02 3.1230962527e+02
7.4410000000e-02 3.1236997691e+02
7.4500000000e-02 3.1238234610e+02
7.4910000000e-02 3.1244255914e+02
7.5000000000e-02 3.1245489993e+02
7.5410000000e-02 3.1251497604e+02
7.5500000000e-02 3.1252728876e+02
7.5910000000e-02 3.1258722627e+02
7.6000000000e-02 3.1259951059e+02
7.6410000000e-02 3.1265930951e+02
7.6500000000e-02 3.1267156542e+02
7.6910000000e-02 3.1273122657e+02
7.7000000000e-02 3.1274345425e+02
7.7410000000e-02 3.1280297598e+02
7.7500000000e-02 3.1281517525e+02
7.7910000000e-02 3.1287455921e+02
7.8000000000e-02 3.1288673008e+02
7.8410000000e-02 3.1294597462e+02
7.8500000000e-02 3.1295811691e+02
7.8910000000e-02 3.1301722203e+02
7.9000000000e-02 3.1302933591e+02
7.9410000000e-02 3.1308830243e+02
7.9500000000e-02 3.1310038774e+02
7.9910000000e-02 3.1315921401e+02
8.0000000000e-02 3.1317127057e+02
8.0410000000e-02 3.1322995741e+02
8.0500000000e-02 3.1324198557e+02
8.0910000000e-02 3.1330053299e+02
8.1000000000e-02 3.1331253240e+02
8.1410000000e-02 3.1337093873e+02
8.1500000000e-02 3.1338290940e+02
8.1910000000e-02 3.1344117631e+02
8.2000000000e-02 3.1345311823e+02
8.2410000000e-02 3.1351124489e+02
8.2500000000e-02 3.1352315806e+02
8.2910000000e-02 3.1358114363e+02
8.3000000000e-02 3.1359302806e+02
8.3410000000e-02 3.1365087338e+02
8.3500000000e-02 3.1366272889e+02
8.3910000000e-02 3.1372043229e+02
8.4000000000e-02 3.1373225889e+02
8.4410000000e-02 3.1378982204e+02
8.4500000000e-02 3.1380161989e+02
8.4910000000e-02 3.1385904196e+02
8.5000000000e-02 3.1387081072e+02
8.5410000000e-02 3.1392809087e+02
8.5500000000e-02 3.1393983072e+02
8.5910000000e-02 3.1399696979e+02
8.6000000000e-02 3.1400868055e+02
8.6410000000e-02 3.1406567770e+02
8.6500000000e-02 3.1407735938e+02
8.6910000000e-02 3.1413421462e+02
8.7000000000e-02 3.1414586738e+02
8.7410000000e-02 3.1420258070e+02
8.7500000000e-02 3.1421420421e+02
8.7910000000e-02 3.1427077479e+02
8.8000000000e-02 3.1428236921e+02
8.8410000000e-02 3.1433879788e+02
8.8500000000e-02 3.1435036321e+02
8.8910000000e-02 3.1440664913e+02
8.9000000000e-02 3.1441818521e+02
8.9410000000e-02 3.1447432922e+02
8.9500000000e-02 3.1448583604e+02
8.9910000000e-02 3.1454183647e+02
9.0000000000e-02 3.1455331404e+02
9.0410000000e-02 3.1460917173e+02
9.0500000000e-02 3.1462061987e+02
9.0910000000e-02 3.1467633482e+02
9.1000000000e-02 3.1468775387e+02
9.1410000000e-02 3.1474332524e+02
9.1500000000e-02 3.1475471487e+02
9.1910000000e-02 3.1481014350e+02
9.2000000000e-02 3.1482150370e+02
9.2410000000e-02 3.1487678793e+02
9.2500000000e-02 3.1488811870e+02
9.2910000000e-02 3.1494326018e+02
9.3000000000e-02 3.1495456170e+02
9.3410000000e-02 3.1500955878e+02
9.3500000000e-02 3.1502083070e+02
9.3910000000e-02 3.1507568503e+02
9.4000000000e-02 3.1508692753e+02
9.4410000000e-02 3.1514163746e+02
9.4500000000e-02 3.1515285053e+02
9.4910000000e-02 3.1520741606e+02
9.5000000000e-02 3.1521859953e+02
9.5410000000e-02 3.1527302148e+02
9.5500000000e-02 3.1528417536e+02
9.5910000000e-02 3.1533845291e+02
9.6000000000e-02 3.1534957736e+02
9.6410000000e-02 3.1540371050e+02
9.6500000000e-02 3.1541480536e+02
9.6910000000e-02 3.1546879410e+02
9.7000000000e-02 3.1547985919e+02
9.7410000000e-02 3.1553370353e+02
9.7500000000e-02 3.1554473919e+02
9.7910000000e-02 3.1559843912e+02
9.8000000000e-02 3.1560944519e+02
9.8410000000e-02 3.1566299989e+02
9.8500000000e-02 3.1567397619e+02
9.8910000000e-02 3.1572738732e+02
9.9000000000e-02 3.1573833402e+02
9.9410000000e-02 3.1579159908e+02
9.9500000000e-02 3.1580251619e+02
9.9910000000e-02 3.1585563768e+02
1.0000000000e-01 3.1586652502e+02
1.0041000000e-01 3.1591950127e+02
1.0050000000e-01 3.1593035902e+02
1.0091000000e-01 3.1598319004e+02
1.0100000000e-01 3.1599401802e+02
1.0141000000e-01 3.1604670464e+02
1.0150000000e-01 3.1605750302e+02
1.0191000000e-01 3.1611004523e+02
1.0200000000e-01 3.1612081385e+02
1.0241000000e-01 3.1617321083e+02
1.0250000000e-01 3.1618394985e+02
1.0291000000e-01 3.1623620160e+02
1.0300000000e-01 3.1624691085e+02
1.0341000000e-01 3.1629901819e+02
1.0350000000e-01 3.1630969785e+02
1.0391000000e-01 3.1636165996e+02
1.0400000000e-01 3.1637230985e+02
1.0441000000e-01 3.1642412756e+02
1.0450000000e-01 3.1643474785e+02
1.0491000000e-01 3.1648642115e+02
1.0500000000e-01 3.1649701168e+02
1.0541000000e-01 3.1654853975e+02
1.0550000000e-01 3.1655910085e+02
1.0591000000e-01 3.1661048451e+02
1.0600000000e-01 3.1662101585e+02
1.0641000000e-01 3.1667225511e+02
1.0650000000e-01 3.1668275685e+02
1.0691000000e-01 3.1673385254e+02
1.0700000000e-01 3.1674432468e+02
1.0741000000e-01 3.1679527513e+02
1.0750000000e-01 3.1680571768e+02
1.0791000000e-01 3.1685652456e+02
1.0800000000e-01 3.1686693768e+02
1.0841000000e-01 3.1691760099e+02
1.0850000000e-01 3.1692798468e+02
1.0891000000e-01 3.1697850441e+02
1.0900000000e-01 3.1698885851e+02
1.0941000000e-01 3.1703923384e+02
1.0950000000e-01 3.1704955868e+02
1.0991000000e-01 3.1709979209e+02
1.1000000000e-01 3.1711008751e+02
1.1041000000e-01 3.1716017735e+02
1.1050000000e-01 3.1717044351e+02
1.1091000000e-01 3.1722039061e+02
1.1100000000e-01 3.1723062751e+02
1.1141000000e-01 3.1728043186e+02
1.1150000000e-01 3.1729063951e+02
1.1191000000e-01 3.1734030195e+02
1.1200000000e-01 3.1735048051e+02
1.1241000000e-01 3.1740000186e+02
1.1250000000e-01 3.1741015151e+02
1.1291000000e-01 3.1745953178e+02
1.1300000000e-01 3.1746965234e+02
1.1341000000e-01 3.1751889070e+02
1.1350000000e-01 3.1752898251e+02
1.1391000000e-01 3.1757808144e+02
1.1400000000e-01 3.1758814451e+02
1.1441000000e-01 3.1763710319e+02
1.1450000000e-01 3.1764713751e+02
1.1491000000e-01 3.1769595676e+02
1.1500000000e-01 3.1770596251e+02
1.1541000000e-01 3.1775464317e+02
1.1550000000e-01 3.1776462051e+02
1.1591000000e-01 3.1781316340e+02
1.1600000000e-01 3.1782311234e+02
1.1641000000e-01 3.1787151747e+02
1.1650000000e-01 3.1788143834e+02
1.1691000000e-01 3.1792970653e+02
1.1700000000e-01 3.1793959951e+02
1.1741000000e-01 3.1798773243e+02
1.1750000000e-01 3.1799759734e+02
1.1791000000e-01 3.1804559416e+02
1.1800000000e-01 3.1805543151e+02
1.1841000000e-01 3.1810329471e+02
1.1850000000e-01 3.1811310434e+02
1.1891000000e-01 3.1816083476e+02
1.1900000000e-01 3.1817061734e+02
1.1941000000e-01 3.1821821414e+02
1.1950000000e-01 3.1822796934e+02
1.1991000000e-01 3.1827543584e+02
1.2000000000e-01 3.1828516434e+02
1.2041000000e-01 3.1833250055e+02
1.2050000000e-01 3.1834220234e+02
1.2091000000e-01 3.1838940991e+02
1.2100000000e-01 3.1839908517e+02
1.2141000000e-01 3.1844616494e+02
1.2150000000e-01 3.1845581417e+02
1.2191000000e-01 3.1850276779e+02
1.2200000000e-01 3.1851239117e+02
1.2241000000e-01 3.1855921948e+02
1.2250000000e-01 3.1856881734e+02
1.2291000000e-01 3.1861552365e+02
1.2300000000e-01 3.1862509617e+02
1.2341000000e-01 3.1867167965e+02
1.2350000000e-01 3.1868122734e+02
1.2391000000e-01 3.1872769215e+02
1.2400000000e-01 3.1873721534e+02
1.2441000000e-01 3.1878356230e+02
1.2450000000e-01 3.1879306117e+02
1.2491000000e-01 3.1883929194e+02
1.2500000000e-01 3.1884876717e+02
1.2541000000e-01 3.1889488425e+02
1.2550000000e-01 3.1890433634e+02
1.2591000000e-01 3.1895034221e+02
1.2600000000e-01 3.1895977117e+02
1.2641000000e-01 3.1900566832e+02
1.2650000000e-01 3.1901507517e+02
1.2691000000e-01 3.1906086526e+02
1.2700000000e-01 3.1907025017e+02
1.2741000000e-01 3.1911593653e+02
1.2750000000e-01 3.1912530034e+02
1.2791000000e-01 3.1917088628e+02
1.2800000000e-01 3.1918022917e+02
1.2841000000e-01 3.1922571718e+02
1.2850000000e-01 3.1923504017e+02
1.2891000000e-01 3.1928043357e+02
1.2900000000e-01 3.1928973717e+02
1.2941000000e-01 3.1933503928e+02
1.2950000000e-01 3.1934432417e+02
1.2991000000e-01 3.1938953914e+02
1.3000000000e-01 3.1939880617e+02
1.3041000000e-01 3.1944393732e+02
1.3050000000e-01 3.1945318717e+02
1.3091000000e-01 3.1949823948e+02
1.3100000000e-01 3.1950747317e+02
1.3141000000e-01 3.1955244996e+02
1.3150000000e-01 3.1956166800e+02
1.3191000000e-01 3.1960657341e+02
1.3200000000e-01 3.1961577717e+02
1.3241000000e-01 3.1966061785e+02
1.3250000000e-01 3.1966980817e+02
1.3291000000e-01 3.1971458910e+02
1.3300000000e-01 3.1972376717e+02
1.3341000000e-01 3.1976849249e+02
1.3350000000e-01 3.1977765917e+02
1.3391000000e-01 3.1982233553e+02
1.3400000000e-01 3.1983149217e+02
1.3441000000e-01 3.1987612620e+02
1.3450000000e-01 3.1988527417e+02
1.3491000000e-01 3.1992987169e+02
1.3500000000e-01 3.1993901217e+02
1.3541000000e-01 3.1998358147e+02
1.3550000000e-01 3.1999271600e+02
1.3591000000e-01 3.2003726289e+02
1.3600000000e-01 3.2004639317e+02
1.3641000000e-01 3.2009092679e+02
1.3650000000e-01 3.2010005400e+02
1.3691000000e-01 3.2014458181e+02
1.3700000000e-01 3.2015370817e+02
1.3741000000e-01 3.2019824013e+02
1.3750000000e-01 3.2020736700e+02
1.3791000000e-01 3.2025191140e+02
1.3800000000e-01 3.2026104117e+02
1.3841000000e-01 3.2030560964e+02
1.3850000000e-01 3.2031474400e+02
1.3891000000e-01 3.2035934567e+02
1.3900000000e-01 3.2036848700e+02
1.3941000000e-01 3.2041313348e+02
1.3950000000e-01 3.2042228417e+02
1.3991000000e-01 3.2046698875e+02
1.4000000000e-01 3.2047615117e+02
1.4041000000e-01 3.2052092546e+02
1.4050000000e-01 3.2053010217e+02
1.4091000000e-01 3.2057496028e+02
1.4100000000e-01 3.2058415417e+02
1.4141000000e-01 3.2062911021e+02
1.4150000000e-01 3.2063832417e+02
1.4191000000e-01 3.2068339473e+02
1.4200000000e-01 3.2069263217e+02
1.4241000000e-01 3.2073783220e+02
1.4250000000e-01 3.2074709617e+02
1.4291000000e-01 3.2079244475e+02
1.4300000000e-01 3.2080173900e+02
1.4341000000e-01 3.2084725356e+02
1.4350000000e-01 3.2085658200e+02
1.4391000000e-01 3.2090228246e+02
1.4400000000e-01 3.2091164900e+02
1.4441000000e-01 3.2095755694e+02
1.4450000000e-01 3.2096696617e+02
1.4491000000e-01 3.2101310482e+02
1.4500000000e-01 3.2102256100e+02
1.4541000000e-01 3.2106895361e+02
1.4550000000e-01 3.2107846217e+02
1.4591000000e-01 3.2112513528e+02
1.4600000000e-01 3.2113470100e+02
1.4641000000e-01 3.2118168035e+02
1.4650000000e-01 3.2119130917e+02
1.4691000000e-01 3.2123862546e+02
1.4700000000e-01 3.2124832300e+02
1.4741000000e-01 3.2129600445e+02
1.4750000000e-01 3.2130577717e+02
1.4791000000e-01 3.2135385366e+02
1.4800000000e-01 3.2136370700e+02
1.4841000000e-01 3.2141220093e+02
1.4850000000e-01 3.2142214000e+02
1.4891000000e-01 3.2147106133e+02
1.4900000000e-01 3.2148108800e+02
1.4941000000e-01 3.2153040935e+02
1.4950000000e-01 3.2154051817e+02
1.4991000000e-01 3.2159014824e+02
1.5000000000e-01 3.2160032000e+02
1.5041000000e-01 3.2165008203e+02
1.5050000000e-01 3.2166028100e+02
1.5091000000e-01 3.2171011855e+02
1.5100000000e-01 3.2172033300e+02
1.5141000000e-01 3.2177022117e+02
1.5150000000e-01 3.2178044617e+02
1.5191000000e-01 3.2183037418e+02
1.5200000000e-01 3.2184060700e+02
1.5241000000e-01 3.2189056654e+02
1.5250000000e-01 3.2190080600e+02
1.5291000000e-01 3.2195079127e+02
1.5300000000e-01 3.2196103617e+02
1.5341000000e-01 3.2201104468e+02
1.5350000000e-01 3.2202129417e+02
1.5391000000e-01 3.2207132260e+02
1.5400000000e-01 3.2208157600e+02
1.5441000000e-01 3.2213162019e+02
1.5450000000e-01 3.2214187700e+02
1.5491000000e-01 3.2219193530e+02
1.5500000000e-01 3.2220219500e+02
1.5541000000e-01 3.2225226409e+02
1.5550000000e-01 3.2226252617e+02
1.5591000000e-01 3.2231260439e+02
1.5600000000e-01 3.2232286817e+02
1.5641000000e-01 3.2237295220e+02
1.5650000000e-01 3.2238321700e+02
1.5691000000e-01 3.2243330352e+02
1.5700000000e-01 3.2244356900e+02
1.5741000000e-01 3.2249365469e+02
1.5750000000e-01 3.2250392000e+02
1.5791000000e-01 3.2255400154e+02
1.5800000000e-01 3.2256426600e+02
1.5841000000e-01 3.2261433924e+02
1.5850000000e-01 3.2262460217e+02
1.5891000000e-01 3.2267466462e+02
1.5900000000e-01 3.2268492500e+02
1.5941000000e-01 3.2273497085e+02
1.5950000000e-01 3.2274522817e+02
1.5991000000e-01 3.2279525411e+02
1.6000000000e-01 3.2280550700e+02
1.6009000000e-01 3.2281575496e+02
1.6050000000e-01 3.2286575517e+02
1.6059000000e-01 3.2287599684e+02
1.6100000000e-01 3.2292596717e+02
1.6109000000e-01 3.2293620152e+02
1.6150000000e-01 3.2298613700e+02
1.6159000000e-01 3.2299636302e+02
1.6200000000e-01 3.2304625700e+02
1.6209000000e-01 3.2305647332e+02
1.6250000000e-01 3.2310632000e+02
1.6259000000e-01 3.2311652544e+02
1.6300000000e-01 3.2316631900e+02
1.6309000000e-01 3.2317651219e+02
1.6350000000e-01 3.2322624517e+02
1.6359000000e-01 3.2323642424e+02
1.6400000000e-01 3.2328609000e+02
1.6409000000e-01 3.2329625342e+02
1.6450000000e-01 3.2334584200e+02
1.6459000000e-01 3.2335598790e+02
1.6500000000e-01 3.2340549017e+02
1.6509000000e-01 3.2341561583e+02
1.6550000000e-01 3.2346502100e+02
1.6559000000e-01 3.2347512370e+02
1.6600000000e-01 3.2352441517e+02
1.6609000000e-01 3.2353449100e+02
1.6650000000e-01 3.2358365217e+02
1.6659000000e-01 3.2359369619e+02
1.6700000000e-01 3.2364270300e+02
1.6709000000e-01 3.2365270841e+02
1.6750000000e-01 3.2370152600e+02
1.6759000000e-01 3.2371148310e+02
1.6800000000e-01 3.2376006417e+02
1.6809000000e-01 3.2376995783e+02
1.6850000000e-01 3.2381823017e+02
1.6859000000e-01 3.2382803623e+02
1.6900000000e-01 3.2387588200e+02
1.6909000000e-01 3.2388555862e+02
1.6950000000e-01 3.2393277117e+02
1.6959000000e-01 3.2394223551e+02
1.7000000000e-01 3.2398841400e+02
1.7009000000e-01 3.2399748185e+02
1.7050000000e-01 3.2404172500e+02
1.7059000000e-01 3.2405025247e+02
1.7100000000e-01 3.2409185900e+02
1.7109000000e-01 3.2409975525e+02
1.7150000000e-01 3.2413828117e+02
1.7159000000e-01 3.2414550164e+02
1.7200000000e-01 3.2418073117e+02
1.7209000000e-01 3.2418726174e+02
1.7250000000e-01 3.2421912517e+02
1.7259000000e-01 3.2422496873e+02
1.7300000000e-01 3.2425348100e+02
1.7309000000e-01 3.2425864963e+02
1.7350000000e-01 3.2428386800e+02
1.7359000000e-01 3.2428837803e+02
1.7400000000e-01 3.2431038217e+02
1.7409000000e-01 3.2431425163e+02
1.7450000000e-01 3.2433313200e+02
1.7459000000e-01 3.2433638027e+02
1.7500000000e-01 3.2435222817e+02
1.7509000000e-01 3.2435487397e+02
1.7550000000e-01 3.2436778400e+02
1.7559000000e-01 3.2436984672e+02
1.7600000000e-01 3.2437991100e+02
1.7609000000e-01 3.2438140901e+02
1.7650000000e-01 3.2438871800e+02
1.7659000000e-01 3.2438966967e+02
1.7700000000e-01 3.2439431217e+02
1.7709000000e-01 3.2439473502e+02
1.7750000000e-01 3.2439679900e+02
1.7759000000e-01 3.2439671072e+02
1.7800000000e-01 3.2439627917e+02
1.7809000000e-01 3.2439569626e+02
1.7850000000e-01 3.2439285217e+02
1.7859000000e-01 3.2439179113e+02
1.7900000000e-01 3.2438661417e+02
1.7909000000e-01 3.2438509098e+02
1.7950000000e-01 3.2437766000e+02
1.7959000000e-01 3.2437569032e+02
1.8000000000e-01 3.2436608000e+02
1.8009000000e-01 3.2436367879e+02
1.8050000000e-01 3.2435196217e+02
1.8059000000e-01 3.2434914406e+02
1.8100000000e-01 3.2433539417e+02
1.8109000000e-01 3.2433217345e+02
1.8150000000e-01 3.2431645917e+02
1.8159000000e-01 3.2431284945e+02
1.8200000000e-01 3.2429523800e+02
1.8209000000e-01 3.2429125305e+02
1.8250000000e-01 3.2427180917e+02
1.8259000000e-01 3.2426746158e+02
1.8300000000e-01 3.2424624917e+02
1.8309000000e-01 3.2424155170e+02
1.8350000000e-01 3.2421863217e+02
1.8359000000e-01 3.2421359706e+02
1.8400000000e-01 3.2418903100e+02
1.8409000000e-01 3.2418367016e+02
1.8450000000e-01 3.2415751317e+02
1.8459000000e-01 3.2415183783e+02
1.8500000000e-01 3.2412414717e+02
1.8509000000e-01 3.2411816856e+02
1.8550000000e-01 3.2408899817e+02
1.8559000000e-01 3.2408272699e+02
1.8600000000e-01 3.2405212917e+02
1.8609000000e-01 3.2404557581e+02
1.8650000000e-01 3.2401360117e+02
1.8659000000e-01 3.2400677549e+02
1.8700000000e-01 3.2397347217e+02
1.8709000000e-01 3.2396638421e+02
1.8750000000e-01 3.2393180117e+02
1.8759000000e-01 3.2392445994e+02
1.8800000000e-01 3.2388864117e+02
1.8809000000e-01 3.2388105585e+02
1.8850000000e-01 3.2384404617e+02
1.8859000000e-01 3.2383622561e+02
1.8900000000e-01 3.2379806817e+02
1.8909000000e-01 3.2379002054e+02
1.8950000000e-01 3.2375075517e+02
1.8959000000e-01 3.2374248880e+02
1.9000000000e-01 3.2370215617e+02
1.9009000000e-01 3.2369367871e+02
1.9050000000e-01 3.2365231617e+02
1.9059000000e-01 3.2364363528e+02
1.9100000000e-01 3.2360128017e+02
1.9109000000e-01 3.2359240316e+02
1.9150000000e-01 3.2354909117e+02
1.9159000000e-01 3.2354002502e+02
1.9200000000e-01 3.2349579017e+02
1.9209000000e-01 3.2348654168e+02
1.9250000000e-01 3.2344141634e+02
1.9259000000e-01 3.2343199180e+02
1.9300000000e-01 3.2338600834e+02
1.9309000000e-01 3.2337641405e+02
1.9350000000e-01 3.2332960317e+02
1.9359000000e-01 3.2331984525e+02
1.9400000000e-01 3.2327223517e+02
1.9409000000e-01 3.2326231940e+02
1.9450000000e-01 3.2321393834e+02
1.9459000000e-01 3.2320387017e+02
1.9500000000e-01 3.2315474634e+02
1.9509000000e-01 3.2314453104e+02
1.9550000000e-01 3.2309469017e+02
1.9559000000e-01 3.2308433318e+02
1.9600000000e-01 3.2303379934e+02
1.9609000000e-01 3.2302330508e+02
1.9650000000e-01 3.2297210234e+02
1.9659000000e-01 3.2296147592e+02
1.9700000000e-01 3.2290962834e+02
1.9709000000e-01 3.2289887418e+02
1.9750000000e-01 3.2284640334e+02
1.9759000000e-01 3.2283552569e+02
1.9800000000e-01 3.2278245234e+02
1.9809000000e-01 3.2277145563e+02
1.9850000000e-01 3.2271780134e+02
1.9859000000e-01 3.2270668913e+02
1.9900000000e-01 3.2265247134e+02
1.9909000000e-01 3.2264124789e+02
1.9950000000e-01 3.2258648734e+02
1.9959000000e-01 3.2257515605e+02
2.0000000000e-01 3.2251986934e+02
2.0009000000e-01 3.2250843396e+02
2.0050000000e-01 3.2245263851e+02
2.0059000000e-01 3.2244110209e+02
2.0100000000e-01 3.2238481534e+02
2.0109000000e-01 3.2237318146e+02
2.0150000000e-01 3.2231641751e+02
2.0159000000e-01 3.2230468889e+02
2.0200000000e-01 3.2224746434e+02
2.0209000000e-01 3.2223564421e+02
2.0250000000e-01 3.2217797234e+02
2.0259000000e-01 3.2216606359e+02
2.0300000000e-01 3.2210795851e+02
2.0309000000e-01 3.2209596352e+02
2.0350000000e-01 3.2203743851e+02
2.0359000000e-01 3.2202536017e+02
2.0400000000e-01 3.2196642851e+02
2.0409000000e-01 3.2195426921e+02
2.0450000000e-01 3.2189494251e+02
2.0459000000e-01 3.2188270446e+02
2.0500000000e-01 3.2182299351e+02
2.0509000000e-01 3.2181067925e+02
2.0550000000e-01 3.2175059651e+02
2.0559000000e-01 3.2173820809e+02
2.0600000000e-01 3.2167776351e+02
2.0609000000e-01 3.2166530297e+02
2.0650000000e-01 3.2160450651e+02
2.0659000000e-01 3.2159197590e+02
2.0700000000e-01 3.2153083668e+02
2.0709000000e-01 3.2151823786e+02
2.0750000000e-01 3.2145676668e+02
2.0759000000e-01 3.2144410135e+02
2.0800000000e-01 3.2138230568e+02
2.0809000000e-01 3.2136957572e+02
2.0850000000e-01 3.2130746551e+02
2.0859000000e-01 3.2129467261e+02
2.0900000000e-01 3.2123225368e+02
2.0909000000e-01 3.2121939938e+02
2.0950000000e-01 3.2115668168e+02
2.0959000000e-01 3.2114376733e+02
2.1000000000e-01 3.2108075668e+02
2.1009000000e-01 3.2106778399e+02
2.1050000000e-01 3.2100448785e+02
2.1059000000e-01 3.2099145784e+02
2.1100000000e-01 3.2092788368e+02
2.1109000000e-01 3.2091479805e+02
2.1150000000e-01 3.2085095168e+02
2.1159000000e-01 3.2083781145e+02
2.1200000000e-01 3.2077369868e+02
2.1209000000e-01 3.2076050521e+02
2.1250000000e-01 3.2069613185e+02
2.1259000000e-01 3.2068288616e+02
2.1300000000e-01 3.2061825885e+02
2.1309000000e-01 3.2060496213e+02
2.1350000000e-01 3.2054008585e+02
2.1359000000e-01 3.2052673896e+02
2.1400000000e-01 3.2046161785e+02
2.1409000000e-01 3.2044822197e+02
2.1450000000e-01 3.2038286185e+02
2.1459000000e-01 3.2036941800e+02
2.1500000000e-01 3.2030382302e+02
2.1509000000e-01 3.2029033189e+02
2.1550000000e-01 3.2022450702e+02
2.1559000000e-01 3.2021096962e+02
2.1600000000e-01 3.2014491902e+02
2.1609000000e-01 3.2013133621e+02
2.1650000000e-01 3.2006506402e+02
2.1659000000e-01 3.2005143647e+02
2.1700000000e-01 3.1998494602e+02
2.1709000000e-01 3.1997127476e+02
2.1750000000e-01 3.1990457019e+02
2.1759000000e-01 3.1989085556e+02
2.1800000000e-01 3.1982394019e+02
2.1809000000e-01 3.1981018320e+02
2.1850000000e-01 3.1974306119e+02
2.1859000000e-01 3.1972926219e+02
2.1900000000e-01 3.1966193519e+02
2.1909000000e-01 3.1964809520e+02
2.1950000000e-01 3.1958056819e+02
2.1959000000e-01 3.1956668754e+02
2.2000000000e-01 3.1949896219e+02
2.2009000000e-01 3.1948504157e+02
2.2050000000e-01 3.1941712119e+02
2.2059000000e-01 3.1940316128e+02
2.2100000000e-01 3.1933504753e+02
2.2109000000e-01 3.1932104850e+02
2.2150000000e-01 3.1925274636e+02
2.2159000000e-01 3.1923870906e+02
2.2200000000e-01 3.1917021853e+02
2.2209000000e-01 3.1915614330e+02
2.2250000000e-01 3.1908746853e+02
2.2259000000e-01 3.1907335571e+02
2.2300000000e-01 3.1900449753e+02
2.2309000000e-01 3.1899034780e+02
2.2350000000e-01 3.1892130953e+02
2.2359000000e-01 3.1890712340e+02
2.2400000000e-01 3.1883790670e+02
2.2409000000e-01 3.1882368417e+02
2.2450000000e-01 3.1875429070e+02
2.2459000000e-01 3.1874003245e+02
2.2500000000e-01 3.1867046470e+02
2.2509000000e-01 3.1865617107e+02
2.2550000000e-01 3.1858642987e+02
2.2559000000e-01 3.1857210120e+02
2.2600000000e-01 3.1850218987e+02
2.2609000000e-01 3.1848782650e+02
2.2650000000e-01 3.1841774587e+02
2.2659000000e-01 3.1840334814e+02
2.2700000000e-01 3.1833309904e+02
2.2709000000e-01 3.1831866712e+02
2.2750000000e-01 3.1824825204e+02
2.2759000000e-01 3.1823378644e+02
2.2800000000e-01 3.1816320704e+02
2.2809000000e-01 3.1814870810e+02
2.2850000000e-01 3.1807796521e+02
2.2859000000e-01 3.1806343294e+02
2.2900000000e-01 3.1799252821e+02
2.2909000000e-01 3.1797796311e+02
2.2950000000e-01 3.1790689738e+02
2.2959000000e-01 3.1789229962e+02
2.3000000000e-01 3.1782107538e+02
2.3009000000e-01 3.1780644513e+02
2.3050000000e-01 3.1773506155e+02
2.3059000000e-01 3.1772039916e+02
2.3100000000e-01 3.1764885955e+02
2.3109000000e-01 3.1763416518e+02
2.3150000000e-01 3.1756246955e+02
2.3159000000e-01 3.1754774354e+02
2.3200000000e-01 3.1747589272e+02
2.3209000000e-01 3.1746113507e+02
2.3250000000e-01 3.1738913072e+02
2.3259000000e-01 3.1737434178e+02
2.3300000000e-01 3.1730218389e+02
2.3309000000e-01 3.1728736399e+02
2.3350000000e-01 3.1721505506e+02
2.3359000000e-01 3.1720020403e+02
2.3400000000e-01 3.1712774406e+02
2.3409000000e-01 3.1711286241e+02
2.3450000000e-01 3.1704025223e+02
2.3459000000e-01 3.1702533997e+02
2.3500000000e-01 3.1695258123e+02
2.3509000000e-01 3.1693763852e+02
2.3550000000e-01 3.1686473040e+02
2.3559000000e-01 3.1684975741e+02
2.3600000000e-01 3.1677670240e+02
2.3609000000e-01 3.1676169948e+02
2.3650000000e-01 3.1668849757e+02
2.3659000000e-01 3.1667346471e+02
2.3700000000e-01 3.1660011674e+02
2.3709000000e-01 3.1658505395e+02
2.3750000000e-01 3.1651156074e+02
2.3759000000e-01 3.1649646852e+02
2.3800000000e-01 3.1642283091e+02
2.3809000000e-01 3.1640770909e+02
2.3850000000e-01 3.1633392708e+02
2.3859000000e-01 3.1631877584e+02
2.3900000000e-01 3.1624485108e+02
2.3909000000e-01 3.1622967058e+02
2.3950000000e-01 3.1615560308e+02
2.3959000000e-01 3.1614039367e+02
2.4000000000e-01 3.1606618342e+02
2.4009000000e-01 3.1605094492e+02
2.4050000000e-01 3.1597659359e+02
2.4059000000e-01 3.1596132617e+02
2.4100000000e-01 3.1588683459e+02
2.4109000000e-01 3.1587153843e+02
2.4150000000e-01 3.1579690576e+02
2.4159000000e-01 3.1578158102e+02
2.4200000000e-01 3.1570680893e+02
2.4209000000e-01 3.1569145562e+02
2.4250000000e-01 3.1561654410e+02
2.4259000000e-01 3.1560116238e+02
2.4300000000e-01 3.1552611310e+02
2.4309000000e-01 3.1551070315e+02
2.4350000000e-01 3.1543551444e+02
2.4359000000e-01 3.1542007625e+02
2.4400000000e-01 3.1534475061e+02
2.4409000000e-01 3.1532928419e+02
2.4450000000e-01 3.1525382078e+02
2.4459000000e-01 3.1523832646e+02
2.4500000000e-01 3.1516272695e+02
2.4509000000e-01 3.1514720456e+02
2.4550000000e-01 3.1507146812e+02
2.4559000000e-01 3.1505591801e+02
2.4600000000e-01 3.1498004629e+02
2.4609000000e-01 3.1496446845e+02
2.4650000000e-01 3.1488846146e+02
2.4659000000e-01 3.1487285590e+02
2.4700000000e-01 3.1479671363e+02
2.4709000000e-01 3.1478108051e+02
2.4750000000e-01 3.1470480380e+02
2.4759000000e-01 3.1468914313e+02
2.4800000000e-01 3.1461273197e+02
2.4809000000e-01 3.1459704408e+02
2.4850000000e-01 3.1452049931e+02
2.4859000000e-01 3.1450478404e+02
2.4900000000e-01 3.1442810648e+02
2.4909000000e-01 3.1441236382e+02
2.4950000000e-01 3.1433555265e+02
2.4959000000e-01 3.1431978295e+02
2.5000000000e-01 3.1424283982e+02
2.5009000000e-01 3.1422704307e+02
2.5050000000e-01 3.1414996716e+02
2.5059000000e-01 3.1413414337e+02
2.5100000000e-01 3.1405693633e+02
2.5109000000e-01 3.1404108567e+02
2.5150000000e-01 3.1396374667e+02
2.5159000000e-01 3.1394786913e+02
2.5200000000e-01 3.1387039901e+02
2.5209000000e-01 3.1385449460e+02
2.5250000000e-01 3.1377689419e+02
2.5259000000e-01 3.1376096323e+02
2.5300000000e-01 3.1368323253e+02
2.5309000000e-01 3.1366727470e+02
2.5350000000e-01 3.1358941370e+02
2.5359000000e-01 3.1357342950e+02
2.5400000000e-01 3.1349543904e+02
2.5409000000e-01 3.1347942831e+02
2.5450000000e-01 3.1340130838e+02
2.5459000000e-01 3.1338527111e+02
2.5500000000e-01 3.1330702172e+02
2.5509000000e-01 3.1329095809e+02
2.5550000000e-01 3.1321258089e+02
2.5559000000e-01 3.1319649107e+02
2.5600000000e-01 3.1311798523e+02
2.5609000000e-01 3.1310186921e+02
2.5650000000e-01 3.1302323474e+02
2.5659000000e-01 3.1300709253e+02
2.5700000000e-01 3.1292833108e+02
2.5709000000e-01 3.1291216267e+02
2.5750000000e-01 3.1283327425e+02
2.5759000000e-01 3.1281707999e+02
2.5800000000e-01 3.1273806376e+02
2.5809000000e-01 3.1272184330e+02
2.5850000000e-01 3.1264270093e+02
2.5859000000e-01 3.1262645479e+02
2.5900000000e-01 3.1254718544e+02
2.5909000000e-01 3.1253091345e+02
2.5950000000e-01 3.1245151795e+02
2.5959000000e-01 3.1243522010e+02
2.6000000000e-01 3.1235569929e+02
2.6009000000e-01 3.1233937576e+02
2.6050000000e-01 3.1225972963e+02
2.6059000000e-01 3.1224338041e+02
2.6100000000e-01 3.1216360814e+02
2.6109000000e-01 3.1214723341e+02
2.6150000000e-01 3.1206733748e+02
2.6159000000e-01 3.1205093724e+02
2.6200000000e-01 3.1197091599e+02
2.6209000000e-01 3.1195449023e+02
2.6250000000e-01 3.1187434450e+02
2.6259000000e-01 3.1185789340e+02
2.6300000000e-01 3.1177762401e+02
2.6309000000e-01 3.1176114757e+02
2.6350000000e-01 3.1168075535e+02
2.6359000000e-01 3.1166425356e+02
2.6400000000e-01 3.1158373686e+02
2.6409000000e-01 3.1156720990e+02
2.6450000000e-01 3.1148657037e+02
2.6459000000e-01 3.1147001841e+02
2.6500000000e-01 3.1138925688e+02
2.6509000000e-01 3.1137267974e+02
2.6550000000e-01 3.1129179539e+02
2.6559000000e-01 3.1127519325e+02
2.6600000000e-01 3.1119418607e+02
2.6609000000e-01 3.1117755893e+02
2.6650000000e-01 3.1109643058e+02
2.6659000000e-01 3.1107977860e+02
2.6700000000e-01 3.1099852909e+02
2.6709000000e-01 3.1098185211e+02
2.6750000000e-01 3.1090048060e+02
2.6759000000e-01 3.1088377913e+02
2.6800000000e-01 3.1080228728e+02
2.6809000000e-01 3.1078556097e+02
2.6850000000e-01 3.1070394796e+02
2.6859000000e-01 3.1068719699e+02
2.6900000000e-01 3.1060546447e+02
2.6909000000e-01 3.1058868884e+02
2.6950000000e-01 3.1050683515e+02
2.6959000000e-01 3.1049003519e+02
2.7000000000e-01 3.1040806283e+02
2.7009000000e-01 3.1039123821e+02
2.7050000000e-01 3.1030914634e+02
2.7059000000e-01 3.1029229757e+02
2.7100000000e-01 3.1021008619e+02
2.7109000000e-01 3.1019321292e+02
2.7150000000e-01 3.1011088287e+02
2.7159000000e-01 3.1009398545e+02
2.7200000000e-01 3.1001153756e+02
2.7209000000e-01 3.0999461581e+02
2.7250000000e-01 3.0991204924e+02
2.7259000000e-01 3.0989510350e+02
2.7300000000e-01 3.0981241909e+02
2.7309000000e-01 3.0979544920e+02
2.7350000000e-01 3.0971264777e+02
2.7359000000e-01 3.0969565390e+02
2.7400000000e-01 3.0961273545e+02
2.7409000000e-01 3.0959571760e+02
2.7450000000e-01 3.0951268213e+02
2.7459000000e-01 3.0949564063e+02
2.7500000000e-01 3.0941248815e+02
2.7509000000e-01 3.0939542267e+02
2.7550000000e-01 3.0931215483e+02
2.7559000000e-01 3.0929506571e+02
2.7600000000e-01 3.0921168168e+02
2.7609000000e-01 3.0919456892e+02
2.7650000000e-01 3.0911106953e+02
2.7659000000e-01 3.0909393312e+02
2.7700000000e-01 3.0901031838e+02
2.7709000000e-01 3.0899315850e+02
2.7750000000e-01 3.0890942923e+02
2.7759000000e-01 3.0889224588e+02
2.7800000000e-01 3.0880840208e+02
2.7809000000e-01 3.0879119543e+02
2.7850000000e-01 3.0870723710e+02
2.7859000000e-01 3.0869000714e+02
2.7900000000e-01 3.0860593595e+02
2.7909000000e-01 3.0858868269e+02
2.7950000000e-01 3.0850449780e+02
2.7959000000e-01 3.0848722158e+02
2.8000000000e-01 3.0840292382e+02
2.8009000000e-01 3.0838562447e+02
2.8050000000e-01 3.0830121384e+02
2.8059000000e-01 3.0828389136e+02
2.8100000000e-01 3.0819936952e+02
2.8109000000e-01 3.0818202441e+02
2.8150000000e-01 3.0809738971e+02
2.8159000000e-01 3.0808002164e+02
2.8200000000e-01 3.0799527573e+02
2.8209000000e-01 3.0797788487e+02
2.8250000000e-01 3.0789302859e+02
2.8259000000e-01 3.0787561510e+02
2.8300000000e-01 3.0779064844e+02
2.8309000000e-01 3.0777321250e+02
2.8350000000e-01 3.0768813463e+02
2.8359000000e-01 3.0767067623e+02
2.8400000000e-01 3.0758548965e+02
2.8409000000e-01 3.0756800880e+02
2.8450000000e-01 3.0748271267e+02
2.8459000000e-01 3.0746520954e+02
2.8500000000e-01 3.0737980469e+02
2.8509000000e-01 3.0736227928e+02
2.8550000000e-01 3.0727676654e+02
2.8559000000e-01 3.0725921902e+02
2.8600000000e-01 3.0717359756e+02
2.8609000000e-01 3.0715602827e+02
2.8650000000e-01 3.0707029975e+02
2.8659000000e-01 3.0705270834e+02
2.8700000000e-01 3.0696687360e+02
2.8709000000e-01 3.0694926042e+02
2.8750000000e-01 3.0686331862e+02
2.8759000000e-01 3.0684568384e+02
2.8800000000e-01 3.0675963664e+02
2.8809000000e-01 3.0674198026e+02
2.8850000000e-01 3.0665582766e+02
2.8859000000e-01 3.0663814968e+02
2.8900000000e-01 3.0655189168e+02
2.8909000000e-01 3.0653419244e+02
2.8950000000e-01 3.0644783153e+02
2.8959000000e-01 3.0643011103e+02
2.9000000000e-01 3.0634364555e+02
2.9009000000e-01 3.0632590396e+02
2.9050000000e-01 3.0623933640e+02
2.9059000000e-01 3.0622157388e+02
2.9100000000e-01 3.0613490342e+02
2.9109000000e-01 3.0611711998e+02
2.9150000000e-01 3.0603034744e+02
2.9159000000e-01 3.0601254325e+02
2.9200000000e-01 3.0592567030e+02
2.9209000000e-01 3.0590784552e+02
2.9250000000e-01 3.0582087215e+02
2.9259000000e-01 3.0580302696e+02
2.9300000000e-01 3.0571595400e+02
2.9309000000e-01 3.0569808840e+02
2.9350000000e-01 3.0561091668e+02
2.9359000000e-01 3.0559303101e+02
2.9400000000e-01 3.0550576053e+02
2.9409000000e-01 3.0548785496e+02
2.9450000000e-01 3.0540048738e+02
2.9459000000e-01 3.0538256191e+02
2.9500000000e-01 3.0529509806e+02
2.9509000000e-01 3.0527715286e+02
2.9550000000e-01 3.0518959274e+02
2.9559000000e-01 3.0517162815e+02
2.9600000000e-01 3.0508397342e+02
2.9609000000e-01 3.0506598944e+02
2.9650000000e-01 3.0497824093e+02
2.9659000000e-01 3.0496023790e+02
2.9700000000e-01 3.0487239644e+02
2.9709000000e-01 3.0485437436e+02
2.9750000000e-01 3.0476644078e+02
2.9759000000e-01 3.0474840016e+02
2.9800000000e-01 3.0466037529e+02
2.9809000000e-01 3.0464231596e+02
2.9850000000e-01 3.0455420146e+02
2.9859000000e-01 3.0453612410e+02
2.9900000000e-01 3.0444791997e+02
2.9909000000e-01 3.0442982441e+02
2.9950000000e-01 3.0434153314e+02
2.9959000000e-01 3.0432341972e+02
3.0000000000e-01 3.0423504214e+02
3.0009000000e-01 3.0421691120e+02
3.0050000000e-01 3.0412844814e+02
3.0059000000e-01 3.0411029985e+02
3.0100000000e-01 3.0402175214e+02
3.0109000000e-01 3.0400358684e+02
3.0150000000e-01 3.0391495697e+02
3.0159000000e-01 3.0389677500e+02
3.0200000000e-01 3.0380806380e+02
3.0209000000e-01 3.0378986533e+02
3.0250000000e-01 3.0370107446e+02
3.0259000000e-01 3.0368285983e+02
3.0300000000e-01 3.0359399012e+02
3.0309000000e-01 3.0357575967e+02
3.0350000000e-01 3.0348681361e+02
3.0359000000e-01 3.0346856768e+02
3.0400000000e-01 3.0337954693e+02
3.0409000000e-01 3.0336128587e+02
3.0450000000e-01 3.0327219125e+02
3.0459000000e-01 3.0325391556e+02
3.0500000000e-01 3.0316474957e+02
3.0509000000e-01 3.0314645942e+02
3.0550000000e-01 3.0305722455e+02
3.0559000000e-01 3.0303892045e+02
3.0600000000e-01 3.0294961753e+02
3.0609000000e-01 3.0293129999e+02
3.0650000000e-01 3.0284193151e+02
3.0659000000e-01 3.0282360087e+02
3.0700000000e-01 3.0273417015e+02
3.0709000000e-01 3.0271582693e+02
3.0750000000e-01 3.0262633479e+02
3.0759000000e-01 3.0260797949e+02
3.0800000000e-01 3.0251842842e+02
3.0809000000e-01 3.0250006156e+02
3.0850000000e-01 3.0241045572e+02
3.0859000000e-01 3.0239207781e+02
3.0900000000e-01 3.0230241802e+02
3.0909000000e-01 3.0228402973e+02
3.0950000000e-01 3.0219432015e+02
3.0959000000e-01 3.0217592199e+02
3.1000000000e-01 3.0208616511e+02
3.1009000000e-01 3.0206775777e+02
3.1050000000e-01 3.0197795607e+02
3.1059000000e-01 3.0195954039e+02
3.1100000000e-01 3.0186969886e+02
3.1109000000e-01 3.0185127536e+02
3.1150000000e-01 3.0176139565e+02
3.1159000000e-01 3.0174296500e+02
3.1200000000e-01 3.0165305127e+02
3.1209000000e-01 3.0163461450e+02
3.1250000000e-01 3.0154467171e+02
3.1259000000e-01 3.0152622950e+02
3.1300000000e-01 3.0143626016e+02
3.1309000000e-01 3.0141781336e+02
3.1350000000e-01 3.0132782327e+02
3.1359000000e-01 3.0130937306e+02
3.1400000000e-01 3.0121936555e+02
3.1409000000e-01 3.0120091262e+02
3.1450000000e-01 3.0111089266e+02
3.1459000000e-01 3.0109243820e+02
3.1500000000e-01 3.0100241077e+02
3.1509000000e-01 3.0098395597e+02
3.1550000000e-01 3.0089392770e+02
3.1559000000e-01 3.0087547359e+02
3.1600000000e-01 3.0078544864e+02
3.1609000000e-01 3.0076699639e+02
3.1650000000e-01 3.0067698058e+02
3.1659000000e-01 3.0065853156e+02
3.1700000000e-01 3.0056853235e+02
3.1709000000e-01 3.0055008810e+02
3.1750000000e-01 3.0046011212e+02
3.1759000000e-01 3.0044167382e+02
3.1800000000e-01 3.0035172689e+02
3.1809000000e-01 3.0033329624e+02
3.1850000000e-01 3.0024338748e+02
3.1859000000e-01 3.0022496602e+02
3.1900000000e-01 3.0013510125e+02
3.1900000000e-01 3.0013510125e+02
3.1909000000e-01 3.0012360957e+02
3.1950000000e-01 3.0006755104e+02
3.1959000000e-01 3.0005605936e+02
3.2000000000e-01 3.0000000000e+02
