0 0 9.999e+19
0 0.005 7.69213e+19
0 0.01 3.56923e+19
0 0.015 9.8532e+18
0 0.02 1.79495e+18
0 0.025 3.68674e+17
0 0.03 1.01975e+17
0 0.035 3.27121e+16
0 0.04 1.11749e+16
0 0.045 3.94571e+15
0 0.05 1.42713e+15
0 0.055 5.28284e+14
0 0.06 2.00841e+14
0 0.065 7.90067e+13
0 0.07 3.25518e+13
0 0.075 1.42904e+13
0 0.08 6.80145e+12
0 0.085 3.55315e+12
0 0.09 2.04176e+12
0 0.095 1.27911e+12
0 0.1 8.59512e+11
0 0.105 6.08165e+11
0 0.11 4.45586e+11
0 0.115 3.33575e+11
0 0.12 2.52678e+11
0 0.125 1.92343e+11
0 0.13 1.46439e+11
0 0.135 1.11136e+11
0 0.14 8.38619e+10
0 0.145 6.2787e+10
0 0.15 4.65453e+10
0 0.155 3.4087e+10
0 0.16 2.45907e+10
0 0.165 1.74083e+10
0 0.17 1.20268e+10
0 0.175 8.04077e+09
0 0.18 5.13084e+09
0 0.185 3.04637e+09
0 0.19 1.59182e+09
0 0.195 6.15736e+08
0 0.2 20935.1
0.005 0 9.999e+19
0.005 0.005 7.69213e+19
0.005 0.01 3.56923e+19
0.005 0.015 9.85319e+18
0.005 0.02 1.79496e+18
0.005 0.025 3.68687e+17
0.005 0.03 1.01985e+17
0.005 0.035 3.27188e+16
0.005 0.04 1.11789e+16
0.005 0.045 3.94812e+15
0.005 0.05 1.42856e+15
0.005 0.055 5.29133e+14
0.005 0.06 2.01358e+14
0.005 0.065 7.9329e+13
0.005 0.07 3.27585e+13
0.005 0.075 1.44259e+13
0.005 0.08 6.89151e+12
0.005 0.085 3.61397e+12
0.005 0.09 2.08359e+12
0.005 0.095 1.30839e+12
0.005 0.1 8.80316e+11
0.005 0.105 6.23088e+11
0.005 0.11 4.56345e+11
0.005 0.115 3.41344e+11
0.005 0.12 2.58282e+11
0.005 0.125 1.96374e+11
0.005 0.13 1.49329e+11
0.005 0.135 1.13199e+11
0.005 0.14 8.53273e+10
0.005 0.145 6.38221e+10
0.005 0.15 4.72715e+10
0.005 0.155 3.45922e+10
0.005 0.16 2.49383e+10
0.005 0.165 1.76439e+10
0.005 0.17 1.21832e+10
0.005 0.175 8.14166e+09
0.005 0.18 5.1931e+09
0.005 0.185 3.08217e+09
0.005 0.19 1.60992e+09
0.005 0.195 6.22469e+08
0.005 0.2 20935.1
0.01 0 9.999e+19
0.01 0.005 7.69213e+19
0.01 0.01 3.56922e+19
0.01 0.015 9.85317e+18
0.01 0.02 1.79497e+18
0.01 0.025 3.68725e+17
0.01 0.03 1.02016e+17
0.01 0.035 3.27389e+16
0.01 0.04 1.11913e+16
0.01 0.045 3.95545e+15
0.01 0.05 1.43289e+15
0.01 0.055 5.31726e+14
0.01 0.06 2.02939e+14
0.01 0.065 8.03159e+13
0.01 0.07 3.33928e+13
0.01 0.075 1.4841e+13
0.01 0.08 7.16719e+12
0.01 0.085 3.80007e+12
0.01 0.09 2.21154e+12
0.01 0.095 1.39794e+12
0.01 0.1 9.43883e+11
0.01 0.105 6.6864e+11
0.01 0.11 4.89149e+11
0.01 0.115 3.65e+11
0.01 0.12 2.75324e+11
0.01 0.125 2.08621e+11
0.01 0.13 1.58099e+11
0.01 0.135 1.19453e+11
0.01 0.14 8.97669e+10
0.01 0.145 6.69562e+10
0.01 0.15 4.94693e+10
0.01 0.155 3.61206e+10
0.01 0.16 2.59897e+10
0.01 0.165 1.83565e+10
0.01 0.17 1.26564e+10
0.01 0.175 8.44675e+09
0.01 0.18 5.38134e+09
0.01 0.185 3.19041e+09
0.01 0.19 1.66467e+09
0.01 0.195 6.42829e+08
0.01 0.2 20935.1
0.015 0 9.999e+19
0.015 0.005 7.69213e+19
0.015 0.01 3.56922e+19
0.015 0.015 9.85312e+18
0.015 0.02 1.79499e+18
0.015 0.025 3.68787e+17
0.015 0.03 1.02067e+17
0.015 0.035 3.27729e+16
0.015 0.04 1.12123e+16
0.015 0.045 3.968e+15
0.015 0.05 1.44035e+15
0.015 0.055 5.36208e+14
0.015 0.06 2.0568e+14
0.015 0.065 8.20294e+13
0.015 0.07 3.44972e+13
0.015 0.075 1.55623e+13
0.015 0.08 7.64544e+12
0.015 0.085 4.12267e+12
0.015 0.09 2.43324e+12
0.015 0.095 1.55297e+12
0.015 0.1 1.05377e+12
0.015 0.105 7.47224e+11
0.015 0.11 5.45602e+11
0.015 0.115 4.05607e+11
0.015 0.12 3.04505e+11
0.015 0.125 2.29543e+11
0.015 0.13 1.73052e+11
0.015 0.135 1.30099e+11
0.015 0.14 9.73133e+10
0.015 0.145 7.22776e+10
0.015 0.15 5.31979e+10
0.015 0.155 3.8712e+10
0.015 0.16 2.77714e+10
0.015 0.165 1.95637e+10
0.015 0.17 1.34578e+10
0.015 0.175 8.96337e+09
0.015 0.18 5.70004e+09
0.015 0.185 3.37362e+09
0.015 0.19 1.75731e+09
0.015 0.195 6.77268e+08
0.015 0.2 20935.1
0.02 0 9.999e+19
0.02 0.005 7.69213e+19
0.02 0.01 3.56922e+19
0.02 0.015 9.85305e+18
0.02 0.02 1.79502e+18
0.02 0.025 3.68873e+17
0.02 0.03 1.02139e+17
0.02 0.035 3.28214e+16
0.02 0.04 1.12425e+16
0.02 0.045 3.98628e+15
0.02 0.05 1.45132e+15
0.02 0.055 5.42832e+14
0.02 0.06 2.09747e+14
0.02 0.065 8.45792e+13
0.02 0.07 3.61418e+13
0.02 0.075 1.66349e+13
0.02 0.08 8.35581e+12
0.02 0.085 4.60152e+12
0.02 0.09 2.76208e+12
0.02 0.095 1.78259e+12
0.02 0.1 1.21615e+12
0.02 0.105 8.62978e+11
0.02 0.11 6.28458e+11
0.02 0.115 4.64984e+11
0.02 0.12 3.47024e+11
0.02 0.125 2.59929e+11
0.02 0.13 1.94707e+11
0.02 0.135 1.4548e+11
0.02 0.14 1.08194e+11
0.02 0.145 7.99381e+10
0.02 0.15 5.8559e+10
0.02 0.155 4.24346e+10
0.02 0.16 3.03292e+10
0.02 0.165 2.12959e+10
0.02 0.17 1.46073e+10
0.02 0.175 9.70418e+09
0.02 0.18 6.15692e+09
0.02 0.185 3.63615e+09
0.02 0.19 1.88995e+09
0.02 0.195 7.26479e+08
0.02 0.2 20935.1
0.025 0 9.999e+19
0.025 0.005 7.69213e+19
0.025 0.01 3.56921e+19
0.025 0.015 9.85295e+18
0.025 0.02 1.79504e+18
0.025 0.025 3.6898e+17
0.025 0.03 1.02231e+17
0.025 0.035 3.28851e+16
0.025 0.04 1.1283e+16
0.025 0.045 4.01106e+15
0.025 0.05 1.46634e+15
0.025 0.055 5.51981e+14
0.025 0.06 2.15393e+14
0.025 0.065 8.81392e+13
0.025 0.07 3.84306e+13
0.025 0.075 1.81264e+13
0.025 0.08 9.3427e+12
0.025 0.085 5.26631e+12
0.025 0.09 3.21809e+12
0.025 0.095 2.10032e+12
0.025 0.1 1.44009e+12
0.025 0.105 1.02195e+12
0.025 0.11 7.41717e+11
0.025 0.115 5.45768e+11
0.025 0.12 4.04614e+11
0.025 0.125 3.00918e+11
0.025 0.13 2.23815e+11
0.025 0.135 1.66091e+11
0.025 0.14 1.2274e+11
0.025 0.145 9.01589e+10
0.025 0.15 6.57009e+10
0.025 0.155 4.73881e+10
0.025 0.16 3.37299e+10
0.025 0.165 2.35976e+10
0.025 0.17 1.61341e+10
0.025 0.175 1.06877e+10
0.025 0.18 6.76324e+09
0.025 0.185 3.98436e+09
0.025 0.19 2.06563e+09
0.025 0.195 7.91262e+08
0.025 0.2 20935.1
0.03 0 9.999e+19
0.03 0.005 7.69213e+19
0.03 0.01 3.5692e+19
0.03 0.015 9.85281e+18
0.03 0.02 1.79505e+18
0.03 0.025 3.69108e+17
0.03 0.03 1.02345e+17
0.03 0.035 3.29654e+16
0.03 0.04 1.1335e+16
0.03 0.045 4.04343e+15
0.03 0.05 1.48621e+15
0.03 0.055 5.64192e+14
0.03 0.06 2.22977e+14
0.03 0.065 9.29551e+13
0.03 0.07 4.15179e+13
0.03 0.075 2.01334e+13
0.03 0.08 1.06691e+13
0.03 0.085 6.15883e+12
0.03 0.09 3.82923e+12
0.03 0.095 2.52482e+12
0.03 0.1 1.73798e+12
0.03 0.105 1.23232e+12
0.03 0.11 8.90768e+11
0.03 0.115 6.51496e+11
0.03 0.12 4.79593e+11
0.03 0.125 3.54035e+11
0.03 0.13 2.6138e+11
0.03 0.135 1.92601e+11
0.03 0.14 1.41395e+11
0.03 0.145 1.03238e+11
0.03 0.15 7.48243e+10
0.03 0.155 5.37077e+10
0.03 0.16 3.80644e+10
0.03 0.165 2.65292e+10
0.03 0.17 1.80776e+10
0.03 0.175 1.19392e+10
0.03 0.18 7.53442e+09
0.03 0.185 4.42697e+09
0.03 0.19 2.28867e+09
0.03 0.195 8.73134e+08
0.03 0.2 20935.1
0.035 0 9.999e+19
0.035 0.005 7.69212e+19
0.035 0.01 3.5692e+19
0.035 0.015 9.85264e+18
0.035 0.02 1.79504e+18
0.035 0.025 3.6925e+17
0.035 0.03 1.0248e+17
0.035 0.035 3.30637e+16
0.035 0.04 1.14002e+16
0.035 0.045 4.08485e+15
0.035 0.05 1.51201e+15
0.035 0.055 5.80201e+14
0.035 0.06 2.32989e+14
0.035 0.065 9.93268e+13
0.035 0.07 4.5602e+13
0.035 0.075 2.27858e+13
0.035 0.08 1.24201e+13
0.035 0.085 7.33548e+12
0.035 0.09 4.63286e+12
0.035 0.095 3.08079e+12
0.035 0.1 2.12608e+12
0.035 0.105 1.50475e+12
0.035 0.11 1.08258e+12
0.035 0.115 7.86723e+11
0.035 0.12 5.74947e+11
0.035 0.125 4.2124e+11
0.035 0.13 3.08699e+11
0.035 0.135 2.25869e+11
0.035 0.14 1.64734e+11
0.035 0.145 1.19562e+11
0.035 0.15 8.619e+10
0.035 0.155 6.15694e+10
0.035 0.16 4.3451e+10
0.035 0.165 3.01698e+10
0.035 0.17 2.04898e+10
0.035 0.175 1.34917e+10
0.035 0.18 8.49062e+09
0.035 0.185 4.97546e+09
0.035 0.19 2.56487e+09
0.035 0.195 9.74473e+08
0.035 0.2 20935.1
0.04 0 9.999e+19
0.04 0.005 7.69212e+19
0.04 0.01 3.56919e+19
0.04 0.015 9.85241e+18
0.04 0.02 1.795e+18
0.04 0.025 3.69402e+17
0.04 0.03 1.02636e+17
0.04 0.035 3.3182e+16
0.04 0.04 1.1481e+16
0.04 0.045 4.13733e+15
0.04 0.05 1.5452e+15
0.04 0.055 6.01006e+14
0.04 0.06 2.46135e+14
0.04 0.065 1.07676e+14
0.04 0.07 5.09501e+13
0.04 0.075 2.62562e+13
0.04 0.08 1.47089e+13
0.04 0.085 8.87057e+12
0.04 0.09 5.67773e+12
0.04 0.095 3.80011e+12
0.04 0.1 2.62517e+12
0.04 0.105 1.85276e+12
0.04 0.11 1.32596e+12
0.04 0.115 9.57184e+11
0.04 0.12 6.94425e+11
0.04 0.125 5.04997e+11
0.04 0.13 3.67401e+11
0.04 0.135 2.66981e+11
0.04 0.14 1.93486e+11
0.04 0.145 1.39621e+11
0.04 0.15 1.0013e+11
0.04 0.155 7.11979e+10
0.04 0.16 5.00411e+10
0.04 0.165 3.46201e+10
0.04 0.17 2.34367e+10
0.04 0.175 1.53874e+10
0.04 0.18 9.6576e+09
0.04 0.185 5.6445e+09
0.04 0.19 2.90159e+09
0.04 0.195 1.09802e+09
0.04 0.2 20935.1
0.045 0 9.999e+19
0.045 0.005 7.69211e+19
0.045 0.01 3.56918e+19
0.045 0.015 9.85212e+18
0.045 0.02 1.79489e+18
0.045 0.025 3.69553e+17
0.045 0.03 1.02812e+17
0.045 0.035 3.33225e+16
0.045 0.04 1.15805e+16
0.045 0.045 4.20346e+15
0.045 0.05 1.5877e+15
0.045 0.055 6.27941e+14
0.045 0.06 2.63286e+14
0.045 0.065 1.18563e+14
0.045 0.07 5.79162e+13
0.045 0.075 3.07725e+13
0.045 0.08 1.76835e+13
0.045 0.085 1.08604e+13
0.045 0.09 7.02638e+12
0.045 0.095 4.72327e+12
0.045 0.1 3.26144e+12
0.045 0.105 2.29329e+12
0.045 0.11 1.63185e+12
0.045 0.115 1.17e+12
0.045 0.12 8.42678e+11
0.045 0.125 6.08366e+11
0.045 0.13 4.39513e+11
0.045 0.135 3.17289e+11
0.045 0.14 2.2856e+11
0.045 0.145 1.6403e+11
0.045 0.15 1.17061e+11
0.045 0.155 8.28758e+10
0.045 0.16 5.80254e+10
0.045 0.165 4.00077e+10
0.045 0.17 2.7002e+10
0.045 0.175 1.76796e+10
0.045 0.18 1.10679e+10
0.045 0.185 6.45254e+09
0.045 0.19 3.308e+09
0.045 0.195 1.24711e+09
0.045 0.2 20935.1
0.05 0 9.999e+19
0.05 0.005 7.69211e+19
0.05 0.01 3.56916e+19
0.05 0.015 9.85174e+18
0.05 0.02 1.79468e+18
0.05 0.025 3.69687e+17
0.05 0.03 1.03004e+17
0.05 0.035 3.34877e+16
0.05 0.04 1.17025e+16
0.05 0.045 4.28668e+15
0.05 0.05 1.64207e+15
0.05 0.055 6.6288e+14
0.05 0.06 2.85529e+14
0.05 0.065 1.32696e+14
0.05 0.07 6.69586e+13
0.05 0.075 3.66305e+13
0.05 0.08 2.15348e+13
0.05 0.085 1.3428e+13
0.05 0.09 8.75794e+12
0.05 0.095 5.90108e+12
0.05 0.1 4.06749e+12
0.05 0.105 2.84729e+12
0.05 0.11 2.0138e+12
0.05 0.115 1.43395e+12
0.05 0.12 1.02544e+12
0.05 0.125 7.35123e+11
0.05 0.13 5.27541e+11
0.05 0.135 3.78473e+11
0.05 0.14 2.71087e+11
0.05 0.145 1.93557e+11
0.05 0.15 1.37504e+11
0.05 0.155 9.69567e+10
0.05 0.16 6.76429e+10
0.05 0.165 4.64921e+10
0.05 0.17 3.12903e+10
0.05 0.175 2.0435e+10
0.05 0.18 1.27621e+10
0.05 0.185 7.4226e+09
0.05 0.19 3.79555e+09
0.05 0.195 1.4259e+09
0.05 0.2 20935.1
0.055 0 9.999e+19
0.055 0.005 7.69211e+19
0.055 0.01 3.56915e+19
0.055 0.015 9.85125e+18
0.055 0.02 1.79431e+18
0.055 0.025 3.69779e+17
0.055 0.03 1.03208e+17
0.055 0.035 3.36806e+16
0.055 0.04 1.18519e+16
0.055 0.045 4.39149e+15
0.055 0.05 1.71172e+15
0.055 0.055 7.08182e+14
0.055 0.06 3.14379e+14
0.055 0.065 1.51018e+14
0.055 0.07 7.86735e+13
0.055 0.075 4.42113e+13
0.055 0.08 2.65067e+13
0.055 0.085 1.67291e+13
0.055 0.09 1.09716e+13
0.055 0.095 7.39674e+12
0.055 0.1 5.08367e+12
0.055 0.105 3.54061e+12
0.055 0.11 2.48844e+12
0.055 0.115 1.75983e+12
0.055 0.12 1.24977e+12
0.055 0.125 8.89925e+11
0.055 0.13 6.34588e+11
0.055 0.135 4.52612e+11
0.055 0.14 3.22474e+11
0.055 0.145 2.29156e+11
0.055 0.15 1.62109e+11
0.055 0.155 1.13882e+11
0.055 0.16 7.91919e+10
0.055 0.165 5.42727e+10
0.055 0.17 3.64324e+10
0.055 0.175 2.37369e+10
0.055 0.18 1.4791e+10
0.055 0.185 8.58335e+09
0.055 0.19 4.37843e+09
0.055 0.195 1.6395e+09
0.055 0.2 20935.1
0.06 0 9.999e+19
0.06 0.005 7.69211e+19
0.06 0.01 3.56914e+19
0.06 0.015 9.85061e+18
0.06 0.02 1.79371e+18
0.06 0.025 3.69784e+17
0.06 0.03 1.03411e+17
0.06 0.035 3.39034e+16
0.06 0.04 1.2035e+16
0.06 0.045 4.52376e+15
0.06 0.05 1.80132e+15
0.06 0.055 7.66609e+14
0.06 0.06 3.51682e+14
0.06 0.065 1.74718e+14
0.06 0.07 9.38219e+13
0.06 0.075 5.39994e+13
0.06 0.08 3.29068e+13
0.06 0.085 2.09585e+13
0.06 0.09 1.37907e+13
0.06 0.095 9.28841e+12
0.06 0.1 6.35968e+12
0.06 0.105 4.40503e+12
0.06 0.11 3.07623e+12
0.06 0.115 2.16092e+12
0.06 0.12 1.52438e+12
0.06 0.125 1.07853e+12
0.06 0.13 7.64494e+11
0.06 0.135 5.42294e+11
0.06 0.14 3.84472e+11
0.06 0.145 2.72018e+11
0.06 0.15 1.91687e+11
0.06 0.155 1.34204e+11
0.06 0.16 9.30448e+10
0.06 0.165 6.35981e+10
0.06 0.17 4.25911e+10
0.06 0.175 2.76889e+10
0.06 0.18 1.72175e+10
0.06 0.185 9.97041e+09
0.06 0.19 5.07424e+09
0.06 0.195 1.89426e+09
0.06 0.2 20935.1
0.065 0 9.999e+19
0.065 0.005 7.69211e+19
0.065 0.01 3.56914e+19
0.065 0.015 9.84976e+18
0.065 0.02 1.79272e+18
0.065 0.025 3.69631e+17
0.065 0.03 1.03593e+17
0.065 0.035 3.41573e+16
0.065 0.04 1.22593e+16
0.065 0.045 4.69107e+15
0.065 0.05 1.91676e+15
0.065 0.055 8.42003e+14
0.065 0.06 3.9984e+14
0.065 0.065 2.05317e+14
0.065 0.07 1.13368e+14
0.065 0.075 6.66045e+13
0.065 0.08 4.11194e+13
0.065 0.085 2.63582e+13
0.065 0.09 1.73677e+13
0.065 0.095 1.16724e+13
0.065 0.1 7.95667e+12
0.065 0.105 5.47965e+12
0.065 0.11 3.8024e+12
0.065 0.115 2.65364e+12
0.065 0.12 1.86004e+12
0.065 0.125 1.30809e+12
0.065 0.13 9.22043e+11
0.065 0.135 6.50741e+11
0.065 0.14 4.59267e+11
0.065 0.145 3.23631e+11
0.065 0.15 2.27252e+11
0.065 0.155 1.58611e+11
0.065 0.16 1.09667e+11
0.065 0.165 7.47788e+10
0.065 0.17 4.99696e+10
0.065 0.175 3.242e+10
0.065 0.18 2.01199e+10
0.065 0.185 1.16279e+10
0.065 0.19 5.9048e+09
0.065 0.195 2.19805e+09
0.065 0.2 20935.1
0.07 0 9.999e+19
0.07 0.005 7.69212e+19
0.07 0.01 3.56914e+19
0.07 0.015 9.8486e+18
0.07 0.02 1.79109e+18
0.07 0.025 3.69187e+17
0.07 0.03 1.03712e+17
0.07 0.035 3.44397e+16
0.07 0.04 1.25339e+16
0.07 0.045 4.90382e+15
0.07 0.05 2.06445e+15
0.07 0.055 9.3888e+14
0.07 0.06 4.61808e+14
0.07 0.065 2.44715e+14
0.07 0.07 1.38512e+14
0.07 0.075 8.27827e+13
0.07 0.08 5.16191e+13
0.07 0.085 3.3226e+13
0.07 0.09 2.18898e+13
0.07 0.095 1.46671e+13
0.07 0.1 9.94995e+12
0.07 0.105 6.81274e+12
0.07 0.11 4.69814e+12
0.07 0.115 3.25834e+12
0.07 0.12 2.27018e+12
0.07 0.125 1.58752e+12
0.07 0.13 1.11322e+12
0.07 0.135 7.81995e+11
0.07 0.14 5.49602e+11
0.07 0.145 3.85863e+11
0.07 0.15 2.70076e+11
0.07 0.155 1.87967e+11
0.07 0.16 1.2964e+11
0.07 0.165 8.82023e+10
0.07 0.17 5.88212e+10
0.07 0.175 3.8091e+10
0.07 0.18 2.35958e+10
0.07 0.185 1.36108e+10
0.07 0.19 6.89714e+09
0.07 0.195 2.56059e+09
0.07 0.2 20935.1
0.075 0 9.999e+19
0.075 0.005 7.69215e+19
0.075 0.01 3.56915e+19
0.075 0.015 9.84689e+18
0.075 0.02 1.78837e+18
0.075 0.025 3.68201e+17
0.075 0.03 1.03686e+17
0.075 0.035 3.47402e+16
0.075 0.04 1.28688e+16
0.075 0.045 5.17381e+15
0.075 0.05 2.25309e+15
0.075 0.055 1.06289e+15
0.075 0.06 5.41247e+14
0.075 0.065 2.95237e+14
0.075 0.07 1.70725e+14
0.075 0.075 1.03459e+14
0.075 0.08 6.49865e+13
0.075 0.085 4.19266e+13
0.075 0.09 2.75871e+13
0.075 0.095 1.84182e+13
0.075 0.1 1.24325e+13
0.075 0.105 8.46413e+12
0.075 0.11 5.80231e+12
0.075 0.115 4.00049e+12
0.075 0.12 2.77163e+12
0.075 0.125 1.92806e+12
0.075 0.13 1.34557e+12
0.075 0.135 9.41151e+11
0.075 0.14 6.58934e+11
0.075 0.145 4.61064e+11
0.075 0.15 3.21757e+11
0.075 0.155 2.23355e+11
0.075 0.16 1.53695e+11
0.075 0.165 1.04354e+11
0.075 0.17 6.9462e+10
0.075 0.175 4.49018e+10
0.075 0.18 2.7766e+10
0.075 0.185 1.5987e+10
0.075 0.19 8.08475e+09
0.075 0.195 2.99394e+09
0.075 0.2 20935.1
0.08 0 9.999e+19
0.08 0.005 7.6922e+19
0.08 0.01 3.56919e+19
0.08 0.015 9.84414e+18
0.08 0.02 1.78355e+18
0.08 0.025 3.66152e+17
0.08 0.03 1.03352e+17
0.08 0.035 3.50322e+16
0.08 0.04 1.32762e+16
0.08 0.045 5.51223e+15
0.08 0.05 2.49208e+15
0.08 0.055 1.22061e+15
0.08 0.06 6.42474e+14
0.08 0.065 3.59657e+14
0.08 0.07 2.11773e+14
0.08 0.075 1.2975e+14
0.08 0.08 8.19262e+13
0.08 0.085 5.2905e+13
0.08 0.09 3.47416e+13
0.08 0.095 2.31055e+13
0.08 0.1 1.55198e+13
0.08 0.105 1.05085e+13
0.08 0.11 7.16367e+12
0.08 0.115 4.91217e+12
0.08 0.12 3.38565e+12
0.08 0.125 2.3439e+12
0.08 0.13 1.62863e+12
0.08 0.135 1.13466e+12
0.08 0.14 7.91638e+11
0.08 0.145 5.52207e+11
0.08 0.15 3.84314e+11
0.08 0.155 2.6614e+11
0.08 0.16 1.82746e+11
0.08 0.165 1.23841e+11
0.08 0.17 8.22874e+10
0.08 0.175 5.31024e+10
0.08 0.18 3.27814e+10
0.08 0.185 1.88411e+10
0.08 0.19 9.50918e+09
0.08 0.195 3.51304e+09
0.08 0.2 20935.1
0.085 0 9.999e+19
0.085 0.005 7.69229e+19
0.085 0.01 3.56925e+19
0.085 0.015 9.83897e+18
0.085 0.02 1.77413e+18
0.085 0.025 3.61874e+17
0.085 0.03 1.02384e+17
0.085 0.035 3.52601e+16
0.085 0.04 1.37594e+16
0.085 0.045 5.93198e+15
0.085 0.05 2.79193e+15
0.085 0.055 1.41945e+15
0.085 0.06 7.70453e+14
0.085 0.065 4.41216e+14
0.085 0.07 2.63744e+14
0.085 0.075 1.6299e+14
0.085 0.08 1.03289e+14
0.085 0.085 6.67037e+13
0.085 0.09 4.37002e+13
0.085 0.095 2.89523e+13
0.085 0.1 1.93561e+13
0.085 0.105 1.304e+13
0.085 0.11 8.84385e+12
0.085 0.115 6.03408e+12
0.085 0.12 4.13932e+12
0.085 0.125 2.85315e+12
0.085 0.13 1.97457e+12
0.085 0.135 1.37074e+12
0.085 0.14 9.53277e+11
0.085 0.145 6.63063e+11
0.085 0.15 4.603e+11
0.085 0.155 3.18046e+11
0.085 0.16 2.17949e+11
0.085 0.165 1.47427e+11
0.085 0.17 9.77926e+10
0.085 0.175 6.30046e+10
0.085 0.18 3.88298e+10
0.085 0.185 2.22783e+10
0.085 0.19 1.1222e+10
0.085 0.195 4.13648e+09
0.085 0.2 20935.1
0.09 0 9.999e+19
0.09 0.005 7.69244e+19
0.09 0.01 3.56924e+19
0.09 0.015 9.82592e+18
0.09 0.02 1.75218e+18
0.09 0.025 3.52604e+17
0.09 0.03 1.00154e+17
0.09 0.035 3.53249e+16
0.09 0.04 1.43106e+16
0.09 0.045 6.44288e+15
0.09 0.05 3.1629e+15
0.09 0.055 1.66726e+15
0.09 0.06 9.30665e+14
0.09 0.065 5.43594e+14
0.09 0.07 3.29068e+14
0.09 0.075 2.04764e+14
0.09 0.08 1.30099e+14
0.09 0.085 8.39854e+13
0.09 0.09 5.48923e+13
0.09 0.095 3.62371e+13
0.09 0.1 2.41234e+13
0.09 0.105 1.61776e+13
0.09 0.11 1.09214e+13
0.09 0.115 7.41827e+12
0.09 0.12 5.06728e+12
0.09 0.125 3.47899e+12
0.09 0.13 2.39898e+12
0.09 0.135 1.65989e+12
0.09 0.14 1.15095e+12
0.09 0.145 7.98432e+11
0.09 0.15 5.52957e+11
0.09 0.155 3.81254e+11
0.09 0.16 2.6076e+11
0.09 0.165 1.76072e+11
0.09 0.17 1.16599e+11
0.09 0.175 7.49986e+10
0.09 0.18 4.61456e+10
0.09 0.185 2.64294e+10
0.09 0.19 1.32873e+10
0.09 0.195 4.88735e+09
0.09 0.2 20935.1
0.095 0 9.999e+19
0.095 0.005 7.69153e+19
0.095 0.01 3.56734e+19
0.095 0.015 9.76634e+18
0.095 0.02 1.68751e+18
0.095 0.025 3.31818e+17
0.095 0.03 9.55887e+16
0.095 0.035 3.50402e+16
0.095 0.04 1.49078e+16
0.095 0.045 7.05036e+15
0.095 0.05 3.61406e+15
0.095 0.055 1.97189e+15
0.095 0.06 1.12895e+15
0.095 0.065 6.70903e+14
0.095 0.07 4.10552e+14
0.095 0.075 2.56945e+14
0.095 0.08 1.63597e+14
0.095 0.085 1.05565e+14
0.095 0.09 6.88521e+13
0.095 0.095 4.53109e+13
0.095 0.1 3.00524e+13
0.095 0.105 2.00738e+13
0.095 0.11 1.34971e+13
0.095 0.115 9.13165e+12
0.095 0.12 6.21415e+12
0.095 0.125 4.25129e+12
0.095 0.13 2.9219e+12
0.095 0.135 2.0156e+12
0.095 0.14 1.39374e+12
0.095 0.145 9.64443e+11
0.095 0.15 6.66411e+11
0.095 0.155 4.58528e+11
0.095 0.16 3.13017e+11
0.095 0.165 2.10986e+11
0.095 0.17 1.39485e+11
0.095 0.175 8.95728e+10
0.095 0.18 5.50213e+10
0.095 0.185 3.14575e+10
0.095 0.19 1.57849e+10
0.095 0.195 5.79443e+09
0.095 0.2 20935.1
0.1 0 9.999e+19
0.1 0.005 7.61798e+19
0.1 0.01 3.50375e+19
0.1 0.015 9.22124e+18
0.1 0.02 1.46024e+18
0.1 0.025 2.86706e+17
0.1 0.03 8.72769e+16
0.1 0.035 3.42222e+16
0.1 0.04 1.55245e+16
0.1 0.045 7.7561e+15
0.1 0.05 4.1529e+15
0.1 0.055 2.34091e+15
0.1 0.06 1.37144e+15
0.1 0.065 8.27722e+14
0.1 0.07 5.11442e+14
0.1 0.075 3.21763e+14
0.1 0.08 2.05288e+14
0.1 0.085 1.32449e+14
0.1 0.09 8.625e+13
0.1 0.095 5.66186e+13
0.1 0.1 3.74381e+13
0.1 0.105 2.49241e+13
0.1 0.11 1.6701e+13
0.1 0.115 1.12608e+13
0.1 0.12 7.63765e+12
0.1 0.125 5.20861e+12
0.1 0.13 3.56917e+12
0.1 0.135 2.45522e+12
0.1 0.14 1.69333e+12
0.1 0.145 1.16894e+12
0.1 0.15 8.05924e+11
0.1 0.155 5.53385e+11
0.1 0.16 3.77053e+11
0.1 0.165 2.53694e+11
0.1 0.17 1.67433e+11
0.1 0.175 1.0734e+11
0.1 0.18 6.58228e+10
0.1 0.185 3.75659e+10
0.1 0.19 1.88139e+10
0.1 0.195 6.89361e+09
0.1 0.2 20935.1
0.105 0 6.34702e+19
0.105 0.005 3.72251e+19
0.105 0.01 1.65743e+19
0.105 0.015 4.19589e+18
0.105 0.02 7.93953e+17
0.105 0.025 2.06547e+17
0.105 0.03 7.49214e+16
0.105 0.035 3.28829e+16
0.105 0.04 1.61636e+16
0.105 0.045 8.56495e+15
0.105 0.05 4.78685e+15
0.105 0.055 2.78196e+15
0.105 0.06 1.66468e+15
0.105 0.065 1.01929e+15
0.105 0.07 6.35533e+14
0.105 0.075 4.01889e+14
0.105 0.08 2.57013e+14
0.105 0.085 1.65891e+14
0.105 0.09 1.07931e+14
0.105 0.095 7.0727e+13
0.105 0.1 4.66592e+13
0.105 0.105 3.0981e+13
0.105 0.11 2.07012e+13
0.105 0.115 1.39177e+13
0.105 0.12 9.41261e+12
0.105 0.125 6.40097e+12
0.105 0.13 4.37426e+12
0.105 0.135 3.00118e+12
0.105 0.14 2.06473e+12
0.105 0.145 1.42198e+12
0.105 0.15 9.78219e+11
0.105 0.155 6.70298e+11
0.105 0.16 4.55822e+11
0.105 0.165 3.06125e+11
0.105 0.17 2.01678e+11
0.105 0.175 1.29068e+11
0.105 0.18 7.90075e+10
0.105 0.185 4.50082e+10
0.105 0.19 2.2498e+10
0.105 0.195 8.22971e+09
0.105 0.2 20935.1
0.11 0 2.15767e+19
0.11 0.005 5.71235e+18
0.11 0.01 2.5215e+18
0.11 0.015 9.47808e+17
0.11 0.02 3.4467e+17
0.11 0.025 1.39041e+17
0.11 0.03 6.33375e+16
0.11 0.035 3.1668e+16
0.11 0.04 1.69283e+16
0.11 0.045 9.49993e+15
0.11 0.05 5.52695e+15
0.11 0.055 3.30377e+15
0.11 0.06 2.01633e+15
0.11 0.065 1.25154e+15
0.11 0.07 7.87276e+14
0.11 0.075 5.00538e+14
0.11 0.08 3.21035e+14
0.11 0.085 2.07457e+14
0.11 0.09 1.34965e+14
0.11 0.095 8.83598e+13
0.11 0.1 5.82026e+13
0.11 0.105 3.8571e+13
0.11 0.11 2.5716e+13
0.11 0.115 1.72482e+13
0.11 0.12 1.16362e+13
0.11 0.125 7.89327e+12
0.11 0.13 5.38052e+12
0.11 0.135 3.68243e+12
0.11 0.14 2.5273e+12
0.11 0.145 1.73649e+12
0.11 0.15 1.1919e+12
0.11 0.155 8.14975e+11
0.11 0.16 5.53079e+11
0.11 0.165 3.7072e+11
0.11 0.17 2.43776e+11
0.11 0.175 1.55723e+11
0.11 0.18 9.51483e+10
0.11 0.185 5.41005e+10
0.11 0.19 2.69907e+10
0.11 0.195 9.85859e+09
0.11 0.2 20935.1
0.115 0 1.4318e+19
0.115 0.005 1.95196e+18
0.115 0.01 8.22072e+17
0.115 0.015 4.08833e+17
0.115 0.02 2.05921e+17
0.115 0.025 1.05867e+17
0.115 0.03 5.64846e+16
0.115 0.035 3.13306e+16
0.115 0.04 1.79753e+16
0.115 0.045 1.06007e+16
0.115 0.05 6.38937e+15
0.115 0.055 3.91727e+15
0.115 0.06 2.43533e+15
0.115 0.065 1.53141e+15
0.115 0.07 9.7194e+14
0.115 0.075 6.2159e+14
0.115 0.08 4.0014e+14
0.115 0.085 2.59101e+14
0.115 0.09 1.68704e+14
0.115 0.095 1.10441e+14
0.115 0.1 7.26943e+13
0.115 0.105 4.81154e+13
0.115 0.11 3.2028e+13
0.115 0.115 2.14414e+13
0.115 0.12 1.44348e+13
0.115 0.125 9.76975e+12
0.115 0.13 6.64414e+12
0.115 0.135 4.53645e+12
0.115 0.14 3.10599e+12
0.115 0.145 2.12907e+12
0.115 0.15 1.458e+12
0.115 0.155 9.94695e+11
0.115 0.16 6.73594e+11
0.115 0.165 4.50567e+11
0.115 0.17 2.95689e+11
0.115 0.175 1.88517e+11
0.115 0.18 1.14962e+11
0.115 0.185 6.52372e+10
0.115 0.19 3.24828e+10
0.115 0.195 1.18495e+10
0.115 0.2 20935.1
0.12 0 1.34355e+19
0.12 0.005 1.55948e+18
0.12 0.01 5.8331e+17
0.12 0.015 2.94836e+17
0.12 0.02 1.62551e+17
0.12 0.025 9.26501e+16
0.12 0.03 5.39994e+16
0.12 0.035 3.2092e+16
0.12 0.04 1.94037e+16
0.12 0.045 1.1905e+16
0.12 0.05 7.3925e+15
0.12 0.055 4.63598e+15
0.12 0.06 2.93173e+15
0.12 0.065 1.86688e+15
0.12 0.07 1.19572e+15
0.12 0.075 7.69712e+14
0.12 0.08 4.97734e+14
0.12 0.085 3.23254e+14
0.12 0.09 2.10847e+14
0.12 0.095 1.38143e+14
0.12 0.1 9.09353e+13
0.12 0.105 6.0157e+13
0.12 0.11 4.00026e+13
0.12 0.115 2.67421e+13
0.12 0.12 1.79722e+13
0.12 0.125 1.21398e+13
0.12 0.13 8.23797e+12
0.12 0.135 5.61172e+12
0.12 0.14 3.83305e+12
0.12 0.145 2.6211e+12
0.12 0.15 1.79064e+12
0.12 0.155 1.21875e+12
0.12 0.16 8.23435e+11
0.12 0.165 5.49578e+11
0.12 0.17 3.59896e+11
0.12 0.175 2.28973e+11
0.12 0.18 1.39345e+11
0.12 0.185 7.89095e+10
0.12 0.19 3.92101e+10
0.12 0.195 1.4287e+10
0.12 0.2 20935.1
0.125 0 1.30285e+19
0.125 0.005 1.50742e+18
0.125 0.01 5.34051e+17
0.125 0.015 2.65574e+17
0.125 0.02 1.49907e+17
0.125 0.025 8.92239e+16
0.125 0.03 5.45205e+16
0.125 0.035 3.38446e+16
0.125 0.04 2.12402e+16
0.125 0.045 1.34381e+16
0.125 0.05 8.55482e+15
0.125 0.055 5.4734e+15
0.125 0.06 3.51639e+15
0.125 0.065 2.26694e+15
0.125 0.07 1.46584e+15
0.125 0.075 9.50446e+14
0.125 0.08 6.17943e+14
0.125 0.085 4.02906e+14
0.125 0.09 2.63517e+14
0.125 0.095 1.72948e+14
0.125 0.1 1.13945e+14
0.125 0.105 7.53909e+13
0.125 0.11 5.01103e+13
0.125 0.115 3.34671e+13
0.125 0.12 2.24604e+13
0.125 0.125 1.51449e+13
0.125 0.13 1.02563e+13
0.125 0.135 6.9709e+12
0.125 0.14 4.75e+12
0.125 0.145 3.24007e+12
0.125 0.15 2.20792e+12
0.125 0.155 1.49902e+12
0.125 0.16 1.01032e+12
0.125 0.165 6.72707e+11
0.125 0.17 4.39519e+11
0.125 0.175 2.79008e+11
0.125 0.18 1.69421e+11
0.125 0.185 9.5729e+10
0.125 0.19 4.74628e+10
0.125 0.195 1.72678e+10
0.125 0.2 20935.1
0.13 0 1.26756e+19
0.13 0.005 1.52614e+18
0.13 0.01 5.32878e+17
0.13 0.015 2.62607e+17
0.13 0.02 1.49343e+17
0.13 0.025 9.07512e+16
0.13 0.03 5.69843e+16
0.13 0.035 3.63993e+16
0.13 0.04 2.34698e+16
0.13 0.045 1.52124e+16
0.13 0.05 9.89031e+15
0.13 0.055 6.442e+15
0.13 0.06 4.20083e+15
0.13 0.065 2.74158e+15
0.13 0.07 1.7905e+15
0.13 0.075 1.17028e+15
0.13 0.08 7.65696e+14
0.13 0.085 5.0169e+14
0.13 0.09 3.29329e+14
0.13 0.095 2.16702e+14
0.13 0.1 1.4301e+14
0.13 0.105 9.47013e+13
0.13 0.11 6.29533e+13
0.13 0.115 4.20231e+13
0.13 0.12 2.81728e+13
0.13 0.125 1.89679e+13
0.13 0.13 1.28209e+13
0.13 0.135 8.69484e+12
0.13 0.14 5.91038e+12
0.13 0.145 4.02126e+12
0.13 0.15 2.73304e+12
0.13 0.155 1.85062e+12
0.13 0.16 1.24404e+12
0.13 0.165 8.26225e+11
0.13 0.17 5.38495e+11
0.13 0.175 3.41024e+11
0.13 0.18 2.06594e+11
0.13 0.185 1.16459e+11
0.13 0.19 5.76024e+10
0.13 0.195 2.09106e+10
0.13 0.2 20935.1
0.135 0 1.23365e+19
0.135 0.005 1.56434e+18
0.135 0.01 5.48386e+17
0.135 0.015 2.70003e+17
0.135 0.02 1.5438e+17
0.135 0.025 9.50142e+16
0.135 0.03 6.07341e+16
0.135 0.035 3.95893e+16
0.135 0.04 2.60603e+16
0.135 0.045 1.72308e+16
0.135 0.05 1.14096e+16
0.135 0.055 7.55425e+15
0.135 0.06 4.99716e+15
0.135 0.065 3.30169e+15
0.135 0.07 2.17893e+15
0.135 0.075 1.43666e+15
0.135 0.08 9.46775e+14
0.135 0.085 6.23955e+14
0.135 0.09 4.11467e+14
0.135 0.095 2.71688e+14
0.135 0.1 1.79736e+14
0.135 0.105 1.19203e+14
0.135 0.11 7.92962e+13
0.135 0.115 5.29301e+13
0.135 0.12 3.54601e+13
0.135 0.125 2.38439e+13
0.135 0.13 1.60886e+13
0.135 0.135 1.08876e+13
0.135 0.14 7.38294e+12
0.135 0.145 5.00993e+12
0.135 0.15 3.39563e+12
0.135 0.155 2.29286e+12
0.135 0.16 1.53705e+12
0.135 0.165 1.01806e+12
0.135 0.17 6.61781e+11
0.135 0.175 4.18038e+11
0.135 0.18 2.52623e+11
0.135 0.185 1.42055e+11
0.135 0.19 7.00852e+10
0.135 0.195 2.53829e+10
0.135 0.2 20935.1
0.14 0 1.20035e+19
0.14 0.005 1.60766e+18
0.14 0.01 5.70446e+17
0.14 0.015 2.82211e+17
0.14 0.02 1.62368e+17
0.14 0.025 1.00932e+17
0.14 0.03 6.53902e+16
0.14 0.035 4.33032e+16
0.14 0.04 2.89911e+16
0.14 0.045 1.94975e+16
0.14 0.05 1.31237e+16
0.14 0.055 8.82284e+15
0.14 0.06 5.91798e+15
0.14 0.065 3.95888e+15
0.14 0.07 2.64125e+15
0.14 0.075 1.75797e+15
0.14 0.08 1.16785e+15
0.14 0.085 7.74817e+14
0.14 0.09 5.13748e+14
0.14 0.095 3.40683e+14
0.14 0.1 2.26105e+14
0.14 0.105 1.50287e+14
0.14 0.11 1.00102e+14
0.14 0.115 6.68472e+13
0.14 0.12 4.47691e+13
0.14 0.125 3.00734e+13
0.14 0.13 2.026e+13
0.14 0.135 1.36824e+13
0.14 0.14 9.25576e+12
0.14 0.145 6.26396e+12
0.14 0.15 4.23349e+12
0.14 0.155 2.85024e+12
0.14 0.16 1.90509e+12
0.14 0.165 1.2582e+12
0.14 0.17 8.15607e+11
0.14 0.175 5.13825e+11
0.14 0.18 3.097e+11
0.14 0.185 1.73702e+11
0.14 0.19 8.54766e+10
0.14 0.195 3.08851e+10
0.14 0.2 20935.1
0.145 0 1.16747e+19
0.145 0.005 1.65142e+18
0.145 0.01 5.95219e+17
0.145 0.015 2.96816e+17
0.145 0.02 1.72047e+17
0.145 0.025 1.07938e+17
0.145 0.03 7.07349e+16
0.145 0.035 4.74712e+16
0.145 0.04 3.22473e+16
0.145 0.045 2.20166e+16
0.145 0.05 1.50431e+16
0.145 0.055 1.02602e+16
0.145 0.06 6.97604e+15
0.145 0.065 4.72526e+15
0.145 0.07 3.1883e+15
0.145 0.075 2.14344e+15
0.145 0.08 1.43644e+15
0.145 0.085 9.6019e+14
0.145 0.09 6.40669e+14
0.145 0.095 4.2702e+14
0.145 0.1 2.84531e+14
0.145 0.105 1.8967e+14
0.145 0.11 1.26571e+14
0.145 0.115 8.46024e+13
0.145 0.12 5.66646e+13
0.145 0.125 3.80379e+13
0.145 0.13 2.55908e+13
0.145 0.135 1.72494e+13
0.145 0.14 1.16411e+13
0.145 0.145 7.85703e+12
0.145 0.15 5.29465e+12
0.145 0.155 3.55384e+12
0.145 0.16 2.36808e+12
0.145 0.165 1.55924e+12
0.145 0.17 1.00778e+12
0.145 0.175 6.33097e+11
0.145 0.18 3.8055e+11
0.145 0.185 2.12871e+11
0.145 0.19 1.04474e+11
0.145 0.195 3.76632e+10
0.145 0.2 20935.1
0.15 0 1.13495e+19
0.15 0.005 1.69388e+18
0.15 0.01 6.21087e+17
0.15 0.015 3.12699e+17
0.15 0.02 1.82761e+17
0.15 0.025 1.15703e+17
0.15 0.03 7.66231e+16
0.15 0.035 5.20401e+16
0.15 0.04 3.58155e+16
0.15 0.045 2.47909e+16
0.15 0.05 1.71768e+16
0.15 0.055 1.18781e+16
0.15 0.06 8.1839e+15
0.15 0.065 5.61317e+15
0.15 0.07 3.83147e+15
0.15 0.075 2.60305e+15
0.15 0.08 1.7609e+15
0.15 0.085 1.18679e+15
0.15 0.09 7.97449e+14
0.15 0.095 5.34636e+14
0.15 0.1 3.57914e+14
0.15 0.105 2.39439e+14
0.15 0.11 1.60182e+14
0.15 0.115 1.07225e+14
0.15 0.12 7.18544e+13
0.15 0.125 4.82182e+13
0.15 0.13 3.24042e+13
0.15 0.135 2.1804e+13
0.15 0.14 1.46815e+13
0.15 0.145 9.88255e+12
0.15 0.15 6.63991e+12
0.15 0.155 4.44287e+12
0.15 0.16 2.95105e+12
0.15 0.165 1.93694e+12
0.15 0.17 1.24805e+12
0.15 0.175 7.81721e+11
0.15 0.18 4.68556e+11
0.15 0.185 2.61381e+11
0.15 0.19 1.27939e+11
0.15 0.195 4.60195e+10
0.15 0.2 20935.1
0.155 0 1.10271e+19
0.155 0.005 1.73436e+18
0.155 0.01 6.47315e+17
0.155 0.015 3.29304e+17
0.155 0.02 1.94157e+17
0.155 0.025 1.24029e+17
0.155 0.03 8.29581e+16
0.155 0.035 5.69695e+16
0.155 0.04 3.96838e+16
0.155 0.045 2.78219e+16
0.155 0.05 1.95326e+16
0.155 0.055 1.36871e+16
0.155 0.06 9.55356e+15
0.155 0.065 6.63488e+15
0.155 0.07 4.58247e+15
0.155 0.075 3.14737e+15
0.155 0.08 2.15031e+15
0.155 0.085 1.46209e+15
0.155 0.09 9.90033e+14
0.155 0.095 6.68111e+14
0.155 0.1 4.49683e+14
0.155 0.105 3.02105e+14
0.155 0.11 2.02731e+14
0.155 0.115 1.35981e+14
0.155 0.12 9.12154e+13
0.155 0.125 6.12139e+13
0.155 0.13 4.11055e+13
0.155 0.135 2.7617e+13
0.155 0.14 1.85561e+13
0.155 0.145 1.24582e+13
0.155 0.15 8.34578e+12
0.155 0.155 5.56661e+12
0.155 0.16 3.68537e+12
0.155 0.165 2.41101e+12
0.155 0.17 1.54855e+12
0.155 0.175 9.66965e+11
0.155 0.18 5.77893e+11
0.155 0.185 3.21469e+11
0.155 0.19 1.56926e+11
0.155 0.195 5.63248e+10
0.155 0.2 20935.1
0.16 0 1.0707e+19
0.16 0.005 1.7726e+18
0.16 0.01 6.73554e+17
0.16 0.015 3.46347e+17
0.16 0.02 2.06039e+17
0.16 0.025 1.32797e+17
0.16 0.03 8.96759e+16
0.16 0.035 6.22302e+16
0.16 0.04 4.38425e+16
0.16 0.045 3.11104e+16
0.16 0.05 2.21169e+16
0.16 0.055 1.56969e+16
0.16 0.06 1.10964e+16
0.16 0.065 7.8024e+15
0.16 0.07 5.45314e+15
0.16 0.075 3.78739e+15
0.16 0.08 2.61436e+15
0.16 0.085 1.79429e+15
0.16 0.09 1.22508e+15
0.16 0.095 8.32674e+14
0.16 0.1 5.63827e+14
0.16 0.105 3.80633e+14
0.16 0.11 2.56375e+14
0.16 0.115 1.72406e+14
0.16 0.12 1.15822e+14
0.16 0.125 7.77657e+13
0.16 0.13 5.2198e+13
0.16 0.135 3.50262e+13
0.16 0.14 2.34893e+13
0.16 0.145 1.57313e+13
0.16 0.15 1.0508e+13
0.16 0.155 6.9866e+12
0.16 0.16 4.61014e+12
0.16 0.165 3.00591e+12
0.16 0.17 1.9243e+12
0.16 0.175 1.1978e+12
0.16 0.18 7.13696e+11
0.16 0.185 3.9588e+11
0.16 0.19 1.92727e+11
0.16 0.195 6.90327e+10
0.16 0.2 20935.1
0.165 0 1.03885e+19
0.165 0.005 1.80845e+18
0.165 0.01 6.9963e+17
0.165 0.015 3.63679e+17
0.165 0.02 2.18297e+17
0.165 0.025 1.41935e+17
0.165 0.03 9.67357e+16
0.165 0.035 6.78019e+16
0.165 0.04 4.82845e+16
0.165 0.045 3.46571e+16
0.165 0.05 2.49353e+16
0.165 0.055 1.79161e+16
0.165 0.06 1.28229e+16
0.165 0.065 9.12733e+15
0.165 0.07 6.45524e+15
0.165 0.075 4.53433e+15
0.165 0.08 3.16325e+15
0.165 0.085 2.1922e+15
0.165 0.09 1.50992e+15
0.165 0.095 1.03421e+15
0.165 0.1 7.04918e+14
0.165 0.105 4.78477e+14
0.165 0.11 3.23661e+14
0.165 0.115 2.18337e+14
0.165 0.12 1.46975e+14
0.165 0.125 9.87766e+13
0.165 0.13 6.62996e+13
0.165 0.135 4.44487e+13
0.165 0.14 2.97587e+13
0.165 0.145 1.98844e+13
0.165 0.15 1.32452e+13
0.165 0.155 8.77914e+12
0.165 0.16 5.77375e+12
0.165 0.165 3.75186e+12
0.165 0.17 2.39379e+12
0.165 0.175 1.48522e+12
0.165 0.18 8.82243e+11
0.165 0.185 4.87957e+11
0.165 0.19 2.36915e+11
0.165 0.195 8.46953e+10
0.165 0.2 20935.1
0.17 0 1.00711e+19
0.17 0.005 1.84187e+18
0.17 0.01 7.25459e+17
0.17 0.015 3.81223e+17
0.17 0.02 2.30873e+17
0.17 0.025 1.51404e+17
0.17 0.03 1.04113e+17
0.17 0.035 7.36724e+16
0.17 0.04 5.30055e+16
0.17 0.045 3.84634e+16
0.17 0.05 2.7993e+16
0.17 0.055 2.03528e+16
0.17 0.06 1.47431e+16
0.17 0.065 1.06208e+16
0.17 0.07 7.60032e+15
0.17 0.075 5.39952e+15
0.17 0.08 3.80747e+15
0.17 0.085 2.66515e+15
0.17 0.09 1.85247e+15
0.17 0.095 1.2792e+15
0.17 0.1 8.781e+14
0.17 0.105 5.99595e+14
0.17 0.11 4.07552e+14
0.17 0.115 2.7594e+14
0.17 0.12 1.86222e+14
0.17 0.125 1.25335e+14
0.17 0.13 8.41605e+13
0.17 0.135 5.63935e+13
0.17 0.14 3.77047e+13
0.17 0.145 2.51421e+13
0.17 0.15 1.67038e+13
0.17 0.155 1.10382e+13
0.17 0.16 7.23569e+12
0.17 0.165 4.68592e+12
0.17 0.17 2.97964e+12
0.17 0.175 1.84266e+12
0.17 0.18 1.09117e+12
0.17 0.185 6.01758e+11
0.17 0.19 2.91391e+11
0.17 0.195 1.03981e+11
0.17 0.2 20935.1
0.175 0 9.75424e+18
0.175 0.005 1.87282e+18
0.175 0.01 7.50996e+17
0.175 0.015 3.98945e+17
0.175 0.02 2.43739e+17
0.175 0.025 1.61184e+17
0.175 0.03 1.11797e+17
0.175 0.035 7.98358e+16
0.175 0.04 5.80045e+16
0.175 0.045 4.25317e+16
0.175 0.05 3.12954e+16
0.175 0.055 2.30144e+16
0.175 0.06 1.68663e+16
0.175 0.065 1.22933e+16
0.175 0.07 8.8996e+15
0.175 0.075 6.39419e+15
0.175 0.08 4.55773e+15
0.175 0.085 3.22283e+15
0.175 0.09 2.26117e+15
0.175 0.095 1.5747e+15
0.175 0.1 1.08907e+15
0.175 0.105 7.48445e+14
0.175 0.11 5.11439e+14
0.175 0.115 3.47731e+14
0.175 0.12 2.35388e+14
0.175 0.125 1.58732e+14
0.175 0.13 1.06679e+14
0.175 0.135 7.14746e+13
0.175 0.14 4.77402e+13
0.175 0.145 3.17778e+13
0.175 0.15 2.1062e+13
0.175 0.155 1.38782e+13
0.175 0.16 9.06846e+12
0.175 0.165 5.85318e+12
0.175 0.17 3.70931e+12
0.175 0.175 2.28635e+12
0.175 0.18 1.34968e+12
0.175 0.185 7.42167e+11
0.175 0.19 3.58443e+11
0.175 0.195 1.27693e+11
0.175 0.2 20935.1
0.18 0 9.4377e+18
0.18 0.005 1.90125e+18
0.18 0.01 7.76216e+17
0.18 0.015 4.16831e+17
0.18 0.02 2.56886e+17
0.18 0.025 1.7127e+17
0.18 0.03 1.19784e+17
0.18 0.035 8.6292e+16
0.18 0.04 6.32837e+16
0.18 0.045 4.68661e+16
0.18 0.05 3.4848e+16
0.18 0.055 2.59083e+16
0.18 0.06 1.92012e+16
0.18 0.065 1.41549e+16
0.18 0.07 1.03639e+16
0.18 0.075 7.52938e+15
0.18 0.08 5.42474e+15
0.18 0.085 3.87516e+15
0.18 0.09 2.74483e+15
0.18 0.095 1.92824e+15
0.18 0.1 1.34402e+15
0.18 0.105 9.29962e+14
0.18 0.11 6.3914e+14
0.18 0.115 4.36581e+14
0.18 0.12 2.96578e+14
0.18 0.125 2.0048e+14
0.18 0.13 1.34918e+14
0.18 0.135 9.04232e+13
0.18 0.14 6.03595e+13
0.18 0.145 4.012e+13
0.18 0.15 2.65346e+13
0.18 0.155 1.74377e+13
0.18 0.16 1.13596e+13
0.18 0.165 7.30805e+12
0.18 0.17 4.61584e+12
0.18 0.175 2.83581e+12
0.18 0.18 1.66883e+12
0.18 0.185 9.15021e+11
0.18 0.19 4.40801e+11
0.18 0.195 1.56793e+11
0.18 0.2 20935.1
0.185 0 9.12115e+18
0.185 0.005 1.92713e+18
0.185 0.01 8.01101e+17
0.185 0.015 4.34879e+17
0.185 0.02 2.70318e+17
0.185 0.025 1.81667e+17
0.185 0.03 1.28079e+17
0.185 0.035 9.30462e+16
0.185 0.04 6.88482e+16
0.185 0.045 5.14722e+16
0.185 0.05 3.86574e+16
0.185 0.055 2.90421e+16
0.185 0.06 2.17567e+16
0.185 0.065 1.62154e+16
0.185 0.07 1.20037e+16
0.185 0.075 8.81585e+15
0.185 0.08 6.4191e+15
0.185 0.085 4.63217e+15
0.185 0.09 3.31251e+15
0.185 0.095 2.34771e+15
0.185 0.1 1.64957e+15
0.185 0.105 1.14952e+15
0.185 0.11 7.94878e+14
0.185 0.115 5.45717e+14
0.185 0.12 3.72194e+14
0.185 0.125 2.5232e+14
0.185 0.13 1.70111e+14
0.185 0.135 1.14097e+14
0.185 0.14 7.61467e+13
0.185 0.145 5.05591e+13
0.185 0.15 3.33779e+13
0.185 0.155 2.18818e+13
0.185 0.16 1.42138e+13
0.185 0.165 9.11551e+12
0.185 0.17 5.73868e+12
0.185 0.175 3.51425e+12
0.185 0.18 2.06172e+12
0.185 0.185 1.12724e+12
0.185 0.19 5.41699e+11
0.185 0.195 1.92422e+11
0.185 0.2 20935.1
0.19 0 8.80443e+18
0.19 0.005 1.95038e+18
0.19 0.01 8.25636e+17
0.19 0.015 4.53095e+17
0.19 0.02 2.84047e+17
0.19 0.025 1.92385e+17
0.19 0.03 1.36692e+17
0.19 0.035 1.00108e+17
0.19 0.04 7.47065e+16
0.19 0.045 5.6358e+16
0.19 0.05 4.27313e+16
0.19 0.055 3.24237e+16
0.19 0.06 2.45412e+16
0.19 0.065 1.8484e+16
0.19 0.07 1.38289e+16
0.19 0.075 1.0264e+16
0.19 0.08 7.5512e+15
0.19 0.085 5.50383e+15
0.19 0.09 3.97341e+15
0.19 0.095 2.84124e+15
0.19 0.1 2.01268e+15
0.19 0.105 1.41286e+15
0.19 0.11 9.83246e+14
0.19 0.115 6.78701e+14
0.19 0.12 4.64921e+14
0.19 0.125 3.16227e+14
0.19 0.13 2.13675e+14
0.19 0.135 1.43489e+14
0.19 0.14 9.57826e+13
0.19 0.145 6.35527e+13
0.19 0.15 4.18936e+13
0.19 0.155 2.74055e+13
0.19 0.16 1.77547e+13
0.19 0.165 1.13524e+13
0.19 0.17 7.12439e+12
0.19 0.175 4.34907e+12
0.19 0.18 2.54378e+12
0.19 0.185 1.38696e+12
0.19 0.19 6.64934e+11
0.19 0.195 2.35921e+11
0.19 0.2 20935.1
0.195 0 8.48743e+18
0.195 0.005 1.97094e+18
0.195 0.01 8.49801e+17
0.195 0.015 4.71487e+17
0.195 0.02 2.98087e+17
0.195 0.025 2.03443e+17
0.195 0.03 1.45641e+17
0.195 0.035 1.0749e+17
0.195 0.04 8.08701e+16
0.195 0.045 6.15334e+16
0.195 0.05 4.70789e+16
0.195 0.055 3.60618e+16
0.195 0.06 2.75637e+16
0.195 0.065 2.09701e+16
0.195 0.07 1.58492e+16
0.195 0.075 1.18838e+16
0.195 0.08 8.83113e+15
0.195 0.085 6.49992e+15
0.195 0.09 4.73669e+15
0.195 0.095 3.41712e+15
0.195 0.1 2.44055e+15
0.195 0.105 1.72602e+15
0.195 0.11 1.20915e+15
0.195 0.115 8.39396e+14
0.195 0.12 5.77715e+14
0.195 0.125 3.944e+14
0.195 0.13 2.67205e+14
0.195 0.135 1.79727e+14
0.195 0.14 1.20048e+14
0.195 0.145 7.96294e+13
0.195 0.15 5.24318e+13
0.195 0.155 3.42361e+13
0.195 0.16 2.21268e+13
0.195 0.165 1.41084e+13
0.195 0.17 8.82734e+12
0.195 0.175 5.37219e+12
0.195 0.18 3.13297e+12
0.195 0.185 1.70362e+12
0.195 0.19 8.14922e+11
0.195 0.195 2.88858e+11
0.195 0.2 20935.1
0.2 0 8.17013e+18
0.2 0.005 1.98872e+18
0.2 0.01 8.73571e+17
0.2 0.015 4.90064e+17
0.2 0.02 3.12459e+17
0.2 0.025 2.14861e+17
0.2 0.03 1.54942e+17
0.2 0.035 1.1521e+17
0.2 0.04 8.73534e+16
0.2 0.045 6.70106e+16
0.2 0.05 5.17106e+16
0.2 0.055 3.99661e+16
0.2 0.06 3.08333e+16
0.2 0.065 2.36827e+16
0.2 0.07 1.80742e+16
0.2 0.075 1.3685e+16
0.2 0.08 1.02686e+16
0.2 0.085 7.62998e+15
0.2 0.09 5.61139e+15
0.2 0.095 4.0836e+15
0.2 0.1 2.94047e+15
0.2 0.105 2.09524e+15
0.2 0.11 1.47773e+15
0.2 0.115 1.03192e+15
0.2 0.12 7.1377e+14
0.2 0.125 4.89247e+14
0.2 0.13 3.32468e+14
0.2 0.135 2.24077e+14
0.2 0.14 1.49826e+14
0.2 0.145 9.93905e+13
0.2 0.15 6.53932e+13
0.2 0.155 4.26348e+13
0.2 0.16 2.74963e+13
0.2 0.165 1.7487e+13
0.2 0.17 1.09103e+13
0.2 0.175 6.62042e+12
0.2 0.18 3.84998e+12
0.2 0.185 2.08812e+12
0.2 0.19 9.96743e+11
0.2 0.195 3.53041e+11
0.2 0.2 20935.1
0.205 0 7.8526e+18
0.205 0.005 2.0036e+18
0.205 0.01 8.9691e+17
0.205 0.015 5.08833e+17
0.205 0.02 3.27183e+17
0.205 0.025 2.26662e+17
0.205 0.03 1.64621e+17
0.205 0.035 1.23288e+17
0.205 0.04 9.41736e+16
0.205 0.045 7.28041e+16
0.205 0.05 5.66389e+16
0.205 0.055 4.41474e+16
0.205 0.06 3.43599e+16
0.205 0.065 2.66314e+16
0.205 0.07 2.0513e+16
0.205 0.075 1.56769e+16
0.205 0.08 1.18729e+16
0.205 0.085 8.90316e+15
0.205 0.09 6.60627e+15
0.205 0.095 4.84882e+15
0.205 0.1 3.51973e+15
0.205 0.105 2.52683e+15
0.205 0.11 1.79429e+15
0.205 0.115 1.26057e+15
0.205 0.12 8.76472e+14
0.205 0.125 6.03357e+14
0.205 0.13 4.11388e+14
0.205 0.135 2.77928e+14
0.205 0.14 1.86095e+14
0.205 0.145 1.23509e+14
0.205 0.15 8.12293e+13
0.205 0.155 5.28971e+13
0.205 0.16 3.40523e+13
0.205 0.165 2.16062e+13
0.205 0.17 1.34446e+13
0.205 0.175 8.13568e+12
0.205 0.18 4.71833e+12
0.205 0.185 2.55281e+12
0.205 0.19 1.21618e+12
0.205 0.195 4.3054e+11
0.205 0.2 20935.1
0.21 0 7.53496e+18
0.21 0.005 2.01547e+18
0.21 0.01 9.19777e+17
0.21 0.015 5.27797e+17
0.21 0.02 3.42281e+17
0.21 0.025 2.38874e+17
0.21 0.03 1.74701e+17
0.21 0.035 1.31746e+17
0.21 0.04 1.0135e+17
0.21 0.045 7.89307e+16
0.21 0.05 6.18777e+16
0.21 0.055 4.86177e+16
0.21 0.06 3.81539e+16
0.21 0.065 2.98257e+16
0.21 0.07 2.31749e+16
0.21 0.075 1.78684e+16
0.21 0.08 1.3653e+16
0.21 0.085 1.03282e+16
0.21 0.09 7.72972e+15
0.21 0.095 5.72064e+15
0.21 0.1 4.18549e+15
0.21 0.105 3.02709e+15
0.21 0.11 2.16419e+15
0.21 0.115 1.52976e+15
0.21 0.12 1.06935e+15
0.21 0.125 7.3946e+14
0.21 0.13 5.06018e+14
0.21 0.135 3.42782e+14
0.21 0.14 2.29925e+14
0.21 0.145 1.52726e+14
0.21 0.15 1.0044e+14
0.21 0.155 6.5352e+13
0.21 0.16 4.20059e+13
0.21 0.165 2.65977e+13
0.21 0.17 1.65105e+13
0.21 0.175 9.96498e+12
0.21 0.18 5.76443e+12
0.21 0.185 3.11156e+12
0.21 0.19 1.47972e+12
0.21 0.195 5.23693e+11
0.21 0.2 20935.1
0.215 0 7.21746e+18
0.215 0.005 2.02418e+18
0.215 0.01 9.42114e+17
0.215 0.015 5.46955e+17
0.215 0.02 3.57772e+17
0.215 0.025 2.51522e+17
0.215 0.03 1.85211e+17
0.215 0.035 1.4061e+17
0.215 0.04 1.08906e+17
0.215 0.045 8.54091e+16
0.215 0.05 6.74429e+16
0.215 0.055 5.33901e+16
0.215 0.06 4.22268e+16
0.215 0.065 3.32757e+16
0.215 0.07 2.60689e+16
0.215 0.075 2.02683e+16
0.215 0.08 1.56173e+16
0.215 0.085 1.19133e+16
0.215 0.09 8.9897e+15
0.215 0.095 6.70656e+15
0.215 0.1 4.94464e+15
0.215 0.105 3.60215e+15
0.215 0.11 2.59272e+15
0.215 0.115 1.84393e+15
0.215 0.12 1.29598e+15
0.215 0.125 9.00376e+14
0.215 0.13 6.18505e+14
0.215 0.135 4.20228e+14
0.215 0.14 2.82457e+14
0.215 0.145 1.87839e+14
0.215 0.15 1.23569e+14
0.215 0.155 8.03599e+13
0.215 0.16 5.15894e+13
0.215 0.165 3.26074e+13
0.215 0.17 2.01965e+13
0.215 0.175 1.21603e+13
0.215 0.18 7.01745e+12
0.215 0.185 3.7797e+12
0.215 0.19 1.79457e+12
0.215 0.195 6.35109e+11
0.215 0.2 20935.1
0.22 0 6.9004e+18
0.22 0.005 2.0296e+18
0.22 0.01 9.63855e+17
0.22 0.015 5.663e+17
0.22 0.02 3.73675e+17
0.22 0.025 2.64634e+17
0.22 0.03 1.96178e+17
0.22 0.035 1.49908e+17
0.22 0.04 1.16864e+17
0.22 0.045 9.22598e+16
0.22 0.05 7.33515e+16
0.22 0.055 5.8479e+16
0.22 0.06 4.65905e+16
0.22 0.065 3.69916e+16
0.22 0.07 2.92044e+16
0.22 0.075 2.2885e+16
0.22 0.08 1.77739e+16
0.22 0.085 1.36662e+16
0.22 0.09 1.03936e+16
0.22 0.095 7.81359e+15
0.22 0.1 5.80366e+15
0.22 0.105 4.25787e+15
0.22 0.11 3.08502e+15
0.22 0.115 2.20743e+15
0.22 0.12 1.55996e+15
0.22 0.125 1.08895e+15
0.22 0.13 7.51051e+14
0.22 0.135 5.11914e+14
0.22 0.14 3.44888e+14
0.22 0.145 2.29694e+14
0.22 0.15 1.51196e+14
0.22 0.155 9.83076e+13
0.22 0.16 6.30535e+13
0.22 0.165 3.97929e+13
0.22 0.17 2.45988e+13
0.22 0.175 1.47783e+13
0.22 0.18 8.50913e+12
0.22 0.185 4.57393e+12
0.22 0.19 2.16856e+12
0.22 0.195 7.6766e+11
0.22 0.2 20935.1
0.225 0 6.58418e+18
0.225 0.005 2.03156e+18
0.225 0.01 9.84915e+17
0.225 0.015 5.85815e+17
0.225 0.02 3.90005e+17
0.225 0.025 2.78236e+17
0.225 0.03 2.07633e+17
0.225 0.035 1.59666e+17
0.225 0.04 1.2525e+17
0.225 0.045 9.95047e+16
0.225 0.05 7.96222e+16
0.225 0.055 6.38997e+16
0.225 0.06 5.12577e+16
0.225 0.065 4.09842e+16
0.225 0.07 3.25905e+16
0.225 0.075 2.57267e+16
0.225 0.08 2.01302e+16
0.225 0.085 1.5594e+16
0.225 0.09 1.19482e+16
0.225 0.095 9.04814e+15
0.225 0.1 6.76856e+15
0.225 0.105 4.99973e+15
0.225 0.11 3.64593e+15
0.225 0.115 2.62442e+15
0.225 0.12 1.86476e+15
0.225 0.125 1.308e+15
0.225 0.13 9.05853e+14
0.225 0.135 6.19506e+14
0.225 0.14 4.18446e+14
0.225 0.145 2.79167e+14
0.225 0.15 1.83927e+14
0.225 0.155 1.19602e+14
0.225 0.16 7.66634e+13
0.225 0.165 4.83217e+13
0.225 0.17 2.98199e+13
0.225 0.175 1.78791e+13
0.225 0.18 1.02734e+13
0.225 0.185 5.51207e+12
0.225 0.19 2.61011e+12
0.225 0.195 9.24452e+11
0.225 0.2 20935.1
0.23 0 6.26929e+18
0.23 0.005 2.02991e+18
0.23 0.01 1.0052e+18
0.23 0.015 6.05476e+17
0.23 0.02 4.0677e+17
0.23 0.025 2.92353e+17
0.23 0.03 2.19604e+17
0.23 0.035 1.69915e+17
0.23 0.04 1.34091e+17
0.23 0.045 1.07167e+17
0.23 0.05 8.62742e+16
0.23 0.055 6.96683e+16
0.23 0.06 5.62416e+16
0.23 0.065 4.52641e+16
0.23 0.07 3.62361e+16
0.23 0.075 2.88012e+16
0.23 0.08 2.26932e+16
0.23 0.085 1.77031e+16
0.23 0.09 1.36594e+16
0.23 0.095 1.04159e+16
0.23 0.1 7.84468e+15
0.23 0.105 5.83266e+15
0.23 0.11 4.27991e+15
0.23 0.115 3.09881e+15
0.23 0.12 2.21366e+15
0.23 0.125 1.56022e+15
0.23 0.13 1.08505e+15
0.23 0.135 7.44649e+14
0.23 0.14 5.04354e+14
0.23 0.145 3.37138e+14
0.23 0.15 2.22379e+14
0.23 0.155 1.4466e+14
0.23 0.16 9.26932e+13
0.23 0.165 5.83681e+13
0.23 0.17 3.59664e+13
0.23 0.175 2.15258e+13
0.23 0.18 1.23456e+13
0.23 0.185 6.61281e+12
0.23 0.19 3.12805e+12
0.23 0.195 1.10878e+12
0.23 0.2 20935.1
0.235 0 5.95633e+18
0.235 0.005 2.02447e+18
0.235 0.01 1.02459e+18
0.235 0.015 6.25246e+17
0.235 0.02 4.23975e+17
0.235 0.025 3.07005e+17
0.235 0.03 2.32119e+17
0.235 0.035 1.80682e+17
0.235 0.04 1.43412e+17
0.235 0.045 1.15269e+17
0.235 0.05 9.33274e+16
0.235 0.055 7.58011e+16
0.235 0.06 6.15555e+16
0.235 0.065 4.98422e+16
0.235 0.07 4.01501e+16
0.235 0.075 3.21158e+16
0.235 0.08 2.54691e+16
0.235 0.085 1.9999e+16
0.235 0.09 1.55326e+16
0.235 0.095 1.19218e+16
0.235 0.1 9.03665e+15
0.235 0.105 6.76096e+15
0.235 0.11 4.99085e+15
0.235 0.115 3.63404e+15
0.235 0.12 2.60966e+15
0.235 0.125 1.84809e+15
0.235 0.13 1.29065e+15
0.235 0.135 8.88912e+14
0.235 0.14 6.03795e+14
0.235 0.145 4.04474e+14
0.235 0.15 2.67162e+14
0.235 0.155 1.739e+14
0.235 0.16 1.11419e+14
0.235 0.165 7.01083e+13
0.235 0.17 4.31471e+13
0.235 0.175 2.57827e+13
0.235 0.18 1.47621e+13
0.235 0.185 7.89525e+12
0.235 0.19 3.73141e+12
0.235 0.195 1.32403e+12
0.235 0.2 20935.1
0.24 0 5.64598e+18
0.24 0.005 2.01509e+18
0.24 0.01 1.04296e+18
0.24 0.015 6.45073e+17
0.24 0.02 4.41613e+17
0.24 0.025 3.22208e+17
0.24 0.03 2.45202e+17
0.24 0.035 1.91993e+17
0.24 0.04 1.5324e+17
0.24 0.045 1.23835e+17
0.24 0.05 1.00801e+17
0.24 0.055 8.23142e+16
0.24 0.06 6.72123e+16
0.24 0.065 5.47287e+16
0.24 0.07 4.43405e+16
0.24 0.075 3.56768e+16
0.24 0.08 2.84633e+16
0.24 0.085 2.24865e+16
0.24 0.09 1.75718e+16
0.24 0.095 1.35697e+16
0.24 0.1 1.03481e+16
0.24 0.105 7.78812e+15
0.24 0.11 5.78203e+15
0.24 0.115 4.23309e+15
0.24 0.12 3.05535e+15
0.24 0.125 2.17383e+15
0.24 0.13 1.52447e+15
0.24 0.135 1.05373e+15
0.24 0.14 7.17874e+14
0.24 0.145 4.81991e+14
0.24 0.15 3.18861e+14
0.24 0.155 2.07726e+14
0.24 0.16 1.3311e+14
0.24 0.165 8.37154e+13
0.24 0.17 5.14691e+13
0.24 0.175 3.07134e+13
0.24 0.18 1.75587e+13
0.24 0.185 9.37838e+12
0.24 0.19 4.42917e+12
0.24 0.195 1.57356e+12
0.24 0.2 20935.1
0.245 0 5.33901e+18
0.245 0.005 2.00161e+18
0.245 0.01 1.06015e+18
0.245 0.015 6.6489e+17
0.245 0.02 4.59668e+17
0.245 0.025 3.3797e+17
0.245 0.03 2.58872e+17
0.245 0.035 2.03873e+17
0.245 0.04 1.63598e+17
0.245 0.045 1.32886e+17
0.245 0.05 1.08714e+17
0.245 0.055 8.9223e+16
0.245 0.06 7.32242e+16
0.245 0.065 5.99331e+16
0.245 0.07 4.88145e+16
0.245 0.075 3.94898e+16
0.245 0.08 3.16801e+16
0.245 0.085 2.5169e+16
0.245 0.09 1.97801e+16
0.245 0.095 1.53625e+16
0.245 0.1 1.17819e+16
0.245 0.105 8.91672e+15
0.245 0.11 6.6559e+15
0.245 0.115 4.89825e+15
0.245 0.12 3.55282e+15
0.245 0.125 2.53927e+15
0.245 0.13 1.78806e+15
0.245 0.135 1.24037e+15
0.245 0.14 8.47571e+14
0.245 0.145 5.70429e+14
0.245 0.15 3.78012e+14
0.245 0.155 2.46513e+14
0.245 0.16 1.58019e+14
0.245 0.165 9.93535e+13
0.245 0.17 6.10346e+13
0.245 0.175 3.63788e+13
0.245 0.18 2.07701e+13
0.245 0.185 1.10805e+13
0.245 0.19 5.22994e+12
0.245 0.195 1.86025e+12
0.245 0.2 20935.1
0.25 0 5.03632e+18
0.25 0.005 1.98392e+18
0.25 0.01 1.076e+18
0.25 0.015 6.84612e+17
0.25 0.02 4.78108e+17
0.25 0.025 3.5429e+17
0.25 0.03 2.73144e+17
0.25 0.035 2.1634e+17
0.25 0.04 1.74505e+17
0.25 0.045 1.42441e+17
0.25 0.05 1.17083e+17
0.25 0.055 9.6541e+16
0.25 0.06 7.96018e+16
0.25 0.065 6.54633e+16
0.25 0.07 5.35779e+16
0.25 0.075 4.3559e+16
0.25 0.08 3.51223e+16
0.25 0.085 2.80486e+16
0.25 0.09 2.21592e+16
0.25 0.095 1.73015e+16
0.25 0.1 1.33392e+16
0.25 0.105 1.01483e+16
0.25 0.11 7.61403e+15
0.25 0.115 5.63108e+15
0.25 0.12 4.10356e+15
0.25 0.125 2.94576e+15
0.25 0.13 2.0826e+15
0.25 0.135 1.44982e+15
0.25 0.14 9.93695e+14
0.25 0.145 6.7041e+14
0.25 0.15 4.45079e+14
0.25 0.155 2.9059e+14
0.25 0.16 1.8637e+14
0.25 0.165 1.1717e+14
0.25 0.17 7.1936e+13
0.25 0.175 4.28346e+13
0.25 0.18 2.4428e+13
0.25 0.185 1.30189e+13
0.25 0.19 6.14183e+12
0.25 0.195 2.18546e+12
0.25 0.2 20935.1
0.255 0 4.73858e+18
0.255 0.005 1.96185e+18
0.255 0.01 1.09032e+18
0.255 0.015 7.04134e+17
0.255 0.02 4.96889e+17
0.255 0.025 3.71157e+17
0.255 0.03 2.88022e+17
0.255 0.035 2.29408e+17
0.255 0.04 1.85979e+17
0.255 0.045 1.52514e+17
0.255 0.05 1.25921e+17
0.255 0.055 1.04279e+17
0.255 0.06 8.63534e+16
0.255 0.065 7.13251e+16
0.255 0.07 5.86344e+16
0.255 0.075 4.78862e+16
0.255 0.08 3.87909e+16
0.255 0.085 3.11255e+16
0.255 0.09 2.4709e+16
0.255 0.095 1.93867e+16
0.255 0.1 1.50203e+16
0.255 0.105 1.1483e+16
0.255 0.11 8.65682e+15
0.255 0.115 6.43218e+15
0.255 0.12 4.7083e+15
0.255 0.125 3.39409e+15
0.255 0.13 2.40885e+15
0.255 0.135 1.68277e+15
0.255 0.14 1.15682e+15
0.255 0.145 7.82403e+14
0.255 0.15 5.20419e+14
0.255 0.155 3.40219e+14
0.255 0.16 2.18348e+14
0.255 0.165 1.37287e+14
0.255 0.17 8.42514e+13
0.255 0.175 5.01283e+13
0.255 0.18 2.85609e+13
0.255 0.185 1.52106e+13
0.255 0.19 7.1777e+12
0.255 0.195 2.56435e+12
0.255 0.2 20935.1
0.26 0 4.44709e+18
0.26 0.005 1.93539e+18
0.26 0.01 1.10291e+18
0.26 0.015 7.23328e+17
0.26 0.02 5.15945e+17
0.26 0.025 3.88543e+17
0.26 0.03 3.03499e+17
0.26 0.035 2.43082e+17
0.26 0.04 1.98027e+17
0.26 0.045 1.63117e+17
0.26 0.05 1.35237e+17
0.26 0.055 1.12444e+17
0.26 0.06 9.3484e+16
0.26 0.065 7.75216e+16
0.26 0.07 6.39853e+16
0.26 0.075 5.24715e+16
0.26 0.08 4.26848e+16
0.26 0.085 3.43981e+16
0.26 0.09 2.74276e+16
0.26 0.095 2.16163e+16
0.26 0.1 1.68235e+16
0.26 0.105 1.29198e+16
0.26 0.11 9.78361e+15
0.26 0.115 7.30122e+15
0.26 0.12 5.36699e+15
0.26 0.125 3.8844e+15
0.26 0.13 2.7671e+15
0.26 0.135 1.93954e+15
0.26 0.14 1.33729e+15
0.26 0.145 9.06702e+14
0.26 0.15 6.04274e+14
0.26 0.155 3.95586e+14
0.26 0.16 2.54086e+14
0.26 0.165 1.59795e+14
0.26 0.17 9.80397e+13
0.26 0.175 5.82957e+13
0.26 0.18 3.31884e+13
0.26 0.185 1.76647e+13
0.26 0.19 8.33809e+12
0.26 0.195 2.98787e+12
0.26 0.2 20935.1
0.265 0 4.16283e+18
0.265 0.005 1.90451e+18
0.265 0.01 1.11358e+18
0.265 0.015 7.42047e+17
0.265 0.02 5.35191e+17
0.265 0.025 4.06405e+17
0.265 0.03 3.19558e+17
0.265 0.035 2.57354e+17
0.265 0.04 2.1065e+17
0.265 0.045 1.74251e+17
0.265 0.05 1.45034e+17
0.265 0.055 1.21038e+17
0.265 0.06 1.00994e+17
0.265 0.065 8.4052e+16
0.265 0.07 6.96284e+16
0.265 0.075 5.73117e+16
0.265 0.08 4.68001e+16
0.265 0.085 3.78622e+16
0.265 0.09 3.0311e+16
0.265 0.095 2.39865e+16
0.265 0.1 1.87457e+16
0.265 0.105 1.4456e+16
0.265 0.11 1.09923e+16
0.265 0.115 8.23672e+15
0.265 0.12 6.07864e+15
0.265 0.125 4.41612e+15
0.265 0.13 3.15702e+15
0.265 0.135 2.22003e+15
0.265 0.14 1.53509e+15
0.265 0.145 1.04337e+15
0.265 0.15 6.9673e+14
0.265 0.155 4.56772e+14
0.265 0.16 2.93651e+14
0.265 0.165 1.84746e+14
0.265 0.17 1.13335e+14
0.265 0.175 6.7358e+13
0.265 0.18 3.8323e+13
0.265 0.185 2.03882e+13
0.265 0.19 9.62695e+12
0.265 0.195 3.45983e+12
0.265 0.2 20935.1
0.27 0 3.88687e+18
0.27 0.005 1.86927e+18
0.27 0.01 1.12211e+18
0.27 0.015 7.60124e+17
0.27 0.02 5.54522e+17
0.27 0.025 4.2468e+17
0.27 0.03 3.36164e+17
0.27 0.035 2.72206e+17
0.27 0.04 2.23839e+17
0.27 0.045 1.85912e+17
0.27 0.05 1.55308e+17
0.27 0.055 1.30058e+17
0.27 0.06 1.0888e+17
0.27 0.065 9.09107e+16
0.27 0.07 7.55574e+16
0.27 0.075 6.23997e+16
0.27 0.08 5.11296e+16
0.27 0.085 4.15108e+16
0.27 0.09 3.33523e+16
0.27 0.095 2.64913e+16
0.27 0.1 2.07815e+16
0.27 0.105 1.60871e+16
0.27 0.11 1.22794e+16
0.27 0.115 9.23593e+15
0.27 0.12 6.84124e+15
0.27 0.125 4.98781e+15
0.27 0.13 3.57769e+15
0.27 0.135 2.52365e+15
0.27 0.14 1.74989e+15
0.27 0.145 1.19222e+15
0.27 0.15 7.97696e+14
0.27 0.155 5.23742e+14
0.27 0.16 3.37034e+14
0.27 0.165 2.12139e+14
0.27 0.17 1.30141e+14
0.27 0.175 7.73195e+13
0.27 0.18 4.39679e+13
0.27 0.185 2.33831e+13
0.27 0.19 1.1046e+13
0.27 0.195 3.98196e+12
0.27 0.2 20935.1
0.275 0 3.62025e+18
0.275 0.005 1.82978e+18
0.275 0.01 1.1283e+18
0.275 0.015 7.77371e+17
0.275 0.02 5.73806e+17
0.275 0.025 4.43286e+17
0.275 0.03 3.53263e+17
0.275 0.035 2.87606e+17
0.275 0.04 2.3757e+17
0.275 0.045 1.98082e+17
0.275 0.05 1.66045e+17
0.275 0.055 1.39492e+17
0.275 0.06 1.17129e+17
0.275 0.065 9.80863e+16
0.275 0.07 8.17607e+16
0.275 0.075 6.77243e+16
0.275 0.08 5.56623e+16
0.275 0.085 4.53332e+16
0.275 0.09 3.65419e+16
0.275 0.095 2.91218e+16
0.275 0.1 2.29232e+16
0.275 0.105 1.78067e+16
0.275 0.11 1.36395e+16
0.275 0.115 1.02947e+16
0.275 0.12 7.65163e+15
0.275 0.125 5.59717e+15
0.275 0.13 4.02746e+15
0.275 0.135 2.84927e+15
0.275 0.14 1.98094e+15
0.275 0.145 1.35279e+15
0.275 0.15 9.06881e+14
0.275 0.155 5.96324e+14
0.275 0.16 3.84137e+14
0.275 0.165 2.41921e+14
0.275 0.17 1.48428e+14
0.275 0.175 8.81638e+13
0.275 0.18 5.01145e+13
0.275 0.185 2.66456e+13
0.275 0.19 1.25942e+13
0.275 0.195 4.55463e+12
0.275 0.2 20935.1
0.28 0 3.36399e+18
0.28 0.005 1.78624e+18
0.28 0.01 1.13197e+18
0.28 0.015 7.93587e+17
0.28 0.02 5.92894e+17
0.28 0.025 4.62118e+17
0.28 0.03 3.70784e+17
0.28 0.035 3.03503e+17
0.28 0.04 2.51807e+17
0.28 0.045 2.10733e+17
0.28 0.05 1.77223e+17
0.28 0.055 1.49317e+17
0.28 0.06 1.25723e+17
0.28 0.065 1.0556e+17
0.28 0.07 8.8221e+16
0.28 0.075 7.32688e+16
0.28 0.08 6.03825e+16
0.28 0.085 4.9315e+16
0.28 0.09 3.98667e+16
0.28 0.095 3.18665e+16
0.28 0.1 2.51609e+16
0.28 0.105 1.96063e+16
0.28 0.11 1.50658e+16
0.28 0.115 1.14075e+16
0.28 0.12 8.50547e+15
0.28 0.125 6.24091e+15
0.28 0.13 4.50392e+15
0.28 0.135 3.19518e+15
0.28 0.14 2.22707e+15
0.28 0.145 1.52428e+15
0.28 0.15 1.02378e+15
0.28 0.155 6.74198e+14
0.28 0.16 4.34763e+14
0.28 0.165 2.73974e+14
0.28 0.17 1.68128e+14
0.28 0.175 9.98519e+13
0.28 0.18 5.67416e+13
0.28 0.185 3.01648e+13
0.28 0.19 1.42669e+13
0.28 0.195 5.17686e+12
0.28 0.2 20935.1
0.285 0 3.11903e+18
0.285 0.005 1.73894e+18
0.285 0.01 1.13296e+18
0.285 0.015 8.08563e+17
0.285 0.02 6.11613e+17
0.285 0.025 4.81047e+17
0.285 0.03 3.88634e+17
0.285 0.035 3.19826e+17
0.285 0.04 2.66496e+17
0.285 0.045 2.23822e+17
0.285 0.05 1.88804e+17
0.285 0.055 1.59503e+17
0.285 0.06 1.34631e+17
0.285 0.065 1.13306e+17
0.285 0.07 9.49136e+16
0.285 0.075 7.90104e+16
0.285 0.08 6.52693e+16
0.285 0.085 5.34374e+16
0.285 0.09 4.33097e+16
0.285 0.095 3.47105e+16
0.285 0.1 2.74816e+16
0.285 0.105 2.14752e+16
0.285 0.11 1.65493e+16
0.285 0.115 1.25671e+16
0.285 0.12 9.39714e+15
0.285 0.125 6.91474e+15
0.285 0.13 5.0039e+15
0.285 0.135 3.55909e+15
0.285 0.14 2.48666e+15
0.285 0.145 1.70559e+15
0.285 0.15 1.14766e+15
0.285 0.155 7.56888e+14
0.285 0.16 4.88612e+14
0.285 0.165 3.08113e+14
0.285 0.17 1.89129e+14
0.285 0.175 1.1232e+14
0.285 0.18 6.38136e+13
0.285 0.185 3.39227e+13
0.285 0.19 1.60561e+13
0.285 0.195 5.84632e+12
0.285 0.2 20935.1
0.29 0 2.88619e+18
0.29 0.005 1.68824e+18
0.29 0.01 1.13113e+18
0.29 0.015 8.22085e+17
0.29 0.02 6.29772e+17
0.29 0.025 4.99922e+17
0.29 0.03 4.06696e+17
0.29 0.035 3.36486e+17
0.29 0.04 2.81565e+17
0.29 0.045 2.37289e+17
0.29 0.05 2.00737e+17
0.29 0.055 1.70005e+17
0.29 0.06 1.43815e+17
0.29 0.065 1.21289e+17
0.29 0.07 1.01806e+17
0.29 0.075 8.49197e+16
0.29 0.08 7.02962e+16
0.29 0.085 5.76764e+16
0.29 0.09 4.68498e+16
0.29 0.095 3.76353e+16
0.29 0.1 2.98697e+16
0.29 0.105 2.34e+16
0.29 0.11 1.8079e+16
0.29 0.115 1.37647e+16
0.29 0.12 1.03197e+16
0.29 0.125 7.61333e+15
0.29 0.13 5.52337e+15
0.29 0.135 3.93805e+15
0.29 0.14 2.75761e+15
0.29 0.145 1.89528e+15
0.29 0.15 1.27753e+15
0.29 0.155 8.4375e+14
0.29 0.16 5.45273e+14
0.29 0.165 3.44082e+14
0.29 0.17 2.11278e+14
0.29 0.175 1.25477e+14
0.29 0.18 7.12801e+13
0.29 0.185 3.78929e+13
0.29 0.19 1.795e+13
0.29 0.195 6.55911e+12
0.29 0.2 20935.1
0.295 0 2.66616e+18
0.295 0.005 1.63462e+18
0.295 0.01 1.12643e+18
0.295 0.015 8.33949e+17
0.295 0.02 6.47168e+17
0.295 0.025 5.18574e+17
0.295 0.03 4.24833e+17
0.295 0.035 3.5337e+17
0.295 0.04 2.96922e+17
0.295 0.045 2.51056e+17
0.295 0.05 2.12956e+17
0.295 0.055 1.80764e+17
0.295 0.06 1.53223e+17
0.295 0.065 1.2946e+17
0.295 0.07 1.08856e+17
0.295 0.075 9.09593e+16
0.295 0.08 7.54298e+16
0.295 0.085 6.20028e+16
0.295 0.09 5.04614e+16
0.295 0.095 4.06189e+16
0.295 0.1 3.23063e+16
0.295 0.105 2.53649e+16
0.295 0.11 1.96422e+16
0.295 0.115 1.49899e+16
0.295 0.12 1.12649e+16
0.295 0.125 8.3303e+15
0.295 0.13 6.05754e+15
0.295 0.135 4.32853e+15
0.295 0.14 3.03739e+15
0.295 0.145 2.09155e+15
0.295 0.15 1.41218e+15
0.295 0.155 9.33977e+14
0.295 0.16 6.04222e+14
0.295 0.165 3.81553e+14
0.295 0.17 2.34374e+14
0.295 0.175 1.39207e+14
0.295 0.18 7.90755e+13
0.295 0.185 4.20409e+13
0.295 0.19 1.99324e+13
0.295 0.195 7.3098e+12
0.295 0.2 20935.1
0.3 0 2.45947e+18
0.3 0.005 1.57861e+18
0.3 0.01 1.11883e+18
0.3 0.015 8.43965e+17
0.3 0.02 6.6359e+17
0.3 0.025 5.36812e+17
0.3 0.03 4.42883e+17
0.3 0.035 3.70345e+17
0.3 0.04 3.12452e+17
0.3 0.045 2.65027e+17
0.3 0.05 2.25375e+17
0.3 0.055 1.91705e+17
0.3 0.06 1.62788e+17
0.3 0.065 1.37763e+17
0.3 0.07 1.16013e+17
0.3 0.075 9.70834e+16
0.3 0.08 8.06298e+16
0.3 0.085 6.63812e+16
0.3 0.09 5.41141e+16
0.3 0.095 4.36352e+16
0.3 0.1 3.47694e+16
0.3 0.105 2.73517e+16
0.3 0.11 2.12235e+16
0.3 0.115 1.62305e+16
0.3 0.12 1.22231e+16
0.3 0.125 9.05822e+15
0.3 0.13 6.60077e+15
0.3 0.135 4.72636e+15
0.3 0.14 3.32298e+15
0.3 0.145 2.29229e+15
0.3 0.15 1.55017e+15
0.3 0.155 1.0266e+15
0.3 0.16 6.6483e+14
0.3 0.165 4.20128e+14
0.3 0.17 2.58174e+14
0.3 0.175 1.53365e+14
0.3 0.18 8.71187e+13
0.3 0.185 4.63243e+13
0.3 0.19 2.19835e+13
0.3 0.195 8.09129e+12
0.3 0.2 20935.1
0.305 0 2.26644e+18
0.305 0.005 1.52078e+18
0.305 0.01 1.10837e+18
0.305 0.015 8.51968e+17
0.305 0.02 6.78824e+17
0.305 0.025 5.5443e+17
0.305 0.03 4.60664e+17
0.305 0.035 3.87252e+17
0.305 0.04 3.2802e+17
0.305 0.045 2.79081e+17
0.305 0.05 2.37892e+17
0.305 0.055 2.02738e+17
0.305 0.06 1.7243e+17
0.305 0.065 1.46126e+17
0.305 0.07 1.23213e+17
0.305 0.075 1.03237e+17
0.305 0.08 8.58486e+16
0.305 0.085 7.07703e+16
0.305 0.09 5.77722e+16
0.305 0.095 4.66539e+16
0.305 0.1 3.72335e+16
0.305 0.105 2.93393e+16
0.305 0.11 2.2806e+16
0.305 0.115 1.74727e+16
0.305 0.12 1.31836e+16
0.305 0.125 9.78868e+15
0.305 0.13 7.14668e+15
0.305 0.135 5.12682e+15
0.305 0.14 3.61097e+15
0.305 0.145 2.49507e+15
0.305 0.15 1.6898e+15
0.305 0.155 1.12048e+15
0.305 0.16 7.26361e+14
0.305 0.165 4.59341e+14
0.305 0.17 2.82393e+14
0.305 0.175 1.67782e+14
0.305 0.18 9.53144e+13
0.305 0.185 5.06926e+13
0.305 0.19 2.40795e+13
0.305 0.195 8.89493e+12
0.305 0.2 20935.1
0.31 0 2.08719e+18
0.31 0.005 1.46177e+18
0.31 0.01 1.09516e+18
0.31 0.015 8.5782e+17
0.31 0.02 6.92658e+17
0.31 0.025 5.7121e+17
0.31 0.03 4.77972e+17
0.31 0.035 4.03908e+17
0.31 0.04 3.43463e+17
0.31 0.045 2.93076e+17
0.31 0.05 2.50379e+17
0.31 0.055 2.13751e+17
0.31 0.06 1.82052e+17
0.31 0.065 1.54464e+17
0.31 0.07 1.30383e+17
0.31 0.075 1.09356e+17
0.31 0.08 9.10302e+16
0.31 0.085 7.51223e+16
0.31 0.09 6.13951e+16
0.31 0.095 4.96409e+16
0.31 0.1 3.96702e+16
0.31 0.105 3.13041e+16
0.31 0.11 2.43704e+16
0.31 0.115 1.87013e+16
0.31 0.12 1.41341e+16
0.31 0.125 1.05124e+16
0.31 0.13 7.68823e+15
0.31 0.135 5.52465e+15
0.31 0.14 3.89753e+15
0.31 0.145 2.6972e+15
0.31 0.15 1.82923e+15
0.31 0.155 1.21438e+15
0.31 0.16 7.8799e+14
0.31 0.165 4.98667e+14
0.31 0.17 3.06706e+14
0.31 0.175 1.82268e+14
0.31 0.18 1.03554e+14
0.31 0.185 5.50886e+13
0.31 0.19 2.61933e+13
0.31 0.195 9.71059e+12
0.31 0.2 20935.1
0.315 0 1.92165e+18
0.315 0.005 1.4022e+18
0.315 0.01 1.07935e+18
0.315 0.015 8.61418e+17
0.315 0.02 7.04888e+17
0.315 0.025 5.86922e+17
0.315 0.03 4.94584e+17
0.315 0.035 4.20107e+17
0.315 0.04 3.58596e+17
0.315 0.045 3.06847e+17
0.315 0.05 2.62691e+17
0.315 0.055 2.24615e+17
0.315 0.06 1.9154e+17
0.315 0.065 1.62677e+17
0.315 0.07 1.37436e+17
0.315 0.075 1.15366e+17
0.315 0.08 9.61109e+16
0.315 0.085 7.93829e+16
0.315 0.09 6.49371e+16
0.315 0.095 5.25578e+16
0.315 0.1 4.20477e+16
0.315 0.105 3.32204e+16
0.315 0.11 2.58959e+16
0.315 0.115 1.98996e+16
0.315 0.12 1.50617e+16
0.315 0.125 1.12192e+16
0.315 0.13 8.21775e+15
0.315 0.135 5.91417e+15
0.315 0.14 4.17853e+15
0.315 0.145 2.89574e+15
0.315 0.15 1.9664e+15
0.315 0.155 1.30691e+15
0.315 0.16 8.48814e+14
0.315 0.165 5.3753e+14
0.315 0.17 3.30759e+14
0.315 0.175 1.9661e+14
0.315 0.18 1.11719e+14
0.315 0.185 5.94488e+13
0.315 0.19 2.82945e+13
0.315 0.195 1.05268e+13
0.315 0.2 20935.1
0.32 0 1.76952e+18
0.32 0.005 1.34265e+18
0.32 0.01 1.06116e+18
0.32 0.015 8.62689e+17
0.32 0.02 7.15315e+17
0.32 0.025 6.01324e+17
0.32 0.03 5.10255e+17
0.32 0.035 4.35615e+17
0.32 0.04 3.73204e+17
0.32 0.045 3.202e+17
0.32 0.05 2.74654e+17
0.32 0.055 2.35178e+17
0.32 0.06 2.00761e+17
0.32 0.065 1.70651e+17
0.32 0.07 1.44273e+17
0.32 0.075 1.21181e+17
0.32 0.08 1.01019e+17
0.32 0.085 8.34918e+16
0.32 0.09 6.83476e+16
0.32 0.095 5.53628e+16
0.32 0.1 4.43318e+16
0.32 0.105 3.50601e+16
0.32 0.11 2.73601e+16
0.32 0.115 2.10497e+16
0.32 0.12 1.59524e+16
0.32 0.125 1.18984e+16
0.32 0.13 8.72715e+15
0.32 0.135 6.28939e+15
0.32 0.14 4.44962e+15
0.32 0.145 3.08757e+15
0.32 0.15 2.09916e+15
0.32 0.155 1.39662e+15
0.32 0.16 9.07874e+14
0.32 0.165 5.75318e+14
0.32 0.17 3.54173e+14
0.32 0.175 2.10586e+14
0.32 0.18 1.19681e+14
0.32 0.185 6.37054e+13
0.32 0.19 3.03506e+13
0.32 0.195 1.13311e+13
0.32 0.2 20935.1
0.325 0 1.63034e+18
0.325 0.005 1.28368e+18
0.325 0.01 1.04079e+18
0.325 0.015 8.61578e+17
0.325 0.02 7.23745e+17
0.325 0.025 6.14163e+17
0.325 0.03 5.24714e+17
0.325 0.035 4.50172e+17
0.325 0.04 3.87042e+17
0.325 0.045 3.32914e+17
0.325 0.05 2.86072e+17
0.325 0.055 2.45267e+17
0.325 0.06 2.09565e+17
0.325 0.065 1.78254e+17
0.325 0.07 1.50782e+17
0.325 0.075 1.26708e+17
0.325 0.08 1.05675e+17
0.325 0.085 8.73826e+16
0.325 0.09 7.15719e+16
0.325 0.095 5.80109e+16
0.325 0.1 4.64858e+16
0.325 0.105 3.67937e+16
0.325 0.11 2.87393e+16
0.325 0.115 2.21332e+16
0.325 0.12 1.67918e+16
0.325 0.125 1.2539e+16
0.325 0.13 9.20805e+15
0.325 0.135 6.64409e+15
0.325 0.14 4.70628e+15
0.325 0.145 3.26951e+15
0.325 0.15 2.2253e+15
0.325 0.155 1.482e+15
0.325 0.16 9.64174e+14
0.325 0.165 6.11394e+14
0.325 0.17 3.76556e+14
0.325 0.175 2.23959e+14
0.325 0.18 1.27308e+14
0.325 0.185 6.77877e+13
0.325 0.19 3.23277e+13
0.325 0.195 1.21102e+13
0.325 0.2 20935.1
0.33 0 1.50345e+18
0.33 0.005 1.22572e+18
0.33 0.01 1.01847e+18
0.33 0.015 8.58044e+17
0.33 0.02 7.29979e+17
0.33 0.025 6.25166e+17
0.33 0.03 5.37667e+17
0.33 0.035 4.63483e+17
0.33 0.04 3.99835e+17
0.33 0.045 3.44736e+17
0.33 0.05 2.9672e+17
0.33 0.055 2.54684e+17
0.33 0.06 2.17781e+17
0.33 0.065 1.85343e+17
0.33 0.07 1.56841e+17
0.33 0.075 1.31844e+17
0.33 0.08 1.09993e+17
0.33 0.085 9.09845e+16
0.33 0.09 7.45517e+16
0.33 0.095 6.04548e+16
0.33 0.1 4.84714e+16
0.33 0.105 3.83905e+16
0.33 0.11 3.00093e+16
0.33 0.115 2.31309e+16
0.33 0.12 1.75651e+16
0.33 0.125 1.31296e+16
0.33 0.13 9.65199e+15
0.33 0.135 6.97201e+15
0.33 0.14 4.94397e+15
0.33 0.145 3.43831e+15
0.33 0.15 2.34255e+15
0.33 0.155 1.56152e+15
0.33 0.16 1.01671e+15
0.33 0.165 6.45116e+14
0.33 0.17 3.97508e+14
0.33 0.175 2.36494e+14
0.33 0.18 1.34465e+14
0.33 0.185 7.16241e+13
0.33 0.19 3.4191e+13
0.33 0.195 1.28504e+13
0.33 0.2 20935.1
0.335 0 1.38805e+18
0.335 0.005 1.16908e+18
0.335 0.01 9.94377e+17
0.335 0.015 8.52026e+17
0.335 0.02 7.33798e+17
0.335 0.025 6.34033e+17
0.335 0.03 5.4878e+17
0.335 0.035 4.75217e+17
0.335 0.04 4.11272e+17
0.335 0.045 3.55383e+17
0.335 0.05 3.06346e+17
0.335 0.055 2.63212e+17
0.335 0.06 2.25221e+17
0.335 0.065 1.91758e+17
0.335 0.07 1.62318e+17
0.335 0.075 1.36478e+17
0.335 0.08 1.13882e+17
0.335 0.085 9.42228e+16
0.335 0.09 7.72265e+16
0.335 0.095 6.26455e+16
0.335 0.1 5.02495e+16
0.335 0.105 3.98197e+16
0.335 0.11 3.11456e+16
0.335 0.115 2.40238e+16
0.335 0.12 1.82577e+16
0.335 0.125 1.36592e+16
0.335 0.13 1.00506e+16
0.335 0.135 7.267e+15
0.335 0.14 5.15823e+15
0.335 0.145 3.59081e+15
0.335 0.15 2.44874e+15
0.335 0.155 1.6337e+15
0.335 0.16 1.06451e+15
0.335 0.165 6.75856e+14
0.335 0.17 4.16642e+14
0.335 0.175 2.47958e+14
0.335 0.18 1.4102e+14
0.335 0.185 7.51442e+13
0.335 0.19 3.59065e+13
0.335 0.195 1.35382e+13
0.335 0.2 20935.1
0.34 0 1.28316e+18
0.34 0.005 1.11393e+18
0.34 0.01 9.68615e+17
0.34 0.015 8.43426e+17
0.34 0.02 7.34946e+17
0.34 0.025 6.40421e+17
0.34 0.03 5.5768e+17
0.34 0.035 4.85002e+17
0.34 0.04 4.21001e+17
0.34 0.045 3.6454e+17
0.34 0.05 3.14673e+17
0.34 0.055 2.7061e+17
0.34 0.06 2.31684e+17
0.34 0.065 1.9733e+17
0.34 0.07 1.6707e+17
0.34 0.075 1.40494e+17
0.34 0.08 1.17248e+17
0.34 0.085 9.70216e+16
0.34 0.09 7.9535e+16
0.34 0.095 6.45343e+16
0.34 0.1 5.17814e+16
0.34 0.105 4.10506e+16
0.34 0.11 3.21246e+16
0.34 0.115 2.47936e+16
0.34 0.12 1.88555e+16
0.34 0.125 1.41171e+16
0.34 0.13 1.0396e+16
0.34 0.135 7.52323e+15
0.34 0.14 5.34485e+15
0.34 0.145 3.72403e+15
0.34 0.15 2.54177e+15
0.34 0.155 1.69713e+15
0.34 0.16 1.10662e+15
0.34 0.165 7.03017e+14
0.34 0.17 4.33588e+14
0.34 0.175 2.58131e+14
0.34 0.18 1.46847e+14
0.34 0.185 7.82808e+13
0.34 0.19 3.74415e+13
0.34 0.195 1.41603e+13
0.34 0.2 20935.1
0.345 0 1.18768e+18
0.345 0.005 1.06024e+18
0.345 0.01 9.41181e+17
0.345 0.015 8.32069e+17
0.345 0.02 7.33107e+17
0.345 0.025 6.43932e+17
0.345 0.03 5.63938e+17
0.345 0.035 4.92418e+17
0.345 0.04 4.28634e+17
0.345 0.045 3.71858e+17
0.345 0.05 3.214e+17
0.345 0.055 2.76623e+17
0.345 0.06 2.36954e+17
0.345 0.065 2.01881e+17
0.345 0.07 1.70954e+17
0.345 0.075 1.43776e+17
0.345 0.08 1.19997e+17
0.345 0.085 9.93051e+16
0.345 0.09 8.14174e+16
0.345 0.095 6.60737e+16
0.345 0.1 5.30301e+16
0.345 0.105 4.20544e+16
0.345 0.11 3.29238e+16
0.345 0.115 2.54231e+16
0.345 0.12 1.93455e+16
0.345 0.125 1.44935e+16
0.345 0.13 1.06809e+16
0.345 0.135 7.73535e+15
0.345 0.14 5.49997e+15
0.345 0.145 3.83523e+15
0.345 0.15 2.61976e+15
0.345 0.155 1.75053e+15
0.345 0.16 1.14222e+15
0.345 0.165 7.26055e+14
0.345 0.17 4.48007e+14
0.345 0.175 2.66812e+14
0.345 0.18 1.51833e+14
0.345 0.185 8.09726e+13
0.345 0.19 3.8766e+13
0.345 0.195 1.47045e+13
0.345 0.2 20935.1
0.35 0 1.10036e+18
0.35 0.005 1.00778e+18
0.35 0.01 9.11918e+17
0.35 0.015 8.17674e+17
0.35 0.02 7.27878e+17
0.35 0.025 6.44094e+17
0.35 0.03 5.67067e+17
0.35 0.035 4.96999e+17
0.35 0.04 4.33747e+17
0.35 0.045 3.76967e+17
0.35 0.05 3.26209e+17
0.35 0.055 2.80986e+17
0.35 0.06 2.40813e+17
0.35 0.065 2.05233e+17
0.35 0.07 1.73825e+17
0.35 0.075 1.46208e+17
0.35 0.08 1.22037e+17
0.35 0.085 1.01002e+17
0.35 0.09 8.28173e+16
0.35 0.095 6.72199e+16
0.35 0.1 5.39613e+16
0.35 0.105 4.28048e+16
0.35 0.11 3.35231e+16
0.35 0.115 2.5897e+16
0.35 0.12 1.97161e+16
0.35 0.125 1.47797e+16
0.35 0.13 1.08989e+16
0.35 0.135 7.8987e+15
0.35 0.14 5.62024e+15
0.35 0.145 3.92205e+15
0.35 0.15 2.68107e+15
0.35 0.155 1.79277e+15
0.35 0.16 1.17056e+15
0.35 0.165 7.44496e+14
0.35 0.17 4.59605e+14
0.35 0.175 2.73825e+14
0.35 0.18 1.55877e+14
0.35 0.185 8.31659e+13
0.35 0.19 3.98537e+13
0.35 0.195 1.516e+13
0.35 0.2 20935.1
0.355 0 1.01979e+18
0.355 0.005 9.56057e+17
0.355 0.01 8.80484e+17
0.355 0.015 7.99822e+17
0.355 0.02 7.18751e+17
0.355 0.025 6.40358e+17
0.355 0.03 5.66521e+17
0.355 0.035 4.98235e+17
0.355 0.04 4.35888e+17
0.355 0.045 3.79478e+17
0.355 0.05 3.28776e+17
0.355 0.055 2.83432e+17
0.355 0.06 2.43047e+17
0.355 0.065 2.07216e+17
0.355 0.07 1.75549e+17
0.355 0.075 1.47683e+17
0.355 0.08 1.23285e+17
0.355 0.085 1.02046e+17
0.355 0.09 8.36844e+16
0.355 0.095 6.79342e+16
0.355 0.1 5.45456e+16
0.355 0.105 4.32793e+16
0.355 0.11 3.39054e+16
0.355 0.115 2.62025e+16
0.355 0.12 1.99578e+16
0.355 0.125 1.49687e+16
0.355 0.13 1.10447e+16
0.355 0.135 8.00948e+15
0.355 0.14 5.70294e+15
0.355 0.145 3.98255e+15
0.355 0.15 2.72435e+15
0.355 0.155 1.82296e+15
0.355 0.16 1.19104e+15
0.355 0.165 7.57956e+14
0.355 0.17 4.68144e+14
0.355 0.175 2.79026e+14
0.355 0.18 1.58896e+14
0.355 0.185 8.48166e+13
0.355 0.19 4.06829e+13
0.355 0.195 1.55175e+13
0.355 0.2 20935.1
0.36 0 9.44426e+17
0.36 0.005 9.04371e+17
0.36 0.01 8.46351e+17
0.36 0.015 7.77959e+17
0.36 0.02 7.05122e+17
0.36 0.025 6.32104e+17
0.36 0.03 5.6171e+17
0.36 0.035 4.95596e+17
0.36 0.04 4.34599e+17
0.36 0.045 3.7901e+17
0.36 0.05 3.28791e+17
0.36 0.055 2.83713e+17
0.36 0.06 2.43458e+17
0.36 0.065 2.07674e+17
0.36 0.07 1.76005e+17
0.36 0.075 1.4811e+17
0.36 0.08 1.2367e+17
0.36 0.085 1.02385e+17
0.36 0.09 8.39777e+16
0.36 0.095 6.81857e+16
0.36 0.1 5.47596e+16
0.36 0.105 4.34604e+16
0.36 0.11 3.40578e+16
0.36 0.115 2.63299e+16
0.36 0.12 2.00634e+16
0.36 0.125 1.50552e+16
0.36 0.13 1.11145e+16
0.36 0.135 8.06495e+15
0.36 0.14 5.74609e+15
0.36 0.145 4.01536e+15
0.36 0.15 2.74865e+15
0.36 0.155 1.84045e+15
0.36 0.16 1.20322e+15
0.36 0.165 7.66152e+14
0.36 0.17 4.73446e+14
0.36 0.175 2.8231e+14
0.36 0.18 1.60831e+14
0.36 0.185 8.5892e+13
0.36 0.19 4.12371e+13
0.36 0.195 1.57698e+13
0.36 0.2 20935.1
0.365 0 8.72616e+17
0.365 0.005 8.51856e+17
0.365 0.01 8.08877e+17
0.365 0.015 7.51462e+17
0.365 0.02 6.86351e+17
0.365 0.025 6.18702e+17
0.365 0.03 5.5205e+17
0.365 0.035 4.88573e+17
0.365 0.04 4.29455e+17
0.365 0.045 3.7522e+17
0.365 0.05 3.25981e+17
0.365 0.055 2.81618e+17
0.365 0.06 2.41885e+17
0.365 0.065 2.06485e+17
0.365 0.07 1.751e+17
0.365 0.075 1.47418e+17
0.365 0.08 1.23139e+17
0.365 0.085 1.01979e+17
0.365 0.09 8.36684e+16
0.365 0.095 6.7953e+16
0.365 0.1 5.45877e+16
0.365 0.105 4.33367e+16
0.365 0.11 3.3972e+16
0.365 0.115 2.62732e+16
0.365 0.12 2.00285e+16
0.365 0.125 1.50361e+16
0.365 0.13 1.11062e+16
0.365 0.135 8.0635e+15
0.365 0.14 5.74856e+15
0.365 0.145 4.01966e+15
0.365 0.15 2.7534e+15
0.365 0.155 1.84483e+15
0.365 0.16 1.20685e+15
0.365 0.165 7.68915e+14
0.365 0.17 4.75406e+14
0.365 0.175 2.83612e+14
0.365 0.18 1.61644e+14
0.365 0.185 8.63716e+13
0.365 0.19 4.1506e+13
0.365 0.195 1.59121e+13
0.365 0.2 20935.1
0.37 0 8.02916e+17
0.37 0.005 7.9783e+17
0.37 0.01 7.6764e+17
0.37 0.015 7.19913e+17
0.37 0.02 6.61959e+17
0.37 0.025 5.99645e+17
0.37 0.03 5.37061e+17
0.37 0.035 4.76749e+17
0.37 0.04 4.20118e+17
0.37 0.045 3.67842e+17
0.37 0.05 3.20147e+17
0.37 0.055 2.76996e+17
0.37 0.06 2.38218e+17
0.37 0.065 2.03568e+17
0.37 0.07 1.72777e+17
0.37 0.075 1.45566e+17
0.37 0.08 1.21663e+17
0.37 0.085 1.00806e+17
0.37 0.09 8.27421e+16
0.37 0.095 6.72264e+16
0.37 0.1 5.40234e+16
0.37 0.105 4.2904e+16
0.37 0.11 3.36452e+16
0.37 0.115 2.60308e+16
0.37 0.12 1.98522e+16
0.37 0.125 1.49107e+16
0.37 0.13 1.10193e+16
0.37 0.135 8.00482e+15
0.37 0.14 5.71014e+15
0.37 0.145 3.9953e+15
0.37 0.15 2.73848e+15
0.37 0.155 1.83603e+15
0.37 0.16 1.20186e+15
0.37 0.165 7.66199e+14
0.37 0.17 4.73991e+14
0.37 0.175 2.82911e+14
0.37 0.18 1.61323e+14
0.37 0.185 8.62482e+13
0.37 0.19 4.14854e+13
0.37 0.195 1.59422e+13
0.37 0.2 20935.1
0.375 0 7.35052e+17
0.375 0.005 7.43007e+17
0.375 0.01 7.23537e+17
0.375 0.015 6.8388e+17
0.375 0.02 6.32095e+17
0.375 0.025 5.74813e+17
0.375 0.03 5.16523e+17
0.375 0.035 4.59902e+17
0.375 0.04 4.06405e+17
0.375 0.045 3.56743e+17
0.375 0.05 3.11194e+17
0.375 0.055 2.69788e+17
0.375 0.06 2.32417e+17
0.375 0.065 1.989e+17
0.375 0.07 1.69021e+17
0.375 0.075 1.42547e+17
0.375 0.08 1.19241e+17
0.375 0.085 9.88697e+16
0.375 0.09 8.12013e+16
0.375 0.095 6.60092e+16
0.375 0.1 5.30703e+16
0.375 0.105 4.21658e+16
0.375 0.11 3.30806e+16
0.375 0.115 2.56051e+16
0.375 0.12 1.95365e+16
0.375 0.125 1.46807e+16
0.375 0.13 1.0855e+16
0.375 0.135 7.88989e+15
0.375 0.14 5.63151e+15
0.375 0.145 3.94275e+15
0.375 0.15 2.70422e+15
0.375 0.155 1.81426e+15
0.375 0.16 1.18838e+15
0.375 0.165 7.58081e+14
0.375 0.17 4.69246e+14
0.375 0.175 2.80233e+14
0.375 0.18 1.59881e+14
0.375 0.185 8.55281e+13
0.375 0.19 4.11777e+13
0.375 0.195 1.58602e+13
0.375 0.2 20935.1
0.38 0 6.73828e+17
0.38 0.005 6.94159e+17
0.38 0.01 6.82582e+17
0.38 0.015 6.47108e+17
0.38 0.02 5.98552e+17
0.38 0.025 5.4491e+17
0.38 0.03 4.90674e+17
0.38 0.035 4.38117e+17
0.38 0.04 3.88365e+17
0.38 0.045 3.4197e+17
0.38 0.05 2.99175e+17
0.38 0.055 2.60044e+17
0.38 0.06 2.24531e+17
0.38 0.065 1.92525e+17
0.38 0.07 1.63873e+17
0.38 0.075 1.38395e+17
0.38 0.08 1.15901e+17
0.38 0.085 9.61928e+16
0.38 0.09 7.90668e+16
0.38 0.095 6.43185e+16
0.38 0.1 5.17425e+16
0.38 0.105 4.11333e+16
0.38 0.11 3.22872e+16
0.38 0.115 2.50035e+16
0.38 0.12 1.90871e+16
0.38 0.125 1.43505e+16
0.38 0.13 1.06165e+16
0.38 0.135 7.72101e+15
0.38 0.14 5.5143e+15
0.38 0.145 3.86315e+15
0.38 0.15 2.65137e+15
0.38 0.155 1.78e+15
0.38 0.16 1.16672e+15
0.38 0.165 7.44759e+14
0.38 0.17 4.6129e+14
0.38 0.175 2.75646e+14
0.38 0.18 1.57354e+14
0.38 0.185 8.42308e+13
0.38 0.19 4.05917e+13
0.38 0.195 1.56688e+13
0.38 0.2 20935.1
0.385 0 6.45941e+17
0.385 0.005 6.86381e+17
0.385 0.01 6.70877e+17
0.385 0.015 6.22767e+17
0.385 0.02 5.66672e+17
0.385 0.025 5.1195e+17
0.385 0.03 4.60359e+17
0.385 0.035 4.11859e+17
0.385 0.04 3.66331e+17
0.385 0.045 3.2379e+17
0.385 0.05 2.84309e+17
0.385 0.055 2.47945e+17
0.385 0.06 2.14708e+17
0.385 0.065 1.84563e+17
0.385 0.07 1.57427e+17
0.385 0.075 1.33187e+17
0.385 0.08 1.11705e+17
0.385 0.085 9.28249e+16
0.385 0.09 7.63776e+16
0.385 0.095 6.21855e+16
0.385 0.1 5.00645e+16
0.385 0.105 3.9826e+16
0.385 0.11 3.12801e+16
0.385 0.115 2.42376e+16
0.385 0.12 1.85127e+16
0.385 0.125 1.39265e+16
0.385 0.13 1.03088e+16
0.385 0.135 7.50171e+15
0.385 0.14 5.36104e+15
0.385 0.145 3.75824e+15
0.385 0.15 2.58112e+15
0.385 0.155 1.73404e+15
0.385 0.16 1.1374e+15
0.385 0.165 7.26545e+14
0.385 0.17 4.50312e+14
0.385 0.175 2.6926e+14
0.385 0.18 1.53806e+14
0.385 0.185 8.23882e+13
0.385 0.19 3.97422e+13
0.385 0.195 1.53733e+13
0.385 0.2 20935.1
0.39 0 8.07151e+17
0.39 0.005 9.52178e+17
0.39 0.01 8.12581e+17
0.39 0.015 6.52264e+17
0.39 0.02 5.4797e+17
0.39 0.025 4.7924e+17
0.39 0.03 4.26886e+17
0.39 0.035 3.81929e+17
0.39 0.04 3.40914e+17
0.39 0.045 3.02694e+17
0.39 0.05 2.66989e+17
0.39 0.055 2.33802e+17
0.39 0.06 2.03193e+17
0.39 0.065 1.75204e+17
0.39 0.07 1.49834e+17
0.39 0.075 1.27041e+17
0.39 0.08 1.06744e+17
0.39 0.085 8.88377e+16
0.39 0.09 7.319e+16
0.39 0.095 5.96543e+16
0.39 0.1 4.80707e+16
0.39 0.105 3.82705e+16
0.39 0.11 3.00799e+16
0.39 0.115 2.33229e+16
0.39 0.12 1.78253e+16
0.39 0.125 1.34176e+16
0.39 0.13 9.93829e+15
0.39 0.135 7.23666e+15
0.39 0.14 5.17501e+15
0.39 0.145 3.6303e+15
0.39 0.15 2.49501e+15
0.39 0.155 1.67741e+15
0.39 0.16 1.10107e+15
0.39 0.165 7.03855e+14
0.39 0.17 4.36565e+14
0.39 0.175 2.61223e+14
0.39 0.18 1.49319e+14
0.39 0.185 8.00436e+13
0.39 0.19 3.86494e+13
0.39 0.195 1.49811e+13
0.39 0.2 20935.1
0.395 0 3.16361e+18
0.395 0.005 5.2264e+18
0.395 0.01 1.97875e+18
0.395 0.015 8.5772e+17
0.395 0.02 5.58384e+17
0.395 0.025 4.49279e+17
0.395 0.03 3.91352e+17
0.395 0.035 3.49283e+17
0.395 0.04 3.12955e+17
0.395 0.045 2.79376e+17
0.395 0.05 2.47765e+17
0.395 0.055 2.18042e+17
0.395 0.06 1.90314e+17
0.395 0.065 1.64703e+17
0.395 0.07 1.4129e+17
0.395 0.075 1.20107e+17
0.395 0.08 1.01137e+17
0.395 0.085 8.4323e+16
0.395 0.09 6.95753e+16
0.395 0.095 5.678e+16
0.395 0.1 4.58039e+16
0.395 0.105 3.64999e+16
0.395 0.11 2.87119e+16
0.395 0.115 2.22789e+16
0.395 0.12 1.70393e+16
0.395 0.125 1.28346e+16
0.395 0.13 9.51277e+15
0.395 0.135 6.93148e+15
0.395 0.14 4.96021e+15
0.395 0.145 3.4821e+15
0.395 0.15 2.39493e+15
0.395 0.155 1.61136e+15
0.395 0.16 1.05853e+15
0.395 0.165 6.77194e+14
0.395 0.17 4.20355e+14
0.395 0.175 2.51716e+14
0.395 0.18 1.43993e+14
0.395 0.185 7.72499e+13
0.395 0.19 3.73385e+13
0.395 0.195 1.45015e+13
0.395 0.2 20935.1
0.4 0 9.999e+19
0.4 0.005 5.71554e+19
0.4 0.01 1.00056e+19
0.4 0.015 1.4054e+18
0.4 0.02 5.88908e+17
0.4 0.025 4.18549e+17
0.4 0.03 3.53883e+17
0.4 0.035 3.14901e+17
0.4 0.04 2.83457e+17
0.4 0.045 2.54672e+17
0.4 0.05 2.27296e+17
0.4 0.055 2.01176e+17
0.4 0.06 1.76464e+17
0.4 0.065 1.5336e+17
0.4 0.07 1.32026e+17
0.4 0.075 1.12565e+17
0.4 0.08 9.50213e+16
0.4 0.085 7.93876e+16
0.4 0.09 6.56163e+16
0.4 0.095 5.36269e+16
0.4 0.1 4.33136e+16
0.4 0.105 3.45521e+16
0.4 0.11 2.72049e+16
0.4 0.115 2.11272e+16
0.4 0.12 1.6171e+16
0.4 0.125 1.21895e+16
0.4 0.13 9.04114e+15
0.4 0.135 6.59257e+15
0.4 0.14 4.72114e+15
0.4 0.145 3.31677e+15
0.4 0.15 2.283e+15
0.4 0.155 1.53728e+15
0.4 0.16 1.0107e+15
0.4 0.165 6.47136e+14
0.4 0.17 4.02033e+14
0.4 0.175 2.40943e+14
0.4 0.18 1.37944e+14
0.4 0.185 7.40679e+13
0.4 0.19 3.58381e+13
0.4 0.195 1.39455e+13
0.4 0.2 20935.1
0.405 0 9.999e+19
0.405 0.005 7.32511e+19
0.405 0.01 2.1039e+19
0.405 0.015 1.99857e+18
0.405 0.02 5.98376e+17
0.405 0.025 3.81895e+17
0.405 0.03 3.14907e+17
0.405 0.035 2.79984e+17
0.405 0.04 2.53539e+17
0.405 0.045 2.29489e+17
0.405 0.05 2.06289e+17
0.405 0.055 1.83747e+17
0.405 0.06 1.62061e+17
0.405 0.065 1.41499e+17
0.405 0.07 1.22292e+17
0.405 0.075 1.04608e+17
0.405 0.08 8.85463e+16
0.405 0.085 7.41474e+16
0.405 0.09 6.14028e+16
0.405 0.095 5.02644e+16
0.405 0.1 4.06534e+16
0.405 0.105 3.24682e+16
0.405 0.11 2.55905e+16
0.405 0.115 1.98918e+16
0.405 0.12 1.52382e+16
0.405 0.125 1.14955e+16
0.405 0.13 8.53301e+15
0.405 0.135 6.22683e+15
0.405 0.14 4.46268e+15
0.405 0.145 3.13769e+15
0.405 0.15 2.16151e+15
0.405 0.155 1.45672e+15
0.405 0.16 9.58571e+14
0.405 0.165 6.14306e+14
0.405 0.17 3.8198e+14
0.405 0.175 2.2913e+14
0.405 0.18 1.31297e+14
0.405 0.185 7.0564e+13
0.405 0.19 3.41798e+13
0.405 0.195 1.33251e+13
0.405 0.2 20935.1
0.41 0 9.999e+19
0.41 0.005 7.50871e+19
0.41 0.01 2.60047e+19
0.41 0.015 2.41092e+18
0.41 0.02 5.81397e+17
0.41 0.025 3.41113e+17
0.41 0.03 2.76146e+17
0.41 0.035 2.45926e+17
0.41 0.04 2.24305e+17
0.41 0.045 2.04692e+17
0.41 0.05 1.85418e+17
0.41 0.055 1.66281e+17
0.41 0.06 1.47514e+17
0.41 0.065 1.29437e+17
0.41 0.07 1.12336e+17
0.41 0.075 9.64296e+16
0.41 0.08 8.18641e+16
0.41 0.085 6.87213e+16
0.41 0.09 5.70274e+16
0.41 0.095 4.67645e+16
0.41 0.1 3.7879e+16
0.41 0.105 3.02911e+16
0.41 0.11 2.39013e+16
0.41 0.115 1.85972e+16
0.41 0.12 1.42595e+16
0.41 0.125 1.07664e+16
0.41 0.13 7.99837e+15
0.41 0.135 5.84144e+15
0.41 0.14 4.18992e+15
0.41 0.145 2.9484e+15
0.41 0.15 2.03287e+15
0.41 0.155 1.37126e+15
0.41 0.16 9.03174e+14
0.41 0.165 5.79356e+14
0.41 0.17 3.60596e+14
0.41 0.175 2.16512e+14
0.41 0.18 1.24187e+14
0.41 0.185 6.68082e+13
0.41 0.19 3.23972e+13
0.41 0.195 1.26533e+13
0.41 0.2 20935.1
0.415 0 9.999e+19
0.415 0.005 7.56854e+19
0.415 0.01 2.82184e+19
0.415 0.015 2.65479e+18
0.415 0.02 5.45109e+17
0.415 0.025 2.99427e+17
0.415 0.03 2.39326e+17
0.415 0.035 2.13904e+17
0.415 0.04 1.96654e+17
0.415 0.045 1.80995e+17
0.415 0.05 1.65255e+17
0.415 0.055 1.49237e+17
0.415 0.06 1.33192e+17
0.415 0.065 1.17469e+17
0.415 0.07 1.02392e+17
0.415 0.075 8.82151e+16
0.415 0.08 7.51212e+16
0.415 0.085 6.32245e+16
0.415 0.09 5.25808e+16
0.415 0.095 4.31979e+16
0.415 0.1 3.50454e+16
0.415 0.105 2.80632e+16
0.415 0.11 2.21697e+16
0.415 0.115 1.72683e+16
0.415 0.12 1.32533e+16
0.415 0.125 1.00158e+16
0.415 0.13 7.44725e+15
0.415 0.135 5.44363e+15
0.415 0.14 3.90797e+15
0.415 0.145 2.75243e+15
0.415 0.15 1.8995e+15
0.415 0.155 1.28251e+15
0.415 0.16 8.45557e+14
0.415 0.165 5.42948e+14
0.415 0.17 3.38286e+14
0.415 0.175 2.03329e+14
0.415 0.18 1.16746e+14
0.415 0.185 6.28721e+13
0.415 0.19 3.05244e+13
0.415 0.195 1.19433e+13
0.415 0.2 20935.1
0.42 0 9.999e+19
0.42 0.005 7.60221e+19
0.42 0.01 2.95781e+19
0.42 0.015 2.79995e+18
0.42 0.02 4.99225e+17
0.42 0.025 2.5956e+17
0.42 0.03 2.05629e+17
0.42 0.035 1.84676e+17
0.42 0.04 1.71186e+17
0.42 0.045 1.58906e+17
0.42 0.05 1.46233e+17
0.42 0.055 1.32979e+17
0.42 0.06 1.19397e+17
0.42 0.065 1.05845e+17
0.42 0.07 9.26639e+16
0.42 0.075 8.01304e+16
0.42 0.08 6.8451e+16
0.42 0.085 5.77638e+16
0.42 0.09 4.81476e+16
0.42 0.095 3.96316e+16
0.42 0.1 3.22049e+16
0.42 0.105 2.58252e+16
0.42 0.11 2.04271e+16
0.42 0.115 1.59286e+16
0.42 0.12 1.22376e+16
0.42 0.125 9.25702e+15
0.42 0.13 6.88939e+15
0.42 0.135 5.04042e+15
0.42 0.14 3.62181e+15
0.42 0.145 2.55327e+15
0.42 0.15 1.76377e+15
0.42 0.155 1.19207e+15
0.42 0.16 7.8675e+14
0.42 0.165 5.05735e+14
0.42 0.17 3.1545e+14
0.42 0.175 1.89816e+14
0.42 0.18 1.0911e+14
0.42 0.185 5.88264e+13
0.42 0.19 2.85955e+13
0.42 0.195 1.12084e+13
0.42 0.2 20935.1
0.425 0 9.999e+19
0.425 0.005 7.62423e+19
0.425 0.01 3.05639e+19
0.425 0.015 2.89509e+18
0.425 0.02 4.50749e+17
0.425 0.025 2.23146e+17
0.425 0.03 1.75633e+17
0.425 0.035 1.58594e+17
0.425 0.04 1.48216e+17
0.425 0.045 1.38727e+17
0.425 0.05 1.28638e+17
0.425 0.055 1.17768e+17
0.425 0.06 1.0636e+17
0.425 0.065 9.47635e+16
0.425 0.07 8.33204e+16
0.425 0.075 7.2316e+16
0.425 0.08 6.19691e+16
0.425 0.085 5.24333e+16
0.425 0.09 4.38038e+16
0.425 0.095 3.61261e+16
0.425 0.1 2.94054e+16
0.425 0.105 2.36146e+16
0.425 0.11 1.87025e+16
0.425 0.115 1.46005e+16
0.425 0.12 1.12291e+16
0.425 0.125 8.50256e+15
0.425 0.13 6.33396e+15
0.425 0.135 4.63844e+15
0.425 0.14 3.33616e+15
0.425 0.145 2.35421e+15
0.425 0.15 1.62791e+15
0.425 0.155 1.10142e+15
0.425 0.16 7.27734e+14
0.425 0.165 4.68338e+14
0.425 0.17 2.92471e+14
0.425 0.175 1.76201e+14
0.425 0.18 1.01407e+14
0.425 0.185 5.47395e+13
0.425 0.19 2.66432e+13
0.425 0.195 1.04616e+13
0.425 0.2 20935.1
0.43 0 9.999e+19
0.43 0.005 7.63957e+19
0.43 0.01 3.13291e+19
0.43 0.015 2.96699e+18
0.43 0.02 4.03586e+17
0.43 0.025 1.90867e+17
0.43 0.03 1.4945e+17
0.43 0.035 1.35708e+17
0.43 0.04 1.27828e+17
0.43 0.045 1.20587e+17
0.43 0.05 1.12624e+17
0.43 0.055 1.03767e+17
0.43 0.06 9.42388e+16
0.43 0.065 8.43704e+16
0.43 0.07 7.44913e+16
0.43 0.075 6.48841e+16
0.43 0.08 5.57708e+16
0.43 0.085 4.73125e+16
0.43 0.09 3.96145e+16
0.43 0.095 3.27342e+16
0.43 0.1 2.6689e+16
0.43 0.105 2.14645e+16
0.43 0.11 1.70217e+16
0.43 0.115 1.33039e+16
0.43 0.12 1.02429e+16
0.43 0.125 7.76378e+15
0.43 0.13 5.78934e+15
0.43 0.135 4.24378e+15
0.43 0.14 3.05535e+15
0.43 0.145 2.15827e+15
0.43 0.15 1.49403e+15
0.43 0.155 1.01197e+15
0.43 0.16 6.69421e+14
0.43 0.165 4.31341e+14
0.43 0.17 2.69709e+14
0.43 0.175 1.62698e+14
0.43 0.18 9.37571e+13
0.43 0.185 5.0676e+13
0.43 0.19 2.46988e+13
0.43 0.195 9.71522e+12
0.43 0.2 20935.1
0.435 0 9.999e+19
0.435 0.005 7.65067e+19
0.435 0.01 3.19433e+19
0.435 0.015 3.02934e+18
0.435 0.02 3.59594e+17
0.435 0.025 1.62797e+17
0.435 0.03 1.26907e+17
0.435 0.035 1.15872e+17
0.435 0.04 1.09955e+17
0.435 0.045 1.04487e+17
0.435 0.05 9.8243e+16
0.435 0.055 9.1057e+16
0.435 0.06 8.31283e+16
0.435 0.065 7.47624e+16
0.435 0.07 6.62689e+16
0.435 0.075 5.79189e+16
0.435 0.08 4.993e+16
0.435 0.085 4.24646e+16
0.435 0.09 3.5633e+16
0.435 0.095 2.94998e+16
0.435 0.1 2.40915e+16
0.435 0.105 1.94035e+16
0.435 0.11 1.54072e+16
0.435 0.115 1.20562e+16
0.435 0.12 9.29247e+15
0.435 0.125 7.0507e+15
0.435 0.13 5.26295e+15
0.435 0.135 3.86185e+15
0.435 0.14 2.78326e+15
0.435 0.145 1.96819e+15
0.435 0.15 1.36398e+15
0.435 0.155 9.24979e+14
0.435 0.16 6.12639e+14
0.435 0.165 3.95269e+14
0.435 0.17 2.47489e+14
0.435 0.175 1.49501e+14
0.435 0.18 8.62721e+13
0.435 0.185 4.66951e+13
0.435 0.19 2.2791e+13
0.435 0.195 8.98059e+12
0.435 0.2 20935.1
0.44 0 9.999e+19
0.44 0.005 7.6589e+19
0.44 0.01 3.24449e+19
0.44 0.015 3.08877e+18
0.44 0.02 3.19508e+17
0.44 0.025 1.38686e+17
0.44 0.03 1.07682e+17
0.44 0.035 9.88362e+16
0.44 0.04 9.44373e+16
0.44 0.045 9.03483e+16
0.44 0.05 8.54724e+16
0.44 0.055 7.96552e+16
0.44 0.06 7.30704e+16
0.44 0.065 6.59943e+16
0.44 0.07 5.87121e+16
0.44 0.075 5.14781e+16
0.44 0.08 4.45006e+16
0.44 0.085 3.79378e+16
0.44 0.09 3.19007e+16
0.44 0.095 2.64579e+16
0.44 0.1 2.16417e+16
0.44 0.105 1.74551e+16
0.44 0.11 1.38777e+16
0.44 0.115 1.08721e+16
0.44 0.12 8.38896e+15
0.44 0.125 6.37187e+15
0.44 0.13 4.76118e+15
0.44 0.135 3.49732e+15
0.44 0.14 2.52325e+15
0.44 0.145 1.78632e+15
0.44 0.15 1.23941e+15
0.44 0.155 8.4155e+14
0.44 0.16 5.58118e+14
0.44 0.165 3.60593e+14
0.44 0.17 2.26103e+14
0.44 0.175 1.36784e+14
0.44 0.18 7.90514e+13
0.44 0.185 4.28503e+13
0.44 0.19 2.09457e+13
0.44 0.195 8.26811e+12
0.44 0.2 20935.1
0.445 0 9.999e+19
0.445 0.005 7.6651e+19
0.445 0.01 3.28581e+19
0.445 0.015 3.14809e+18
0.445 0.02 2.83505e+17
0.445 0.025 1.18151e+17
0.445 0.03 9.14021e+16
0.445 0.035 8.43107e+16
0.445 0.04 8.10722e+16
0.445 0.045 7.80408e+16
0.445 0.05 7.42431e+16
0.445 0.055 6.95353e+16
0.445 0.06 6.40678e+16
0.445 0.065 5.8087e+16
0.445 0.07 5.18519e+16
0.445 0.075 4.55973e+16
0.445 0.08 3.95182e+16
0.445 0.085 3.37657e+16
0.445 0.09 2.84481e+16
0.445 0.095 2.36349e+16
0.445 0.1 1.9362e+16
0.445 0.105 1.56376e+16
0.445 0.11 1.24481e+16
0.445 0.115 9.76329e+15
0.445 0.12 7.54162e+15
0.445 0.125 5.73433e+15
0.445 0.13 4.28932e+15
0.445 0.135 3.15409e+15
0.445 0.14 2.27815e+15
0.445 0.145 1.61468e+15
0.445 0.15 1.1217e+15
0.445 0.155 7.6263e+14
0.445 0.16 5.06484e+14
0.445 0.165 3.27714e+14
0.445 0.17 2.05802e+14
0.445 0.175 1.24699e+14
0.445 0.18 7.21817e+13
0.445 0.185 3.91882e+13
0.445 0.19 1.91857e+13
0.445 0.195 7.58696e+12
0.445 0.2 20935.1
0.45 0 9.999e+19
0.45 0.005 7.66985e+19
0.45 0.01 3.31997e+19
0.45 0.015 3.20787e+18
0.45 0.02 2.51499e+17
0.45 0.025 1.00773e+17
0.45 0.03 7.7696e+16
0.45 0.035 7.2002e+16
0.45 0.04 6.96419e+16
0.45 0.045 6.74139e+16
0.45 0.05 6.44581e+16
0.45 0.055 6.06421e+16
0.45 0.06 5.60954e+16
0.45 0.065 5.10362e+16
0.45 0.07 4.56975e+16
0.45 0.075 4.0293e+16
0.45 0.08 3.50031e+16
0.45 0.085 2.99694e+16
0.45 0.09 2.52954e+16
0.45 0.095 2.10493e+16
0.45 0.1 1.72685e+16
0.45 0.105 1.39648e+16
0.45 0.11 1.11297e+16
0.45 0.115 8.73901e+15
0.45 0.12 6.75766e+15
0.45 0.125 5.14366e+15
0.45 0.13 3.85159e+15
0.45 0.135 2.83531e+15
0.45 0.14 2.05024e+15
0.45 0.145 1.45491e+15
0.45 0.15 1.01201e+15
0.45 0.155 6.89002e+14
0.45 0.16 4.58257e+14
0.45 0.165 2.9697e+14
0.45 0.17 1.86799e+14
0.45 0.175 1.13374e+14
0.45 0.18 6.57372e+13
0.45 0.185 3.5749e+13
0.45 0.19 1.75308e+13
0.45 0.195 6.94509e+12
0.45 0.2 20935.1
0.455 0 9.999e+19
0.455 0.005 7.67351e+19
0.455 0.01 3.34819e+19
0.455 0.015 3.26755e+18
0.455 0.02 2.23297e+17
0.455 0.025 8.61551e+16
0.455 0.03 6.62195e+16
0.455 0.035 6.16347e+16
0.455 0.04 5.99344e+16
0.455 0.045 5.83112e+16
0.455 0.05 5.60079e+16
0.455 0.055 5.29038e+16
0.455 0.06 4.91103e+16
0.455 0.065 4.48202e+16
0.455 0.07 4.02414e+16
0.455 0.075 3.55675e+16
0.455 0.08 3.09633e+16
0.455 0.085 2.656e+16
0.455 0.09 2.24547e+16
0.455 0.095 1.87129e+16
0.455 0.1 1.53721e+16
0.455 0.105 1.24463e+16
0.455 0.11 9.93067e+15
0.455 0.115 7.80591e+15
0.455 0.12 6.04244e+15
0.455 0.125 4.60408e+15
0.455 0.13 3.45123e+15
0.455 0.135 2.54341e+15
0.455 0.14 1.84132e+15
0.455 0.145 1.30829e+15
0.455 0.15 9.11248e+14
0.455 0.155 6.21293e+14
0.455 0.16 4.13861e+14
0.455 0.165 2.68639e+14
0.455 0.17 1.69267e+14
0.455 0.175 1.02916e+14
0.455 0.18 5.97794e+13
0.455 0.185 3.25663e+13
0.455 0.19 1.59976e+13
0.455 0.195 6.34926e+12
0.455 0.2 20935.1
0.46 0 9.999e+19
0.46 0.005 7.67636e+19
0.46 0.01 3.37145e+19
0.46 0.015 3.32588e+18
0.46 0.02 1.98672e+17
0.46 0.025 7.39363e+16
0.46 0.03 5.66691e+16
0.46 0.035 5.29619e+16
0.46 0.04 5.17537e+16
0.46 0.045 5.05822e+16
0.46 0.05 4.87809e+16
0.46 0.055 4.62413e+16
0.46 0.06 4.30596e+16
0.46 0.065 3.94057e+16
0.46 0.07 3.54653e+16
0.46 0.075 3.14127e+16
0.46 0.08 2.73975e+16
0.46 0.085 2.35403e+16
0.46 0.09 1.99311e+16
0.46 0.095 1.66319e+16
0.46 0.1 1.36792e+16
0.46 0.105 1.1088e+16
0.46 0.11 8.85628e+15
0.46 0.115 6.96853e+15
0.46 0.12 5.39971e+15
0.46 0.125 4.11858e+15
0.46 0.13 3.09058e+15
0.46 0.135 2.28018e+15
0.46 0.14 1.65273e+15
0.46 0.145 1.1758e+15
0.46 0.15 8.20106e+14
0.46 0.155 5.59989e+14
0.46 0.16 3.73624e+14
0.46 0.165 2.42935e+14
0.46 0.17 1.53346e+14
0.46 0.175 9.3408e+13
0.46 0.18 5.43581e+13
0.46 0.185 2.96673e+13
0.46 0.19 1.45995e+13
0.46 0.195 5.80504e+12
0.46 0.2 20935.1
0.465 0 9.999e+19
0.465 0.005 7.67857e+19
0.465 0.01 3.3905e+19
0.465 0.015 3.38139e+18
0.465 0.02 1.77399e+17
0.465 0.025 6.38055e+16
0.465 0.03 4.87842e+16
0.465 0.035 4.57687e+16
0.465 0.04 4.4925e+16
0.465 0.045 4.40879e+16
0.465 0.05 4.26704e+16
0.465 0.055 4.05751e+16
0.465 0.06 3.7886e+16
0.465 0.065 3.47537e+16
0.465 0.07 3.13439e+16
0.465 0.075 2.78133e+16
0.465 0.08 2.42978e+16
0.465 0.085 2.09072e+16
0.465 0.09 1.77247e+16
0.465 0.095 1.48082e+16
0.465 0.1 1.21924e+16
0.465 0.105 9.89299e+15
0.465 0.11 7.90955e+15
0.465 0.115 6.2296e+15
0.465 0.12 4.83183e+15
0.465 0.125 3.68913e+15
0.465 0.13 2.77124e+15
0.465 0.135 2.04687e+15
0.465 0.14 1.48541e+15
0.465 0.145 1.05815e+15
0.465 0.15 7.39094e+14
0.465 0.155 5.05448e+14
0.465 0.16 3.37792e+14
0.465 0.165 2.20024e+14
0.465 0.17 1.39142e+14
0.465 0.175 8.49175e+13
0.465 0.18 4.95123e+13
0.465 0.185 2.70738e+13
0.465 0.19 1.33475e+13
0.465 0.195 5.31694e+12
0.465 0.2 20935.1
0.47 0 9.999e+19
0.47 0.005 7.68028e+19
0.47 0.01 3.40594e+19
0.47 0.015 3.43261e+18
0.47 0.02 1.59281e+17
0.47 0.025 5.54996e+16
0.47 0.03 4.23462e+16
0.47 0.035 3.98725e+16
0.47 0.04 3.92966e+16
0.47 0.045 3.87049e+16
0.47 0.05 3.75781e+16
0.47 0.055 3.58295e+16
0.47 0.06 3.35332e+16
0.47 0.065 3.08233e+16
0.47 0.07 2.78486e+16
0.47 0.075 2.47504e+16
0.47 0.08 2.16519e+16
0.47 0.085 1.86536e+16
0.47 0.09 1.58319e+16
0.47 0.095 1.32404e+16
0.47 0.1 1.0912e+16
0.47 0.105 8.86213e+15
0.47 0.11 7.0917e+15
0.47 0.115 5.59046e+15
0.47 0.12 4.34008e+15
0.47 0.125 3.31687e+15
0.47 0.13 2.49415e+15
0.47 0.135 1.84425e+15
0.47 0.14 1.33998e+15
0.47 0.145 9.55802e+14
0.47 0.15 6.6856e+14
0.47 0.155 4.57922e+14
0.47 0.16 3.06542e+14
0.47 0.165 2.00025e+14
0.47 0.17 1.26732e+14
0.47 0.175 7.74934e+13
0.47 0.18 4.52716e+13
0.47 0.185 2.48022e+13
0.47 0.19 1.22499e+13
0.47 0.195 4.88849e+12
0.47 0.2 20935.1
0.475 0 9.999e+19
0.475 0.005 7.6816e+19
0.475 0.01 3.41828e+19
0.475 0.015 3.47817e+18
0.475 0.02 1.44149e+17
0.475 0.025 4.88013e+16
0.475 0.03 3.71751e+16
0.475 0.035 3.51214e+16
0.475 0.04 3.47403e+16
0.475 0.045 3.43265e+16
0.475 0.05 3.34175e+16
0.475 0.055 3.19358e+16
0.475 0.06 2.99478e+16
0.475 0.065 2.75744e+16
0.475 0.07 2.49501e+16
0.475 0.075 2.22031e+16
0.475 0.08 1.94459e+16
0.475 0.085 1.67703e+16
0.475 0.09 1.42468e+16
0.475 0.095 1.19251e+16
0.475 0.1 9.8361e+15
0.475 0.105 7.99473e+15
0.475 0.11 6.40268e+15
0.475 0.115 5.0514e+15
0.475 0.12 3.92492e+15
0.475 0.125 3.0023e+15
0.475 0.13 2.25981e+15
0.475 0.135 1.67275e+15
0.475 0.14 1.21679e+15
0.475 0.145 8.69043e+14
0.475 0.15 6.08726e+14
0.475 0.155 4.17574e+14
0.475 0.16 2.79993e+14
0.475 0.165 1.83022e+14
0.475 0.17 1.16172e+14
0.475 0.175 7.11715e+13
0.475 0.18 4.16578e+13
0.475 0.185 2.28649e+13
0.475 0.19 1.13131e+13
0.475 0.195 4.52241e+12
0.475 0.2 20935.1
0.48 0 9.999e+19
0.48 0.005 7.6826e+19
0.48 0.01 3.42789e+19
0.48 0.015 3.51694e+18
0.48 0.02 1.31876e+17
0.48 0.025 4.35356e+16
0.48 0.03 3.31259e+16
0.48 0.035 3.1392e+16
0.48 0.04 3.11504e+16
0.48 0.045 3.08634e+16
0.48 0.05 3.01145e+16
0.48 0.055 2.88339e+16
0.48 0.06 2.70825e+16
0.48 0.065 2.49705e+16
0.48 0.07 2.26208e+16
0.48 0.075 2.01512e+16
0.48 0.08 1.7665e+16
0.48 0.085 1.52471e+16
0.48 0.09 1.29626e+16
0.48 0.095 1.08579e+16
0.48 0.1 8.96195e+15
0.48 0.105 7.28915e+15
0.48 0.11 5.84161e+15
0.48 0.115 4.61204e+15
0.48 0.12 3.58626e+15
0.48 0.125 2.74549e+15
0.48 0.13 2.06837e+15
0.48 0.135 1.53255e+15
0.48 0.14 1.11602e+15
0.48 0.145 7.98026e+14
0.48 0.15 5.59716e+14
0.48 0.155 3.84505e+14
0.48 0.16 2.58218e+14
0.48 0.165 1.69067e+14
0.48 0.17 1.07501e+14
0.48 0.175 6.59763e+13
0.48 0.18 3.86861e+13
0.48 0.185 2.12709e+13
0.48 0.19 1.05418e+13
0.48 0.195 4.2207e+12
0.48 0.2 20935.1
0.485 0 9.999e+19
0.485 0.005 7.68333e+19
0.485 0.01 3.43507e+19
0.485 0.015 3.54802e+18
0.485 0.02 1.22369e+17
0.485 0.025 3.95659e+16
0.485 0.03 3.00854e+16
0.485 0.035 2.8587e+16
0.485 0.04 2.84426e+16
0.485 0.045 2.82434e+16
0.485 0.05 2.76083e+16
0.485 0.055 2.6474e+16
0.485 0.06 2.48971e+16
0.485 0.065 2.29798e+16
0.485 0.07 2.08364e+16
0.485 0.075 1.85763e+16
0.485 0.08 1.62958e+16
0.485 0.085 1.40741e+16
0.485 0.09 1.19724e+16
0.485 0.095 1.0034e+16
0.485 0.1 8.28637e+15
0.485 0.105 6.74332e+15
0.485 0.11 5.4072e+15
0.485 0.115 4.27161e+15
0.485 0.12 3.32367e+15
0.485 0.125 2.54625e+15
0.485 0.13 1.91975e+15
0.485 0.135 1.42366e+15
0.485 0.14 1.03771e+15
0.485 0.145 7.42806e+14
0.485 0.15 5.21589e+14
0.485 0.155 3.58765e+14
0.485 0.16 2.41261e+14
0.485 0.165 1.58194e+14
0.485 0.17 1.0074e+14
0.485 0.175 6.19238e+13
0.485 0.18 3.63668e+13
0.485 0.185 2.00261e+13
0.485 0.19 9.93918e+12
0.485 0.195 3.98478e+12
0.485 0.2 20935.1
0.49 0 9.999e+19
0.49 0.005 7.68383e+19
0.49 0.01 3.44005e+19
0.49 0.015 3.57077e+18
0.49 0.02 1.15573e+17
0.49 0.025 3.67911e+16
0.49 0.03 2.79693e+16
0.49 0.035 2.66333e+16
0.49 0.04 2.6553e+16
0.49 0.045 2.6411e+16
0.49 0.05 2.58518e+16
0.49 0.055 2.48166e+16
0.49 0.06 2.33594e+16
0.49 0.065 2.15768e+16
0.49 0.07 1.95767e+16
0.49 0.075 1.74629e+16
0.49 0.08 1.53266e+16
0.49 0.085 1.32429e+16
0.49 0.09 1.12699e+16
0.49 0.095 9.44898e+15
0.49 0.1 7.80632e+15
0.49 0.105 6.35519e+15
0.49 0.11 5.09811e+15
0.49 0.115 4.02924e+15
0.49 0.12 3.13663e+15
0.49 0.125 2.40426e+15
0.49 0.13 1.8138e+15
0.49 0.135 1.34598e+15
0.49 0.14 9.81825e+14
0.49 0.145 7.03388e+14
0.49 0.15 4.94361e+14
0.49 0.155 3.40376e+14
0.49 0.16 2.29141e+14
0.49 0.165 1.50419e+14
0.49 0.17 9.59041e+13
0.49 0.175 5.90238e+13
0.49 0.18 3.47064e+13
0.49 0.185 1.91347e+13
0.49 0.19 9.50739e+12
0.49 0.195 3.81565e+12
0.49 0.2 20935.1
0.495 0 9.999e+19
0.495 0.005 7.68412e+19
0.495 0.01 3.44297e+19
0.495 0.015 3.58476e+18
0.495 0.02 1.11469e+17
0.495 0.025 3.5145e+16
0.495 0.03 2.67203e+16
0.495 0.035 2.54806e+16
0.495 0.04 2.54368e+16
0.495 0.045 2.53271e+16
0.495 0.05 2.48112e+16
0.495 0.055 2.38336e+16
0.495 0.06 2.24462e+16
0.495 0.065 2.07426e+16
0.495 0.07 1.8827e+16
0.495 0.075 1.67997e+16
0.495 0.08 1.47487e+16
0.495 0.085 1.2747e+16
0.495 0.09 1.08505e+16
0.495 0.095 9.09947e+15
0.495 0.1 7.51935e+15
0.495 0.105 6.12306e+15
0.495 0.11 4.91317e+15
0.495 0.115 3.88416e+15
0.495 0.12 3.02463e+15
0.495 0.125 2.31922e+15
0.495 0.13 1.75031e+15
0.495 0.135 1.29943e+15
0.495 0.14 9.48325e+14
0.495 0.145 6.79752e+14
0.495 0.15 4.7803e+14
0.495 0.155 3.29343e+14
0.495 0.16 2.21867e+14
0.495 0.165 1.45752e+14
0.495 0.17 9.30002e+13
0.495 0.175 5.72819e+13
0.495 0.18 3.37088e+13
0.495 0.185 1.85989e+13
0.495 0.19 9.24783e+12
0.495 0.195 3.71393e+12
0.495 0.2 20935.1
0.5 0 9.999e+19
0.5 0.005 7.68421e+19
0.5 0.01 3.44394e+19
0.5 0.015 3.58953e+18
0.5 0.02 1.10088e+17
0.5 0.025 3.45977e+16
0.5 0.03 2.63071e+16
0.5 0.035 2.50994e+16
0.5 0.04 2.50676e+16
0.5 0.045 2.49684e+16
0.5 0.05 2.44666e+16
0.5 0.055 2.35078e+16
0.5 0.06 2.21434e+16
0.5 0.065 2.04658e+16
0.5 0.07 1.85782e+16
0.5 0.075 1.65794e+16
0.5 0.08 1.45567e+16
0.5 0.085 1.25821e+16
0.5 0.09 1.07111e+16
0.5 0.095 8.98322e+15
0.5 0.1 7.42387e+15
0.5 0.105 6.04581e+15
0.5 0.11 4.85161e+15
0.5 0.115 3.83586e+15
0.5 0.12 2.98734e+15
0.5 0.125 2.29089e+15
0.5 0.13 1.72916e+15
0.5 0.135 1.28392e+15
0.5 0.14 9.37163e+14
0.5 0.145 6.71875e+14
0.5 0.15 4.72587e+14
0.5 0.155 3.25666e+14
0.5 0.16 2.19443e+14
0.5 0.165 1.44196e+14
0.5 0.17 9.20319e+13
0.5 0.175 5.6701e+13
0.5 0.18 3.3376e+13
0.5 0.185 1.84202e+13
0.5 0.19 9.16123e+12
0.5 0.195 3.67998e+12
0.5 0.2 20935.1
