0 0 0
0 0.005 8.28391e+07
0 0.01 8.89394e+07
0 0.015 5.43459e+07
0 0.02 2.24373e+07
0 0.025 8.00779e+06
0 0.03 3.14887e+06
0 0.035 1.41234e+06
0 0.04 707035
0 0.045 387005
0 0.05 227829
0 0.055 142340
0 0.06 93309
0 0.065 63676.4
0 0.07 45185.7
0 0.075 33471.4
0 0.08 25568.4
0 0.085 20121.5
0 0.09 16230.1
0 0.095 13298.9
0 0.1 10957.4
0 0.105 8998.17
0 0.11 7319.11
0 0.115 5875.25
0 0.12 4645.16
0 0.125 3612.63
0 0.13 2758.74
0 0.135 2059.11
0 0.14 1482.69
0 0.145 989.169
0 0.15 522.854
0 0.155 1.09639
0 0.16 -704.663
0 0.165 -1795.07
0 0.17 -3569.25
0 0.175 -6425.08
0 0.18 -10758.7
0 0.185 -16578.8
0 0.19 -22405.6
0 0.195 -22479.9
0 0.2 0
0.005 0 0
0.005 0.005 8.3741e+07
0.005 0.01 9.0021e+07
0.005 0.015 5.5145e+07
0.005 0.02 2.28346e+07
0.005 0.025 8.16748e+06
0.005 0.03 3.21699e+06
0.005 0.035 1.4458e+06
0.005 0.04 725557
0.005 0.045 398120
0.005 0.05 234841
0.005 0.055 146919
0.005 0.06 96383.6
0.005 0.065 65804.5
0.005 0.07 46726
0.005 0.075 34611.6
0.005 0.08 26433.2
0.005 0.085 20790.3
0.005 0.09 16751.5
0.005 0.095 13704
0.005 0.1 11268.5
0.005 0.105 9233.1
0.005 0.11 7493.6
0.005 0.115 6002.81
0.005 0.12 4737.1
0.005 0.125 3678.09
0.005 0.13 2804.83
0.005 0.135 2091.24
0.005 0.14 1504.89
0.005 0.145 1004.36
0.005 0.15 533.172
0.005 0.155 8.06337
0.005 0.16 -699.972
0.005 0.165 -1791.95
0.005 0.17 -3567.39
0.005 0.175 -6424.63
0.005 0.18 -10760.5
0.005 0.185 -16584.4
0.005 0.19 -22416.5
0.005 0.195 -22494
0.005 0.2 0
0.01 0 0
0.01 0.005 8.6464e+07
0.01 0.01 9.3294e+07
0.01 0.015 5.75718e+07
0.01 0.02 2.40458e+07
0.01 0.025 8.65557e+06
0.01 0.03 3.42562e+06
0.01 0.035 1.54844e+06
0.01 0.04 782491
0.01 0.045 432323
0.01 0.05 256432
0.01 0.055 161018
0.01 0.06 105853
0.01 0.065 72365.8
0.01 0.07 51492.3
0.01 0.075 38133.6
0.01 0.08 29102.2
0.01 0.085 22851.3
0.01 0.09 18354.8
0.01 0.095 14946.1
0.01 0.1 12219.1
0.01 0.105 9949.21
0.01 0.11 8024.24
0.01 0.115 6390
0.01 0.12 5015.77
0.01 0.125 3876.27
0.01 0.13 2944.27
0.01 0.135 2188.41
0.01 0.14 1571.98
0.01 0.145 1050.28
0.01 0.15 564.339
0.01 0.155 29.0861
0.01 0.16 -685.856
0.01 0.165 -1782.63
0.01 0.17 -3561.89
0.01 0.175 -6423.44
0.01 0.18 -10766.1
0.01 0.185 -16601.3
0.01 0.19 -22449.1
0.01 0.195 -22535.9
0.01 0.2 0
0.015 0 0
0.015 0.005 9.10528e+07
0.015 0.01 9.88384e+07
0.015 0.015 6.17142e+07
0.015 0.02 2.61288e+07
0.015 0.025 9.49965e+06
0.015 0.03 3.78789e+06
0.015 0.035 1.72734e+06
0.015 0.04 882049
0.015 0.045 492261
0.015 0.05 294302
0.015 0.055 185759
0.015 0.06 122479
0.015 0.065 83905
0.015 0.07 59926.6
0.015 0.075 44347.7
0.015 0.08 33804.2
0.015 0.085 26471.7
0.015 0.09 21158.2
0.015 0.095 17105.6
0.015 0.1 13862.4
0.015 0.105 11180.6
0.015 0.11 8932.66
0.015 0.115 7050.47
0.015 0.12 5489.82
0.015 0.125 4212.69
0.015 0.13 3180.65
0.015 0.135 2352.98
0.015 0.14 1685.54
0.015 0.145 1127.97
0.015 0.15 617.048
0.015 0.155 64.6039
0.015 0.16 -662.063
0.015 0.165 -1767
0.015 0.17 -3552.76
0.015 0.175 -6421.58
0.015 0.18 -10775.5
0.015 0.185 -16629.5
0.015 0.19 -22503.2
0.015 0.195 -22605.3
0.015 0.2 0
0.02 0 0
0.02 0.005 9.75607e+07
0.02 0.01 1.0677e+08
0.02 0.015 6.77137e+07
0.02 0.02 2.91821e+07
0.02 0.025 1.07476e+07
0.02 0.03 4.32676e+06
0.02 0.035 1.99495e+06
0.02 0.04 1.03166e+06
0.02 0.045 582601
0.02 0.05 351460
0.02 0.055 223129
0.02 0.06 147625
0.02 0.065 101419
0.02 0.07 72754.5
0.02 0.075 53791.3
0.02 0.08 40937.2
0.02 0.085 31940
0.02 0.09 25363.6
0.02 0.095 20319.2
0.02 0.1 16287.9
0.02 0.105 12984.8
0.02 0.11 10255.2
0.02 0.115 8007.19
0.02 0.12 6173.8
0.02 0.125 4696.68
0.02 0.13 3520.02
0.02 0.135 2588.93
0.02 0.14 1848.25
0.02 0.145 1239.24
0.02 0.15 692.526
0.02 0.155 115.447
0.02 0.16 -628.034
0.02 0.165 -1744.67
0.02 0.17 -3539.72
0.02 0.175 -6418.79
0.02 0.18 -10788.5
0.02 0.185 -16668.6
0.02 0.19 -22578.4
0.02 0.195 -22702
0.02 0.2 0
0.025 0 0
0.025 0.005 1.0601e+08
0.025 0.01 1.17208e+08
0.025 0.015 7.57586e+07
0.025 0.02 3.3348e+07
0.025 0.025 1.24705e+07
0.025 0.03 5.07682e+06
0.025 0.035 2.37013e+06
0.025 0.04 1.24264e+06
0.025 0.045 710458
0.025 0.05 432504
0.025 0.055 276188
0.025 0.06 183450
0.025 0.065 126632
0.025 0.07 90993.5
0.025 0.075 67267.4
0.025 0.08 51094.1
0.025 0.085 39678.8
0.025 0.09 31262.5
0.025 0.095 24781.1
0.025 0.1 19622.1
0.025 0.105 15442.7
0.025 0.11 12043.4
0.025 0.115 9292.72
0.025 0.12 7088.45
0.025 0.125 5341.61
0.025 0.13 3971.12
0.025 0.135 2902.08
0.025 0.14 2064
0.025 0.145 1386.73
0.025 0.15 792.575
0.025 0.155 182.851
0.025 0.16 -582.906
0.025 0.165 -1715.01
0.025 0.17 -3522.24
0.025 0.175 -6414.55
0.025 0.18 -10804.4
0.025 0.185 -16718
0.025 0.19 -22674.3
0.025 0.195 -22825.7
0.025 0.2 0
0.03 0 0
0.03 0.005 1.16318e+08
0.03 0.01 1.30217e+08
0.03 0.015 8.60674e+07
0.03 0.02 3.8817e+07
0.03 0.025 1.47676e+07
0.03 0.03 6.08706e+06
0.03 0.035 2.87981e+06
0.03 0.04 1.53121e+06
0.03 0.045 886046
0.03 0.05 544064
0.03 0.055 349335
0.03 0.06 233030
0.03 0.065 161890
0.03 0.07 116327
0.03 0.075 85943.2
0.03 0.08 65103.3
0.03 0.085 50264.3
0.03 0.09 39244.2
0.03 0.095 30748
0.03 0.1 24030.8
0.03 0.105 18659.9
0.03 0.11 14364.1
0.03 0.115 10949.7
0.03 0.12 8261.07
0.03 0.125 6165.17
0.03 0.13 4545.58
0.03 0.135 3300.18
0.03 0.14 2338.04
0.03 0.145 1574.02
0.03 0.15 919.645
0.03 0.155 268.505
0.03 0.16 -525.49
0.03 0.165 -1677.13
0.03 0.17 -3499.56
0.03 0.175 -6408.12
0.03 0.18 -10822.5
0.03 0.185 -16776.8
0.03 0.19 -22789.9
0.03 0.195 -22976.2
0.03 0.2 0
0.035 0 0
0.035 0.005 1.28178e+08
0.035 0.01 1.45702e+08
0.035 0.015 9.88617e+07
0.035 0.02 4.58346e+07
0.035 0.025 1.77735e+07
0.035 0.03 7.42503e+06
0.035 0.035 3.56143e+06
0.035 0.04 1.91994e+06
0.035 0.045 1.1237e+06
0.035 0.05 695423
0.035 0.055 448821
0.035 0.06 300880
0.035 0.065 210137
0.035 0.07 150975
0.035 0.075 111404
0.035 0.08 84071.2
0.035 0.085 64449.2
0.035 0.09 49807.7
0.035 0.095 38543.8
0.035 0.1 29721.1
0.035 0.105 22768.2
0.035 0.11 17301
0.035 0.115 13031.4
0.035 0.12 9726.11
0.035 0.125 7189.88
0.035 0.13 5258.36
0.035 0.135 3793.29
0.035 0.14 2677.2
0.035 0.145 1805.79
0.035 0.15 1076.95
0.035 0.155 374.626
0.035 0.16 -454.23
0.035 0.165 -1629.89
0.035 0.17 -3470.73
0.035 0.175 -6398.53
0.035 0.18 -10841.7
0.035 0.185 -16843.9
0.035 0.19 -22924.5
0.035 0.195 -23153
0.035 0.2 0
0.04 0 0
0.04 0.005 1.40837e+08
0.04 0.01 1.6324e+08
0.04 0.015 1.14319e+08
0.04 0.02 5.47106e+07
0.04 0.025 2.1669e+07
0.04 0.03 9.18293e+06
0.04 0.035 4.46645e+06
0.04 0.04 2.44001e+06
0.04 0.045 1.44315e+06
0.04 0.05 899476
0.04 0.055 583571
0.04 0.06 393882
0.04 0.065 275493
0.04 0.07 197931
0.04 0.075 145753
0.04 0.08 109434
0.04 0.085 83189
0.04 0.09 63574.8
0.04 0.095 48566.8
0.04 0.1 36946.2
0.04 0.105 27928.1
0.04 0.11 20956.3
0.04 0.115 15603.5
0.04 0.12 11526.1
0.04 0.125 8443.83
0.04 0.13 6128.25
0.04 0.135 4394.16
0.04 0.14 3090.21
0.04 0.145 2088.03
0.04 0.15 1268.62
0.04 0.155 504.064
0.04 0.16 -367.127
0.04 0.165 -1571.79
0.04 0.17 -3434.51
0.04 0.175 -6384.62
0.04 0.18 -10860.7
0.04 0.185 -16918
0.04 0.19 -23076.8
0.04 0.195 -23355.9
0.04 0.2 0
0.045 0 0
0.045 0.005 1.52747e+08
0.045 0.01 1.81788e+08
0.045 0.015 1.32496e+08
0.045 0.02 6.5835e+07
0.045 0.025 2.66973e+07
0.045 0.03 1.14866e+07
0.045 0.035 5.66535e+06
0.045 0.04 3.13409e+06
0.045 0.045 1.87144e+06
0.045 0.05 1.17405e+06
0.045 0.055 765877
0.045 0.06 520536
0.045 0.065 363972
0.045 0.07 261250
0.045 0.075 191739
0.045 0.08 143020
0.045 0.085 107672
0.045 0.09 81305.5
0.045 0.095 61298.1
0.045 0.1 46009.8
0.045 0.105 34331.8
0.045 0.11 25452.6
0.045 0.115 18745.2
0.045 0.12 13713.2
0.045 0.125 9961.72
0.045 0.13 7178.71
0.045 0.135 5118.82
0.045 0.14 3588.09
0.045 0.145 2428.36
0.045 0.15 1499.89
0.045 0.155 660.441
0.045 0.16 -261.651
0.045 0.165 -1500.99
0.045 0.17 -3389.4
0.045 0.175 -6364.93
0.045 0.18 -10878
0.045 0.185 -16997.3
0.045 0.19 -23245.4
0.045 0.195 -23584.1
0.045 0.2 0
0.05 0 0
0.05 0.005 1.60979e+08
0.05 0.01 1.99225e+08
0.05 0.015 1.5322e+08
0.05 0.02 7.97062e+07
0.05 0.025 3.31897e+07
0.05 0.03 1.45086e+07
0.05 0.035 7.25477e+06
0.05 0.04 4.06064e+06
0.05 0.045 2.44579e+06
0.05 0.05 1.54445e+06
0.05 0.055 1.01484e+06
0.05 0.06 691155
0.05 0.065 483293
0.05 0.07 346221
0.05 0.075 252878
0.05 0.08 187111
0.05 0.085 139352
0.05 0.09 103915
0.05 0.095 77312.4
0.05 0.1 57273.4
0.05 0.105 42208.5
0.05 0.11 30937.2
0.05 0.115 22552.7
0.05 0.12 16351
0.05 0.125 11786.4
0.05 0.13 8438.92
0.05 0.135 5987.35
0.05 0.14 4184.75
0.05 0.145 2836.4
0.05 0.15 1777.44
0.05 0.155 848.346
0.05 0.16 -134.615
0.05 0.165 -1415.19
0.05 0.17 -3333.57
0.05 0.175 -6337.76
0.05 0.18 -10891.8
0.05 0.185 -17080.1
0.05 0.19 -23428.8
0.05 0.195 -23837
0.05 0.2 0
0.055 0 0
0.055 0.005 1.6029e+08
0.055 0.01 2.11651e+08
0.055 0.015 1.75943e+08
0.055 0.02 9.69864e+07
0.055 0.025 4.16056e+07
0.055 0.03 1.84877e+07
0.055 0.035 9.3676e+06
0.055 0.04 5.29976e+06
0.055 0.045 3.21723e+06
0.055 0.05 2.04478e+06
0.055 0.055 1.35419e+06
0.055 0.06 921996
0.055 0.065 643873
0.055 0.07 459677
0.055 0.075 333582
0.055 0.08 244503
0.055 0.085 179981
0.055 0.09 132495
0.055 0.095 97290.4
0.055 0.1 71165.3
0.055 0.105 51831.4
0.055 0.11 37586.9
0.055 0.115 27142.3
0.055 0.12 19517.5
0.055 0.125 13970.8
0.055 0.13 9945.36
0.055 0.135 7025.02
0.055 0.14 4897.75
0.055 0.145 3324.34
0.055 0.15 2109.67
0.055 0.155 1073.57
0.055 0.16 17.9846
0.055 0.165 -1311.53
0.055 0.17 -3264.79
0.055 0.175 -6301.09
0.055 0.18 -10899.9
0.055 0.185 -17164
0.055 0.19 -23625
0.055 0.195 -24113.8
0.055 0.2 0
0.06 0 0
0.06 0.005 1.4171e+08
0.06 0.01 2.12367e+08
0.06 0.015 1.99596e+08
0.06 0.02 1.18614e+08
0.06 0.025 5.25964e+07
0.06 0.03 2.37566e+07
0.06 0.035 1.2187e+07
0.06 0.04 6.96162e+06
0.06 0.045 4.25737e+06
0.06 0.05 2.72745e+06
0.06 0.055 1.81162e+06
0.06 0.06 1.23325e+06
0.06 0.065 859104
0.06 0.07 610235
0.06 0.075 439284
0.06 0.08 318575
0.06 0.085 231643
0.06 0.09 168335
0.06 0.095 122037
0.06 0.1 88194
0.06 0.105 63527.1
0.06 0.11 45615.5
0.06 0.115 32656.5
0.06 0.12 23309.1
0.06 0.125 16581.1
0.06 0.13 11743.8
0.06 0.135 8263.68
0.06 0.14 5749.27
0.06 0.145 3907.6
0.06 0.15 2507.25
0.06 0.155 1343.44
0.06 0.16 201.179
0.06 0.165 -1186.47
0.06 0.17 -3180.35
0.06 0.175 -6252.53
0.06 0.18 -10900
0.06 0.185 -17246.6
0.06 0.19 -23831.8
0.06 0.195 -24413.4
0.06 0.2 0
0.065 0 0
0.065 0.005 9.05101e+07
0.065 0.01 1.90605e+08
0.065 0.015 2.22584e+08
0.065 0.02 1.46036e+08
0.065 0.025 6.71072e+07
0.065 0.03 3.07827e+07
0.065 0.035 1.59658e+07
0.065 0.04 9.19711e+06
0.065 0.045 5.66344e+06
0.065 0.05 3.65855e+06
0.065 0.055 2.42976e+06
0.065 0.06 1.65163e+06
0.065 0.065 1.14598e+06
0.065 0.07 808534
0.065 0.075 576546
0.065 0.08 413342
0.065 0.085 296801
0.065 0.09 212956
0.065 0.095 152504
0.065 0.1 108967
0.065 0.105 77690.7
0.065 0.11 55284.7
0.065 0.115 39271.6
0.065 0.12 27846.2
0.065 0.125 19700.6
0.065 0.13 13892.1
0.065 0.135 9743.73
0.065 0.14 6767.52
0.065 0.145 4605.8
0.065 0.15 2983.71
0.065 0.155 1667.23
0.065 0.16 421.298
0.065 0.165 -1035.62
0.065 0.17 -3077
0.065 0.175 -6189.31
0.065 0.18 -10889.2
0.065 0.185 -17324.9
0.065 0.19 -24046.6
0.065 0.195 -24734.9
0.065 0.2 0
0.07 0 0
0.07 0.005 -1.63238e+07
0.07 0.01 1.30372e+08
0.07 0.015 2.43269e+08
0.07 0.02 1.81668e+08
0.07 0.025 8.65332e+07
0.07 0.03 4.0222e+07
0.07 0.035 2.10521e+07
0.07 0.04 1.2217e+07
0.07 0.045 7.5832e+06
0.07 0.05 4.91096e+06
0.07 0.055 3.26098e+06
0.07 0.06 2.21062e+06
0.07 0.065 1.52559e+06
0.07 0.07 1.0674e+06
0.07 0.075 753144
0.07 0.08 533526
0.07 0.085 378347
0.07 0.09 268155
0.07 0.095 189832
0.07 0.1 134220
0.07 0.105 94806.5
0.07 0.11 66919.2
0.07 0.115 47208.6
0.07 0.12 33281.1
0.07 0.125 23434.7
0.07 0.13 16463.9
0.07 0.135 11516.7
0.07 0.14 7988.45
0.07 0.145 5443.92
0.07 0.15 3556.3
0.07 0.155 2056.71
0.07 0.16 686.323
0.07 0.165 -853.507
0.07 0.17 -2950.77
0.07 0.175 -6108.15
0.07 0.18 -10864.4
0.07 0.185 -17395.7
0.07 0.19 -24266.6
0.07 0.195 -25076.7
0.07 0.2 0
0.075 0 0
0.075 0.005 -2.12421e+08
0.075 0.01 1.07163e+07
0.075 0.015 2.61808e+08
0.075 0.02 2.2979e+08
0.075 0.025 1.12948e+08
0.075 0.03 5.29872e+07
0.075 0.035 2.79195e+07
0.075 0.04 1.6305e+07
0.075 0.045 1.01935e+07
0.075 0.05 6.59596e+06
0.075 0.055 4.3721e+06
0.075 0.06 2.95179e+06
0.075 0.065 2.02287e+06
0.075 0.07 1.40188e+06
0.075 0.075 978143
0.075 0.08 684640
0.075 0.085 479685
0.075 0.09 336078
0.075 0.095 235397
0.075 0.1 164858
0.075 0.105 115479
0.075 0.11 80928.5
0.075 0.115 56748.3
0.075 0.12 39808.2
0.075 0.125 27919
0.075 0.13 19554
0.075 0.135 13648.7
0.075 0.14 9458.19
0.075 0.145 6453.95
0.075 0.15 4247
0.075 0.155 2526.84
0.075 0.16 1006.36
0.075 0.165 -633.281
0.075 0.17 -2796.82
0.075 0.175 -6005.2
0.075 0.18 -10822
0.075 0.185 -17455.3
0.075 0.19 -24488.6
0.075 0.195 -25437.5
0.075 0.2 0
0.08 0 0
0.08 0.005 -5.42103e+08
0.08 0.01 -1.89417e+08
0.08 0.015 2.85127e+08
0.08 0.02 2.98165e+08
0.08 0.025 1.49388e+08
0.08 0.03 7.03139e+07
0.08 0.035 3.72106e+07
0.08 0.04 2.18783e+07
0.08 0.045 1.36851e+07
0.08 0.05 8.84397e+06
0.08 0.055 5.84374e+06
0.08 0.06 3.92344e+06
0.08 0.065 2.66669e+06
0.08 0.07 1.82929e+06
0.08 0.075 1.26203e+06
0.08 0.08 873142
0.08 0.085 604873
0.08 0.09 419329
0.08 0.095 290907
0.08 0.1 202016
0.08 0.105 140475
0.08 0.11 97837.7
0.08 0.115 68253
0.08 0.12 47678.8
0.08 0.125 33328.6
0.08 0.13 23284.5
0.08 0.135 16225.1
0.08 0.14 11236.2
0.08 0.145 7677.01
0.08 0.15 5084.05
0.08 0.155 3096.79
0.08 0.16 1394.25
0.08 0.165 -366.35
0.08 0.17 -2609.2
0.08 0.175 -5875.92
0.08 0.18 -10757.8
0.08 0.185 -17499.6
0.08 0.19 -24708.8
0.08 0.195 -25815.4
0.08 0.2 0
0.085 0 0
0.085 0.005 -1.05467e+09
0.085 0.01 -4.76286e+08
0.085 0.015 3.37827e+08
0.085 0.02 4.00566e+08
0.085 0.025 2.00057e+08
0.085 0.03 9.37625e+07
0.085 0.035 4.97503e+07
0.085 0.04 2.93582e+07
0.085 0.045 1.83261e+07
0.085 0.05 1.18102e+07
0.085 0.055 7.768e+06
0.085 0.06 5.18002e+06
0.085 0.065 3.48951e+06
0.085 0.07 2.36933e+06
0.085 0.075 1.61698e+06
0.085 0.08 1.10671e+06
0.085 0.085 758852
0.085 0.09 521147
0.085 0.095 358520
0.085 0.1 247153
0.085 0.105 170791
0.085 0.11 118331
0.085 0.115 82195.8
0.085 0.12 57221.4
0.085 0.125 39892.1
0.085 0.13 27814.7
0.085 0.135 19356.8
0.085 0.14 13399.3
0.085 0.145 9166.25
0.085 0.15 6103.8
0.085 0.155 3791.12
0.085 0.16 1866.39
0.085 0.165 -41.8618
0.085 0.17 -2380.61
0.085 0.175 -5714.93
0.085 0.18 -10667.4
0.085 0.185 -17524.1
0.085 0.19 -24923.1
0.085 0.195 -26208.4
0.085 0.2 0
0.09 0 0
0.09 0.005 -1.79525e+09
0.09 0.01 -8.16232e+08
0.09 0.015 4.80364e+08
0.09 0.02 5.5956e+08
0.09 0.025 2.69936e+08
0.09 0.03 1.2503e+08
0.09 0.035 6.65286e+07
0.09 0.04 3.91721e+07
0.09 0.045 2.43911e+07
0.09 0.05 1.56605e+07
0.09 0.055 1.02438e+07
0.09 0.06 6.78064e+06
0.09 0.065 4.52741e+06
0.09 0.07 3.04465e+06
0.09 0.075 2.05745e+06
0.09 0.08 1.39473e+06
0.09 0.085 947828
0.09 0.09 645688
0.09 0.095 441046
0.09 0.1 302183
0.09 0.105 207739
0.09 0.11 143312
0.09 0.115 99201.6
0.09 0.12 68869.1
0.09 0.125 47910.4
0.09 0.13 33353.7
0.09 0.135 23188.7
0.09 0.14 16048
0.09 0.145 10990.7
0.09 0.15 7353.3
0.09 0.155 4641.54
0.09 0.16 2443.82
0.09 0.165 353.977
0.09 0.17 -2101.91
0.09 0.175 -5515.77
0.09 0.18 -10545.2
0.09 0.185 -17523.6
0.09 0.19 -25127.1
0.09 0.195 -26614.1
0.09 0.2 0
0.095 0 0
0.095 0.005 -2.85973e+09
0.095 0.01 -1.15666e+09
0.095 0.015 8.22788e+08
0.095 0.02 8.05069e+08
0.095 0.025 3.62043e+08
0.095 0.03 1.6532e+08
0.095 0.035 8.78591e+07
0.095 0.04 5.17131e+07
0.095 0.045 3.21374e+07
0.095 0.05 2.0557e+07
0.095 0.055 1.33719e+07
0.095 0.06 8.78865e+06
0.095 0.065 5.82123e+06
0.095 0.07 3.88215e+06
0.095 0.075 2.6013e+06
0.095 0.08 1.74918e+06
0.095 0.085 1.17988e+06
0.095 0.09 798436
0.095 0.095 542226
0.095 0.1 369668
0.095 0.105 253076
0.095 0.11 173991
0.095 0.115 120105
0.095 0.12 83198.4
0.095 0.125 57781.9
0.095 0.13 40177.1
0.095 0.135 27911.6
0.095 0.14 19313.5
0.095 0.145 13240.3
0.095 0.15 8893.75
0.095 0.155 5689.11
0.095 0.16 3153.66
0.095 0.165 838.8
0.095 0.17 -1761.66
0.095 0.175 -5270.65
0.095 0.18 -10385.2
0.095 0.185 -17492.5
0.095 0.19 -25315.6
0.095 0.195 -27030
0.095 0.2 0
0.1 0 0
0.1 0.005 -4.9593e+09
0.1 0.01 -1.72785e+09
0.1 0.015 1.5056e+09
0.1 0.02 1.14259e+09
0.1 0.025 4.67405e+08
0.1 0.03 2.11816e+08
0.1 0.035 1.13498e+08
0.1 0.04 6.71469e+07
0.1 0.045 4.17565e+07
0.1 0.05 2.66463e+07
0.1 0.055 1.72553e+07
0.1 0.06 1.12748e+07
0.1 0.065 7.42033e+06
0.1 0.07 4.91582e+06
0.1 0.075 3.27178e+06
0.1 0.08 2.18594e+06
0.1 0.085 1.46587e+06
0.1 0.09 986823
0.1 0.095 667144
0.1 0.1 453087
0.1 0.105 309187
0.1 0.11 212004
0.1 0.115 146028
0.1 0.12 100982
0.1 0.125 70039
0.1 0.13 48651.6
0.1 0.135 33777.6
0.1 0.14 23369.1
0.1 0.145 16033.3
0.1 0.15 10805.2
0.1 0.155 6987.36
0.1 0.16 4031.09
0.1 0.165 1435.3
0.1 0.17 -1345.39
0.1 0.175 -4970.03
0.1 0.18 -10180.3
0.1 0.185 -17424.6
0.1 0.19 -25483.1
0.1 0.195 -27453.1
0.1 0.2 0
0.105 0 3.62694e+10
0.105 0.005 3.21712e+09
0.105 0.01 1.55042e+09
0.105 0.015 2.42148e+09
0.105 0.02 1.25261e+09
0.105 0.025 5.25325e+08
0.105 0.03 2.54506e+08
0.105 0.035 1.41898e+08
0.105 0.04 8.53765e+07
0.105 0.045 5.33846e+07
0.105 0.05 3.40748e+07
0.105 0.055 2.20116e+07
0.105 0.06 1.43266e+07
0.105 0.065 9.39081e+06
0.105 0.07 6.19155e+06
0.105 0.075 4.10067e+06
0.105 0.08 2.72693e+06
0.105 0.085 1.82082e+06
0.105 0.09 1.22112e+06
0.105 0.095 822812
0.105 0.1 557224
0.105 0.105 379336
0.105 0.11 259578
0.105 0.115 178497
0.105 0.12 123264
0.105 0.125 85396.9
0.105 0.13 59267.6
0.105 0.135 41122.7
0.105 0.14 28444
0.105 0.145 19525.8
0.105 0.15 13192.8
0.105 0.155 8606.35
0.105 0.16 5121.99
0.105 0.165 2172.85
0.105 0.17 -834.606
0.105 0.175 -4602.13
0.105 0.18 -9922.19
0.105 0.185 -17312.7
0.105 0.19 -25623.3
0.105 0.195 -27879.9
0.105 0.2 0
0.11 0 7.16172e+10
0.11 0.005 1.05878e+10
0.11 0.01 3.90422e+09
0.11 0.015 2.10766e+09
0.11 0.02 1.05706e+09
0.11 0.025 5.33267e+08
0.11 0.03 2.93224e+08
0.11 0.035 1.73068e+08
0.11 0.04 1.0658e+08
0.11 0.045 6.72518e+07
0.11 0.05 4.30511e+07
0.11 0.055 2.78058e+07
0.11 0.06 1.80749e+07
0.11 0.065 1.18243e+07
0.11 0.07 7.77393e+06
0.11 0.075 5.1328e+06
0.11 0.08 3.40296e+06
0.11 0.085 2.26583e+06
0.11 0.09 1.5157e+06
0.11 0.095 1.01899e+06
0.11 0.1 688709
0.11 0.105 468025
0.11 0.11 319776
0.11 0.115 219593
0.11 0.12 151462
0.11 0.125 104823
0.11 0.13 72685
0.11 0.135 50396.7
0.11 0.14 34844.4
0.11 0.145 23924.7
0.11 0.15 16195.6
0.11 0.155 10638.3
0.11 0.16 6486.46
0.11 0.165 3089.74
0.11 0.17 -205.522
0.11 0.175 -4152.2
0.11 0.18 -9601.06
0.11 0.185 -17149.2
0.11 0.19 -25729.5
0.11 0.195 -28306.7
0.11 0.2 0
0.115 0 1.02554e+11
0.115 0.005 1.18824e+10
0.115 0.01 4.07196e+09
0.115 0.015 1.9148e+09
0.115 0.02 1.0203e+09
0.115 0.025 5.77381e+08
0.115 0.03 3.42228e+08
0.115 0.035 2.09903e+08
0.115 0.04 1.31721e+08
0.115 0.045 8.38924e+07
0.115 0.05 5.39435e+07
0.115 0.055 3.49048e+07
0.115 0.06 2.27146e+07
0.115 0.065 1.48555e+07
0.115 0.07 9.75606e+06
0.115 0.075 6.4322e+06
0.115 0.08 4.2578e+06
0.115 0.085 2.83064e+06
0.115 0.09 1.89073e+06
0.115 0.095 1.26935e+06
0.115 0.1 856776
0.115 0.105 581500
0.115 0.11 396821
0.115 0.115 272178
0.115 0.12 187518
0.115 0.125 129634
0.115 0.13 89797.3
0.115 0.135 62205.5
0.115 0.14 42980.1
0.115 0.145 29506.3
0.115 0.15 19998.2
0.115 0.155 13205.2
0.115 0.16 8203.67
0.115 0.165 4236.1
0.115 0.17 572.719
0.115 0.175 -3601.59
0.115 0.18 -9205.04
0.115 0.185 -16925.1
0.115 0.19 -25794.2
0.115 0.195 -28729.2
0.115 0.2 0
0.12 0 1.30918e+11
0.12 0.005 1.3906e+10
0.12 0.01 4.61264e+09
0.12 0.015 2.14409e+09
0.12 0.02 1.1565e+09
0.12 0.025 6.73586e+08
0.12 0.03 4.09702e+08
0.12 0.035 2.55855e+08
0.12 0.04 1.62457e+08
0.12 0.045 1.04251e+08
0.12 0.05 6.73556e+07
0.12 0.055 4.37387e+07
0.12 0.06 2.85297e+07
0.12 0.065 1.86787e+07
0.12 0.07 1.22712e+07
0.12 0.075 8.0899e+06
0.12 0.08 5.35338e+06
0.12 0.085 3.55723e+06
0.12 0.09 2.37456e+06
0.12 0.095 1.59299e+06
0.12 0.1 1.07431e+06
0.12 0.105 728446
0.12 0.11 496570
0.12 0.115 340203
0.12 0.12 234097
0.12 0.125 161631
0.12 0.13 111821
0.12 0.135 77370.1
0.12 0.14 53403.8
0.12 0.145 36640.9
0.12 0.15 24847.1
0.12 0.155 16469
0.12 0.16 10378.4
0.12 0.165 5677.97
0.12 0.17 1540.42
0.12 0.175 -2926.37
0.12 0.18 -8719.66
0.12 0.185 -16630.2
0.12 0.19 -25809.3
0.12 0.195 -29142.7
0.12 0.2 0
0.125 0 1.59572e+11
0.125 0.005 1.71744e+10
0.125 0.01 5.60842e+09
0.125 0.015 2.58637e+09
0.125 0.02 1.39421e+09
0.125 0.025 8.15358e+08
0.125 0.03 4.99399e+08
0.125 0.035 3.14227e+08
0.125 0.04 2.00892e+08
0.125 0.045 1.29658e+08
0.125 0.05 8.4188e+07
0.125 0.055 5.48974e+07
0.125 0.06 3.59164e+07
0.125 0.065 2.35659e+07
0.125 0.07 1.55059e+07
0.125 0.075 1.02333e+07
0.125 0.08 6.77635e+06
0.125 0.085 4.50432e+06
0.125 0.09 3.00688e+06
0.125 0.095 2.01668e+06
0.125 0.1 1.35932e+06
0.125 0.105 920968
0.125 0.11 627161
0.125 0.115 429139
0.125 0.12 294879
0.125 0.125 203289
0.125 0.13 140420
0.125 0.135 97007.3
0.125 0.14 66863.5
0.125 0.145 45827.3
0.125 0.15 31072.4
0.125 0.155 20646.1
0.125 0.16 13149.6
0.125 0.165 7502.67
0.125 0.17 2750.55
0.125 0.175 -2095.6
0.125 0.18 -8126.91
0.125 0.185 -16253
0.125 0.19 -25765.7
0.125 0.195 -29542
0.125 0.2 0
0.13 0 1.87007e+11
0.13 0.005 2.11341e+10
0.13 0.01 6.89734e+09
0.13 0.015 3.17452e+09
0.13 0.02 1.70841e+09
0.13 0.025 9.99995e+08
0.13 0.03 6.14261e+08
0.13 0.035 3.88129e+08
0.13 0.04 2.49356e+08
0.13 0.045 1.6176e+08
0.13 0.05 1.05551e+08
0.13 0.055 6.9133e+07
0.13 0.06 4.54021e+07
0.13 0.065 2.98844e+07
0.13 0.07 1.97143e+07
0.13 0.075 1.30372e+07
0.13 0.08 8.64627e+06
0.13 0.085 5.75327e+06
0.13 0.09 3.84283e+06
0.13 0.095 2.57764e+06
0.13 0.1 1.7369e+06
0.13 0.105 1.17594e+06
0.13 0.11 799921
0.13 0.115 546584
0.13 0.12 374958
0.13 0.125 258019
0.13 0.13 177877
0.13 0.135 122643
0.13 0.14 84375.9
0.13 0.145 57739.9
0.13 0.15 39118.4
0.13 0.155 26025.7
0.13 0.16 16703
0.13 0.165 9826.12
0.13 0.17 4273.04
0.13 0.175 -1068.87
0.13 0.18 -7404.04
0.13 0.185 -15779.6
0.13 0.19 -25653.3
0.13 0.195 -29921.3
0.13 0.2 0
0.135 0 2.13022e+11
0.135 0.005 2.55374e+10
0.135 0.01 8.42478e+09
0.135 0.015 3.88653e+09
0.135 0.02 2.09499e+09
0.135 0.025 1.22895e+09
0.135 0.03 7.57269e+08
0.135 0.035 4.80466e+08
0.135 0.04 3.10182e+08
0.135 0.045 2.02299e+08
0.135 0.05 1.32723e+08
0.135 0.055 8.7383e+07
0.135 0.06 5.7661e+07
0.135 0.065 3.81133e+07
0.135 0.07 2.52333e+07
0.135 0.075 1.67366e+07
0.135 0.08 1.11256e+07
0.135 0.085 7.41564e+06
0.135 0.09 4.95848e+06
0.135 0.095 3.32751e+06
0.135 0.1 2.2419e+06
0.135 0.105 1.51682e+06
0.135 0.11 1.03061e+06
0.135 0.115 703097
0.135 0.12 481395
0.135 0.125 330536
0.135 0.13 227335
0.135 0.135 156367
0.135 0.14 107327
0.135 0.145 73293.5
0.135 0.15 49584.5
0.135 0.155 32996.4
0.135 0.16 21286.2
0.135 0.165 12802.6
0.135 0.17 6200.61
0.135 0.175 206.903
0.135 0.18 -6521.85
0.135 0.185 -15193.3
0.135 0.19 -25460.8
0.135 0.195 -30273.9
0.135 0.2 0
0.14 0 2.37739e+11
0.14 0.005 3.02821e+10
0.14 0.01 1.01569e+10
0.14 0.015 4.71917e+09
0.14 0.02 2.55539e+09
0.14 0.025 1.50514e+09
0.14 0.03 9.31624e+08
0.14 0.035 5.94175e+08
0.14 0.04 3.85846e+08
0.14 0.045 2.53235e+08
0.14 0.05 1.67211e+08
0.14 0.055 1.1078e+08
0.14 0.06 7.353e+07
0.14 0.065 4.88616e+07
0.14 0.07 3.25004e+07
0.14 0.075 2.16418e+07
0.14 0.08 1.4432e+07
0.14 0.085 9.64242e+06
0.14 0.09 6.45778e+06
0.14 0.095 4.33728e+06
0.14 0.1 2.92253e+06
0.14 0.105 1.97618e+06
0.14 0.11 1.34111e+06
0.14 0.115 913339
0.14 0.12 623983
0.14 0.125 427364
0.14 0.13 293127
0.14 0.135 201050
0.14 0.14 137611
0.14 0.145 93731.3
0.14 0.15 63281
0.14 0.155 42081
0.14 0.16 27231.3
0.14 0.165 16638.1
0.14 0.17 8656.47
0.14 0.175 1801.88
0.14 0.18 -5442.54
0.14 0.185 -14473.5
0.14 0.19 -25175.4
0.14 0.195 -30592.5
0.14 0.2 0
0.145 0 2.61309e+11
0.145 0.005 3.53282e+10
0.145 0.01 1.20784e+10
0.145 0.015 5.6688e+09
0.145 0.02 3.09143e+09
0.145 0.025 1.83209e+09
0.145 0.03 1.14099e+09
0.145 0.035 7.32504e+08
0.145 0.04 4.79054e+08
0.145 0.045 3.16757e+08
0.145 0.05 2.10743e+08
0.145 0.055 1.40662e+08
0.145 0.06 9.40253e+07
0.145 0.065 6.28879e+07
0.145 0.07 4.20725e+07
0.145 0.075 2.81551e+07
0.145 0.08 1.88523e+07
0.145 0.085 1.26356e+07
0.145 0.09 8.4813e+06
0.145 0.095 5.70385e+06
0.145 0.1 3.84501e+06
0.145 0.105 2.59892e+06
0.145 0.11 1.76171e+06
0.145 0.115 1.19762e+06
0.145 0.12 816278
0.145 0.125 557516
0.145 0.13 381226
0.145 0.135 260632
0.145 0.14 177816
0.145 0.145 120745
0.145 0.15 81305.3
0.145 0.155 53983.6
0.145 0.16 34983.2
0.145 0.165 21607.3
0.145 0.17 11804.6
0.145 0.175 3809.02
0.145 0.18 -4116.66
0.145 0.185 -13594.7
0.145 0.19 -24782
0.145 0.195 -30868.9
0.145 0.2 0
0.15 0 2.83849e+11
0.15 0.005 4.06605e+10
0.15 0.01 1.41843e+10
0.15 0.015 6.73558e+09
0.15 0.02 3.70574e+09
0.15 0.025 2.21333e+09
0.15 0.03 1.38898e+09
0.15 0.035 8.98779e+08
0.15 0.04 5.92679e+08
0.15 0.045 3.95265e+08
0.15 0.05 2.65275e+08
0.15 0.055 1.78586e+08
0.15 0.06 1.20362e+08
0.15 0.065 8.11212e+07
0.15 0.07 5.4647e+07
0.15 0.075 3.67912e+07
0.15 0.08 2.47597e+07
0.15 0.085 1.66619e+07
0.15 0.09 1.1217e+07
0.15 0.095 7.55809e+06
0.15 0.1 5.09949e+06
0.15 0.105 3.44658e+06
0.15 0.11 2.33406e+06
0.15 0.115 1.58394e+06
0.15 0.12 1.077e+06
0.15 0.125 733430
0.15 0.13 499853
0.15 0.135 340523
0.15 0.14 231483
0.15 0.145 156637
0.15 0.15 105143
0.15 0.155 69653.2
0.15 0.16 45138.9
0.15 0.165 28077.5
0.15 0.17 15863.3
0.15 0.175 6351.67
0.15 0.18 -2479.21
0.15 0.185 -12524.4
0.15 0.19 -24263.2
0.15 0.195 -31093.7
0.15 0.2 0
0.155 0 3.05446e+11
0.155 0.005 4.62755e+10
0.155 0.01 1.64759e+10
0.155 0.015 7.92246e+09
0.155 0.02 4.40204e+09
0.155 0.025 2.65282e+09
0.155 0.03 1.67943e+09
0.155 0.035 1.0965e+09
0.155 0.04 7.29803e+08
0.155 0.045 4.91394e+08
0.155 0.05 3.33003e+08
0.155 0.055 2.26345e+08
0.155 0.06 1.53972e+08
0.155 0.065 1.04684e+08
0.155 0.07 7.1085e+07
0.155 0.075 4.81977e+07
0.155 0.08 3.26327e+07
0.155 0.085 2.20686e+07
0.155 0.09 1.49132e+07
0.155 0.095 1.00749e+07
0.155 0.1 6.80762e+06
0.155 0.105 4.60281e+06
0.155 0.11 3.11511e+06
0.155 0.115 2.11073e+06
0.155 0.12 1.43185e+06
0.155 0.125 972192
0.155 0.13 660293
0.155 0.135 448130
0.155 0.14 303443
0.155 0.145 204538
0.155 0.15 136806
0.155 0.155 90367.7
0.155 0.16 58498.4
0.155 0.165 36538.7
0.155 0.17 21123.3
0.155 0.175 9593.6
0.155 0.18 -444.404
0.155 0.185 -11221
0.155 0.19 -23598.1
0.155 0.195 -31256.4
0.155 0.2 0
0.16 0 3.26164e+11
0.16 0.005 5.21749e+10
0.16 0.01 1.89584e+10
0.16 0.015 9.23456e+09
0.16 0.02 5.18517e+09
0.16 0.025 3.15508e+09
0.16 0.03 2.0165e+09
0.16 0.035 1.32943e+09
0.16 0.04 8.9377e+08
0.16 0.045 6.08045e+08
0.16 0.05 4.16394e+08
0.16 0.055 2.85995e+08
0.16 0.06 1.96535e+08
0.16 0.065 1.34917e+08
0.16 0.07 9.24361e+07
0.16 0.075 6.31798e+07
0.16 0.08 4.30765e+07
0.16 0.085 2.93024e+07
0.16 0.09 1.98935e+07
0.16 0.095 1.34852e+07
0.16 0.1 9.13169e+06
0.16 0.105 6.18015e+06
0.16 0.11 4.18196e+06
0.16 0.115 2.83024e+06
0.16 0.12 1.91592e+06
0.16 0.125 1.29716e+06
0.16 0.13 877970
0.16 0.135 593562
0.16 0.14 400272
0.16 0.145 268692
0.16 0.15 179008
0.16 0.155 117845
0.16 0.16 76132.5
0.16 0.165 47644.4
0.16 0.17 27970.4
0.16 0.175 13752
0.16 0.18 2101.15
0.16 0.185 -9630.22
0.16 0.19 -22761.2
0.16 0.195 -31344.9
0.16 0.2 0
0.165 0 3.46047e+11
0.165 0.005 5.83642e+10
0.165 0.01 2.164e+10
0.165 0.015 1.06789e+10
0.165 0.02 6.06112e+09
0.165 0.025 3.72535e+09
0.165 0.03 2.40488e+09
0.165 0.035 1.60175e+09
0.165 0.04 1.08826e+09
0.165 0.045 7.48436e+08
0.165 0.05 5.1822e+08
0.165 0.055 3.59881e+08
0.165 0.06 2.49997e+08
0.165 0.065 1.73406e+08
0.165 0.07 1.19965e+08
0.165 0.075 8.27251e+07
0.165 0.08 5.68467e+07
0.165 0.085 3.89295e+07
0.165 0.09 2.65746e+07
0.165 0.095 1.809e+07
0.165 0.1 1.22857e+07
0.165 0.105 8.3284e+06
0.165 0.11 5.63804e+06
0.165 0.115 3.81299e+06
0.165 0.12 2.57676e+06
0.165 0.125 1.74005e+06
0.165 0.13 1.17384e+06
0.165 0.135 790544
0.165 0.14 530885
0.165 0.145 354837
0.165 0.15 235408
0.165 0.155 154389
0.165 0.16 99470.5
0.165 0.165 62262.9
0.165 0.17 36916.6
0.165 0.175 19114.3
0.165 0.18 5307.21
0.165 0.185 -7681.53
0.165 0.19 -21721
0.165 0.195 -31345.3
0.165 0.2 0
0.17 0 3.65124e+11
0.17 0.005 6.48508e+10
0.17 0.01 2.45312e+10
0.17 0.015 1.22644e+10
0.17 0.02 7.03715e+09
0.17 0.025 4.36978e+09
0.17 0.03 2.84986e+09
0.17 0.035 1.91812e+09
0.17 0.04 1.31738e+09
0.17 0.045 9.16165e+08
0.17 0.05 6.41604e+08
0.17 0.055 4.50678e+08
0.17 0.06 3.16612e+08
0.17 0.065 2.22014e+08
0.17 0.07 1.55182e+08
0.17 0.075 1.08032e+08
0.17 0.08 7.48746e+07
0.17 0.085 5.16592e+07
0.17 0.09 3.54858e+07
0.17 0.095 2.42769e+07
0.17 0.1 1.65482e+07
0.17 0.105 1.12446e+07
0.17 0.11 7.62055e+06
0.17 0.115 5.15315e+06
0.17 0.12 3.47814e+06
0.17 0.125 2.34355e+06
0.17 0.13 1.57617e+06
0.17 0.135 1.0576e+06
0.17 0.14 707296
0.17 0.145 470690
0.17 0.15 310907
0.17 0.155 203076
0.17 0.16 130414
0.17 0.165 81545.6
0.17 0.17 48637.8
0.17 0.175 26059.3
0.17 0.18 9371.18
0.17 0.185 -5282.56
0.17 0.19 -20438
0.17 0.195 -31241
0.17 0.2 0
0.175 0 3.83414e+11
0.175 0.005 7.16437e+10
0.175 0.01 2.76449e+10
0.175 0.015 1.40016e+10
0.175 0.02 8.12182e+09
0.175 0.025 5.09548e+09
0.175 0.03 3.35753e+09
0.175 0.035 2.2838e+09
0.175 0.04 1.58576e+09
0.175 0.045 1.11528e+09
0.175 0.05 7.90078e+08
0.175 0.055 5.61433e+08
0.175 0.06 3.98976e+08
0.175 0.065 2.82915e+08
0.175 0.07 1.99872e+08
0.175 0.075 1.40539e+08
0.175 0.08 9.82954e+07
0.175 0.085 6.83684e+07
0.175 0.09 4.72907e+07
0.175 0.095 3.2538e+07
0.175 0.1 2.22776e+07
0.175 0.105 1.51847e+07
0.175 0.11 1.03093e+07
0.175 0.115 6.97509e+06
0.175 0.12 4.70484e+06
0.175 0.125 3.16466e+06
0.175 0.13 2.12279e+06
0.175 0.135 1.41954e+06
0.175 0.14 945595
0.175 0.145 626568
0.175 0.15 412047
0.175 0.155 267998
0.175 0.16 171483
0.175 0.165 107011
0.175 0.17 64023.3
0.175 0.175 35085.1
0.175 0.18 14552.3
0.175 0.185 -2312.45
0.175 0.19 -18862
0.175 0.195 -31012.9
0.175 0.2 0
0.18 0 4.00927e+11
0.18 0.005 7.87534e+10
0.18 0.01 3.09956e+10
0.18 0.015 1.59027e+10
0.18 0.02 9.32514e+09
0.18 0.025 5.91071e+09
0.18 0.03 3.93487e+09
0.18 0.035 2.70482e+09
0.18 0.04 1.89862e+09
0.18 0.045 1.35038e+09
0.18 0.05 9.67651e+08
0.18 0.055 6.95627e+08
0.18 0.06 5.00073e+08
0.18 0.065 3.58632e+08
0.18 0.07 2.56135e+08
0.18 0.075 1.81958e+08
0.18 0.08 1.28478e+08
0.18 0.085 9.01291e+07
0.18 0.09 6.28112e+07
0.18 0.095 4.3491e+07
0.18 0.1 2.99283e+07
0.18 0.105 2.04772e+07
0.18 0.11 1.39373e+07
0.18 0.115 9.44116e+06
0.18 0.12 6.36818e+06
0.18 0.125 4.27858e+06
0.18 0.13 2.86379e+06
0.18 0.135 1.90929e+06
0.18 0.14 1.26716e+06
0.18 0.145 836170
0.18 0.15 547493
0.18 0.155 354562
0.18 0.16 225994
0.18 0.165 140654
0.18 0.17 84237.1
0.18 0.175 46841.7
0.18 0.18 21189.3
0.18 0.185 1386.56
0.18 0.19 -16929.3
0.18 0.195 -30637.6
0.18 0.2 0
0.185 0 4.17667e+11
0.185 0.005 8.61911e+10
0.185 0.01 3.46001e+10
0.185 0.015 1.79823e+10
0.185 0.02 1.06588e+10
0.185 0.025 6.82505e+09
0.185 0.03 4.58994e+09
0.185 0.035 3.18808e+09
0.185 0.04 2.26198e+09
0.185 0.045 1.62669e+09
0.185 0.05 1.1789e+09
0.185 0.055 8.57236e+08
0.185 0.06 6.23334e+08
0.185 0.065 4.52089e+08
0.185 0.07 3.26424e+08
0.185 0.075 2.34313e+08
0.185 0.08 1.67057e+08
0.185 0.085 1.18237e+08
0.185 0.09 8.30535e+07
0.185 0.095 5.79006e+07
0.185 0.1 4.00701e+07
0.185 0.105 2.75378e+07
0.185 0.11 1.88021e+07
0.185 0.115 1.27606e+07
0.185 0.12 8.61277e+06
0.185 0.125 5.78356e+06
0.185 0.13 3.8649e+06
0.185 0.135 2.57017e+06
0.185 0.14 1.70013e+06
0.185 0.145 1.11753e+06
0.185 0.15 728646
0.185 0.155 469865
0.185 0.16 298291
0.185 0.165 185075
0.185 0.17 110793
0.185 0.175 62174.1
0.185 0.18 29722.4
0.185 0.185 6019.54
0.185 0.19 -14557.9
0.185 0.195 -30087.1
0.185 0.2 0
0.19 0 4.33631e+11
0.19 0.005 9.39689e+10
0.19 0.01 3.84774e+10
0.19 0.015 2.02566e+10
0.19 0.02 1.21361e+10
0.19 0.025 7.84959e+09
0.19 0.03 5.33206e+09
0.19 0.035 3.74156e+09
0.19 0.04 2.68271e+09
0.19 0.045 1.95021e+09
0.19 0.05 1.42905e+09
0.19 0.055 1.05082e+09
0.19 0.06 7.72704e+08
0.19 0.065 5.66665e+08
0.19 0.07 4.13591e+08
0.19 0.075 2.99975e+08
0.19 0.08 2.15973e+08
0.19 0.085 1.54245e+08
0.19 0.09 1.09236e+08
0.19 0.095 7.67033e+07
0.19 0.1 5.3408e+07
0.19 0.105 3.68864e+07
0.19 0.11 2.52796e+07
0.19 0.115 1.72e+07
0.19 0.12 1.1624e+07
0.19 0.125 7.80637e+06
0.19 0.13 5.21133e+06
0.19 0.135 3.45854e+06
0.19 0.14 2.28121e+06
0.19 0.145 1.4942e+06
0.19 0.15 970375
0.19 0.155 623150
0.19 0.16 394017
0.19 0.165 243647
0.19 0.17 145649
0.19 0.175 82171.7
0.19 0.18 40719.4
0.19 0.185 11851.6
0.19 0.19 -11643.3
0.19 0.195 -29327.2
0.19 0.2 0
0.195 0 4.4881e+11
0.195 0.005 1.021e+11
0.195 0.01 4.26485e+10
0.195 0.015 2.27444e+10
0.195 0.02 1.37727e+10
0.195 0.025 8.9972e+09
0.195 0.03 6.17206e+09
0.195 0.035 4.37447e+09
0.195 0.04 3.16878e+09
0.195 0.045 2.32785e+09
0.195 0.05 1.72413e+09
0.195 0.055 1.28162e+09
0.195 0.06 9.52725e+08
0.195 0.065 7.06259e+08
0.195 0.07 5.2095e+08
0.195 0.075 3.81716e+08
0.195 0.08 2.77504e+08
0.195 0.085 1.99997e+08
0.195 0.09 1.42819e+08
0.195 0.095 1.01033e+08
0.195 0.1 7.08039e+07
0.195 0.105 4.91651e+07
0.195 0.11 3.38383e+07
0.195 0.115 2.30941e+07
0.195 0.12 1.56367e+07
0.195 0.125 1.05086e+07
0.195 0.13 7.01225e+06
0.195 0.135 4.6469e+06
0.195 0.14 3.05774e+06
0.195 0.145 1.99658e+06
0.195 0.15 1.2919e+06
0.195 0.155 826351
0.195 0.16 520445
0.195 0.165 320703
0.195 0.17 191315
0.195 0.175 108230
0.195 0.18 54907.9
0.195 0.185 19223
0.195 0.19 -8051.87
0.195 0.195 -28316.2
0.195 0.2 0
0.2 0 4.63192e+11
0.2 0.005 1.10596e+11
0.2 0.01 4.71369e+10
0.2 0.015 2.54669e+10
0.2 0.02 1.55863e+10
0.2 0.025 1.02828e+10
0.2 0.03 7.12247e+09
0.2 0.035 5.09753e+09
0.2 0.04 3.72941e+09
0.2 0.045 2.76762e+09
0.2 0.05 2.0711e+09
0.2 0.055 1.55569e+09
0.2 0.06 1.16863e+09
0.2 0.065 8.75374e+08
0.2 0.07 6.52334e+08
0.2 0.075 4.82759e+08
0.2 0.08 3.54319e+08
0.2 0.085 2.57662e+08
0.2 0.09 1.85537e+08
0.2 0.095 1.32247e+08
0.2 0.1 9.33001e+07
0.2 0.105 6.5157e+07
0.2 0.11 4.50545e+07
0.2 0.115 3.08586e+07
0.2 0.12 2.09446e+07
0.2 0.125 1.40936e+07
0.2 0.13 9.40587e+06
0.2 0.135 6.22744e+06
0.2 0.14 4.09011e+06
0.2 0.145 2.66354e+06
0.2 0.15 1.71778e+06
0.2 0.155 1.09473e+06
0.2 0.16 686865
0.2 0.165 421768
0.2 0.17 250982
0.2 0.175 142120
0.2 0.18 73211.3
0.2 0.185 28566.9
0.2 0.19 -3613.62
0.2 0.195 -27002.5
0.2 0.2 0
0.205 0 4.76763e+11
0.205 0.005 1.19472e+11
0.205 0.01 5.19686e+10
0.205 0.015 2.84483e+10
0.205 0.02 1.75975e+10
0.205 0.025 1.17235e+10
0.205 0.03 8.19787e+09
0.205 0.035 5.92319e+09
0.205 0.04 4.37532e+09
0.205 0.045 3.27879e+09
0.205 0.05 2.47802e+09
0.205 0.055 1.88001e+09
0.205 0.06 1.42647e+09
0.205 0.065 1.07921e+09
0.205 0.07 8.12174e+08
0.205 0.075 6.0684e+08
0.205 0.08 4.49525e+08
0.205 0.085 3.29784e+08
0.205 0.09 2.39433e+08
0.205 0.095 1.71959e+08
0.205 0.1 1.22143e+08
0.205 0.105 8.58067e+07
0.205 0.11 5.9629e+07
0.205 0.115 4.10027e+07
0.205 0.12 2.79099e+07
0.205 0.125 1.8814e+07
0.205 0.13 1.25649e+07
0.205 0.135 8.31592e+06
0.205 0.14 5.45445e+06
0.205 0.145 3.5442e+06
0.205 0.15 2.27914e+06
0.205 0.155 1.44759e+06
0.205 0.16 905022
0.205 0.165 553820
0.205 0.17 328674
0.205 0.175 186071
0.205 0.18 96792.4
0.205 0.185 40430.2
0.205 0.19 1886
0.205 0.195 -25322.9
0.205 0.2 0
0.21 0 4.89505e+11
0.21 0.005 1.28742e+11
0.21 0.01 5.71722e+10
0.21 0.015 3.17158e+10
0.21 0.02 1.98297e+10
0.21 0.025 1.33393e+10
0.21 0.03 9.41523e+09
0.21 0.035 6.86595e+09
0.21 0.04 5.119e+09
0.21 0.045 3.87216e+09
0.21 0.05 2.95422e+09
0.21 0.055 2.26268e+09
0.21 0.06 1.73323e+09
0.21 0.065 1.32377e+09
0.21 0.07 1.00559e+09
0.21 0.075 7.58278e+08
0.21 0.08 5.66721e+08
0.21 0.085 4.19318e+08
0.21 0.09 3.06896e+08
0.21 0.095 2.22064e+08
0.21 0.1 1.5881e+08
0.21 0.105 1.12241e+08
0.21 0.11 7.84037e+07
0.21 0.115 5.41425e+07
0.21 0.12 3.69743e+07
0.21 0.125 2.498e+07
0.21 0.13 1.67024e+07
0.21 0.135 1.10559e+07
0.21 0.14 7.24549e+06
0.21 0.145 4.69986e+06
0.21 0.15 3.01485e+06
0.21 0.155 1.90912e+06
0.21 0.16 1.18961e+06
0.21 0.165 725580
0.21 0.17 429414
0.21 0.175 242863
0.21 0.18 127100
0.21 0.185 55496.1
0.21 0.19 8715.83
0.21 0.195 -23199.7
0.21 0.2 0
0.215 0 5.01402e+11
0.215 0.005 1.38417e+11
0.215 0.01 6.27792e+10
0.215 0.015 3.53004e+10
0.215 0.02 2.231e+10
0.215 0.025 1.51533e+10
0.215 0.03 1.07942e+10
0.215 0.035 7.94273e+09
0.215 0.04 5.97501e+09
0.215 0.045 4.5603e+09
0.215 0.05 3.51059e+09
0.215 0.055 2.7131e+09
0.215 0.06 2.09701e+09
0.215 0.065 1.61599e+09
0.215 0.07 1.23849e+09
0.215 0.075 9.42057e+08
0.215 0.08 7.10066e+08
0.215 0.085 5.29689e+08
0.215 0.09 3.90703e+08
0.215 0.095 2.84776e+08
0.215 0.1 2.05031e+08
0.215 0.105 1.45788e+08
0.215 0.11 1.02379e+08
0.215 0.115 7.1015e+07
0.215 0.12 4.86694e+07
0.215 0.125 3.29667e+07
0.215 0.13 2.2078e+07
0.215 0.135 1.46229e+07
0.215 0.14 9.57967e+06
0.215 0.145 6.20612e+06
0.215 0.15 3.97298e+06
0.215 0.155 2.5092e+06
0.215 0.16 1.55883e+06
0.215 0.165 947828
0.215 0.17 559402
0.215 0.175 315922
0.215 0.18 165920
0.215 0.185 74609.4
0.215 0.19 17209.6
0.215 0.195 -20537.5
0.215 0.2 0
0.22 0 5.12434e+11
0.22 0.005 1.48513e+11
0.22 0.01 6.88243e+10
0.22 0.015 3.92369e+10
0.22 0.02 2.50693e+10
0.22 0.025 1.71922e+10
0.22 0.03 1.23578e+10
0.22 0.035 9.17322e+09
0.22 0.04 6.96035e+09
0.22 0.045 5.35789e+09
0.22 0.05 4.15979e+09
0.22 0.055 3.24217e+09
0.22 0.06 2.52717e+09
0.22 0.065 1.9639e+09
0.22 0.07 1.51768e+09
0.22 0.075 1.16392e+09
0.22 0.08 8.84347e+08
0.22 0.085 6.6484e+08
0.22 0.09 4.94058e+08
0.22 0.095 3.62655e+08
0.22 0.1 2.62821e+08
0.22 0.105 1.88002e+08
0.22 0.11 1.32729e+08
0.22 0.115 9.24905e+07
0.22 0.12 6.36268e+07
0.22 0.125 4.32228e+07
0.22 0.13 2.90033e+07
0.22 0.135 1.92292e+07
0.22 0.14 1.25982e+07
0.22 0.145 8.15496e+06
0.22 0.15 5.21214e+06
0.22 0.155 3.28438e+06
0.22 0.16 2.03489e+06
0.22 0.165 1.23374e+06
0.22 0.17 726211
0.22 0.175 409430
0.22 0.18 215433
0.22 0.185 98803.1
0.22 0.19 27777.3
0.22 0.195 -17220.4
0.22 0.2 0
0.225 0 5.22587e+11
0.225 0.005 1.59041e+11
0.225 0.01 7.53451e+10
0.225 0.015 4.35646e+10
0.225 0.02 2.81429e+10
0.225 0.025 1.94867e+10
0.225 0.03 1.41326e+10
0.225 0.035 1.05804e+10
0.225 0.04 8.09484e+09
0.225 0.045 6.28203e+09
0.225 0.05 4.91656e+09
0.225 0.055 3.86257e+09
0.225 0.06 3.03459e+09
0.225 0.065 2.37674e+09
0.225 0.07 1.85101e+09
0.225 0.075 1.43045e+09
0.225 0.08 1.09505e+09
0.225 0.085 8.29295e+08
0.225 0.09 6.20636e+08
0.225 0.095 4.58648e+08
0.225 0.1 3.34501e+08
0.225 0.105 2.4068e+08
0.225 0.11 1.70819e+08
0.225 0.115 1.19585e+08
0.225 0.12 8.25877e+07
0.225 0.125 5.62775e+07
0.225 0.13 3.78482e+07
0.225 0.135 2.51274e+07
0.225 0.14 1.647e+07
0.225 0.145 1.06568e+07
0.225 0.15 6.8029e+06
0.225 0.155 4.2787e+06
0.225 0.16 2.64464e+06
0.225 0.165 1.59923e+06
0.225 0.17 938975
0.225 0.175 528426
0.225 0.18 278265
0.225 0.185 129325
0.225 0.19 40916.7
0.225 0.195 -13108.3
0.225 0.2 0
0.23 0 5.31847e+11
0.23 0.005 1.70015e+11
0.23 0.01 8.2383e+10
0.23 0.015 4.83276e+10
0.23 0.02 3.15713e+10
0.23 0.025 2.20725e+10
0.23 0.03 1.61495e+10
0.23 0.035 1.2191e+10
0.23 0.04 9.40156e+09
0.23 0.045 7.35263e+09
0.23 0.05 5.79803e+09
0.23 0.055 4.58899e+09
0.23 0.06 3.63181e+09
0.23 0.065 2.86519e+09
0.23 0.07 2.2475e+09
0.23 0.075 1.74922e+09
0.23 0.08 1.34847e+09
0.23 0.085 1.02822e+09
0.23 0.09 7.74634e+08
0.23 0.095 5.76117e+08
0.23 0.1 4.22724e+08
0.23 0.105 3.05881e+08
0.23 0.11 2.18219e+08
0.23 0.115 1.53473e+08
0.23 0.12 1.06412e+08
0.23 0.125 7.27473e+07
0.23 0.13 4.90454e+07
0.23 0.135 3.26146e+07
0.23 0.14 2.13944e+07
0.23 0.145 1.38424e+07
0.23 0.15 8.82905e+06
0.23 0.155 5.54457e+06
0.23 0.16 3.42003e+06
0.23 0.165 2.06324e+06
0.23 0.17 1.20858e+06
0.23 0.175 678911
0.23 0.18 357545
0.23 0.185 167664
0.23 0.19 57224.4
0.23 0.195 -8033.7
0.23 0.2 0
0.235 0 5.40208e+11
0.235 0.005 1.81445e+11
0.235 0.01 8.99823e+10
0.235 0.015 5.35753e+10
0.235 0.02 3.54006e+10
0.235 0.025 2.49905e+10
0.235 0.03 1.84442e+10
0.235 0.035 1.40361e+10
0.235 0.04 1.09074e+10
0.235 0.045 8.59286e+09
0.235 0.05 6.82411e+09
0.235 0.055 5.43848e+09
0.235 0.06 4.33334e+09
0.235 0.065 3.44154e+09
0.235 0.07 2.71748e+09
0.235 0.075 2.12886e+09
0.235 0.08 1.65175e+09
0.235 0.085 1.26747e+09
0.235 0.09 9.60811e+08
0.235 0.095 7.18872e+08
0.235 0.1 5.30499e+08
0.235 0.105 3.85943e+08
0.235 0.11 2.76713e+08
0.235 0.115 1.95492e+08
0.235 0.12 1.36082e+08
0.235 0.125 9.33407e+07
0.235 0.13 6.3094e+07
0.235 0.135 4.20347e+07
0.235 0.14 2.76032e+07
0.235 0.145 1.78643e+07
0.235 0.15 1.13886e+07
0.235 0.155 7.14345e+06
0.235 0.16 4.39859e+06
0.235 0.165 2.64805e+06
0.235 0.17 1.54781e+06
0.235 0.175 867935
0.235 0.18 456944
0.235 0.185 215570
0.235 0.19 77405
0.235 0.195 -1799.11
0.235 0.2 0
0.24 0 5.4767e+11
0.24 0.005 1.93342e+11
0.24 0.01 9.81913e+10
0.24 0.015 5.93627e+10
0.24 0.02 3.96831e+10
0.24 0.025 2.82877e+10
0.24 0.03 2.10582e+10
0.24 0.035 1.61517e+10
0.24 0.04 1.26435e+10
0.24 0.045 1.00296e+10
0.24 0.05 8.01787e+09
0.24 0.055 6.43071e+09
0.24 0.06 5.15589e+09
0.24 0.065 4.11988e+09
0.24 0.07 3.27276e+09
0.24 0.075 2.57919e+09
0.24 0.08 2.01299e+09
0.24 0.085 1.55369e+09
0.24 0.09 1.18453e+09
0.24 0.095 8.91202e+08
0.24 0.1 6.61208e+08
0.24 0.105 4.83495e+08
0.24 0.11 3.48313e+08
0.24 0.115 2.47152e+08
0.24 0.12 1.72713e+08
0.24 0.125 1.18861e+08
0.24 0.13 8.05621e+07
0.24 0.135 5.37809e+07
0.24 0.14 3.53621e+07
0.24 0.145 2.2898e+07
0.24 0.15 1.45947e+07
0.24 0.155 9.14635e+06
0.24 0.16 5.62374e+06
0.24 0.165 3.37944e+06
0.24 0.17 1.97147e+06
0.24 0.175 1.10366e+06
0.24 0.18 580719
0.24 0.185 275075
0.24 0.19 102278
0.24 0.195 5822.69
0.24 0.2 0
0.245 0 5.5424e+11
0.245 0.005 2.05715e+11
0.245 0.01 1.07061e+11
0.245 0.015 6.57513e+10
0.245 0.02 4.44782e+10
0.245 0.025 3.20179e+10
0.245 0.03 2.40391e+10
0.245 0.035 1.85795e+10
0.245 0.04 1.46461e+10
0.245 0.045 1.1694e+10
0.245 0.05 9.40594e+09
0.245 0.055 7.58836e+09
0.245 0.06 6.11864e+09
0.245 0.065 4.91632e+09
0.245 0.07 3.92679e+09
0.245 0.075 3.11136e+09
0.245 0.08 2.44135e+09
0.245 0.085 1.89432e+09
0.245 0.09 1.45179e+09
0.245 0.095 1.09789e+09
0.245 0.1 8.18619e+08
0.245 0.105 6.01462e+08
0.245 0.11 4.35255e+08
0.245 0.115 3.10135e+08
0.245 0.12 2.17544e+08
0.245 0.125 1.50207e+08
0.245 0.13 1.02087e+08
0.245 0.135 6.8295e+07
0.245 0.14 4.49708e+07
0.245 0.145 2.91419e+07
0.245 0.15 1.85754e+07
0.245 0.155 1.1634e+07
0.245 0.16 7.14494e+06
0.245 0.165 4.28682e+06
0.245 0.17 2.49647e+06
0.245 0.175 1.3954e+06
0.245 0.18 733728
0.245 0.185 348504
0.245 0.19 132779
0.245 0.195 15079.1
0.245 0.2 0
0.25 0 5.59943e+11
0.25 0.005 2.18572e+11
0.25 0.01 1.16647e+11
0.25 0.015 7.28085e+10
0.25 0.02 4.98526e+10
0.25 0.025 3.62426e+10
0.25 0.03 2.74416e+10
0.25 0.035 2.13675e+10
0.25 0.04 1.69567e+10
0.25 0.045 1.36219e+10
0.25 0.05 1.1019e+10
0.25 0.055 8.93743e+09
0.25 0.06 7.24348e+09
0.25 0.065 5.8492e+09
0.25 0.07 4.69478e+09
0.25 0.075 3.7379e+09
0.25 0.08 2.94708e+09
0.25 0.085 2.29767e+09
0.25 0.09 1.76927e+09
0.25 0.095 1.34424e+09
0.25 0.1 1.00689e+09
0.25 0.105 7.43066e+08
0.25 0.11 5.39998e+08
0.25 0.115 3.8629e+08
0.25 0.12 2.71942e+08
0.25 0.125 1.88369e+08
0.25 0.13 1.28372e+08
0.25 0.135 8.60664e+07
0.25 0.14 5.6762e+07
0.25 0.145 3.68169e+07
0.25 0.15 2.34738e+07
0.25 0.155 1.46966e+07
0.25 0.16 9.01753e+06
0.25 0.165 5.40311e+06
0.25 0.17 3.14173e+06
0.25 0.175 1.75361e+06
0.25 0.18 921436
0.25 0.185 438484
0.25 0.19 169972
0.25 0.195 26187.9
0.25 0.2 0
0.255 0 5.64793e+11
0.255 0.005 2.31918e+11
0.255 0.01 1.27006e+11
0.255 0.015 8.06087e+10
0.255 0.02 5.58813e+10
0.255 0.025 4.10314e+10
0.255 0.03 3.13281e+10
0.255 0.035 2.45706e+10
0.255 0.04 1.96232e+10
0.255 0.045 1.58543e+10
0.255 0.05 1.2892e+10
0.255 0.055 1.05076e+10
0.255 0.06 8.5553e+09
0.255 0.065 6.93921e+09
0.255 0.07 5.59386e+09
0.255 0.075 4.47283e+09
0.255 0.08 3.54158e+09
0.255 0.085 2.77293e+09
0.255 0.09 2.14429e+09
0.255 0.095 1.63604e+09
0.255 0.1 1.23055e+09
0.255 0.105 9.11807e+08
0.255 0.11 6.65211e+08
0.255 0.115 4.77619e+08
0.255 0.12 3.37385e+08
0.255 0.125 2.34419e+08
0.255 0.13 1.6018e+08
0.255 0.135 1.07626e+08
0.255 0.14 7.10974e+07
0.255 0.145 4.61637e+07
0.255 0.15 2.94462e+07
0.255 0.155 1.84329e+07
0.255 0.16 1.13022e+07
0.255 0.165 6.76448e+06
0.255 0.17 3.92809e+06
0.255 0.175 2.18981e+06
0.255 0.18 1.14994e+06
0.255 0.185 548078
0.255 0.19 215358
0.255 0.195 40005.7
0.255 0.2 0
0.26 0 5.68858e+11
0.26 0.005 2.45759e+11
0.26 0.01 1.38197e+11
0.26 0.015 8.92326e+10
0.26 0.02 6.26478e+10
0.26 0.025 4.6463e+10
0.26 0.03 3.57698e+10
0.26 0.035 2.82515e+10
0.26 0.04 2.27e+10
0.26 0.045 1.84381e+10
0.26 0.05 1.50648e+10
0.26 0.055 1.23323e+10
0.26 0.06 1.00822e+10
0.26 0.065 8.20963e+09
0.26 0.07 6.64312e+09
0.26 0.075 5.33173e+09
0.26 0.08 4.23742e+09
0.26 0.085 3.33015e+09
0.26 0.09 2.58485e+09
0.26 0.095 1.97957e+09
0.26 0.1 1.4945e+09
0.26 0.105 1.11145e+09
0.26 0.11 8.13751e+08
0.26 0.115 5.86263e+08
0.26 0.12 4.15454e+08
0.26 0.125 2.89503e+08
0.26 0.13 1.98327e+08
0.26 0.135 1.33543e+08
0.26 0.14 8.83653e+07
0.26 0.145 5.74411e+07
0.26 0.15 3.66609e+07
0.26 0.155 2.29496e+07
0.26 0.16 1.40645e+07
0.26 0.165 8.41005e+06
0.26 0.17 4.87804e+06
0.26 0.175 2.71639e+06
0.26 0.18 1.42564e+06
0.26 0.185 680267
0.26 0.19 269967
0.26 0.195 56434.4
0.26 0.2 0
0.265 0 5.72203e+11
0.265 0.005 2.601e+11
0.265 0.01 1.50283e+11
0.265 0.015 9.87674e+10
0.265 0.02 7.02441e+10
0.265 0.025 5.26253e+10
0.265 0.03 4.08469e+10
0.265 0.035 3.24814e+10
0.265 0.04 2.62491e+10
0.265 0.045 2.14265e+10
0.265 0.05 1.75826e+10
0.265 0.055 1.44496e+10
0.265 0.06 1.18556e+10
0.265 0.065 9.68635e+09
0.265 0.07 7.8637e+09
0.265 0.075 6.33168e+09
0.265 0.08 5.0483e+09
0.265 0.085 3.98025e+09
0.265 0.09 3.09954e+09
0.265 0.095 2.38155e+09
0.265 0.1 1.80391e+09
0.265 0.105 1.34596e+09
0.265 0.11 9.88623e+08
0.265 0.115 7.14465e+08
0.265 0.12 5.07798e+08
0.265 0.125 3.54815e+08
0.265 0.13 2.43662e+08
0.265 0.135 1.64411e+08
0.265 0.14 1.08971e+08
0.265 0.145 7.09198e+07
0.265 0.15 4.52941e+07
0.265 0.155 2.83584e+07
0.265 0.16 1.73734e+07
0.265 0.165 1.03809e+07
0.265 0.17 6.01524e+06
0.265 0.175 3.34641e+06
0.265 0.18 1.75536e+06
0.265 0.185 838345
0.265 0.19 335201
0.265 0.195 75974.2
0.265 0.2 0
0.27 0 5.74915e+11
0.27 0.005 2.74947e+11
0.27 0.01 1.63328e+11
0.27 0.015 1.09307e+11
0.27 0.02 7.87718e+10
0.27 0.025 5.96165e+10
0.27 0.03 4.66491e+10
0.27 0.035 3.734e+10
0.27 0.04 3.03399e+10
0.27 0.045 2.4879e+10
0.27 0.05 2.04957e+10
0.27 0.055 1.69015e+10
0.27 0.06 1.39102e+10
0.27 0.065 1.13979e+10
0.27 0.07 9.27871e+09
0.27 0.075 7.49124e+09
0.27 0.08 5.989e+09
0.27 0.085 4.73487e+09
0.27 0.09 3.69747e+09
0.27 0.095 2.84904e+09
0.27 0.1 2.16421e+09
0.27 0.105 1.61945e+09
0.27 0.11 1.19292e+09
0.27 0.115 8.64528e+08
0.27 0.12 6.16105e+08
0.27 0.125 4.31577e+08
0.27 0.13 2.97052e+08
0.27 0.135 2.00833e+08
0.27 0.14 1.33328e+08
0.27 0.145 8.68758e+07
0.27 0.15 5.55259e+07
0.27 0.155 3.47736e+07
0.27 0.16 2.12994e+07
0.27 0.165 1.27193e+07
0.27 0.17 7.36401e+06
0.27 0.175 4.09327e+06
0.27 0.18 2.14612e+06
0.27 0.185 1.02572e+06
0.27 0.19 412515
0.27 0.195 99089.5
0.27 0.2 0
0.275 0 5.77104e+11
0.275 0.005 2.90308e+11
0.275 0.01 1.77396e+11
0.275 0.015 1.20951e+11
0.275 0.02 8.83411e+10
0.275 0.025 6.75447e+10
0.275 0.03 5.32764e+10
0.275 0.035 4.29166e+10
0.275 0.04 3.50501e+10
0.275 0.045 2.8862e+10
0.275 0.05 2.38599e+10
0.275 0.055 1.97344e+10
0.275 0.06 1.62844e+10
0.275 0.065 1.33752e+10
0.275 0.07 1.09131e+10
0.275 0.075 8.83026e+09
0.275 0.08 7.07517e+09
0.275 0.085 5.60624e+09
0.275 0.09 4.3881e+09
0.275 0.095 3.3893e+09
0.275 0.1 2.58093e+09
0.275 0.105 1.93611e+09
0.275 0.11 1.42977e+09
0.275 0.115 1.03875e+09
0.275 0.12 7.42055e+08
0.275 0.125 5.20995e+08
0.275 0.13 3.59354e+08
0.275 0.135 2.43408e+08
0.275 0.14 1.61843e+08
0.275 0.145 1.05582e+08
0.275 0.15 6.75343e+07
0.275 0.155 4.23086e+07
0.275 0.16 2.59124e+07
0.275 0.165 1.54669e+07
0.275 0.17 8.94846e+06
0.275 0.175 4.97032e+06
0.275 0.18 2.60491e+06
0.275 0.185 1.24579e+06
0.275 0.19 503372
0.275 0.195 126242
0.275 0.2 0
0.28 0 5.78905e+11
0.28 0.005 3.06196e+11
0.28 0.01 1.92554e+11
0.28 0.015 1.33804e+11
0.28 0.02 9.9071e+10
0.28 0.025 7.65282e+10
0.28 0.03 6.0839e+10
0.28 0.035 4.93096e+10
0.28 0.04 4.04653e+10
0.28 0.045 3.34485e+10
0.28 0.05 2.77367e+10
0.28 0.055 2.2999e+10
0.28 0.06 1.90194e+10
0.28 0.065 1.56516e+10
0.28 0.07 1.27933e+10
0.28 0.075 1.03696e+10
0.28 0.08 8.32308e+09
0.28 0.085 6.60693e+09
0.28 0.09 5.18107e+09
0.28 0.095 4.00963e+09
0.28 0.1 3.05958e+09
0.28 0.105 2.30004e+09
0.28 0.11 1.70219e+09
0.28 0.115 1.23936e+09
0.28 0.12 8.8726e+08
0.28 0.125 6.24226e+08
0.28 0.13 4.31384e+08
0.28 0.135 2.92701e+08
0.28 0.14 1.94904e+08
0.28 0.145 1.27297e+08
0.28 0.15 8.14885e+07
0.28 0.155 5.10708e+07
0.28 0.16 3.12791e+07
0.28 0.165 1.86637e+07
0.28 0.17 1.07916e+07
0.28 0.175 5.99029e+06
0.28 0.18 3.13841e+06
0.28 0.185 1.50181e+06
0.28 0.19 609186
0.28 0.195 157884
0.28 0.2 0
0.285 0 5.80475e+11
0.285 0.005 3.22631e+11
0.285 0.01 2.0887e+11
0.285 0.015 1.47976e+11
0.285 0.02 1.11089e+11
0.285 0.025 8.6695e+10
0.285 0.03 6.94566e+10
0.285 0.035 5.66264e+10
0.285 0.04 4.66791e+10
0.285 0.045 3.8718e+10
0.285 0.05 3.2192e+10
0.285 0.055 2.67496e+10
0.285 0.06 2.21589e+10
0.285 0.065 1.8262e+10
0.285 0.07 1.49468e+10
0.285 0.075 1.21307e+10
0.285 0.08 9.74922e+09
0.285 0.085 7.74951e+09
0.285 0.09 6.08586e+09
0.285 0.095 4.71716e+09
0.285 0.1 3.60541e+09
0.285 0.105 2.71511e+09
0.285 0.11 2.01303e+09
0.285 0.115 1.46841e+09
0.285 0.12 1.05319e+09
0.285 0.125 7.42316e+08
0.285 0.13 5.13878e+08
0.285 0.135 3.49223e+08
0.285 0.14 2.32858e+08
0.285 0.145 1.52253e+08
0.285 0.15 9.75401e+07
0.285 0.155 6.11571e+07
0.285 0.16 3.74593e+07
0.285 0.165 2.23456e+07
0.285 0.17 1.29142e+07
0.285 0.175 7.16464e+06
0.285 0.18 3.75263e+06
0.285 0.185 1.79676e+06
0.285 0.19 731252
0.285 0.195 194444
0.285 0.2 0
0.29 0 5.81997e+11
0.29 0.005 3.39646e+11
0.29 0.01 2.26414e+11
0.29 0.015 1.63581e+11
0.29 0.02 1.24529e+11
0.29 0.025 9.81822e+10
0.29 0.03 7.92585e+10
0.29 0.035 6.49829e+10
0.29 0.04 5.37917e+10
0.29 0.045 4.47552e+10
0.29 0.05 3.72961e+10
0.29 0.055 3.10431e+10
0.29 0.06 2.57486e+10
0.29 0.065 2.12423e+10
0.29 0.07 1.74016e+10
0.29 0.075 1.41349e+10
0.29 0.08 1.13698e+10
0.29 0.085 9.04613e+09
0.29 0.09 7.11147e+09
0.29 0.095 5.51846e+09
0.29 0.1 4.22324e+09
0.29 0.105 3.18479e+09
0.29 0.11 2.36476e+09
0.29 0.115 1.72766e+09
0.29 0.12 1.24111e+09
0.29 0.125 8.76146e+08
0.29 0.13 6.07448e+08
0.29 0.135 4.13395e+08
0.29 0.14 2.75991e+08
0.29 0.145 1.8064e+08
0.29 0.15 1.15814e+08
0.29 0.155 7.26471e+07
0.29 0.16 4.45024e+07
0.29 0.165 2.65423e+07
0.29 0.17 1.53334e+07
0.29 0.175 8.50291e+06
0.29 0.18 4.45261e+06
0.29 0.185 2.13309e+06
0.29 0.19 870678
0.29 0.195 236301
0.29 0.2 0
0.295 0 5.83676e+11
0.295 0.005 3.57286e+11
0.295 0.01 2.45261e+11
0.295 0.015 1.80738e+11
0.295 0.02 1.39532e+11
0.295 0.025 1.11135e+11
0.295 0.03 9.03816e+10
0.295 0.035 7.45018e+10
0.295 0.04 6.19094e+10
0.295 0.045 5.16492e+10
0.295 0.05 4.3122e+10
0.295 0.055 3.59381e+10
0.295 0.06 2.98347e+10
0.295 0.065 2.46282e+10
0.295 0.07 2.01849e+10
0.295 0.075 1.64027e+10
0.295 0.08 1.32e+10
0.295 0.085 1.05078e+10
0.295 0.09 8.26589e+09
0.295 0.095 6.41925e+09
0.295 0.1 4.91709e+09
0.295 0.105 3.7119e+09
0.295 0.11 2.75936e+09
0.295 0.115 2.01848e+09
0.295 0.12 1.45194e+09
0.295 0.125 1.02636e+09
0.295 0.13 7.12532e+08
0.295 0.135 4.85515e+08
0.295 0.14 3.24505e+08
0.295 0.145 2.12594e+08
0.295 0.15 1.36398e+08
0.295 0.155 8.55969e+07
0.295 0.16 5.24434e+07
0.295 0.165 3.12747e+07
0.295 0.17 1.80615e+07
0.295 0.175 1.00119e+07
0.295 0.18 5.24194e+06
0.295 0.185 2.51263e+06
0.295 0.19 1.0283e+06
0.295 0.195 283762
0.295 0.2 0
0.3 0 5.85741e+11
0.3 0.005 3.75618e+11
0.3 0.01 2.65492e+11
0.3 0.015 1.99569e+11
0.3 0.02 1.56245e+11
0.3 0.025 1.25704e+11
0.3 0.03 1.02969e+11
0.3 0.035 8.53113e+10
0.3 0.04 7.11418e+10
0.3 0.045 5.94911e+10
0.3 0.05 4.97433e+10
0.3 0.055 4.14928e+10
0.3 0.06 3.4462e+10
0.3 0.065 2.84539e+10
0.3 0.07 2.3322e+10
0.3 0.075 1.89526e+10
0.3 0.08 1.5253e+10
0.3 0.085 1.2144e+10
0.3 0.09 9.55554e+09
0.3 0.095 7.42388e+09
0.3 0.1 5.68986e+09
0.3 0.105 4.29835e+09
0.3 0.11 3.19805e+09
0.3 0.115 2.34166e+09
0.3 0.12 1.6862e+09
0.3 0.125 1.19328e+09
0.3 0.13 8.29342e+08
0.3 0.135 5.65722e+08
0.3 0.14 3.78489e+08
0.3 0.145 2.48173e+08
0.3 0.15 1.59331e+08
0.3 0.155 1.00032e+08
0.3 0.16 6.12984e+07
0.3 0.165 3.65529e+07
0.3 0.17 2.11042e+07
0.3 0.175 1.16948e+07
0.3 0.18 6.12237e+06
0.3 0.185 2.93627e+06
0.3 0.19 1.20457e+06
0.3 0.195 337030
0.3 0.2 0
0.305 0 5.8844e+11
0.305 0.005 3.94734e+11
0.305 0.01 2.87196e+11
0.305 0.015 2.202e+11
0.305 0.02 1.74818e+11
0.305 0.025 1.42044e+11
0.305 0.03 1.17167e+11
0.305 0.035 9.7541e+10
0.305 0.04 8.1599e+10
0.305 0.045 6.83709e+10
0.305 0.05 5.72314e+10
0.305 0.055 4.77622e+10
0.305 0.06 3.96721e+10
0.305 0.065 3.27497e+10
0.305 0.07 2.68347e+10
0.305 0.075 2.17997e+10
0.305 0.08 1.7539e+10
0.305 0.085 1.39611e+10
0.305 0.09 1.09846e+10
0.305 0.095 8.53481e+09
0.305 0.1 6.54292e+09
0.305 0.105 4.94483e+09
0.305 0.11 3.68113e+09
0.305 0.115 2.69728e+09
0.305 0.12 1.94385e+09
0.305 0.125 1.37684e+09
0.305 0.13 9.57808e+08
0.305 0.135 6.53956e+08
0.305 0.14 4.379e+08
0.305 0.145 2.87347e+08
0.305 0.15 1.84594e+08
0.305 0.155 1.1594e+08
0.305 0.16 7.10604e+07
0.305 0.165 4.23728e+07
0.305 0.17 2.44594e+07
0.305 0.175 1.35506e+07
0.305 0.18 7.0934e+06
0.305 0.185 3.40386e+06
0.305 0.19 1.39953e+06
0.305 0.195 396179
0.305 0.2 0
0.31 0 5.92041e+11
0.31 0.005 4.14751e+11
0.31 0.01 3.10476e+11
0.31 0.015 2.42763e+11
0.31 0.02 1.95403e+11
0.31 0.025 1.60312e+11
0.31 0.03 1.33121e+11
0.31 0.035 1.11318e+11
0.31 0.04 9.33871e+10
0.31 0.045 7.83733e+10
0.31 0.05 6.56515e+10
0.31 0.055 5.47949e+10
0.31 0.06 4.54996e+10
0.31 0.065 3.75396e+10
0.31 0.07 3.07387e+10
0.31 0.075 2.49539e+10
0.31 0.08 2.00637e+10
0.31 0.085 1.59622e+10
0.31 0.09 1.25541e+10
0.31 0.095 9.75205e+09
0.31 0.1 7.4757e+09
0.31 0.105 5.6505e+09
0.31 0.11 4.20772e+09
0.31 0.115 3.08452e+09
0.31 0.12 2.22422e+09
0.31 0.125 1.5765e+09
0.31 0.13 1.09752e+09
0.31 0.135 7.49921e+08
0.31 0.14 5.02533e+08
0.31 0.145 3.29979e+08
0.31 0.15 2.12097e+08
0.31 0.155 1.33266e+08
0.31 0.16 8.16955e+07
0.31 0.165 4.87144e+07
0.31 0.17 2.81157e+07
0.31 0.175 1.55731e+07
0.31 0.18 8.15186e+06
0.31 0.185 3.91396e+06
0.31 0.19 1.61266e+06
0.31 0.195 461123
0.31 0.2 0
0.315 0 5.96822e+11
0.315 0.005 4.35818e+11
0.315 0.01 3.35447e+11
0.315 0.015 2.67393e+11
0.315 0.02 2.18151e+11
0.315 0.025 1.80659e+11
0.315 0.03 1.5097e+11
0.315 0.035 1.26762e+11
0.315 0.04 1.06602e+11
0.315 0.045 8.95716e+10
0.315 0.05 7.50571e+10
0.315 0.055 6.26279e+10
0.315 0.06 5.19689e+10
0.315 0.065 4.28381e+10
0.315 0.07 3.50418e+10
0.315 0.075 2.84179e+10
0.315 0.08 2.2827e+10
0.315 0.085 1.81453e+10
0.315 0.09 1.42611e+10
0.315 0.095 1.10724e+10
0.315 0.1 8.48515e+09
0.315 0.105 6.41265e+09
0.315 0.11 4.77551e+09
0.315 0.115 3.50153e+09
0.315 0.12 2.52585e+09
0.315 0.125 1.79116e+09
0.315 0.13 1.24768e+09
0.315 0.135 8.53051e+08
0.315 0.14 5.71998e+08
0.315 0.145 3.75809e+08
0.315 0.15 2.41673e+08
0.315 0.155 1.51904e+08
0.315 0.16 9.31393e+07
0.315 0.165 5.55398e+07
0.315 0.17 3.20514e+07
0.315 0.175 1.77504e+07
0.315 0.18 9.29163e+06
0.315 0.185 4.46368e+06
0.315 0.19 1.84284e+06
0.315 0.195 531590
0.315 0.2 0
0.32 0 6.03073e+11
0.32 0.005 4.58113e+11
0.32 0.01 3.62241e+11
0.32 0.015 2.94226e+11
0.32 0.02 2.43206e+11
0.32 0.025 2.03222e+11
0.32 0.03 1.70837e+11
0.32 0.035 1.43971e+11
0.32 0.04 1.21319e+11
0.32 0.045 1.0202e+11
0.32 0.05 8.54831e+10
0.32 0.055 7.12811e+10
0.32 0.06 5.90885e+10
0.32 0.065 4.86463e+10
0.32 0.07 3.97398e+10
0.32 0.075 3.21851e+10
0.32 0.08 2.58207e+10
0.32 0.085 2.0502e+10
0.32 0.09 1.6098e+10
0.32 0.095 1.2489e+10
0.32 0.1 9.56532e+09
0.32 0.105 7.22636e+09
0.32 0.11 5.38058e+09
0.32 0.115 3.94524e+09
0.32 0.12 2.84643e+09
0.32 0.125 2.01912e+09
0.32 0.13 1.40706e+09
0.32 0.135 9.62485e+08
0.32 0.14 6.45706e+08
0.32 0.145 4.24446e+08
0.32 0.15 2.73068e+08
0.32 0.155 1.71694e+08
0.32 0.16 1.05294e+08
0.32 0.165 6.2791e+07
0.32 0.17 3.62335e+07
0.32 0.175 2.00643e+07
0.32 0.18 1.05033e+07
0.32 0.185 5.04862e+06
0.32 0.19 2.08829e+06
0.32 0.195 607105
0.32 0.2 0
0.325 0 6.11082e+11
0.325 0.005 4.81838e+11
0.325 0.01 3.91e+11
0.325 0.015 3.23395e+11
0.325 0.02 2.70696e+11
0.325 0.025 2.2812e+11
0.325 0.03 1.92816e+11
0.325 0.035 1.63017e+11
0.325 0.04 1.37584e+11
0.325 0.045 1.15741e+11
0.325 0.05 9.69366e+10
0.325 0.055 8.07496e+10
0.325 0.06 6.68458e+10
0.325 0.065 5.49469e+10
0.325 0.07 4.48139e+10
0.325 0.075 3.62365e+10
0.325 0.08 2.90272e+10
0.325 0.085 2.30166e+10
0.325 0.09 1.80511e+10
0.325 0.095 1.39904e+10
0.325 0.1 1.07069e+10
0.325 0.105 8.08424e+09
0.325 0.11 6.01718e+09
0.325 0.115 4.41128e+09
0.325 0.12 3.18269e+09
0.325 0.125 2.258e+09
0.325 0.13 1.57396e+09
0.325 0.135 1.07704e+09
0.325 0.14 7.22857e+08
0.325 0.145 4.75358e+08
0.325 0.15 3.05939e+08
0.325 0.155 1.9242e+08
0.325 0.16 1.18028e+08
0.325 0.165 7.03897e+07
0.325 0.17 4.06171e+07
0.325 0.175 2.24904e+07
0.325 0.18 1.17743e+07
0.325 0.185 5.66271e+06
0.325 0.19 2.34656e+06
0.325 0.195 686974
0.325 0.2 0
0.33 0 6.21125e+11
0.33 0.005 5.07208e+11
0.33 0.01 4.21868e+11
0.33 0.015 3.55016e+11
0.33 0.02 3.00719e+11
0.33 0.025 2.55426e+11
0.33 0.03 2.16956e+11
0.33 0.035 1.83921e+11
0.33 0.04 1.55394e+11
0.33 0.045 1.30717e+11
0.33 0.05 1.09385e+11
0.33 0.055 9.09944e+10
0.33 0.06 7.51994e+10
0.33 0.065 6.16995e+10
0.33 0.07 5.02263e+10
0.33 0.075 4.05384e+10
0.33 0.08 3.24172e+10
0.33 0.085 2.56645e+10
0.33 0.09 2.01e+10
0.33 0.095 1.55602e+10
0.33 0.1 1.18969e+10
0.33 0.105 8.97616e+09
0.33 0.11 6.67756e+09
0.33 0.115 4.89384e+09
0.33 0.12 3.53037e+09
0.33 0.125 2.50473e+09
0.33 0.13 1.74622e+09
0.33 0.135 1.19522e+09
0.33 0.14 8.02433e+08
0.33 0.145 5.27873e+08
0.33 0.15 3.39851e+08
0.33 0.155 2.1381e+08
0.33 0.16 1.31174e+08
0.33 0.165 7.82374e+07
0.33 0.17 4.51458e+07
0.33 0.175 2.49976e+07
0.33 0.18 1.30884e+07
0.33 0.185 6.29831e+06
0.33 0.19 2.61449e+06
0.33 0.195 770282
0.33 0.2 0
0.335 0 6.33438e+11
0.335 0.005 5.34428e+11
0.335 0.01 4.5497e+11
0.335 0.015 3.89163e+11
0.335 0.02 3.33315e+11
0.335 0.025 2.85147e+11
0.335 0.03 2.4323e+11
0.335 0.035 2.0663e+11
0.335 0.04 1.7468e+11
0.335 0.045 1.46864e+11
0.335 0.05 1.22744e+11
0.335 0.055 1.01932e+11
0.335 0.06 8.40717e+10
0.335 0.065 6.88344e+10
0.335 0.07 5.59166e+10
0.335 0.075 4.50395e+10
0.335 0.08 3.59482e+10
0.335 0.085 2.84108e+10
0.335 0.09 2.22169e+10
0.335 0.095 1.71765e+10
0.335 0.1 1.31184e+10
0.335 0.105 9.88916e+09
0.335 0.11 7.35198e+09
0.335 0.115 5.38572e+09
0.335 0.12 3.88422e+09
0.335 0.125 2.75554e+09
0.335 0.13 1.92119e+09
0.335 0.135 1.31521e+09
0.335 0.14 8.8321e+08
0.335 0.145 5.81183e+08
0.335 0.15 3.74285e+08
0.335 0.155 2.35537e+08
0.335 0.16 1.44533e+08
0.335 0.165 8.62159e+07
0.335 0.17 4.97521e+07
0.335 0.175 2.7549e+07
0.335 0.18 1.44265e+07
0.335 0.185 6.94624e+06
0.335 0.19 2.88829e+06
0.335 0.195 855895
0.335 0.2 0
0.34 0 6.48184e+11
0.34 0.005 5.63648e+11
0.34 0.01 4.9037e+11
0.34 0.015 4.25833e+11
0.34 0.02 3.68424e+11
0.34 0.025 3.17178e+11
0.34 0.03 2.71503e+11
0.34 0.035 2.30986e+11
0.34 0.04 1.95273e+11
0.34 0.045 1.64017e+11
0.34 0.05 1.36858e+11
0.34 0.055 1.13423e+11
0.34 0.06 9.33404e+10
0.34 0.065 7.62473e+10
0.34 0.07 6.17977e+10
0.34 0.075 4.96686e+10
0.34 0.08 3.95629e+10
0.34 0.085 3.12102e+10
0.34 0.09 2.43662e+10
0.34 0.095 1.88116e+10
0.34 0.1 1.43502e+10
0.34 0.105 1.08074e+10
0.34 0.11 8.0287e+09
0.34 0.115 5.87832e+09
0.34 0.12 4.23804e+09
0.34 0.125 3.00605e+09
0.34 0.13 2.09581e+09
0.34 0.135 1.4349e+09
0.34 0.14 9.63777e+08
0.34 0.145 6.3436e+08
0.34 0.15 4.08645e+08
0.34 0.155 2.57227e+08
0.34 0.16 1.57877e+08
0.34 0.165 9.41901e+07
0.34 0.17 5.43588e+07
0.34 0.175 3.01023e+07
0.34 0.18 1.57667e+07
0.34 0.185 7.59596e+06
0.34 0.19 3.16355e+06
0.34 0.195 942487
0.34 0.2 0
0.345 0 6.6538e+11
0.345 0.005 5.94895e+11
0.345 0.01 5.27998e+11
0.345 0.015 4.64867e+11
0.345 0.02 4.05818e+11
0.345 0.025 3.51241e+11
0.345 0.03 3.01468e+11
0.345 0.035 2.56678e+11
0.345 0.04 2.16876e+11
0.345 0.045 1.81904e+11
0.345 0.05 1.51483e+11
0.345 0.055 1.25258e+11
0.345 0.06 1.02831e+11
0.345 0.065 8.37948e+10
0.345 0.07 6.77537e+10
0.345 0.075 5.43332e+10
0.345 0.08 4.31884e+10
0.345 0.085 3.4006e+10
0.345 0.09 2.65046e+10
0.345 0.095 2.04328e+10
0.345 0.1 1.55677e+10
0.345 0.105 1.17125e+10
0.345 0.11 8.69418e+09
0.345 0.115 6.36182e+09
0.345 0.12 4.58481e+09
0.345 0.125 3.25129e+09
0.345 0.13 2.26664e+09
0.345 0.135 1.55195e+09
0.345 0.14 1.04256e+09
0.345 0.145 6.86376e+08
0.345 0.15 4.4227e+08
0.345 0.155 2.78466e+08
0.345 0.16 1.70954e+08
0.345 0.165 1.02011e+08
0.345 0.17 5.88805e+07
0.345 0.175 3.26106e+07
0.345 0.18 1.70846e+07
0.345 0.185 8.23587e+06
0.345 0.19 3.43541e+06
0.345 0.195 1.02856e+06
0.345 0.2 0
0.35 0 6.84791e+11
0.35 0.005 6.27951e+11
0.35 0.01 5.67537e+11
0.35 0.015 5.05844e+11
0.35 0.02 4.44998e+11
0.35 0.025 3.86797e+11
0.35 0.03 3.3258e+11
0.35 0.035 2.83188e+11
0.35 0.04 2.39017e+11
0.35 0.045 2.00112e+11
0.35 0.05 1.66274e+11
0.35 0.055 1.3715e+11
0.35 0.06 1.12309e+11
0.35 0.065 9.12906e+10
0.35 0.07 7.3638e+10
0.35 0.075 5.89194e+10
0.35 0.08 4.67371e+10
0.35 0.085 3.67315e+10
0.35 0.09 2.85813e+10
0.35 0.095 2.20019e+10
0.35 0.1 1.67427e+10
0.35 0.105 1.25837e+10
0.35 0.11 9.33339e+09
0.35 0.115 6.82542e+09
0.35 0.12 4.91687e+09
0.35 0.125 3.48591e+09
0.35 0.13 2.42997e+09
0.35 0.135 1.66385e+09
0.35 0.14 1.11789e+09
0.35 0.145 7.36132e+08
0.35 0.15 4.74456e+08
0.35 0.155 2.98816e+08
0.35 0.16 1.83495e+08
0.35 0.165 1.0952e+08
0.35 0.17 6.32268e+07
0.35 0.175 3.50244e+07
0.35 0.18 1.83545e+07
0.35 0.185 8.85356e+06
0.35 0.19 3.69866e+06
0.35 0.195 1.1125e+06
0.35 0.2 0
0.355 0 7.05725e+11
0.355 0.005 6.62152e+11
0.355 0.01 6.08221e+11
0.355 0.015 5.47895e+11
0.355 0.02 4.85035e+11
0.355 0.025 4.22914e+11
0.355 0.03 3.6396e+11
0.355 0.035 3.09724e+11
0.355 0.04 2.61012e+11
0.355 0.045 2.18069e+11
0.355 0.05 1.80761e+11
0.355 0.055 1.48726e+11
0.355 0.06 1.21482e+11
0.355 0.065 9.85064e+10
0.355 0.07 7.92751e+10
0.355 0.075 6.32935e+10
0.355 0.08 5.01079e+10
0.355 0.085 3.93107e+10
0.355 0.09 3.054e+10
0.355 0.095 2.34774e+10
0.355 0.1 1.78446e+10
0.355 0.105 1.33989e+10
0.355 0.11 9.93032e+09
0.355 0.115 7.2577e+09
0.355 0.12 5.22614e+09
0.355 0.125 3.70428e+09
0.355 0.13 2.58196e+09
0.355 0.135 1.76799e+09
0.355 0.14 1.18803e+09
0.355 0.145 7.82497e+08
0.355 0.15 5.04482e+08
0.355 0.155 3.17824e+08
0.355 0.16 1.95226e+08
0.355 0.165 1.16554e+08
0.355 0.17 6.73046e+07
0.355 0.175 3.72927e+07
0.355 0.18 1.95498e+07
0.355 0.185 9.4363e+06
0.355 0.19 3.94792e+06
0.355 0.195 1.19261e+06
0.355 0.2 0
0.36 0 7.26714e+11
0.36 0.005 6.96052e+11
0.36 0.01 6.48524e+11
0.36 0.015 5.89431e+11
0.36 0.02 5.24351e+11
0.36 0.025 4.58109e+11
0.36 0.03 3.94281e+11
0.36 0.035 3.35152e+11
0.36 0.04 2.81926e+11
0.36 0.045 2.35023e+11
0.36 0.05 1.94354e+11
0.36 0.055 1.59526e+11
0.36 0.06 1.29999e+11
0.36 0.065 1.05177e+11
0.36 0.07 8.44652e+10
0.36 0.075 6.73062e+10
0.36 0.08 5.319e+10
0.36 0.085 4.16618e+10
0.36 0.09 3.23205e+10
0.36 0.095 2.48154e+10
0.36 0.1 1.88415e+10
0.36 0.105 1.41351e+10
0.36 0.11 1.04686e+10
0.36 0.115 7.64708e+09
0.36 0.12 5.50453e+09
0.36 0.125 3.90079e+09
0.36 0.13 2.71875e+09
0.36 0.135 1.86177e+09
0.36 0.14 1.25127e+09
0.36 0.145 8.24353e+08
0.36 0.15 5.31632e+08
0.36 0.155 3.35043e+08
0.36 0.16 2.05876e+08
0.36 0.165 1.22953e+08
0.36 0.17 7.10221e+07
0.36 0.175 3.9365e+07
0.36 0.18 2.06445e+07
0.36 0.185 9.97145e+06
0.36 0.19 4.17784e+06
0.36 0.195 1.26719e+06
0.36 0.2 0
0.365 0 7.44949e+11
0.365 0.005 7.26871e+11
0.365 0.01 6.85662e+11
0.365 0.015 6.27741e+11
0.365 0.02 5.60425e+11
0.365 0.025 4.90153e+11
0.365 0.03 4.21665e+11
0.365 0.035 3.57946e+11
0.365 0.04 3.00553e+11
0.365 0.045 2.50045e+11
0.365 0.05 2.06346e+11
0.365 0.055 1.69022e+11
0.365 0.06 1.37466e+11
0.365 0.065 1.1101e+11
0.365 0.07 8.89938e+10
0.365 0.075 7.08e+10
0.365 0.08 5.58682e+10
0.365 0.085 4.37009e+10
0.365 0.09 3.3862e+10
0.365 0.095 2.59718e+10
0.365 0.1 1.9702e+10
0.365 0.105 1.47698e+10
0.365 0.11 1.09323e+10
0.365 0.115 7.98232e+09
0.365 0.12 5.74421e+09
0.365 0.125 4.07006e+09
0.365 0.13 2.83669e+09
0.365 0.135 1.94274e+09
0.365 0.14 1.30596e+09
0.365 0.145 8.60637e+08
0.365 0.15 5.55229e+08
0.365 0.155 3.50052e+08
0.365 0.16 2.15185e+08
0.365 0.165 1.28564e+08
0.365 0.17 7.4292e+07
0.365 0.175 4.11934e+07
0.365 0.18 2.16134e+07
0.365 0.185 1.0447e+07
0.365 0.19 4.38329e+06
0.365 0.195 1.33458e+06
0.365 0.2 0
0.37 0 7.55375e+11
0.37 0.005 7.49617e+11
0.37 0.01 7.14852e+11
0.37 0.015 6.58454e+11
0.37 0.02 5.89462e+11
0.37 0.025 5.15907e+11
0.37 0.03 4.43616e+11
0.37 0.035 3.76185e+11
0.37 0.04 3.15452e+11
0.37 0.045 2.62068e+11
0.37 0.05 2.15957e+11
0.37 0.055 1.76646e+11
0.37 0.06 1.4347e+11
0.37 0.065 1.15707e+11
0.37 0.07 9.26453e+10
0.37 0.075 7.36194e+10
0.37 0.08 5.80304e+10
0.37 0.085 4.53474e+10
0.37 0.09 3.51066e+10
0.37 0.095 2.69054e+10
0.37 0.1 2.03966e+10
0.37 0.105 1.5282e+10
0.37 0.11 1.13066e+10
0.37 0.115 8.25315e+09
0.37 0.12 5.93806e+09
0.37 0.125 4.20719e+09
0.37 0.13 2.93245e+09
0.37 0.135 2.00867e+09
0.37 0.14 1.35064e+09
0.37 0.145 8.90396e+08
0.37 0.15 5.74665e+08
0.37 0.155 3.62469e+08
0.37 0.16 2.22924e+08
0.37 0.165 1.33251e+08
0.37 0.17 7.70356e+07
0.37 0.175 4.27347e+07
0.37 0.18 2.24341e+07
0.37 0.185 1.08519e+07
0.37 0.19 4.55958e+06
0.37 0.195 1.39327e+06
0.37 0.2 0
0.375 0 7.49312e+11
0.375 0.005 7.55799e+11
0.375 0.01 7.2836e+11
0.375 0.015 6.74995e+11
0.375 0.02 6.06165e+11
0.375 0.025 5.31286e+11
0.375 0.03 4.57098e+11
0.375 0.035 3.87668e+11
0.375 0.04 3.2505e+11
0.375 0.045 2.69978e+11
0.375 0.05 2.224e+11
0.375 0.055 1.8184e+11
0.375 0.06 1.47619e+11
0.375 0.065 1.18991e+11
0.375 0.07 9.52213e+10
0.375 0.075 7.56233e+10
0.375 0.08 5.95761e+10
0.375 0.085 4.65298e+10
0.375 0.09 3.60034e+10
0.375 0.095 2.758e+10
0.375 0.1 2.08997e+10
0.375 0.105 1.56539e+10
0.375 0.11 1.1579e+10
0.375 0.115 8.45085e+09
0.375 0.12 6.08006e+09
0.375 0.125 4.30806e+09
0.375 0.13 3.00325e+09
0.375 0.135 2.0577e+09
0.375 0.14 1.38408e+09
0.375 0.145 9.12828e+08
0.375 0.15 5.89426e+08
0.375 0.155 3.71975e+08
0.375 0.16 2.28895e+08
0.375 0.165 1.36896e+08
0.375 0.17 7.9186e+07
0.375 0.175 4.39518e+07
0.375 0.18 2.3087e+07
0.375 0.185 1.11768e+07
0.375 0.19 4.70265e+06
0.375 0.195 1.44189e+06
0.375 0.2 0
0.38 0 7.13293e+11
0.38 0.005 7.32248e+11
0.38 0.01 7.15006e+11
0.38 0.015 6.68627e+11
0.38 0.02 6.04013e+11
0.38 0.025 5.31623e+11
0.38 0.03 4.58874e+11
0.38 0.035 3.90192e+11
0.38 0.04 3.27856e+11
0.38 0.045 2.72765e+11
0.38 0.05 2.24987e+11
0.38 0.055 1.84134e+11
0.38 0.06 1.49585e+11
0.38 0.065 1.20632e+11
0.38 0.07 9.6562e+10
0.38 0.075 7.6699e+10
0.38 0.08 6.04258e+10
0.38 0.085 4.71918e+10
0.38 0.09 3.65129e+10
0.38 0.095 2.79676e+10
0.38 0.1 2.11917e+10
0.38 0.105 1.58718e+10
0.38 0.11 1.174e+10
0.38 0.115 8.56878e+09
0.38 0.12 6.16565e+09
0.38 0.125 4.36957e+09
0.38 0.13 3.04698e+09
0.38 0.135 2.08841e+09
0.38 0.14 1.40536e+09
0.38 0.145 9.27325e+08
0.38 0.15 5.99125e+08
0.38 0.155 3.78325e+08
0.38 0.16 2.32949e+08
0.38 0.165 1.39409e+08
0.38 0.17 8.06912e+07
0.38 0.175 4.48158e+07
0.38 0.18 2.35571e+07
0.38 0.185 1.14143e+07
0.38 0.19 4.80924e+06
0.38 0.195 1.47936e+06
0.38 0.2 0
0.385 0 6.32994e+11
0.385 0.005 6.64992e+11
0.385 0.01 6.64125e+11
0.385 0.015 6.31155e+11
0.385 0.02 5.76914e+11
0.385 0.025 5.12746e+11
0.385 0.03 4.46244e+11
0.385 0.035 3.82048e+11
0.385 0.04 3.22788e+11
0.385 0.045 2.69731e+11
0.385 0.05 2.2326e+11
0.385 0.055 1.83219e+11
0.385 0.06 1.49158e+11
0.385 0.065 1.20485e+11
0.385 0.07 9.65659e+10
0.385 0.075 7.67754e+10
0.385 0.08 6.05294e+10
0.385 0.085 4.72981e+10
0.385 0.09 3.661e+10
0.385 0.095 2.80509e+10
0.385 0.1 2.12603e+10
0.385 0.105 1.59269e+10
0.385 0.11 1.17836e+10
0.385 0.115 8.60284e+09
0.385 0.12 6.192e+09
0.385 0.125 4.38978e+09
0.385 0.13 3.06233e+09
0.385 0.135 2.09993e+09
0.385 0.14 1.41387e+09
0.385 0.145 9.33507e+08
0.385 0.15 6.03514e+08
0.385 0.155 3.81362e+08
0.385 0.16 2.34988e+08
0.385 0.165 1.40732e+08
0.385 0.17 8.15163e+07
0.385 0.175 4.53073e+07
0.385 0.18 2.38338e+07
0.385 0.185 1.15591e+07
0.385 0.19 4.87706e+06
0.385 0.195 1.50486e+06
0.385 0.2 0
0.39 0 5.31038e+11
0.39 0.005 5.87376e+11
0.39 0.01 5.9462e+11
0.39 0.015 5.65867e+11
0.39 0.02 5.23262e+11
0.39 0.025 4.72939e+11
0.39 0.03 4.18171e+11
0.39 0.035 3.62682e+11
0.39 0.04 3.09548e+11
0.39 0.045 2.60708e+11
0.39 0.05 2.17112e+11
0.39 0.055 1.79024e+11
0.39 0.06 1.46288e+11
0.39 0.065 1.18515e+11
0.39 0.07 9.52065e+10
0.39 0.075 7.58327e+10
0.39 0.08 5.98724e+10
0.39 0.085 4.68383e+10
0.39 0.09 3.62873e+10
0.39 0.095 2.78244e+10
0.39 0.1 2.11018e+10
0.39 0.105 1.58168e+10
0.39 0.11 1.1708e+10
0.39 0.115 8.55176e+09
0.39 0.12 6.15825e+09
0.39 0.125 4.36811e+09
0.39 0.13 3.0489e+09
0.39 0.135 2.09198e+09
0.39 0.14 1.40944e+09
0.39 0.145 9.31238e+08
0.39 0.15 6.02501e+08
0.39 0.155 3.81023e+08
0.39 0.16 2.34972e+08
0.39 0.165 1.40839e+08
0.39 0.17 8.16458e+07
0.39 0.175 4.54169e+07
0.39 0.18 2.3912e+07
0.39 0.185 1.16085e+07
0.39 0.19 4.90483e+06
0.39 0.195 1.5179e+06
0.39 0.2 0
0.395 0 6.61098e+11
0.395 0.005 1.01907e+12
0.395 0.01 6.79862e+11
0.395 0.015 5.05636e+11
0.395 0.02 4.4966e+11
0.395 0.025 4.14838e+11
0.395 0.03 3.76365e+11
0.395 0.035 3.33264e+11
0.395 0.04 2.88912e+11
0.395 0.045 2.46197e+11
0.395 0.05 2.06866e+11
0.395 0.055 1.71756e+11
0.395 0.06 1.41108e+11
0.395 0.065 1.14805e+11
0.395 0.07 9.2539e+10
0.395 0.075 7.39073e+10
0.395 0.08 5.8479e+10
0.395 0.085 4.58284e+10
0.395 0.09 3.55557e+10
0.395 0.095 2.72956e+10
0.395 0.1 2.07214e+10
0.395 0.105 1.5545e+10
0.395 0.11 1.15157e+10
0.395 0.115 8.41727e+09
0.395 0.12 6.06557e+09
0.395 0.125 4.30532e+09
0.395 0.13 3.00719e+09
0.395 0.135 2.06488e+09
0.395 0.14 1.39226e+09
0.395 0.145 9.20639e+08
0.395 0.15 5.96155e+08
0.395 0.155 3.77347e+08
0.395 0.16 2.32919e+08
0.395 0.165 1.39738e+08
0.395 0.17 8.10835e+07
0.395 0.175 4.51461e+07
0.395 0.18 2.37921e+07
0.395 0.185 1.15625e+07
0.395 0.19 4.8924e+06
0.395 0.195 1.51834e+06
0.395 0.2 0
0.4 0 0
0.4 0.005 3.15926e+12
0.4 0.01 1.2677e+12
0.4 0.015 4.57606e+11
0.4 0.02 3.62556e+11
0.4 0.025 3.45332e+11
0.4 0.03 3.25637e+11
0.4 0.035 2.96816e+11
0.4 0.04 2.62744e+11
0.4 0.045 2.27357e+11
0.4 0.05 1.93253e+11
0.4 0.055 1.61883e+11
0.4 0.06 1.33921e+11
0.4 0.065 1.09558e+11
0.4 0.07 8.86971e+10
0.4 0.075 7.10893e+10
0.4 0.08 5.64103e+10
0.4 0.085 4.43105e+10
0.4 0.09 3.44441e+10
0.4 0.095 2.64846e+10
0.4 0.1 2.01329e+10
0.4 0.105 1.51212e+10
0.4 0.11 1.12133e+10
0.4 0.115 8.20394e+09
0.4 0.12 5.91708e+09
0.4 0.125 4.20353e+09
0.4 0.13 2.93861e+09
0.4 0.135 2.01955e+09
0.4 0.14 1.36292e+09
0.4 0.145 9.02077e+08
0.4 0.15 5.84701e+08
0.4 0.155 3.70467e+08
0.4 0.16 2.28907e+08
0.4 0.165 1.37474e+08
0.4 0.17 7.98526e+07
0.4 0.175 4.45068e+07
0.4 0.18 2.34798e+07
0.4 0.185 1.14237e+07
0.4 0.19 4.8407e+06
0.4 0.195 1.50638e+06
0.4 0.2 0
0.405 0 0
0.405 0.005 2.57667e+12
0.405 0.01 1.58903e+12
0.405 0.015 4.05311e+11
0.405 0.02 2.80308e+11
0.405 0.025 2.76808e+11
0.405 0.03 2.73141e+11
0.405 0.035 2.57531e+11
0.405 0.04 2.33586e+11
0.405 0.045 2.05777e+11
0.405 0.05 1.77288e+11
0.405 0.055 1.50065e+11
0.405 0.06 1.25165e+11
0.405 0.065 1.03064e+11
0.405 0.07 8.3878e+10
0.405 0.075 6.75132e+10
0.405 0.08 5.37589e+10
0.405 0.085 4.23486e+10
0.405 0.09 3.29972e+10
0.405 0.095 2.54224e+10
0.405 0.1 1.9358e+10
0.405 0.105 1.45604e+10
0.405 0.11 1.08112e+10
0.405 0.115 7.91898e+09
0.405 0.12 5.71771e+09
0.405 0.125 4.06608e+09
0.405 0.13 2.84538e+09
0.405 0.135 1.95744e+09
0.405 0.14 1.32236e+09
0.405 0.145 8.76151e+08
0.405 0.15 5.6851e+08
0.405 0.155 3.60609e+08
0.405 0.16 2.23068e+08
0.405 0.165 1.34121e+08
0.405 0.17 7.79946e+07
0.405 0.175 4.3521e+07
0.405 0.18 2.29861e+07
0.405 0.185 1.11971e+07
0.405 0.19 4.75172e+06
0.405 0.195 1.48256e+06
0.405 0.2 0
0.41 0 0
0.41 0.005 1.88068e+12
0.41 0.01 1.40759e+12
0.41 0.015 3.54768e+11
0.41 0.02 2.15526e+11
0.41 0.025 2.181e+11
0.41 0.03 2.24691e+11
0.41 0.035 2.19207e+11
0.41 0.04 2.03929e+11
0.41 0.045 1.831e+11
0.41 0.05 1.60067e+11
0.41 0.055 1.37042e+11
0.41 0.06 1.15341e+11
0.41 0.065 9.56677e+10
0.41 0.07 7.83194e+10
0.41 0.075 6.3344e+10
0.41 0.08 5.06399e+10
0.41 0.085 4.00233e+10
0.41 0.09 3.12713e+10
0.41 0.095 2.41487e+10
0.41 0.1 1.84246e+10
0.41 0.105 1.3882e+10
0.41 0.11 1.03232e+10
0.41 0.115 7.57178e+09
0.41 0.12 5.47389e+09
0.41 0.125 3.89732e+09
0.41 0.13 2.73043e+09
0.41 0.135 1.88051e+09
0.41 0.14 1.27184e+09
0.41 0.145 8.4366e+08
0.41 0.15 5.48081e+08
0.41 0.155 3.48075e+08
0.41 0.16 2.15583e+08
0.41 0.165 1.29784e+08
0.41 0.17 7.55674e+07
0.41 0.175 4.22194e+07
0.41 0.18 2.23265e+07
0.41 0.185 1.08899e+07
0.41 0.19 4.6284e+06
0.41 0.195 1.44775e+06
0.41 0.2 0
0.415 0 0
0.415 0.005 1.41312e+12
0.415 0.01 1.15965e+12
0.415 0.015 3.04372e+11
0.415 0.02 1.66174e+11
0.415 0.025 1.70932e+11
0.415 0.03 1.82941e+11
0.415 0.035 1.84243e+11
0.415 0.04 1.75645e+11
0.415 0.045 1.6071e+11
0.415 0.05 1.42588e+11
0.415 0.055 1.23522e+11
0.415 0.06 1.04953e+11
0.415 0.065 8.77257e+10
0.415 0.07 7.22737e+10
0.415 0.075 5.87608e+10
0.415 0.08 4.71804e+10
0.415 0.085 3.74249e+10
0.415 0.09 2.93306e+10
0.415 0.095 2.27089e+10
0.415 0.1 1.73647e+10
0.415 0.105 1.31088e+10
0.415 0.11 9.76487e+09
0.415 0.115 7.17333e+09
0.415 0.12 5.1932e+09
0.415 0.125 3.70241e+09
0.415 0.13 2.59722e+09
0.415 0.135 1.79103e+09
0.415 0.14 1.21285e+09
0.415 0.145 8.05563e+08
0.415 0.15 5.24013e+08
0.415 0.155 3.33233e+08
0.415 0.16 2.0667e+08
0.415 0.165 1.24589e+08
0.415 0.17 7.26423e+07
0.415 0.175 4.06406e+07
0.415 0.18 2.15207e+07
0.415 0.185 1.05114e+07
0.415 0.19 4.47451e+06
0.415 0.195 1.40306e+06
0.415 0.2 0
0.42 0 0
0.42 0.005 1.08748e+12
0.42 0.01 9.47318e+11
0.42 0.015 2.58749e+11
0.42 0.02 1.2878e+11
0.42 0.025 1.3405e+11
0.42 0.03 1.48314e+11
0.42 0.035 1.53688e+11
0.42 0.04 1.49856e+11
0.42 0.045 1.39585e+11
0.42 0.05 1.25632e+11
0.42 0.055 1.10107e+11
0.42 0.06 9.445e+10
0.42 0.065 7.957e+10
0.42 0.07 6.59842e+10
0.42 0.075 5.39407e+10
0.42 0.08 4.35091e+10
0.42 0.085 3.46462e+10
0.42 0.09 2.72421e+10
0.42 0.095 2.11511e+10
0.42 0.1 1.62127e+10
0.42 0.105 1.22651e+10
0.42 0.11 9.15351e+09
0.42 0.115 6.73562e+09
0.42 0.12 4.88393e+09
0.42 0.125 3.48704e+09
0.42 0.13 2.44959e+09
0.42 0.135 1.69156e+09
0.42 0.14 1.14707e+09
0.42 0.145 7.6293e+08
0.42 0.15 4.96982e+08
0.42 0.155 3.16499e+08
0.42 0.16 1.96579e+08
0.42 0.165 1.18682e+08
0.42 0.17 6.93012e+07
0.42 0.175 3.88287e+07
0.42 0.18 2.05913e+07
0.42 0.185 1.00722e+07
0.42 0.19 4.29448e+06
0.42 0.195 1.34984e+06
0.42 0.2 0
0.425 0 0
0.425 0.005 8.49655e+11
0.425 0.01 7.74625e+11
0.425 0.015 2.1965e+11
0.425 0.02 1.00422e+11
0.425 0.025 1.05492e+11
0.425 0.03 1.20169e+11
0.425 0.035 1.27694e+11
0.425 0.04 1.27052e+11
0.425 0.045 1.20297e+11
0.425 0.05 1.09735e+11
0.425 0.055 9.72486e+10
0.425 0.06 8.41963e+10
0.425 0.065 7.14841e+10
0.425 0.07 5.96673e+10
0.425 0.075 4.90466e+10
0.425 0.08 3.9747e+10
0.425 0.085 3.17768e+10
0.425 0.09 2.50713e+10
0.425 0.095 1.9523e+10
0.425 0.1 1.50031e+10
0.425 0.105 1.13755e+10
0.425 0.11 8.50666e+09
0.425 0.115 6.27102e+09
0.425 0.12 4.55469e+09
0.425 0.125 3.25711e+09
0.425 0.13 2.29155e+09
0.425 0.135 1.58478e+09
0.425 0.14 1.07626e+09
0.425 0.145 7.16904e+08
0.425 0.15 4.67709e+08
0.425 0.155 2.98318e+08
0.425 0.16 1.85579e+08
0.425 0.165 1.1222e+08
0.425 0.17 6.56331e+07
0.425 0.175 3.68321e+07
0.425 0.18 1.95631e+07
0.425 0.185 9.58421e+06
0.425 0.19 4.09323e+06
0.425 0.195 1.2896e+06
0.425 0.2 0
0.43 0 0
0.43 0.005 6.7019e+11
0.43 0.01 6.3491e+11
0.43 0.015 1.86833e+11
0.43 0.02 7.88344e+10
0.43 0.025 8.34214e+10
0.43 0.03 9.75158e+10
0.43 0.035 1.05936e+11
0.43 0.04 1.07303e+11
0.43 0.045 1.03102e+11
0.43 0.05 9.52117e+10
0.43 0.055 8.52545e+10
0.43 0.06 7.44614e+10
0.43 0.065 6.36919e+10
0.43 0.07 5.35022e+10
0.43 0.075 4.42185e+10
0.43 0.08 3.60016e+10
0.43 0.085 2.8898e+10
0.43 0.09 2.28791e+10
0.43 0.095 1.78696e+10
0.43 0.1 1.37687e+10
0.43 0.105 1.0464e+10
0.43 0.11 7.84146e+09
0.43 0.115 5.79169e+09
0.43 0.12 4.21402e+09
0.43 0.125 3.01855e+09
0.43 0.13 2.12714e+09
0.43 0.135 1.47342e+09
0.43 0.14 1.00221e+09
0.43 0.145 6.68643e+08
0.43 0.15 4.36931e+08
0.43 0.155 2.79148e+08
0.43 0.16 1.73947e+08
0.43 0.165 1.05366e+08
0.43 0.17 6.17308e+07
0.43 0.175 3.47014e+07
0.43 0.18 1.84624e+07
0.43 0.185 9.05994e+06
0.43 0.19 3.87601e+06
0.43 0.195 1.22397e+06
0.43 0.2 0
0.435 0 0
0.435 0.005 5.32332e+11
0.435 0.01 5.21679e+11
0.435 0.015 1.59424e+11
0.435 0.02 6.23123e+10
0.435 0.025 6.63316e+10
0.435 0.03 7.93573e+10
0.435 0.035 8.78995e+10
0.435 0.04 9.04407e+10
0.435 0.045 8.80387e+10
0.435 0.05 8.2202e+10
0.435 0.055 7.43031e+10
0.435 0.06 6.54253e+10
0.435 0.065 5.63558e+10
0.435 0.07 4.76269e+10
0.435 0.075 3.95692e+10
0.435 0.08 3.23627e+10
0.435 0.085 2.60797e+10
0.435 0.09 2.07188e+10
0.435 0.095 1.62312e+10
0.435 0.1 1.25397e+10
0.435 0.105 9.55266e+09
0.435 0.11 7.17392e+09
0.435 0.115 5.30912e+09
0.435 0.12 3.87002e+09
0.435 0.125 2.777e+09
0.435 0.13 1.96025e+09
0.435 0.135 1.36008e+09
0.435 0.14 9.26666e+08
0.435 0.145 6.19285e+08
0.435 0.15 4.05374e+08
0.435 0.155 2.59442e+08
0.435 0.16 1.61959e+08
0.435 0.165 9.82836e+07
0.435 0.17 5.76873e+07
0.435 0.175 3.24878e+07
0.435 0.18 1.73157e+07
0.435 0.185 8.51212e+06
0.435 0.19 3.64815e+06
0.435 0.195 1.15463e+06
0.435 0.2 0
0.44 0 0
0.44 0.005 4.25372e+11
0.44 0.01 4.29765e+11
0.44 0.015 1.36496e+11
0.44 0.02 4.95936e+10
0.44 0.025 5.30531e+10
0.44 0.03 6.48167e+10
0.44 0.035 7.30333e+10
0.44 0.04 7.61816e+10
0.44 0.045 7.50108e+10
0.44 0.05 7.07262e+10
0.44 0.055 6.44742e+10
0.44 0.06 5.71919e+10
0.44 0.065 4.95828e+10
0.44 0.07 4.21402e+10
0.44 0.075 3.51842e+10
0.44 0.08 2.89011e+10
0.44 0.085 2.33788e+10
0.44 0.09 1.86354e+10
0.44 0.095 1.46424e+10
0.44 0.1 1.13421e+10
0.44 0.105 8.66099e+09
0.44 0.11 6.51842e+09
0.44 0.115 4.83371e+09
0.44 0.12 3.53014e+09
0.44 0.125 2.5377e+09
0.44 0.13 1.79448e+09
0.44 0.135 1.24724e+09
0.44 0.14 8.51273e+08
0.44 0.145 5.69911e+08
0.44 0.15 3.73732e+08
0.44 0.155 2.39637e+08
0.44 0.16 1.4988e+08
0.44 0.165 9.11305e+07
0.44 0.17 5.35937e+07
0.44 0.175 3.02412e+07
0.44 0.18 1.6149e+07
0.44 0.185 7.95334e+06
0.44 0.19 3.41499e+06
0.44 0.195 1.08326e+06
0.44 0.2 0
0.445 0 0
0.445 0.005 3.41903e+11
0.445 0.01 3.5509e+11
0.445 0.015 1.17249e+11
0.445 0.02 3.97486e+10
0.445 0.025 4.26964e+10
0.445 0.03 5.31692e+10
0.445 0.035 6.08231e+10
0.445 0.04 6.42087e+10
0.445 0.045 6.38555e+10
0.445 0.05 6.07276e+10
0.445 0.055 5.57774e+10
0.445 0.06 4.98065e+10
0.445 0.065 4.34339e+10
0.445 0.07 3.71061e+10
0.445 0.075 3.11234e+10
0.445 0.08 2.56695e+10
0.445 0.085 2.08396e+10
0.445 0.09 1.66647e+10
0.445 0.095 1.31315e+10
0.445 0.1 1.01981e+10
0.445 0.105 7.80565e+09
0.445 0.11 5.88739e+09
0.445 0.115 4.37459e+09
0.445 0.12 3.20096e+09
0.445 0.125 2.30532e+09
0.445 0.13 1.63312e+09
0.445 0.135 1.13713e+09
0.445 0.14 7.77538e+08
0.445 0.145 5.21514e+08
0.445 0.15 3.42647e+08
0.445 0.155 2.20136e+08
0.445 0.16 1.37961e+08
0.445 0.165 8.4056e+07
0.445 0.17 4.95359e+07
0.445 0.175 2.80093e+07
0.445 0.18 1.49875e+07
0.445 0.185 7.39571e+06
0.445 0.19 3.18165e+06
0.445 0.195 1.01149e+06
0.445 0.2 0
0.45 0 0
0.45 0.005 2.765e+11
0.45 0.01 2.94419e+11
0.45 0.015 1.0104e+11
0.45 0.02 3.20921e+10
0.45 0.025 3.45908e+10
0.45 0.03 4.38332e+10
0.45 0.035 5.08203e+10
0.45 0.04 5.42115e+10
0.45 0.045 5.43822e+10
0.45 0.05 5.21068e+10
0.45 0.055 4.81763e+10
0.45 0.06 4.32725e+10
0.45 0.065 3.79343e+10
0.45 0.07 3.25599e+10
0.45 0.075 2.74249e+10
0.45 0.08 2.2704e+10
0.45 0.085 1.8494e+10
0.45 0.09 1.48337e+10
0.45 0.095 1.17206e+10
0.45 0.1 9.12498e+09
0.45 0.105 7.00026e+09
0.45 0.11 5.29115e+09
0.45 0.115 3.93944e+09
0.45 0.12 2.8881e+09
0.45 0.125 2.08389e+09
0.45 0.13 1.47899e+09
0.45 0.135 1.03173e+09
0.45 0.14 7.06796e+08
0.45 0.145 4.74983e+08
0.45 0.15 3.12697e+08
0.45 0.155 2.01308e+08
0.45 0.16 1.26429e+08
0.45 0.165 7.71965e+07
0.45 0.17 4.55932e+07
0.45 0.175 2.58363e+07
0.45 0.18 1.38543e+07
0.45 0.185 6.85056e+06
0.45 0.19 2.95299e+06
0.45 0.195 940861
0.45 0.2 0
0.455 0 0
0.455 0.005 2.25258e+11
0.455 0.01 2.45198e+11
0.455 0.015 8.73661e+10
0.455 0.02 2.61165e+10
0.455 0.025 2.82309e+10
0.455 0.03 3.6349e+10
0.455 0.035 4.26474e+10
0.455 0.04 4.59079e+10
0.455 0.045 4.63982e+10
0.455 0.05 4.47453e+10
0.455 0.055 4.16079e+10
0.455 0.06 3.75651e+10
0.455 0.065 3.30837e+10
0.455 0.07 2.85153e+10
0.455 0.075 2.41087e+10
0.455 0.08 2.00267e+10
0.455 0.085 1.63635e+10
0.455 0.09 1.31617e+10
0.455 0.095 1.04261e+10
0.455 0.1 8.13631e+09
0.455 0.105 6.25548e+09
0.455 0.11 4.73796e+09
0.455 0.115 3.53452e+09
0.455 0.12 2.59619e+09
0.455 0.125 1.87678e+09
0.455 0.13 1.3345e+09
0.455 0.135 9.32701e+08
0.455 0.14 6.40197e+08
0.455 0.145 4.31088e+08
0.455 0.15 2.84387e+08
0.455 0.155 1.83475e+08
0.455 0.16 1.15485e+08
0.455 0.165 7.06744e+07
0.455 0.17 4.18372e+07
0.455 0.175 2.37623e+07
0.455 0.18 1.27706e+07
0.455 0.185 6.32827e+06
0.455 0.19 2.73344e+06
0.455 0.195 872816
0.455 0.2 0
0.46 0 0
0.46 0.005 1.85118e+11
0.46 0.01 2.05384e+11
0.46 0.015 7.58431e+10
0.46 0.02 2.14442e+10
0.46 0.025 2.32357e+10
0.46 0.03 3.03562e+10
0.46 0.035 3.59932e+10
0.46 0.04 3.90512e+10
0.46 0.045 3.97224e+10
0.46 0.05 3.85202e+10
0.46 0.055 3.59959e+10
0.46 0.06 3.26429e+10
0.46 0.065 2.88645e+10
0.46 0.07 2.497e+10
0.46 0.075 2.11818e+10
0.46 0.08 1.7649e+10
0.46 0.085 1.44609e+10
0.46 0.09 1.16611e+10
0.46 0.095 9.25931e+09
0.46 0.1 7.24169e+09
0.46 0.105 5.57923e+09
0.46 0.11 4.23413e+09
0.46 0.115 3.16471e+09
0.46 0.12 2.32892e+09
0.46 0.125 1.68672e+09
0.46 0.13 1.20161e+09
0.46 0.135 8.41441e+08
0.46 0.14 5.78701e+08
0.46 0.145 3.90479e+08
0.46 0.15 2.58148e+08
0.46 0.155 1.66917e+08
0.46 0.16 1.05304e+08
0.46 0.165 6.4596e+07
0.46 0.17 3.83305e+07
0.46 0.175 2.18225e+07
0.46 0.18 1.17554e+07
0.46 0.185 5.83813e+06
0.46 0.19 2.52702e+06
0.46 0.195 808648
0.46 0.2 0
0.465 0 0
0.465 0.005 1.53724e+11
0.465 0.01 1.73347e+11
0.465 0.015 6.61767e+10
0.465 0.02 1.77928e+10
0.465 0.025 1.93176e+10
0.465 0.03 2.55737e+10
0.465 0.035 3.06055e+10
0.465 0.04 3.34317e+10
0.465 0.045 3.41927e+10
0.465 0.05 3.33138e+10
0.465 0.055 3.12608e+10
0.465 0.06 2.8456e+10
0.465 0.065 2.5249e+10
0.465 0.07 2.19113e+10
0.465 0.075 1.86412e+10
0.465 0.08 1.55737e+10
0.465 0.085 1.27921e+10
0.465 0.09 1.03391e+10
0.465 0.095 8.22729e+09
0.465 0.1 6.44763e+09
0.465 0.105 4.9771e+09
0.465 0.11 3.78425e+09
0.465 0.115 2.83366e+09
0.465 0.12 2.0891e+09
0.465 0.125 1.51581e+09
0.465 0.13 1.08188e+09
0.465 0.135 7.59061e+08
0.465 0.14 5.23089e+08
0.465 0.145 3.53691e+08
0.465 0.15 2.34337e+08
0.465 0.155 1.51865e+08
0.465 0.16 9.60334e+07
0.465 0.165 5.9052e+07
0.465 0.17 3.51269e+07
0.465 0.175 2.00475e+07
0.465 0.18 1.0825e+07
0.465 0.185 5.38825e+06
0.465 0.19 2.33724e+06
0.465 0.195 749501
0.465 0.2 0
0.47 0 0
0.47 0.005 1.29296e+11
0.47 0.01 1.47787e+11
0.47 0.015 5.81432e+10
0.47 0.02 1.49505e+10
0.47 0.025 1.6259e+10
0.47 0.03 2.1783e+10
0.47 0.035 2.62812e+10
0.47 0.04 2.88748e+10
0.47 0.045 2.96683e+10
0.47 0.05 2.90191e+10
0.47 0.055 2.73255e+10
0.47 0.06 2.49523e+10
0.47 0.065 2.22043e+10
0.47 0.07 1.93205e+10
0.47 0.075 1.64778e+10
0.47 0.08 1.3798e+10
0.47 0.085 1.1358e+10
0.47 0.09 9.19867e+09
0.47 0.095 7.33385e+09
0.47 0.1 5.75804e+09
0.47 0.105 4.45272e+09
0.47 0.11 3.39147e+09
0.47 0.115 2.54395e+09
0.47 0.12 1.8788e+09
0.47 0.125 1.36565e+09
0.47 0.13 9.76493e+08
0.47 0.135 6.86422e+08
0.47 0.14 4.73972e+08
0.47 0.145 3.21147e+08
0.47 0.15 2.1324e+08
0.47 0.155 1.38508e+08
0.47 0.16 8.77947e+07
0.47 0.165 5.41176e+07
0.47 0.17 3.22713e+07
0.47 0.175 1.84631e+07
0.47 0.18 9.99336e+06
0.47 0.185 4.98555e+06
0.47 0.19 2.16711e+06
0.47 0.195 696365
0.47 0.2 0
0.475 0 0
0.475 0.005 1.10474e+11
0.475 0.01 1.27676e+11
0.475 0.015 5.15741e+10
0.475 0.02 1.27587e+10
0.475 0.025 1.38958e+10
0.475 0.03 1.88152e+10
0.475 0.035 2.28596e+10
0.475 0.04 2.5238e+10
0.475 0.045 2.60301e+10
0.475 0.05 2.55423e+10
0.475 0.055 2.41199e+10
0.475 0.06 2.20817e+10
0.475 0.065 1.96964e+10
0.475 0.07 1.71761e+10
0.475 0.075 1.46791e+10
0.475 0.08 1.23156e+10
0.475 0.085 1.01563e+10
0.475 0.09 8.23981e+09
0.475 0.095 6.58041e+09
0.475 0.1 5.17492e+09
0.475 0.105 4.0082e+09
0.475 0.11 3.05777e+09
0.475 0.115 2.29733e+09
0.475 0.12 1.69943e+09
0.475 0.125 1.23736e+09
0.475 0.13 8.86309e+08
0.475 0.135 6.24169e+08
0.475 0.14 4.31816e+08
0.475 0.145 2.93177e+08
0.475 0.15 1.95082e+08
0.475 0.155 1.26996e+08
0.475 0.16 8.06845e+07
0.475 0.165 4.98534e+07
0.475 0.17 2.98003e+07
0.475 0.175 1.70904e+07
0.475 0.18 9.27193e+06
0.475 0.185 4.63582e+06
0.475 0.19 2.01918e+06
0.475 0.195 650076
0.475 0.2 0
0.48 0 0
0.48 0.005 9.62464e+10
0.48 0.01 1.12213e+11
0.48 0.015 4.63436e+10
0.48 0.02 1.10992e+10
0.48 0.025 1.21048e+10
0.48 0.03 1.65411e+10
0.48 0.035 2.02147e+10
0.48 0.04 2.24068e+10
0.48 0.045 2.31807e+10
0.48 0.05 2.28042e+10
0.48 0.055 2.15825e+10
0.48 0.06 1.97989e+10
0.48 0.065 1.76934e+10
0.48 0.07 1.54564e+10
0.48 0.075 1.32312e+10
0.48 0.08 1.11184e+10
0.48 0.085 9.1828e+09
0.48 0.09 7.46082e+09
0.48 0.095 5.96675e+09
0.48 0.1 4.69888e+09
0.48 0.105 3.64456e+09
0.48 0.11 2.78426e+09
0.48 0.115 2.09484e+09
0.48 0.12 1.55194e+09
0.48 0.125 1.1317e+09
0.48 0.13 8.11938e+08
0.48 0.135 5.72765e+08
0.48 0.14 3.96963e+08
0.48 0.145 2.70023e+08
0.48 0.15 1.80033e+08
0.48 0.155 1.17445e+08
0.48 0.16 7.47781e+07
0.48 0.165 4.63071e+07
0.48 0.17 2.7743e+07
0.48 0.175 1.59462e+07
0.48 0.18 8.67001e+06
0.48 0.185 4.34373e+06
0.48 0.19 1.8955e+06
0.48 0.195 611318
0.48 0.2 0
0.485 0 0
0.485 0.005 8.58748e+10
0.485 0.01 1.00786e+11
0.485 0.015 4.23603e+10
0.485 0.02 9.88504e+09
0.485 0.025 1.07948e+10
0.485 0.03 1.48635e+10
0.485 0.035 1.82501e+10
0.485 0.04 2.02922e+10
0.485 0.045 2.10422e+10
0.485 0.05 2.07404e+10
0.485 0.055 1.96625e+10
0.485 0.06 1.80651e+10
0.485 0.065 1.61668e+10
0.485 0.07 1.41417e+10
0.485 0.075 1.21211e+10
0.485 0.08 1.01979e+10
0.485 0.085 8.43244e+09
0.485 0.09 6.85905e+09
0.485 0.095 5.49172e+09
0.485 0.1 4.32971e+09
0.485 0.105 3.36208e+09
0.485 0.11 2.57148e+09
0.485 0.115 1.93709e+09
0.485 0.12 1.43688e+09
0.485 0.125 1.04919e+09
0.485 0.13 7.53786e+08
0.485 0.135 5.32528e+08
0.485 0.14 3.69654e+08
0.485 0.145 2.51863e+08
0.485 0.15 1.68219e+08
0.485 0.155 1.09938e+08
0.485 0.16 7.01321e+07
0.485 0.165 4.35149e+07
0.485 0.17 2.61218e+07
0.485 0.175 1.50438e+07
0.485 0.18 8.19484e+06
0.485 0.185 4.11296e+06
0.485 0.19 1.7977e+06
0.485 0.195 580633
0.485 0.2 0
0.49 0 0
0.49 0.005 7.88363e+10
0.49 0.01 9.29411e+10
0.49 0.015 3.95618e+10
0.49 0.02 9.05442e+09
0.49 0.025 9.90049e+09
0.49 0.03 1.3712e+10
0.49 0.035 1.68949e+10
0.49 0.04 1.88275e+10
0.49 0.045 1.95558e+10
0.49 0.05 1.93014e+10
0.49 0.055 1.83197e+10
0.49 0.06 1.68493e+10
0.49 0.065 1.50936e+10
0.49 0.07 1.32152e+10
0.49 0.075 1.1337e+10
0.49 0.08 9.54645e+09
0.49 0.085 7.90046e+09
0.49 0.09 6.4317e+09
0.49 0.095 5.15386e+09
0.49 0.1 4.06677e+09
0.49 0.105 3.16063e+09
0.49 0.11 2.41955e+09
0.49 0.115 1.82433e+09
0.49 0.12 1.35456e+09
0.49 0.125 9.90095e+08
0.49 0.13 7.12107e+08
0.49 0.135 5.03666e+08
0.49 0.14 3.50049e+08
0.49 0.145 2.38817e+08
0.49 0.15 1.59725e+08
0.49 0.155 1.04538e+08
0.49 0.16 6.6787e+07
0.49 0.165 4.15031e+07
0.49 0.17 2.49528e+07
0.49 0.175 1.43927e+07
0.49 0.18 7.85178e+06
0.49 0.185 3.94625e+06
0.49 0.19 1.727e+06
0.49 0.195 558430
0.49 0.2 0
0.495 0 0
0.495 0.005 7.47636e+10
0.495 0.01 8.83772e+10
0.495 0.015 3.79089e+10
0.495 0.02 8.56694e+09
0.495 0.025 9.37856e+09
0.495 0.03 1.3039e+10
0.495 0.035 1.61005e+10
0.495 0.04 1.79667e+10
0.495 0.045 1.86802e+10
0.495 0.05 1.8452e+10
0.495 0.055 1.75256e+10
0.495 0.06 1.6129e+10
0.495 0.065 1.44567e+10
0.495 0.07 1.26645e+10
0.495 0.075 1.08703e+10
0.495 0.08 9.15816e+09
0.495 0.085 7.58297e+09
0.495 0.09 6.17636e+09
0.495 0.095 4.95179e+09
0.495 0.1 3.90936e+09
0.495 0.105 3.03993e+09
0.495 0.11 2.32845e+09
0.495 0.115 1.75667e+09
0.495 0.12 1.30513e+09
0.495 0.125 9.54591e+08
0.495 0.13 6.8705e+08
0.495 0.135 4.86304e+08
0.495 0.14 3.3825e+08
0.495 0.145 2.30961e+08
0.495 0.15 1.54607e+08
0.495 0.155 1.01282e+08
0.495 0.16 6.47697e+07
0.495 0.165 4.02894e+07
0.495 0.17 2.42472e+07
0.495 0.175 1.39995e+07
0.495 0.18 7.64452e+06
0.495 0.185 3.84549e+06
0.495 0.19 1.68425e+06
0.495 0.195 544994
0.495 0.2 0
0.5 0 0
0.5 0.005 7.34334e+10
0.5 0.01 8.68872e+10
0.5 0.015 3.73663e+10
0.5 0.02 8.4048e+09
0.5 0.025 9.20645e+09
0.5 0.03 1.28175e+10
0.5 0.035 1.58388e+10
0.5 0.04 1.76828e+10
0.5 0.045 1.8391e+10
0.5 0.05 1.81712e+10
0.5 0.055 1.72628e+10
0.5 0.06 1.58904e+10
0.5 0.065 1.42455e+10
0.5 0.07 1.24818e+10
0.5 0.075 1.07154e+10
0.5 0.08 9.02916e+09
0.5 0.085 7.47743e+09
0.5 0.09 6.09144e+09
0.5 0.095 4.88454e+09
0.5 0.1 3.85695e+09
0.5 0.105 2.99972e+09
0.5 0.11 2.2981e+09
0.5 0.115 1.73412e+09
0.5 0.12 1.28865e+09
0.5 0.125 9.42749e+08
0.5 0.13 6.7869e+08
0.5 0.135 4.8051e+08
0.5 0.14 3.34311e+08
0.5 0.145 2.28338e+08
0.5 0.15 1.52898e+08
0.5 0.155 1.00195e+08
0.5 0.16 6.40956e+07
0.5 0.165 3.98837e+07
0.5 0.17 2.40113e+07
0.5 0.175 1.3868e+07
0.5 0.18 7.5752e+06
0.5 0.185 3.81178e+06
0.5 0.19 1.66995e+06
0.5 0.195 540497
0.5 0.2 0
