0 0 302.566
0 0.005 302.564
0 0.01 302.557
0 0.015 302.547
0 0.02 302.532
0 0.025 302.513
0 0.03 302.491
0 0.035 302.464
0 0.04 302.433
0 0.045 302.399
0 0.05 302.361
0 0.055 302.319
0 0.06 302.273
0 0.065 302.224
0 0.07 302.172
0 0.075 302.116
0 0.08 302.057
0 0.085 301.995
0 0.09 301.93
0 0.095 301.862
0 0.1 301.791
0 0.105 301.718
0 0.11 301.642
0 0.115 301.564
0 0.12 301.483
0 0.125 301.401
0 0.13 301.316
0 0.135 301.23
0 0.14 301.142
0 0.145 301.052
0 0.15 300.961
0 0.155 300.869
0 0.16 300.775
0 0.165 300.68
0 0.17 300.585
0 0.175 300.488
0 0.18 300.391
0 0.185 300.294
0 0.19 300.196
0 0.195 300.098
0 0.2 300
0.005 0 302.568
0.005 0.005 302.566
0.005 0.01 302.559
0.005 0.015 302.549
0.005 0.02 302.534
0.005 0.025 302.515
0.005 0.03 302.493
0.005 0.035 302.466
0.005 0.04 302.435
0.005 0.045 302.401
0.005 0.05 302.362
0.005 0.055 302.32
0.005 0.06 302.275
0.005 0.065 302.226
0.005 0.07 302.173
0.005 0.075 302.117
0.005 0.08 302.058
0.005 0.085 301.996
0.005 0.09 301.931
0.005 0.095 301.863
0.005 0.1 301.792
0.005 0.105 301.719
0.005 0.11 301.643
0.005 0.115 301.565
0.005 0.12 301.484
0.005 0.125 301.402
0.005 0.13 301.317
0.005 0.135 301.231
0.005 0.14 301.143
0.005 0.145 301.053
0.005 0.15 300.962
0.005 0.155 300.869
0.005 0.16 300.775
0.005 0.165 300.681
0.005 0.17 300.585
0.005 0.175 300.489
0.005 0.18 300.392
0.005 0.185 300.294
0.005 0.19 300.196
0.005 0.195 300.098
0.005 0.2 300
0.01 0 302.574
0.01 0.005 302.572
0.01 0.01 302.566
0.01 0.015 302.555
0.01 0.02 302.54
0.01 0.025 302.522
0.01 0.03 302.499
0.01 0.035 302.472
0.01 0.04 302.441
0.01 0.045 302.406
0.01 0.05 302.368
0.01 0.055 302.326
0.01 0.06 302.28
0.01 0.065 302.231
0.01 0.07 302.178
0.01 0.075 302.122
0.01 0.08 302.063
0.01 0.085 302.001
0.01 0.09 301.935
0.01 0.095 301.867
0.01 0.1 301.796
0.01 0.105 301.723
0.01 0.11 301.647
0.01 0.115 301.568
0.01 0.12 301.488
0.01 0.125 301.405
0.01 0.13 301.32
0.01 0.135 301.233
0.01 0.14 301.145
0.01 0.145 301.055
0.01 0.15 300.964
0.01 0.155 300.871
0.01 0.16 300.777
0.01 0.165 300.682
0.01 0.17 300.586
0.01 0.175 300.49
0.01 0.18 300.392
0.01 0.185 300.295
0.01 0.19 300.197
0.01 0.195 300.098
0.01 0.2 300
0.015 0 302.585
0.015 0.005 302.582
0.015 0.01 302.576
0.015 0.015 302.565
0.015 0.02 302.551
0.015 0.025 302.532
0.015 0.03 302.509
0.015 0.035 302.482
0.015 0.04 302.451
0.015 0.045 302.416
0.015 0.05 302.377
0.015 0.055 302.335
0.015 0.06 302.289
0.015 0.065 302.24
0.015 0.07 302.187
0.015 0.075 302.13
0.015 0.08 302.071
0.015 0.085 302.008
0.015 0.09 301.943
0.015 0.095 301.874
0.015 0.1 301.803
0.015 0.105 301.729
0.015 0.11 301.653
0.015 0.115 301.574
0.015 0.12 301.493
0.015 0.125 301.41
0.015 0.13 301.325
0.015 0.135 301.238
0.015 0.14 301.149
0.015 0.145 301.059
0.015 0.15 300.967
0.015 0.155 300.874
0.015 0.16 300.78
0.015 0.165 300.685
0.015 0.17 300.588
0.015 0.175 300.491
0.015 0.18 300.394
0.015 0.185 300.296
0.015 0.19 300.197
0.015 0.195 300.099
0.015 0.2 300
0.02 0 302.599
0.02 0.005 302.597
0.02 0.01 302.59
0.02 0.015 302.58
0.02 0.02 302.565
0.02 0.025 302.546
0.02 0.03 302.523
0.02 0.035 302.495
0.02 0.04 302.464
0.02 0.045 302.429
0.02 0.05 302.39
0.02 0.055 302.348
0.02 0.06 302.301
0.02 0.065 302.252
0.02 0.07 302.198
0.02 0.075 302.142
0.02 0.08 302.082
0.02 0.085 302.019
0.02 0.09 301.953
0.02 0.095 301.884
0.02 0.1 301.812
0.02 0.105 301.738
0.02 0.11 301.661
0.02 0.115 301.582
0.02 0.12 301.501
0.02 0.125 301.417
0.02 0.13 301.331
0.02 0.135 301.244
0.02 0.14 301.155
0.02 0.145 301.064
0.02 0.15 300.972
0.02 0.155 300.878
0.02 0.16 300.784
0.02 0.165 300.688
0.02 0.17 300.591
0.02 0.175 300.494
0.02 0.18 300.396
0.02 0.185 300.297
0.02 0.19 300.198
0.02 0.195 300.099
0.02 0.2 300
0.025 0 302.618
0.025 0.005 302.616
0.025 0.01 302.609
0.025 0.015 302.598
0.025 0.02 302.583
0.025 0.025 302.564
0.025 0.03 302.541
0.025 0.035 302.513
0.025 0.04 302.482
0.025 0.045 302.446
0.025 0.05 302.407
0.025 0.055 302.364
0.025 0.06 302.317
0.025 0.065 302.267
0.025 0.07 302.213
0.025 0.075 302.156
0.025 0.08 302.096
0.025 0.085 302.032
0.025 0.09 301.966
0.025 0.095 301.896
0.025 0.1 301.824
0.025 0.105 301.749
0.025 0.11 301.672
0.025 0.115 301.592
0.025 0.12 301.51
0.025 0.125 301.426
0.025 0.13 301.34
0.025 0.135 301.252
0.025 0.14 301.162
0.025 0.145 301.071
0.025 0.15 300.978
0.025 0.155 300.884
0.025 0.16 300.789
0.025 0.165 300.692
0.025 0.17 300.595
0.025 0.175 300.497
0.025 0.18 300.398
0.025 0.185 300.299
0.025 0.19 300.2
0.025 0.195 300.1
0.025 0.2 300
0.03 0 302.641
0.03 0.005 302.639
0.03 0.01 302.632
0.03 0.015 302.621
0.03 0.02 302.606
0.03 0.025 302.586
0.03 0.03 302.563
0.03 0.035 302.535
0.03 0.04 302.503
0.03 0.045 302.467
0.03 0.05 302.428
0.03 0.055 302.384
0.03 0.06 302.337
0.03 0.065 302.286
0.03 0.07 302.232
0.03 0.075 302.174
0.03 0.08 302.113
0.03 0.085 302.049
0.03 0.09 301.982
0.03 0.095 301.912
0.03 0.1 301.839
0.03 0.105 301.763
0.03 0.11 301.685
0.03 0.115 301.605
0.03 0.12 301.522
0.03 0.125 301.437
0.03 0.13 301.35
0.03 0.135 301.262
0.03 0.14 301.171
0.03 0.145 301.079
0.03 0.15 300.985
0.03 0.155 300.891
0.03 0.16 300.795
0.03 0.165 300.697
0.03 0.17 300.599
0.03 0.175 300.501
0.03 0.18 300.401
0.03 0.185 300.301
0.03 0.19 300.201
0.03 0.195 300.101
0.03 0.2 300
0.035 0 302.669
0.035 0.005 302.666
0.035 0.01 302.659
0.035 0.015 302.648
0.035 0.02 302.633
0.035 0.025 302.613
0.035 0.03 302.589
0.035 0.035 302.561
0.035 0.04 302.528
0.035 0.045 302.492
0.035 0.05 302.452
0.035 0.055 302.408
0.035 0.06 302.36
0.035 0.065 302.309
0.035 0.07 302.254
0.035 0.075 302.195
0.035 0.08 302.134
0.035 0.085 302.069
0.035 0.09 302.001
0.035 0.095 301.93
0.035 0.1 301.856
0.035 0.105 301.78
0.035 0.11 301.701
0.035 0.115 301.62
0.035 0.12 301.536
0.035 0.125 301.45
0.035 0.13 301.363
0.035 0.135 301.273
0.035 0.14 301.182
0.035 0.145 301.089
0.035 0.15 300.994
0.035 0.155 300.899
0.035 0.16 300.802
0.035 0.165 300.704
0.035 0.17 300.605
0.035 0.175 300.505
0.035 0.18 300.405
0.035 0.185 300.304
0.035 0.19 300.203
0.035 0.195 300.101
0.035 0.2 300
0.04 0 302.7
0.04 0.005 302.698
0.04 0.01 302.691
0.04 0.015 302.68
0.04 0.02 302.664
0.04 0.025 302.644
0.04 0.03 302.619
0.04 0.035 302.591
0.04 0.04 302.558
0.04 0.045 302.521
0.04 0.05 302.48
0.04 0.055 302.435
0.04 0.06 302.387
0.04 0.065 302.335
0.04 0.07 302.279
0.04 0.075 302.22
0.04 0.08 302.157
0.04 0.085 302.091
0.04 0.09 302.023
0.04 0.095 301.951
0.04 0.1 301.876
0.04 0.105 301.799
0.04 0.11 301.719
0.04 0.115 301.637
0.04 0.12 301.552
0.04 0.125 301.466
0.04 0.13 301.377
0.04 0.135 301.286
0.04 0.14 301.194
0.04 0.145 301.1
0.04 0.15 301.005
0.04 0.155 300.908
0.04 0.16 300.81
0.04 0.165 300.711
0.04 0.17 300.611
0.04 0.175 300.51
0.04 0.18 300.409
0.04 0.185 300.307
0.04 0.19 300.205
0.04 0.195 300.102
0.04 0.2 300
0.045 0 302.737
0.045 0.005 302.734
0.045 0.01 302.727
0.045 0.015 302.715
0.045 0.02 302.699
0.045 0.025 302.679
0.045 0.03 302.654
0.045 0.035 302.625
0.045 0.04 302.591
0.045 0.045 302.554
0.045 0.05 302.512
0.045 0.055 302.467
0.045 0.06 302.417
0.045 0.065 302.364
0.045 0.07 302.308
0.045 0.075 302.247
0.045 0.08 302.184
0.045 0.085 302.117
0.045 0.09 302.047
0.045 0.095 301.975
0.045 0.1 301.899
0.045 0.105 301.821
0.045 0.11 301.74
0.045 0.115 301.656
0.045 0.12 301.571
0.045 0.125 301.483
0.045 0.13 301.393
0.045 0.135 301.301
0.045 0.14 301.208
0.045 0.145 301.113
0.045 0.15 301.016
0.045 0.155 300.918
0.045 0.16 300.819
0.045 0.165 300.719
0.045 0.17 300.618
0.045 0.175 300.516
0.045 0.18 300.414
0.045 0.185 300.311
0.045 0.19 300.207
0.045 0.195 300.104
0.045 0.2 300
0.05 0 302.777
0.05 0.005 302.775
0.05 0.01 302.768
0.05 0.015 302.756
0.05 0.02 302.739
0.05 0.025 302.718
0.05 0.03 302.693
0.05 0.035 302.663
0.05 0.04 302.629
0.05 0.045 302.591
0.05 0.05 302.548
0.05 0.055 302.502
0.05 0.06 302.452
0.05 0.065 302.397
0.05 0.07 302.34
0.05 0.075 302.279
0.05 0.08 302.214
0.05 0.085 302.146
0.05 0.09 302.075
0.05 0.095 302.001
0.05 0.1 301.925
0.05 0.105 301.845
0.05 0.11 301.763
0.05 0.115 301.678
0.05 0.12 301.591
0.05 0.125 301.502
0.05 0.13 301.411
0.05 0.135 301.318
0.05 0.14 301.223
0.05 0.145 301.127
0.05 0.15 301.029
0.05 0.155 300.93
0.05 0.16 300.83
0.05 0.165 300.728
0.05 0.17 300.626
0.05 0.175 300.523
0.05 0.18 300.419
0.05 0.185 300.314
0.05 0.19 300.21
0.05 0.195 300.105
0.05 0.2 300
0.055 0 302.823
0.055 0.005 302.82
0.055 0.01 302.813
0.055 0.015 302.801
0.055 0.02 302.784
0.055 0.025 302.762
0.055 0.03 302.736
0.055 0.035 302.706
0.055 0.04 302.671
0.055 0.045 302.632
0.055 0.05 302.588
0.055 0.055 302.541
0.055 0.06 302.49
0.055 0.065 302.434
0.055 0.07 302.376
0.055 0.075 302.313
0.055 0.08 302.247
0.055 0.085 302.178
0.055 0.09 302.106
0.055 0.095 302.031
0.055 0.1 301.953
0.055 0.105 301.872
0.055 0.11 301.789
0.055 0.115 301.703
0.055 0.12 301.614
0.055 0.125 301.524
0.055 0.13 301.431
0.055 0.135 301.337
0.055 0.14 301.241
0.055 0.145 301.143
0.055 0.15 301.044
0.055 0.155 300.943
0.055 0.16 300.841
0.055 0.165 300.738
0.055 0.17 300.634
0.055 0.175 300.53
0.055 0.18 300.425
0.055 0.185 300.319
0.055 0.19 300.213
0.055 0.195 300.106
0.055 0.2 300
0.06 0 302.873
0.06 0.005 302.87
0.06 0.01 302.863
0.06 0.015 302.85
0.06 0.02 302.833
0.06 0.025 302.811
0.06 0.03 302.784
0.06 0.035 302.753
0.06 0.04 302.717
0.06 0.045 302.677
0.06 0.05 302.632
0.06 0.055 302.584
0.06 0.06 302.531
0.06 0.065 302.475
0.06 0.07 302.415
0.06 0.075 302.351
0.06 0.08 302.284
0.06 0.085 302.214
0.06 0.09 302.14
0.06 0.095 302.063
0.06 0.1 301.984
0.06 0.105 301.902
0.06 0.11 301.817
0.06 0.115 301.729
0.06 0.12 301.639
0.06 0.125 301.547
0.06 0.13 301.453
0.06 0.135 301.357
0.06 0.14 301.26
0.06 0.145 301.16
0.06 0.15 301.059
0.06 0.155 300.957
0.06 0.16 300.854
0.06 0.165 300.749
0.06 0.17 300.644
0.06 0.175 300.538
0.06 0.18 300.431
0.06 0.185 300.324
0.06 0.19 300.216
0.06 0.195 300.108
0.06 0.2 300
0.065 0 302.928
0.065 0.005 302.926
0.065 0.01 302.918
0.065 0.015 302.905
0.065 0.02 302.887
0.065 0.025 302.864
0.065 0.03 302.837
0.065 0.035 302.804
0.065 0.04 302.767
0.065 0.045 302.726
0.065 0.05 302.681
0.065 0.055 302.631
0.065 0.06 302.577
0.065 0.065 302.519
0.065 0.07 302.458
0.065 0.075 302.393
0.065 0.08 302.324
0.065 0.085 302.252
0.065 0.09 302.177
0.065 0.095 302.099
0.065 0.1 302.018
0.065 0.105 301.934
0.065 0.11 301.847
0.065 0.115 301.758
0.065 0.12 301.667
0.065 0.125 301.573
0.065 0.13 301.477
0.065 0.135 301.38
0.065 0.14 301.28
0.065 0.145 301.179
0.065 0.15 301.077
0.065 0.155 300.973
0.065 0.16 300.868
0.065 0.165 300.761
0.065 0.17 300.654
0.065 0.175 300.546
0.065 0.18 300.438
0.065 0.185 300.329
0.065 0.19 300.219
0.065 0.195 300.11
0.065 0.2 300
0.07 0 302.989
0.07 0.005 302.986
0.07 0.01 302.978
0.07 0.015 302.964
0.07 0.02 302.946
0.07 0.025 302.922
0.07 0.03 302.894
0.07 0.035 302.86
0.07 0.04 302.822
0.07 0.045 302.78
0.07 0.05 302.733
0.07 0.055 302.682
0.07 0.06 302.627
0.07 0.065 302.568
0.07 0.07 302.505
0.07 0.075 302.438
0.07 0.08 302.368
0.07 0.085 302.294
0.07 0.09 302.217
0.07 0.095 302.137
0.07 0.1 302.055
0.07 0.105 301.969
0.07 0.11 301.88
0.07 0.115 301.79
0.07 0.12 301.696
0.07 0.125 301.601
0.07 0.13 301.503
0.07 0.135 301.404
0.07 0.14 301.303
0.07 0.145 301.2
0.07 0.15 301.095
0.07 0.155 300.99
0.07 0.16 300.883
0.07 0.165 300.774
0.07 0.17 300.665
0.07 0.175 300.556
0.07 0.18 300.445
0.07 0.185 300.334
0.07 0.19 300.223
0.07 0.195 300.112
0.07 0.2 300
0.075 0 303.054
0.075 0.005 303.051
0.075 0.01 303.043
0.075 0.015 303.029
0.075 0.02 303.01
0.075 0.025 302.985
0.075 0.03 302.956
0.075 0.035 302.921
0.075 0.04 302.882
0.075 0.045 302.838
0.075 0.05 302.79
0.075 0.055 302.737
0.075 0.06 302.68
0.075 0.065 302.62
0.075 0.07 302.555
0.075 0.075 302.486
0.075 0.08 302.415
0.075 0.085 302.339
0.075 0.09 302.261
0.075 0.095 302.179
0.075 0.1 302.094
0.075 0.105 302.007
0.075 0.11 301.916
0.075 0.115 301.823
0.075 0.12 301.728
0.075 0.125 301.631
0.075 0.13 301.531
0.075 0.135 301.43
0.075 0.14 301.327
0.075 0.145 301.222
0.075 0.15 301.115
0.075 0.155 301.008
0.075 0.16 300.899
0.075 0.165 300.789
0.075 0.17 300.678
0.075 0.175 300.566
0.075 0.18 300.453
0.075 0.185 300.34
0.075 0.19 300.227
0.075 0.195 300.114
0.075 0.2 300
0.08 0 303.125
0.08 0.005 303.122
0.08 0.01 303.113
0.08 0.015 303.099
0.08 0.02 303.079
0.08 0.025 303.053
0.08 0.03 303.023
0.08 0.035 302.987
0.08 0.04 302.946
0.08 0.045 302.901
0.08 0.05 302.851
0.08 0.055 302.797
0.08 0.06 302.738
0.08 0.065 302.675
0.08 0.07 302.609
0.08 0.075 302.539
0.08 0.08 302.465
0.08 0.085 302.388
0.08 0.09 302.307
0.08 0.095 302.223
0.08 0.1 302.137
0.08 0.105 302.047
0.08 0.11 301.955
0.08 0.115 301.86
0.08 0.12 301.763
0.08 0.125 301.663
0.08 0.13 301.561
0.08 0.135 301.458
0.08 0.14 301.352
0.08 0.145 301.245
0.08 0.15 301.137
0.08 0.155 301.027
0.08 0.16 300.916
0.08 0.165 300.804
0.08 0.17 300.69
0.08 0.175 300.576
0.08 0.18 300.462
0.08 0.185 300.347
0.08 0.19 300.231
0.08 0.195 300.116
0.08 0.2 300
0.085 0 303.202
0.085 0.005 303.199
0.085 0.01 303.19
0.085 0.015 303.174
0.085 0.02 303.153
0.085 0.025 303.127
0.085 0.03 303.094
0.085 0.035 303.057
0.085 0.04 303.015
0.085 0.045 302.968
0.085 0.05 302.916
0.085 0.055 302.86
0.085 0.06 302.8
0.085 0.065 302.735
0.085 0.07 302.667
0.085 0.075 302.595
0.085 0.08 302.519
0.085 0.085 302.439
0.085 0.09 302.357
0.085 0.095 302.271
0.085 0.1 302.182
0.085 0.105 302.09
0.085 0.11 301.996
0.085 0.115 301.899
0.085 0.12 301.799
0.085 0.125 301.697
0.085 0.13 301.593
0.085 0.135 301.488
0.085 0.14 301.38
0.085 0.145 301.271
0.085 0.15 301.16
0.085 0.155 301.048
0.085 0.16 300.934
0.085 0.165 300.82
0.085 0.17 300.704
0.085 0.175 300.588
0.085 0.18 300.471
0.085 0.185 300.354
0.085 0.19 300.236
0.085 0.195 300.118
0.085 0.2 300
0.09 0 303.285
0.09 0.005 303.282
0.09 0.01 303.272
0.09 0.015 303.256
0.09 0.02 303.233
0.09 0.025 303.205
0.09 0.03 303.172
0.09 0.035 303.133
0.09 0.04 303.089
0.09 0.045 303.04
0.09 0.05 302.986
0.09 0.055 302.928
0.09 0.06 302.866
0.09 0.065 302.799
0.09 0.07 302.729
0.09 0.075 302.654
0.09 0.08 302.576
0.09 0.085 302.494
0.09 0.09 302.41
0.09 0.095 302.321
0.09 0.1 302.23
0.09 0.105 302.136
0.09 0.11 302.039
0.09 0.115 301.94
0.09 0.12 301.838
0.09 0.125 301.734
0.09 0.13 301.627
0.09 0.135 301.519
0.09 0.14 301.409
0.09 0.145 301.297
0.09 0.15 301.184
0.09 0.155 301.07
0.09 0.16 300.954
0.09 0.165 300.837
0.09 0.17 300.719
0.09 0.175 300.6
0.09 0.18 300.481
0.09 0.185 300.361
0.09 0.19 300.241
0.09 0.195 300.12
0.09 0.2 300
0.095 0 303.375
0.095 0.005 303.371
0.095 0.01 303.36
0.095 0.015 303.343
0.095 0.02 303.319
0.095 0.025 303.29
0.095 0.03 303.254
0.095 0.035 303.213
0.095 0.04 303.167
0.095 0.045 303.116
0.095 0.05 303.061
0.095 0.055 303
0.095 0.06 302.936
0.095 0.065 302.867
0.095 0.07 302.794
0.095 0.075 302.717
0.095 0.08 302.637
0.095 0.085 302.553
0.095 0.09 302.466
0.095 0.095 302.375
0.095 0.1 302.281
0.095 0.105 302.185
0.095 0.11 302.085
0.095 0.115 301.983
0.095 0.12 301.879
0.095 0.125 301.772
0.095 0.13 301.664
0.095 0.135 301.553
0.095 0.14 301.44
0.095 0.145 301.326
0.095 0.15 301.21
0.095 0.155 301.093
0.095 0.16 300.974
0.095 0.165 300.855
0.095 0.17 300.734
0.095 0.175 300.613
0.095 0.18 300.491
0.095 0.185 300.369
0.095 0.19 300.246
0.095 0.195 300.123
0.095 0.2 300
0.1 0 303.473
0.1 0.005 303.468
0.1 0.01 303.456
0.1 0.015 303.437
0.1 0.02 303.411
0.1 0.025 303.379
0.1 0.03 303.342
0.1 0.035 303.299
0.1 0.04 303.251
0.1 0.045 303.198
0.1 0.05 303.14
0.1 0.055 303.077
0.1 0.06 303.01
0.1 0.065 302.939
0.1 0.07 302.864
0.1 0.075 302.785
0.1 0.08 302.702
0.1 0.085 302.615
0.1 0.09 302.525
0.1 0.095 302.432
0.1 0.1 302.336
0.1 0.105 302.236
0.1 0.11 302.134
0.1 0.115 302.03
0.1 0.12 301.923
0.1 0.125 301.813
0.1 0.13 301.702
0.1 0.135 301.588
0.1 0.14 301.473
0.1 0.145 301.356
0.1 0.15 301.237
0.1 0.155 301.117
0.1 0.16 300.996
0.1 0.165 300.874
0.1 0.17 300.751
0.1 0.175 300.627
0.1 0.18 300.502
0.1 0.185 300.377
0.1 0.19 300.251
0.1 0.195 300.126
0.1 0.2 300
0.105 0 303.58
0.105 0.005 303.573
0.105 0.01 303.559
0.105 0.015 303.537
0.105 0.02 303.509
0.105 0.025 303.475
0.105 0.03 303.435
0.105 0.035 303.39
0.105 0.04 303.339
0.105 0.045 303.284
0.105 0.05 303.224
0.105 0.055 303.158
0.105 0.06 303.089
0.105 0.065 303.015
0.105 0.07 302.937
0.105 0.075 302.855
0.105 0.08 302.77
0.105 0.085 302.68
0.105 0.09 302.588
0.105 0.095 302.492
0.105 0.1 302.393
0.105 0.105 302.291
0.105 0.11 302.186
0.105 0.115 302.078
0.105 0.12 301.969
0.105 0.125 301.856
0.105 0.13 301.742
0.105 0.135 301.626
0.105 0.14 301.507
0.105 0.145 301.387
0.105 0.15 301.266
0.105 0.155 301.143
0.105 0.16 301.019
0.105 0.165 300.894
0.105 0.17 300.768
0.105 0.175 300.641
0.105 0.18 300.513
0.105 0.185 300.385
0.105 0.19 300.257
0.105 0.195 300.129
0.105 0.2 300
0.11 0 303.695
0.11 0.005 303.685
0.11 0.01 303.668
0.11 0.015 303.644
0.11 0.02 303.613
0.11 0.025 303.576
0.11 0.03 303.534
0.11 0.035 303.486
0.11 0.04 303.433
0.11 0.045 303.375
0.11 0.05 303.312
0.11 0.055 303.244
0.11 0.06 303.172
0.11 0.065 303.095
0.11 0.07 303.015
0.11 0.075 302.93
0.11 0.08 302.842
0.11 0.085 302.749
0.11 0.09 302.654
0.11 0.095 302.555
0.11 0.1 302.453
0.11 0.105 302.348
0.11 0.11 302.24
0.11 0.115 302.13
0.11 0.12 302.017
0.11 0.125 301.902
0.11 0.13 301.784
0.11 0.135 301.665
0.11 0.14 301.544
0.11 0.145 301.421
0.11 0.15 301.296
0.11 0.155 301.17
0.11 0.16 301.043
0.11 0.165 300.915
0.11 0.17 300.786
0.11 0.175 300.656
0.11 0.18 300.526
0.11 0.185 300.395
0.11 0.19 300.263
0.11 0.195 300.132
0.11 0.2 300
0.115 0 303.815
0.115 0.005 303.803
0.115 0.01 303.783
0.115 0.015 303.756
0.115 0.02 303.723
0.115 0.025 303.683
0.115 0.03 303.638
0.115 0.035 303.588
0.115 0.04 303.532
0.115 0.045 303.471
0.115 0.05 303.405
0.115 0.055 303.335
0.115 0.06 303.259
0.115 0.065 303.18
0.115 0.07 303.096
0.115 0.075 303.009
0.115 0.08 302.917
0.115 0.085 302.822
0.115 0.09 302.723
0.115 0.095 302.621
0.115 0.1 302.516
0.115 0.105 302.408
0.115 0.11 302.297
0.115 0.115 302.184
0.115 0.12 302.068
0.115 0.125 301.949
0.115 0.13 301.829
0.115 0.135 301.706
0.115 0.14 301.582
0.115 0.145 301.456
0.115 0.15 301.328
0.115 0.155 301.199
0.115 0.16 301.069
0.115 0.165 300.937
0.115 0.17 300.805
0.115 0.175 300.672
0.115 0.18 300.538
0.115 0.185 300.404
0.115 0.19 300.269
0.115 0.195 300.135
0.115 0.2 300
0.12 0 303.942
0.12 0.005 303.928
0.12 0.01 303.905
0.12 0.015 303.875
0.12 0.02 303.838
0.12 0.025 303.796
0.12 0.03 303.748
0.12 0.035 303.695
0.12 0.04 303.636
0.12 0.045 303.572
0.12 0.05 303.503
0.12 0.055 303.43
0.12 0.06 303.351
0.12 0.065 303.269
0.12 0.07 303.182
0.12 0.075 303.091
0.12 0.08 302.996
0.12 0.085 302.898
0.12 0.09 302.796
0.12 0.095 302.691
0.12 0.1 302.583
0.12 0.105 302.471
0.12 0.11 302.357
0.12 0.115 302.24
0.12 0.12 302.121
0.12 0.125 301.999
0.12 0.13 301.875
0.12 0.135 301.749
0.12 0.14 301.622
0.12 0.145 301.492
0.12 0.15 301.361
0.12 0.155 301.229
0.12 0.16 301.095
0.12 0.165 300.96
0.12 0.17 300.825
0.12 0.175 300.688
0.12 0.18 300.551
0.12 0.185 300.414
0.12 0.19 300.276
0.12 0.195 300.138
0.12 0.2 300
0.125 0 304.075
0.125 0.005 304.058
0.125 0.01 304.032
0.125 0.015 303.999
0.125 0.02 303.96
0.125 0.025 303.915
0.125 0.03 303.864
0.125 0.035 303.807
0.125 0.04 303.745
0.125 0.045 303.678
0.125 0.05 303.606
0.125 0.055 303.529
0.125 0.06 303.448
0.125 0.065 303.362
0.125 0.07 303.272
0.125 0.075 303.178
0.125 0.08 303.08
0.125 0.085 302.978
0.125 0.09 302.873
0.125 0.095 302.764
0.125 0.1 302.652
0.125 0.105 302.537
0.125 0.11 302.42
0.125 0.115 302.299
0.125 0.12 302.176
0.125 0.125 302.051
0.125 0.13 301.924
0.125 0.135 301.794
0.125 0.14 301.663
0.125 0.145 301.53
0.125 0.15 301.396
0.125 0.155 301.26
0.125 0.16 301.123
0.125 0.165 300.985
0.125 0.17 300.846
0.125 0.175 300.706
0.125 0.18 300.565
0.125 0.185 300.424
0.125 0.19 300.283
0.125 0.195 300.141
0.125 0.2 300
0.13 0 304.214
0.13 0.005 304.195
0.13 0.01 304.166
0.13 0.015 304.13
0.13 0.02 304.087
0.13 0.025 304.039
0.13 0.03 303.985
0.13 0.035 303.925
0.13 0.04 303.86
0.13 0.045 303.789
0.13 0.05 303.714
0.13 0.055 303.633
0.13 0.06 303.549
0.13 0.065 303.459
0.13 0.07 303.366
0.13 0.075 303.268
0.13 0.08 303.166
0.13 0.085 303.061
0.13 0.09 302.952
0.13 0.095 302.84
0.13 0.1 302.725
0.13 0.105 302.606
0.13 0.11 302.485
0.13 0.115 302.361
0.13 0.12 302.234
0.13 0.125 302.106
0.13 0.13 301.975
0.13 0.135 301.841
0.13 0.14 301.707
0.13 0.145 301.57
0.13 0.15 301.432
0.13 0.155 301.292
0.13 0.16 301.152
0.13 0.165 301.01
0.13 0.17 300.867
0.13 0.175 300.724
0.13 0.18 300.58
0.13 0.185 300.435
0.13 0.19 300.29
0.13 0.195 300.145
0.13 0.2 300
0.135 0 304.359
0.135 0.005 304.338
0.135 0.01 304.306
0.135 0.015 304.266
0.135 0.02 304.221
0.135 0.025 304.169
0.135 0.03 304.111
0.135 0.035 304.048
0.135 0.04 303.979
0.135 0.045 303.905
0.135 0.05 303.826
0.135 0.055 303.742
0.135 0.06 303.654
0.135 0.065 303.561
0.135 0.07 303.464
0.135 0.075 303.362
0.135 0.08 303.257
0.135 0.085 303.148
0.135 0.09 303.035
0.135 0.095 302.919
0.135 0.1 302.8
0.135 0.105 302.678
0.135 0.11 302.553
0.135 0.115 302.425
0.135 0.12 302.295
0.135 0.125 302.162
0.135 0.13 302.027
0.135 0.135 301.891
0.135 0.14 301.752
0.135 0.145 301.611
0.135 0.15 301.47
0.135 0.155 301.326
0.135 0.16 301.182
0.135 0.165 301.036
0.135 0.17 300.89
0.135 0.175 300.742
0.135 0.18 300.595
0.135 0.185 300.446
0.135 0.19 300.298
0.135 0.195 300.149
0.135 0.2 300
0.14 0 304.51
0.14 0.005 304.486
0.14 0.01 304.451
0.14 0.015 304.409
0.14 0.02 304.36
0.14 0.025 304.304
0.14 0.03 304.243
0.14 0.035 304.176
0.14 0.04 304.104
0.14 0.045 304.026
0.14 0.05 303.944
0.14 0.055 303.856
0.14 0.06 303.764
0.14 0.065 303.667
0.14 0.07 303.566
0.14 0.075 303.461
0.14 0.08 303.352
0.14 0.085 303.239
0.14 0.09 303.122
0.14 0.095 303.002
0.14 0.1 302.879
0.14 0.105 302.753
0.14 0.11 302.624
0.14 0.115 302.492
0.14 0.12 302.358
0.14 0.125 302.221
0.14 0.13 302.082
0.14 0.135 301.942
0.14 0.14 301.799
0.14 0.145 301.655
0.14 0.15 301.509
0.14 0.155 301.361
0.14 0.16 301.213
0.14 0.165 301.063
0.14 0.17 300.913
0.14 0.175 300.762
0.14 0.18 300.61
0.14 0.185 300.458
0.14 0.19 300.305
0.14 0.195 300.153
0.14 0.2 300
0.145 0 304.667
0.145 0.005 304.641
0.145 0.01 304.603
0.145 0.015 304.557
0.145 0.02 304.505
0.145 0.025 304.446
0.145 0.03 304.381
0.145 0.035 304.31
0.145 0.04 304.234
0.145 0.045 304.153
0.145 0.05 304.066
0.145 0.055 303.975
0.145 0.06 303.879
0.145 0.065 303.778
0.145 0.07 303.673
0.145 0.075 303.563
0.145 0.08 303.45
0.145 0.085 303.333
0.145 0.09 303.212
0.145 0.095 303.088
0.145 0.1 302.961
0.145 0.105 302.831
0.145 0.11 302.698
0.145 0.115 302.562
0.145 0.12 302.423
0.145 0.125 302.282
0.145 0.13 302.139
0.145 0.135 301.995
0.145 0.14 301.848
0.145 0.145 301.699
0.145 0.15 301.549
0.145 0.155 301.398
0.145 0.16 301.245
0.145 0.165 301.092
0.145 0.17 300.937
0.145 0.175 300.782
0.145 0.18 300.626
0.145 0.185 300.47
0.145 0.19 300.313
0.145 0.195 300.157
0.145 0.2 300
0.15 0 304.83
0.15 0.005 304.802
0.15 0.01 304.761
0.15 0.015 304.712
0.15 0.02 304.656
0.15 0.025 304.593
0.15 0.03 304.524
0.15 0.035 304.45
0.15 0.04 304.37
0.15 0.045 304.284
0.15 0.05 304.194
0.15 0.055 304.098
0.15 0.06 303.998
0.15 0.065 303.893
0.15 0.07 303.784
0.15 0.075 303.67
0.15 0.08 303.552
0.15 0.085 303.431
0.15 0.09 303.306
0.15 0.095 303.178
0.15 0.1 303.046
0.15 0.105 302.912
0.15 0.11 302.774
0.15 0.115 302.634
0.15 0.12 302.491
0.15 0.125 302.346
0.15 0.13 302.199
0.15 0.135 302.049
0.15 0.14 301.898
0.15 0.145 301.746
0.15 0.15 301.591
0.15 0.155 301.436
0.15 0.16 301.279
0.15 0.165 301.121
0.15 0.17 300.962
0.15 0.175 300.803
0.15 0.18 300.643
0.15 0.185 300.483
0.15 0.19 300.322
0.15 0.195 300.161
0.15 0.2 300
0.155 0 304.998
0.155 0.005 304.969
0.155 0.01 304.925
0.155 0.015 304.872
0.155 0.02 304.813
0.155 0.025 304.746
0.155 0.03 304.673
0.155 0.035 304.595
0.155 0.04 304.511
0.155 0.045 304.421
0.155 0.05 304.326
0.155 0.055 304.226
0.155 0.06 304.122
0.155 0.065 304.012
0.155 0.07 303.899
0.155 0.075 303.781
0.155 0.08 303.659
0.155 0.085 303.533
0.155 0.09 303.404
0.155 0.095 303.271
0.155 0.1 303.135
0.155 0.105 302.995
0.155 0.11 302.853
0.155 0.115 302.709
0.155 0.12 302.561
0.155 0.125 302.412
0.155 0.13 302.26
0.155 0.135 302.106
0.155 0.14 301.951
0.155 0.145 301.794
0.155 0.15 301.635
0.155 0.155 301.475
0.155 0.16 301.314
0.155 0.165 301.152
0.155 0.17 300.988
0.155 0.175 300.825
0.155 0.18 300.66
0.155 0.185 300.495
0.155 0.19 300.33
0.155 0.195 300.165
0.155 0.2 300
0.16 0 305.173
0.16 0.005 305.142
0.16 0.01 305.095
0.16 0.015 305.039
0.16 0.02 304.975
0.16 0.025 304.905
0.16 0.03 304.828
0.16 0.035 304.746
0.16 0.04 304.657
0.16 0.045 304.563
0.16 0.05 304.464
0.16 0.055 304.36
0.16 0.06 304.25
0.16 0.065 304.137
0.16 0.07 304.018
0.16 0.075 303.896
0.16 0.08 303.769
0.16 0.085 303.639
0.16 0.09 303.505
0.16 0.095 303.367
0.16 0.1 303.226
0.16 0.105 303.082
0.16 0.11 302.936
0.16 0.115 302.786
0.16 0.12 302.634
0.16 0.125 302.48
0.16 0.13 302.324
0.16 0.135 302.165
0.16 0.14 302.005
0.16 0.145 301.843
0.16 0.15 301.68
0.16 0.155 301.515
0.16 0.16 301.35
0.16 0.165 301.183
0.16 0.17 301.015
0.16 0.175 300.847
0.16 0.18 300.678
0.16 0.185 300.509
0.16 0.19 300.339
0.16 0.195 300.17
0.16 0.2 300
0.165 0 305.354
0.165 0.005 305.321
0.165 0.01 305.271
0.165 0.015 305.212
0.165 0.02 305.144
0.165 0.025 305.07
0.165 0.03 304.989
0.165 0.035 304.902
0.165 0.04 304.809
0.165 0.045 304.711
0.165 0.05 304.607
0.165 0.055 304.498
0.165 0.06 304.384
0.165 0.065 304.265
0.165 0.07 304.142
0.165 0.075 304.015
0.165 0.08 303.883
0.165 0.085 303.748
0.165 0.09 303.609
0.165 0.095 303.467
0.165 0.1 303.321
0.165 0.105 303.172
0.165 0.11 303.021
0.165 0.115 302.866
0.165 0.12 302.71
0.165 0.125 302.551
0.165 0.13 302.389
0.165 0.135 302.226
0.165 0.14 302.061
0.165 0.145 301.895
0.165 0.15 301.727
0.165 0.155 301.557
0.165 0.16 301.387
0.165 0.165 301.215
0.165 0.17 301.043
0.165 0.175 300.87
0.165 0.18 300.697
0.165 0.185 300.523
0.165 0.19 300.349
0.165 0.195 300.174
0.165 0.2 300
0.17 0 305.541
0.17 0.005 305.506
0.17 0.01 305.454
0.17 0.015 305.391
0.17 0.02 305.319
0.17 0.025 305.241
0.17 0.03 305.156
0.17 0.035 305.064
0.17 0.04 304.967
0.17 0.045 304.863
0.17 0.05 304.755
0.17 0.055 304.641
0.17 0.06 304.522
0.17 0.065 304.399
0.17 0.07 304.27
0.17 0.075 304.138
0.17 0.08 304.002
0.17 0.085 303.861
0.17 0.09 303.717
0.17 0.095 303.57
0.17 0.1 303.419
0.17 0.105 303.265
0.17 0.11 303.109
0.17 0.115 302.949
0.17 0.12 302.787
0.17 0.125 302.623
0.17 0.13 302.457
0.17 0.135 302.289
0.17 0.14 302.119
0.17 0.145 301.948
0.17 0.15 301.775
0.17 0.155 301.6
0.17 0.16 301.425
0.17 0.165 301.249
0.17 0.17 301.072
0.17 0.175 300.894
0.17 0.18 300.716
0.17 0.185 300.537
0.17 0.19 300.358
0.17 0.195 300.179
0.17 0.2 300
0.175 0 305.735
0.175 0.005 305.698
0.175 0.01 305.643
0.175 0.015 305.576
0.175 0.02 305.501
0.175 0.025 305.418
0.175 0.03 305.328
0.175 0.035 305.232
0.175 0.04 305.13
0.175 0.045 305.022
0.175 0.05 304.908
0.175 0.055 304.789
0.175 0.06 304.665
0.175 0.065 304.537
0.175 0.07 304.403
0.175 0.075 304.266
0.175 0.08 304.124
0.175 0.085 303.978
0.175 0.09 303.829
0.175 0.095 303.676
0.175 0.1 303.52
0.175 0.105 303.361
0.175 0.11 303.199
0.175 0.115 303.035
0.175 0.12 302.868
0.175 0.125 302.698
0.175 0.13 302.527
0.175 0.135 302.354
0.175 0.14 302.179
0.175 0.145 302.002
0.175 0.15 301.824
0.175 0.155 301.645
0.175 0.16 301.464
0.175 0.165 301.283
0.175 0.17 301.101
0.175 0.175 300.918
0.175 0.18 300.735
0.175 0.185 300.552
0.175 0.19 300.368
0.175 0.195 300.184
0.175 0.2 300
0.18 0 305.935
0.18 0.005 305.897
0.18 0.01 305.838
0.18 0.015 305.768
0.18 0.02 305.688
0.18 0.025 305.601
0.18 0.03 305.507
0.18 0.035 305.406
0.18 0.04 305.299
0.18 0.045 305.185
0.18 0.05 305.067
0.18 0.055 304.943
0.18 0.06 304.813
0.18 0.065 304.679
0.18 0.07 304.541
0.18 0.075 304.398
0.18 0.08 304.25
0.18 0.085 304.099
0.18 0.09 303.944
0.18 0.095 303.786
0.18 0.1 303.625
0.18 0.105 303.46
0.18 0.11 303.293
0.18 0.115 303.123
0.18 0.12 302.95
0.18 0.125 302.776
0.18 0.13 302.599
0.18 0.135 302.42
0.18 0.14 302.24
0.18 0.145 302.058
0.18 0.15 301.875
0.18 0.155 301.691
0.18 0.16 301.505
0.18 0.165 301.319
0.18 0.17 301.131
0.18 0.175 300.944
0.18 0.18 300.755
0.18 0.185 300.567
0.18 0.19 300.378
0.18 0.195 300.189
0.18 0.2 300
0.185 0 306.141
0.185 0.005 306.102
0.185 0.01 306.04
0.185 0.015 305.966
0.185 0.02 305.882
0.185 0.025 305.791
0.185 0.03 305.692
0.185 0.035 305.586
0.185 0.04 305.473
0.185 0.045 305.355
0.185 0.05 305.231
0.185 0.055 305.101
0.185 0.06 304.966
0.185 0.065 304.827
0.185 0.07 304.682
0.185 0.075 304.534
0.185 0.08 304.381
0.185 0.085 304.224
0.185 0.09 304.064
0.185 0.095 303.9
0.185 0.1 303.732
0.185 0.105 303.562
0.185 0.11 303.389
0.185 0.115 303.214
0.185 0.12 303.036
0.185 0.125 302.855
0.185 0.13 302.673
0.185 0.135 302.489
0.185 0.14 302.303
0.185 0.145 302.116
0.185 0.15 301.927
0.185 0.155 301.738
0.185 0.16 301.547
0.185 0.165 301.355
0.185 0.17 301.162
0.185 0.175 300.969
0.185 0.18 300.776
0.185 0.185 300.582
0.185 0.19 300.388
0.185 0.195 300.194
0.185 0.2 300
0.19 0 306.355
0.19 0.005 306.313
0.19 0.01 306.249
0.19 0.015 306.171
0.19 0.02 306.083
0.19 0.025 305.987
0.19 0.03 305.883
0.19 0.035 305.772
0.19 0.04 305.654
0.19 0.045 305.53
0.19 0.05 305.4
0.19 0.055 305.265
0.19 0.06 305.125
0.19 0.065 304.979
0.19 0.07 304.829
0.19 0.075 304.674
0.19 0.08 304.515
0.19 0.085 304.353
0.19 0.09 304.186
0.19 0.095 304.016
0.19 0.1 303.843
0.19 0.105 303.667
0.19 0.11 303.488
0.19 0.115 303.307
0.19 0.12 303.123
0.19 0.125 302.937
0.19 0.13 302.749
0.19 0.135 302.56
0.19 0.14 302.368
0.19 0.145 302.175
0.19 0.15 301.981
0.19 0.155 301.786
0.19 0.16 301.589
0.19 0.165 301.392
0.19 0.17 301.194
0.19 0.175 300.996
0.19 0.18 300.797
0.19 0.185 300.598
0.19 0.19 300.399
0.19 0.195 300.199
0.19 0.2 300
0.195 0 306.575
0.195 0.005 306.532
0.195 0.01 306.464
0.195 0.015 306.383
0.195 0.02 306.291
0.195 0.025 306.189
0.195 0.03 306.08
0.195 0.035 305.964
0.195 0.04 305.841
0.195 0.045 305.711
0.195 0.05 305.576
0.195 0.055 305.434
0.195 0.06 305.288
0.195 0.065 305.136
0.195 0.07 304.98
0.195 0.075 304.819
0.195 0.08 304.654
0.195 0.085 304.485
0.195 0.09 304.313
0.195 0.095 304.137
0.195 0.1 303.958
0.195 0.105 303.775
0.195 0.11 303.59
0.195 0.115 303.403
0.195 0.12 303.213
0.195 0.125 303.021
0.195 0.13 302.827
0.195 0.135 302.632
0.195 0.14 302.435
0.195 0.145 302.236
0.195 0.15 302.036
0.195 0.155 301.835
0.195 0.16 301.633
0.195 0.165 301.43
0.195 0.17 301.227
0.195 0.175 301.023
0.195 0.18 300.819
0.195 0.185 300.614
0.195 0.19 300.409
0.195 0.195 300.205
0.195 0.2 300
0.2 0 306.802
0.2 0.005 306.757
0.2 0.01 306.687
0.2 0.015 306.601
0.2 0.02 306.505
0.2 0.025 306.399
0.2 0.03 306.284
0.2 0.035 306.162
0.2 0.04 306.033
0.2 0.045 305.898
0.2 0.05 305.756
0.2 0.055 305.609
0.2 0.06 305.456
0.2 0.065 305.298
0.2 0.07 305.136
0.2 0.075 304.968
0.2 0.08 304.797
0.2 0.085 304.622
0.2 0.09 304.443
0.2 0.095 304.26
0.2 0.1 304.075
0.2 0.105 303.886
0.2 0.11 303.695
0.2 0.115 303.502
0.2 0.12 303.306
0.2 0.125 303.108
0.2 0.13 302.908
0.2 0.135 302.706
0.2 0.14 302.503
0.2 0.145 302.298
0.2 0.15 302.093
0.2 0.155 301.886
0.2 0.16 301.678
0.2 0.165 301.47
0.2 0.17 301.261
0.2 0.175 301.051
0.2 0.18 300.841
0.2 0.185 300.631
0.2 0.19 300.42
0.2 0.195 300.21
0.2 0.2 300
0.205 0 307.036
0.205 0.005 306.99
0.205 0.01 306.917
0.205 0.015 306.827
0.205 0.02 306.726
0.205 0.025 306.615
0.205 0.03 306.495
0.205 0.035 306.367
0.205 0.04 306.232
0.205 0.045 306.091
0.205 0.05 305.943
0.205 0.055 305.789
0.205 0.06 305.63
0.205 0.065 305.465
0.205 0.07 305.296
0.205 0.075 305.122
0.205 0.08 304.944
0.205 0.085 304.762
0.205 0.09 304.577
0.205 0.095 304.388
0.205 0.1 304.195
0.205 0.105 304
0.205 0.11 303.803
0.205 0.115 303.603
0.205 0.12 303.4
0.205 0.125 303.196
0.205 0.13 302.99
0.205 0.135 302.782
0.205 0.14 302.573
0.205 0.145 302.362
0.205 0.15 302.15
0.205 0.155 301.938
0.205 0.16 301.724
0.205 0.165 301.51
0.205 0.17 301.295
0.205 0.175 301.079
0.205 0.18 300.864
0.205 0.185 300.648
0.205 0.19 300.432
0.205 0.195 300.216
0.205 0.2 300
0.21 0 307.277
0.21 0.005 307.23
0.21 0.01 307.154
0.21 0.015 307.06
0.21 0.02 306.954
0.21 0.025 306.838
0.21 0.03 306.712
0.21 0.035 306.578
0.21 0.04 306.437
0.21 0.045 306.289
0.21 0.05 306.135
0.21 0.055 305.974
0.21 0.06 305.808
0.21 0.065 305.637
0.21 0.07 305.461
0.21 0.075 305.28
0.21 0.08 305.095
0.21 0.085 304.906
0.21 0.09 304.714
0.21 0.095 304.518
0.21 0.1 304.319
0.21 0.105 304.117
0.21 0.11 303.913
0.21 0.115 303.706
0.21 0.12 303.497
0.21 0.125 303.286
0.21 0.13 303.074
0.21 0.135 302.86
0.21 0.14 302.644
0.21 0.145 302.427
0.21 0.15 302.209
0.21 0.155 301.99
0.21 0.16 301.771
0.21 0.165 301.55
0.21 0.17 301.33
0.21 0.175 301.108
0.21 0.18 300.887
0.21 0.185 300.665
0.21 0.19 300.443
0.21 0.195 300.222
0.21 0.2 300
0.215 0 307.526
0.215 0.005 307.478
0.215 0.01 307.398
0.215 0.015 307.3
0.215 0.02 307.189
0.215 0.025 307.068
0.215 0.03 306.936
0.215 0.035 306.796
0.215 0.04 306.649
0.215 0.045 306.494
0.215 0.05 306.333
0.215 0.055 306.166
0.215 0.06 305.992
0.215 0.065 305.814
0.215 0.07 305.631
0.215 0.075 305.443
0.215 0.08 305.251
0.215 0.085 305.055
0.215 0.09 304.855
0.215 0.095 304.652
0.215 0.1 304.446
0.215 0.105 304.237
0.215 0.11 304.026
0.215 0.115 303.812
0.215 0.12 303.597
0.215 0.125 303.379
0.215 0.13 303.16
0.215 0.135 302.939
0.215 0.14 302.717
0.215 0.145 302.494
0.215 0.15 302.27
0.215 0.155 302.044
0.215 0.16 301.819
0.215 0.165 301.592
0.215 0.17 301.365
0.215 0.175 301.138
0.215 0.18 300.91
0.215 0.185 300.683
0.215 0.19 300.455
0.215 0.195 300.227
0.215 0.2 300
0.22 0 307.782
0.22 0.005 307.733
0.22 0.01 307.65
0.22 0.015 307.548
0.22 0.02 307.432
0.22 0.025 307.305
0.22 0.03 307.167
0.22 0.035 307.021
0.22 0.04 306.867
0.22 0.045 306.705
0.22 0.05 306.537
0.22 0.055 306.362
0.22 0.06 306.182
0.22 0.065 305.996
0.22 0.07 305.805
0.22 0.075 305.61
0.22 0.08 305.41
0.22 0.085 305.207
0.22 0.09 304.999
0.22 0.095 304.789
0.22 0.1 304.576
0.22 0.105 304.36
0.22 0.11 304.141
0.22 0.115 303.921
0.22 0.12 303.698
0.22 0.125 303.474
0.22 0.13 303.248
0.22 0.135 303.02
0.22 0.14 302.791
0.22 0.145 302.562
0.22 0.15 302.331
0.22 0.155 302.099
0.22 0.16 301.867
0.22 0.165 301.635
0.22 0.17 301.401
0.22 0.175 301.168
0.22 0.18 300.934
0.22 0.185 300.701
0.22 0.19 300.467
0.22 0.195 300.233
0.22 0.2 300
0.225 0 308.045
0.225 0.005 307.995
0.225 0.01 307.91
0.225 0.015 307.804
0.225 0.02 307.682
0.225 0.025 307.549
0.225 0.03 307.405
0.225 0.035 307.253
0.225 0.04 307.091
0.225 0.045 306.923
0.225 0.05 306.747
0.225 0.055 306.565
0.225 0.06 306.376
0.225 0.065 306.183
0.225 0.07 305.984
0.225 0.075 305.781
0.225 0.08 305.574
0.225 0.085 305.362
0.225 0.09 305.148
0.225 0.095 304.93
0.225 0.1 304.709
0.225 0.105 304.485
0.225 0.11 304.259
0.225 0.115 304.031
0.225 0.12 303.802
0.225 0.125 303.57
0.225 0.13 303.337
0.225 0.135 303.103
0.225 0.14 302.867
0.225 0.145 302.631
0.225 0.15 302.393
0.225 0.155 302.155
0.225 0.16 301.917
0.225 0.165 301.678
0.225 0.17 301.438
0.225 0.175 301.199
0.225 0.18 300.959
0.225 0.185 300.719
0.225 0.19 300.479
0.225 0.195 300.239
0.225 0.2 300
0.23 0 308.317
0.23 0.005 308.266
0.23 0.01 308.177
0.23 0.015 308.067
0.23 0.02 307.94
0.23 0.025 307.801
0.23 0.03 307.651
0.23 0.035 307.491
0.23 0.04 307.322
0.23 0.045 307.146
0.23 0.05 306.963
0.23 0.055 306.772
0.23 0.06 306.576
0.23 0.065 306.375
0.23 0.07 306.168
0.23 0.075 305.957
0.23 0.08 305.741
0.23 0.085 305.522
0.23 0.09 305.299
0.23 0.095 305.073
0.23 0.1 304.844
0.23 0.105 304.613
0.23 0.11 304.38
0.23 0.115 304.144
0.23 0.12 303.907
0.23 0.125 303.668
0.23 0.13 303.428
0.23 0.135 303.187
0.23 0.14 302.944
0.23 0.145 302.701
0.23 0.15 302.457
0.23 0.155 302.212
0.23 0.16 301.967
0.23 0.165 301.722
0.23 0.17 301.476
0.23 0.175 301.23
0.23 0.18 300.984
0.23 0.185 300.737
0.23 0.19 300.491
0.23 0.195 300.246
0.23 0.2 300
0.235 0 308.596
0.235 0.005 308.544
0.235 0.01 308.452
0.235 0.015 308.338
0.235 0.02 308.206
0.235 0.025 308.06
0.235 0.03 307.903
0.235 0.035 307.736
0.235 0.04 307.56
0.235 0.045 307.376
0.235 0.05 307.184
0.235 0.055 306.986
0.235 0.06 306.782
0.235 0.065 306.572
0.235 0.07 306.356
0.235 0.075 306.137
0.235 0.08 305.913
0.235 0.085 305.685
0.235 0.09 305.454
0.235 0.095 305.22
0.235 0.1 304.983
0.235 0.105 304.744
0.235 0.11 304.503
0.235 0.115 304.259
0.235 0.12 304.015
0.235 0.125 303.768
0.235 0.13 303.521
0.235 0.135 303.272
0.235 0.14 303.023
0.235 0.145 302.772
0.235 0.15 302.521
0.235 0.155 302.27
0.235 0.16 302.018
0.235 0.165 301.766
0.235 0.17 301.514
0.235 0.175 301.261
0.235 0.18 301.009
0.235 0.185 300.756
0.235 0.19 300.504
0.235 0.195 300.252
0.235 0.2 300
0.24 0 308.883
0.24 0.005 308.83
0.24 0.01 308.736
0.24 0.015 308.616
0.24 0.02 308.479
0.24 0.025 308.327
0.24 0.03 308.163
0.24 0.035 307.989
0.24 0.04 307.805
0.24 0.045 307.612
0.24 0.05 307.412
0.24 0.055 307.205
0.24 0.06 306.992
0.24 0.065 306.773
0.24 0.07 306.549
0.24 0.075 306.321
0.24 0.08 306.088
0.24 0.085 305.852
0.24 0.09 305.612
0.24 0.095 305.37
0.24 0.1 305.124
0.24 0.105 304.877
0.24 0.11 304.628
0.24 0.115 304.377
0.24 0.12 304.124
0.24 0.125 303.87
0.24 0.13 303.615
0.24 0.135 303.359
0.24 0.14 303.102
0.24 0.145 302.845
0.24 0.15 302.587
0.24 0.155 302.328
0.24 0.16 302.07
0.24 0.165 301.811
0.24 0.17 301.552
0.24 0.175 301.293
0.24 0.18 301.034
0.24 0.185 300.775
0.24 0.19 300.517
0.24 0.195 300.258
0.24 0.2 300
0.245 0 309.178
0.245 0.005 309.125
0.245 0.01 309.027
0.245 0.015 308.903
0.245 0.02 308.76
0.245 0.025 308.602
0.245 0.03 308.431
0.245 0.035 308.248
0.245 0.04 308.056
0.245 0.045 307.855
0.245 0.05 307.646
0.245 0.055 307.43
0.245 0.06 307.208
0.245 0.065 306.98
0.245 0.07 306.747
0.245 0.075 306.509
0.245 0.08 306.267
0.245 0.085 306.022
0.245 0.09 305.774
0.245 0.095 305.522
0.245 0.1 305.268
0.245 0.105 305.013
0.245 0.11 304.755
0.245 0.115 304.495
0.245 0.12 304.235
0.245 0.125 303.973
0.245 0.13 303.71
0.245 0.135 303.447
0.245 0.14 303.183
0.245 0.145 302.918
0.245 0.15 302.653
0.245 0.155 302.388
0.245 0.16 302.122
0.245 0.165 301.856
0.245 0.17 301.591
0.245 0.175 301.325
0.245 0.18 301.06
0.245 0.185 300.794
0.245 0.19 300.529
0.245 0.195 300.264
0.245 0.2 300
0.25 0 309.481
0.25 0.005 309.427
0.25 0.01 309.327
0.25 0.015 309.198
0.25 0.02 309.049
0.25 0.025 308.884
0.25 0.03 308.705
0.25 0.035 308.515
0.25 0.04 308.314
0.25 0.045 308.104
0.25 0.05 307.886
0.25 0.055 307.661
0.25 0.06 307.429
0.25 0.065 307.191
0.25 0.07 306.949
0.25 0.075 306.702
0.25 0.08 306.45
0.25 0.085 306.196
0.25 0.09 305.938
0.25 0.095 305.677
0.25 0.1 305.415
0.25 0.105 305.15
0.25 0.11 304.884
0.25 0.115 304.616
0.25 0.12 304.347
0.25 0.125 304.078
0.25 0.13 303.807
0.25 0.135 303.536
0.25 0.14 303.264
0.25 0.145 302.992
0.25 0.15 302.72
0.25 0.155 302.447
0.25 0.16 302.175
0.25 0.165 301.902
0.25 0.17 301.63
0.25 0.175 301.358
0.25 0.18 301.086
0.25 0.185 300.814
0.25 0.19 300.542
0.25 0.195 300.271
0.25 0.2 300
0.255 0 309.792
0.255 0.005 309.738
0.255 0.01 309.635
0.255 0.015 309.501
0.255 0.02 309.346
0.255 0.025 309.174
0.255 0.03 308.987
0.255 0.035 308.788
0.255 0.04 308.579
0.255 0.045 308.359
0.255 0.05 308.132
0.255 0.055 307.897
0.255 0.06 307.655
0.255 0.065 307.408
0.255 0.07 307.155
0.255 0.075 306.898
0.255 0.08 306.637
0.255 0.085 306.372
0.255 0.09 306.105
0.255 0.095 305.835
0.255 0.1 305.563
0.255 0.105 305.29
0.255 0.11 305.015
0.255 0.115 304.738
0.255 0.12 304.461
0.255 0.125 304.183
0.255 0.13 303.905
0.255 0.135 303.626
0.255 0.14 303.346
0.255 0.145 303.067
0.255 0.15 302.787
0.255 0.155 302.508
0.255 0.16 302.228
0.255 0.165 301.949
0.255 0.17 301.669
0.255 0.175 301.39
0.255 0.18 301.112
0.255 0.185 300.833
0.255 0.19 300.555
0.255 0.195 300.277
0.255 0.2 300
0.26 0 310.111
0.26 0.005 310.057
0.26 0.01 309.951
0.26 0.015 309.813
0.26 0.02 309.651
0.26 0.025 309.472
0.26 0.03 309.277
0.26 0.035 309.069
0.26 0.04 308.85
0.26 0.045 308.621
0.26 0.05 308.383
0.26 0.055 308.138
0.26 0.06 307.886
0.26 0.065 307.628
0.26 0.07 307.365
0.26 0.075 307.098
0.26 0.08 306.827
0.26 0.085 306.552
0.26 0.09 306.275
0.26 0.095 305.995
0.26 0.1 305.714
0.26 0.105 305.431
0.26 0.11 305.147
0.26 0.115 304.862
0.26 0.12 304.576
0.26 0.125 304.29
0.26 0.13 304.003
0.26 0.135 303.716
0.26 0.14 303.429
0.26 0.145 303.142
0.26 0.15 302.855
0.26 0.155 302.568
0.26 0.16 302.282
0.26 0.165 301.995
0.26 0.17 301.709
0.26 0.175 301.423
0.26 0.18 301.138
0.26 0.185 300.853
0.26 0.19 300.568
0.26 0.195 300.284
0.26 0.2 300
0.265 0 310.438
0.265 0.005 310.383
0.265 0.01 310.275
0.265 0.015 310.132
0.265 0.02 309.964
0.265 0.025 309.777
0.265 0.03 309.574
0.265 0.035 309.357
0.265 0.04 309.128
0.265 0.045 308.889
0.265 0.05 308.641
0.265 0.055 308.385
0.265 0.06 308.122
0.265 0.065 307.853
0.265 0.07 307.579
0.265 0.075 307.301
0.265 0.08 307.019
0.265 0.085 306.735
0.265 0.09 306.447
0.265 0.095 306.158
0.265 0.1 305.867
0.265 0.105 305.574
0.265 0.11 305.281
0.265 0.115 304.987
0.265 0.12 304.692
0.265 0.125 304.397
0.265 0.13 304.102
0.265 0.135 303.807
0.265 0.14 303.513
0.265 0.145 303.218
0.265 0.15 302.923
0.265 0.155 302.629
0.265 0.16 302.335
0.265 0.165 302.042
0.265 0.17 301.749
0.265 0.175 301.456
0.265 0.18 301.164
0.265 0.185 300.872
0.265 0.19 300.581
0.265 0.195 300.29
0.265 0.2 300
0.27 0 310.773
0.27 0.005 310.718
0.27 0.01 310.606
0.27 0.015 310.459
0.27 0.02 310.285
0.27 0.025 310.09
0.27 0.03 309.878
0.27 0.035 309.651
0.27 0.04 309.412
0.27 0.045 309.162
0.27 0.05 308.903
0.27 0.055 308.636
0.27 0.06 308.362
0.27 0.065 308.082
0.27 0.07 307.797
0.27 0.075 307.508
0.27 0.08 307.215
0.27 0.085 306.919
0.27 0.09 306.622
0.27 0.095 306.322
0.27 0.1 306.021
0.27 0.105 305.719
0.27 0.11 305.416
0.27 0.115 305.113
0.27 0.12 304.809
0.27 0.125 304.506
0.27 0.13 304.202
0.27 0.135 303.899
0.27 0.14 303.596
0.27 0.145 303.294
0.27 0.15 302.992
0.27 0.155 302.69
0.27 0.16 302.389
0.27 0.165 302.089
0.27 0.17 301.789
0.27 0.175 301.489
0.27 0.18 301.19
0.27 0.185 300.892
0.27 0.19 300.594
0.27 0.195 300.297
0.27 0.2 300
0.275 0 311.115
0.275 0.005 311.06
0.275 0.01 310.946
0.275 0.015 310.793
0.275 0.02 310.613
0.275 0.025 310.41
0.275 0.03 310.189
0.275 0.035 309.952
0.275 0.04 309.703
0.275 0.045 309.442
0.275 0.05 309.171
0.275 0.055 308.892
0.275 0.06 308.607
0.275 0.065 308.315
0.275 0.07 308.018
0.275 0.075 307.717
0.275 0.08 307.413
0.275 0.085 307.106
0.275 0.09 306.798
0.275 0.095 306.487
0.275 0.1 306.176
0.275 0.105 305.864
0.275 0.11 305.552
0.275 0.115 305.239
0.275 0.12 304.926
0.275 0.125 304.614
0.275 0.13 304.302
0.275 0.135 303.991
0.275 0.14 303.68
0.275 0.145 303.37
0.275 0.15 303.06
0.275 0.155 302.751
0.275 0.16 302.443
0.275 0.165 302.135
0.275 0.17 301.828
0.275 0.175 301.522
0.275 0.18 301.217
0.275 0.185 300.912
0.275 0.19 300.607
0.275 0.195 300.303
0.275 0.2 300
0.28 0 311.465
0.28 0.005 311.409
0.28 0.01 311.293
0.28 0.015 311.136
0.28 0.02 310.948
0.28 0.025 310.737
0.28 0.03 310.506
0.28 0.035 310.259
0.28 0.04 309.999
0.28 0.045 309.726
0.28 0.05 309.444
0.28 0.055 309.153
0.28 0.06 308.855
0.28 0.065 308.551
0.28 0.07 308.242
0.28 0.075 307.929
0.28 0.08 307.613
0.28 0.085 307.295
0.28 0.09 306.975
0.28 0.095 306.654
0.28 0.1 306.332
0.28 0.105 306.01
0.28 0.11 305.688
0.28 0.115 305.366
0.28 0.12 305.044
0.28 0.125 304.723
0.28 0.13 304.402
0.28 0.135 304.083
0.28 0.14 303.764
0.28 0.145 303.446
0.28 0.15 303.128
0.28 0.155 302.812
0.28 0.16 302.497
0.28 0.165 302.182
0.28 0.17 301.868
0.28 0.175 301.555
0.28 0.18 301.243
0.28 0.185 300.931
0.28 0.19 300.62
0.28 0.195 300.31
0.28 0.2 300
0.285 0 311.821
0.285 0.005 311.766
0.285 0.01 311.647
0.285 0.015 311.485
0.285 0.02 311.29
0.285 0.025 311.071
0.285 0.03 310.83
0.285 0.035 310.572
0.285 0.04 310.3
0.285 0.045 310.016
0.285 0.05 309.721
0.285 0.055 309.417
0.285 0.06 309.106
0.285 0.065 308.79
0.285 0.07 308.468
0.285 0.075 308.143
0.285 0.08 307.815
0.285 0.085 307.485
0.285 0.09 307.154
0.285 0.095 306.822
0.285 0.1 306.489
0.285 0.105 306.157
0.285 0.11 305.824
0.285 0.115 305.493
0.285 0.12 305.162
0.285 0.125 304.831
0.285 0.13 304.502
0.285 0.135 304.174
0.285 0.14 303.847
0.285 0.145 303.521
0.285 0.15 303.196
0.285 0.155 302.873
0.285 0.16 302.55
0.285 0.165 302.228
0.285 0.17 301.907
0.285 0.175 301.588
0.285 0.18 301.269
0.285 0.185 300.95
0.285 0.19 300.633
0.285 0.195 300.316
0.285 0.2 300
0.29 0 312.183
0.29 0.005 312.128
0.29 0.01 312.007
0.29 0.015 311.84
0.29 0.02 311.639
0.29 0.025 311.41
0.29 0.03 311.16
0.29 0.035 310.891
0.29 0.04 310.607
0.29 0.045 310.309
0.29 0.05 310.002
0.29 0.055 309.685
0.29 0.06 309.361
0.29 0.065 309.031
0.29 0.07 308.697
0.29 0.075 308.359
0.29 0.08 308.018
0.29 0.085 307.676
0.29 0.09 307.333
0.29 0.095 306.99
0.29 0.1 306.646
0.29 0.105 306.303
0.29 0.11 305.96
0.29 0.115 305.619
0.29 0.12 305.279
0.29 0.125 304.939
0.29 0.13 304.602
0.29 0.135 304.265
0.29 0.14 303.93
0.29 0.145 303.596
0.29 0.15 303.264
0.29 0.155 302.933
0.29 0.16 302.603
0.29 0.165 302.274
0.29 0.17 301.946
0.29 0.175 301.62
0.29 0.18 301.294
0.29 0.185 300.97
0.29 0.19 300.646
0.29 0.195 300.323
0.29 0.2 300
0.295 0 312.551
0.295 0.005 312.496
0.295 0.01 312.373
0.295 0.015 312.201
0.295 0.02 311.993
0.295 0.025 311.756
0.295 0.03 311.494
0.295 0.035 311.214
0.295 0.04 310.917
0.295 0.045 310.607
0.295 0.05 310.286
0.295 0.055 309.955
0.295 0.06 309.617
0.295 0.065 309.274
0.295 0.07 308.926
0.295 0.075 308.575
0.295 0.08 308.222
0.295 0.085 307.867
0.295 0.09 307.512
0.295 0.095 307.157
0.295 0.1 306.803
0.295 0.105 306.449
0.295 0.11 306.096
0.295 0.115 305.745
0.295 0.12 305.395
0.295 0.125 305.047
0.295 0.13 304.7
0.295 0.135 304.355
0.295 0.14 304.012
0.295 0.145 303.671
0.295 0.15 303.331
0.295 0.155 302.992
0.295 0.16 302.655
0.295 0.165 302.319
0.295 0.17 301.985
0.295 0.175 301.652
0.295 0.18 301.32
0.295 0.185 300.989
0.295 0.19 300.658
0.295 0.195 300.329
0.295 0.2 300
0.3 0 312.924
0.3 0.005 312.869
0.3 0.01 312.744
0.3 0.015 312.567
0.3 0.02 312.352
0.3 0.025 312.105
0.3 0.03 311.833
0.3 0.035 311.541
0.3 0.04 311.231
0.3 0.045 310.907
0.3 0.05 310.572
0.3 0.055 310.227
0.3 0.06 309.875
0.3 0.065 309.518
0.3 0.07 309.156
0.3 0.075 308.792
0.3 0.08 308.425
0.3 0.085 308.058
0.3 0.09 307.691
0.3 0.095 307.324
0.3 0.1 306.958
0.3 0.105 306.594
0.3 0.11 306.231
0.3 0.115 305.869
0.3 0.12 305.51
0.3 0.125 305.153
0.3 0.13 304.798
0.3 0.135 304.444
0.3 0.14 304.093
0.3 0.145 303.744
0.3 0.15 303.396
0.3 0.155 303.051
0.3 0.16 302.707
0.3 0.165 302.364
0.3 0.17 302.023
0.3 0.175 301.683
0.3 0.18 301.345
0.3 0.185 301.007
0.3 0.19 300.671
0.3 0.195 300.335
0.3 0.2 300
0.305 0 313.3
0.305 0.005 313.246
0.305 0.01 313.119
0.305 0.015 312.937
0.305 0.02 312.715
0.305 0.025 312.459
0.305 0.03 312.176
0.305 0.035 311.871
0.305 0.04 311.548
0.305 0.045 311.21
0.305 0.05 310.86
0.305 0.055 310.5
0.305 0.06 310.134
0.305 0.065 309.762
0.305 0.07 309.386
0.305 0.075 309.008
0.305 0.08 308.628
0.305 0.085 308.248
0.305 0.09 307.868
0.305 0.095 307.49
0.305 0.1 307.112
0.305 0.105 306.737
0.305 0.11 306.364
0.305 0.115 305.993
0.305 0.12 305.624
0.305 0.125 305.258
0.305 0.13 304.894
0.305 0.135 304.532
0.305 0.14 304.173
0.305 0.145 303.816
0.305 0.15 303.461
0.305 0.155 303.108
0.305 0.16 302.757
0.305 0.165 302.408
0.305 0.17 302.06
0.305 0.175 301.714
0.305 0.18 301.369
0.305 0.185 301.025
0.305 0.19 300.683
0.305 0.195 300.341
0.305 0.2 300
0.31 0 313.679
0.31 0.005 313.625
0.31 0.01 313.496
0.31 0.015 313.31
0.31 0.02 313.08
0.31 0.025 312.814
0.31 0.03 312.52
0.31 0.035 312.202
0.31 0.04 311.865
0.31 0.045 311.513
0.31 0.05 311.148
0.31 0.055 310.773
0.31 0.06 310.392
0.31 0.065 310.005
0.31 0.07 309.615
0.31 0.075 309.222
0.31 0.08 308.829
0.31 0.085 308.436
0.31 0.09 308.044
0.31 0.095 307.653
0.31 0.1 307.264
0.31 0.105 306.878
0.31 0.11 306.494
0.31 0.115 306.114
0.31 0.12 305.736
0.31 0.125 305.36
0.31 0.13 304.988
0.31 0.135 304.618
0.31 0.14 304.251
0.31 0.145 303.887
0.31 0.15 303.525
0.31 0.155 303.165
0.31 0.16 302.807
0.31 0.165 302.451
0.31 0.17 302.097
0.31 0.175 301.744
0.31 0.18 301.393
0.31 0.185 301.043
0.31 0.19 300.695
0.31 0.195 300.347
0.31 0.2 300
0.315 0 314.059
0.315 0.005 314.005
0.315 0.01 313.874
0.315 0.015 313.684
0.315 0.02 313.446
0.315 0.025 313.171
0.315 0.03 312.865
0.315 0.035 312.534
0.315 0.04 312.183
0.315 0.045 311.815
0.315 0.05 311.435
0.315 0.055 311.045
0.315 0.06 310.648
0.315 0.065 310.246
0.315 0.07 309.841
0.315 0.075 309.434
0.315 0.08 309.027
0.315 0.085 308.621
0.315 0.09 308.216
0.315 0.095 307.814
0.315 0.1 307.414
0.315 0.105 307.017
0.315 0.11 306.623
0.315 0.115 306.232
0.315 0.12 305.845
0.315 0.125 305.461
0.315 0.13 305.08
0.315 0.135 304.702
0.315 0.14 304.328
0.315 0.145 303.956
0.315 0.15 303.587
0.315 0.155 303.22
0.315 0.16 302.855
0.315 0.165 302.493
0.315 0.17 302.133
0.315 0.175 301.774
0.315 0.18 301.417
0.315 0.185 301.061
0.315 0.19 300.706
0.315 0.195 300.353
0.315 0.2 300
0.32 0 314.437
0.32 0.005 314.384
0.32 0.01 314.252
0.32 0.015 314.057
0.32 0.02 313.812
0.32 0.025 313.527
0.32 0.03 313.209
0.32 0.035 312.864
0.32 0.04 312.498
0.32 0.045 312.115
0.32 0.05 311.719
0.32 0.055 311.314
0.32 0.06 310.901
0.32 0.065 310.483
0.32 0.07 310.063
0.32 0.075 309.642
0.32 0.08 309.222
0.32 0.085 308.802
0.32 0.09 308.385
0.32 0.095 307.971
0.32 0.1 307.559
0.32 0.105 307.152
0.32 0.11 306.748
0.32 0.115 306.348
0.32 0.12 305.951
0.32 0.125 305.559
0.32 0.13 305.17
0.32 0.135 304.784
0.32 0.14 304.402
0.32 0.145 304.023
0.32 0.15 303.647
0.32 0.155 303.273
0.32 0.16 302.902
0.32 0.165 302.534
0.32 0.17 302.167
0.32 0.175 301.802
0.32 0.18 301.439
0.32 0.185 301.078
0.32 0.19 300.718
0.32 0.195 300.358
0.32 0.2 300
0.325 0 314.813
0.325 0.005 314.761
0.325 0.01 314.626
0.325 0.015 314.427
0.325 0.02 314.175
0.325 0.025 313.879
0.325 0.03 313.549
0.325 0.035 313.191
0.325 0.04 312.81
0.325 0.045 312.411
0.325 0.05 311.999
0.325 0.055 311.578
0.325 0.06 311.149
0.325 0.065 310.716
0.325 0.07 310.281
0.325 0.075 309.846
0.325 0.08 309.411
0.325 0.085 308.979
0.325 0.09 308.549
0.325 0.095 308.123
0.325 0.1 307.701
0.325 0.105 307.283
0.325 0.11 306.869
0.325 0.115 306.46
0.325 0.12 306.055
0.325 0.125 305.654
0.325 0.13 305.257
0.325 0.135 304.863
0.325 0.14 304.474
0.325 0.145 304.088
0.325 0.15 303.705
0.325 0.155 303.325
0.325 0.16 302.948
0.325 0.165 302.573
0.325 0.17 302.201
0.325 0.175 301.83
0.325 0.18 301.461
0.325 0.185 301.094
0.325 0.19 300.728
0.325 0.195 300.364
0.325 0.2 300
0.33 0 315.183
0.33 0.005 315.131
0.33 0.01 314.995
0.33 0.015 314.792
0.33 0.02 314.532
0.33 0.025 314.227
0.33 0.03 313.884
0.33 0.035 313.512
0.33 0.04 313.116
0.33 0.045 312.701
0.33 0.05 312.273
0.33 0.055 311.835
0.33 0.06 311.391
0.33 0.065 310.943
0.33 0.07 310.493
0.33 0.075 310.043
0.33 0.08 309.595
0.33 0.085 309.15
0.33 0.09 308.708
0.33 0.095 308.271
0.33 0.1 307.838
0.33 0.105 307.409
0.33 0.11 306.986
0.33 0.115 306.568
0.33 0.12 306.154
0.33 0.125 305.745
0.33 0.13 305.34
0.33 0.135 304.94
0.33 0.14 304.543
0.33 0.145 304.15
0.33 0.15 303.761
0.33 0.155 303.375
0.33 0.16 302.992
0.33 0.165 302.611
0.33 0.17 302.233
0.33 0.175 301.857
0.33 0.18 301.483
0.33 0.185 301.11
0.33 0.19 300.739
0.33 0.195 300.369
0.33 0.2 300
0.335 0 315.545
0.335 0.005 315.494
0.335 0.01 315.356
0.335 0.015 315.148
0.335 0.02 314.881
0.335 0.025 314.566
0.335 0.03 314.211
0.335 0.035 313.825
0.335 0.04 313.413
0.335 0.045 312.983
0.335 0.05 312.539
0.335 0.055 312.085
0.335 0.06 311.624
0.335 0.065 311.161
0.335 0.07 310.696
0.335 0.075 310.233
0.335 0.08 309.772
0.335 0.085 309.314
0.335 0.09 308.86
0.335 0.095 308.412
0.335 0.1 307.969
0.335 0.105 307.531
0.335 0.11 307.098
0.335 0.115 306.671
0.335 0.12 306.249
0.335 0.125 305.832
0.335 0.13 305.42
0.335 0.135 305.013
0.335 0.14 304.609
0.335 0.145 304.21
0.335 0.15 303.815
0.335 0.155 303.423
0.335 0.16 303.034
0.335 0.165 302.647
0.335 0.17 302.264
0.335 0.175 301.882
0.335 0.18 301.503
0.335 0.185 301.125
0.335 0.19 300.749
0.335 0.195 300.374
0.335 0.2 300
0.34 0 315.895
0.34 0.005 315.844
0.34 0.01 315.706
0.34 0.015 315.493
0.34 0.02 315.219
0.34 0.025 314.894
0.34 0.03 314.526
0.34 0.035 314.126
0.34 0.04 313.699
0.34 0.045 313.253
0.34 0.05 312.793
0.34 0.055 312.323
0.34 0.06 311.847
0.34 0.065 311.369
0.34 0.07 310.89
0.34 0.075 310.413
0.34 0.08 309.94
0.34 0.085 309.47
0.34 0.09 309.005
0.34 0.095 308.546
0.34 0.1 308.093
0.34 0.105 307.646
0.34 0.11 307.204
0.34 0.115 306.769
0.34 0.12 306.339
0.34 0.125 305.915
0.34 0.13 305.496
0.34 0.135 305.082
0.34 0.14 304.672
0.34 0.145 304.267
0.34 0.15 303.866
0.34 0.155 303.468
0.34 0.16 303.074
0.34 0.165 302.682
0.34 0.17 302.293
0.34 0.175 301.907
0.34 0.18 301.522
0.34 0.185 301.14
0.34 0.19 300.758
0.34 0.195 300.379
0.34 0.2 300
0.345 0 316.23
0.345 0.005 316.179
0.345 0.01 316.04
0.345 0.015 315.823
0.345 0.02 315.542
0.345 0.025 315.206
0.345 0.03 314.827
0.345 0.035 314.412
0.345 0.04 313.971
0.345 0.045 313.509
0.345 0.05 313.033
0.345 0.055 312.548
0.345 0.06 312.058
0.345 0.065 311.565
0.345 0.07 311.073
0.345 0.075 310.583
0.345 0.08 310.097
0.345 0.085 309.616
0.345 0.09 309.141
0.345 0.095 308.672
0.345 0.1 308.21
0.345 0.105 307.754
0.345 0.11 307.304
0.345 0.115 306.861
0.345 0.12 306.424
0.345 0.125 305.993
0.345 0.13 305.568
0.345 0.135 305.147
0.345 0.14 304.732
0.345 0.145 304.321
0.345 0.15 303.914
0.345 0.155 303.511
0.345 0.16 303.111
0.345 0.165 302.715
0.345 0.17 302.321
0.345 0.175 301.93
0.345 0.18 301.54
0.345 0.185 301.153
0.345 0.19 300.768
0.345 0.195 300.383
0.345 0.2 300
0.35 0 316.544
0.35 0.005 316.495
0.35 0.01 316.354
0.35 0.015 316.134
0.35 0.02 315.845
0.35 0.025 315.5
0.35 0.03 315.108
0.35 0.035 314.68
0.35 0.04 314.224
0.35 0.045 313.748
0.35 0.05 313.257
0.35 0.055 312.758
0.35 0.06 312.253
0.35 0.065 311.747
0.35 0.07 311.243
0.35 0.075 310.741
0.35 0.08 310.244
0.35 0.085 309.753
0.35 0.09 309.268
0.35 0.095 308.79
0.35 0.1 308.319
0.35 0.105 307.855
0.35 0.11 307.398
0.35 0.115 306.947
0.35 0.12 306.504
0.35 0.125 306.066
0.35 0.13 305.635
0.35 0.135 305.209
0.35 0.14 304.788
0.35 0.145 304.371
0.35 0.15 303.959
0.35 0.155 303.551
0.35 0.16 303.147
0.35 0.165 302.746
0.35 0.17 302.347
0.35 0.175 301.951
0.35 0.18 301.558
0.35 0.185 301.166
0.35 0.19 300.776
0.35 0.195 300.388
0.35 0.2 300
0.355 0 316.835
0.355 0.005 316.786
0.355 0.01 316.644
0.355 0.015 316.42
0.355 0.02 316.124
0.355 0.025 315.769
0.355 0.03 315.366
0.355 0.035 314.925
0.355 0.04 314.456
0.355 0.045 313.966
0.355 0.05 313.462
0.355 0.055 312.949
0.355 0.06 312.432
0.355 0.065 311.914
0.355 0.07 311.397
0.355 0.075 310.885
0.355 0.08 310.378
0.355 0.085 309.877
0.355 0.09 309.384
0.355 0.095 308.897
0.355 0.1 308.418
0.355 0.105 307.947
0.355 0.11 307.484
0.355 0.115 307.027
0.355 0.12 306.577
0.355 0.125 306.134
0.355 0.13 305.697
0.355 0.135 305.266
0.355 0.14 304.84
0.355 0.145 304.418
0.355 0.15 304.002
0.355 0.155 303.589
0.355 0.16 303.18
0.355 0.165 302.774
0.355 0.17 302.372
0.355 0.175 301.972
0.355 0.18 301.574
0.355 0.185 301.178
0.355 0.19 300.784
0.355 0.195 300.391
0.355 0.2 300
0.36 0 317.096
0.36 0.005 317.048
0.36 0.01 316.905
0.36 0.015 316.676
0.36 0.02 316.374
0.36 0.025 316.01
0.36 0.03 315.597
0.36 0.035 315.144
0.36 0.04 314.662
0.36 0.045 314.16
0.36 0.05 313.643
0.36 0.055 313.119
0.36 0.06 312.59
0.36 0.065 312.062
0.36 0.07 311.536
0.36 0.075 311.014
0.36 0.08 310.498
0.36 0.085 309.989
0.36 0.09 309.488
0.36 0.095 308.994
0.36 0.1 308.509
0.36 0.105 308.031
0.36 0.11 307.562
0.36 0.115 307.099
0.36 0.12 306.644
0.36 0.125 306.196
0.36 0.13 305.754
0.36 0.135 305.318
0.36 0.14 304.887
0.36 0.145 304.462
0.36 0.15 304.041
0.36 0.155 303.624
0.36 0.16 303.211
0.36 0.165 302.801
0.36 0.17 302.394
0.36 0.175 301.99
0.36 0.18 301.589
0.36 0.185 301.189
0.36 0.19 300.792
0.36 0.195 300.395
0.36 0.2 300
0.365 0 317.323
0.365 0.005 317.275
0.365 0.01 317.131
0.365 0.015 316.899
0.365 0.02 316.591
0.365 0.025 316.218
0.365 0.03 315.795
0.365 0.035 315.332
0.365 0.04 314.839
0.365 0.045 314.326
0.365 0.05 313.8
0.365 0.055 313.265
0.365 0.06 312.728
0.365 0.065 312.19
0.365 0.07 311.656
0.365 0.075 311.126
0.365 0.08 310.603
0.365 0.085 310.088
0.365 0.09 309.58
0.365 0.095 309.081
0.365 0.1 308.589
0.365 0.105 308.107
0.365 0.11 307.632
0.365 0.115 307.165
0.365 0.12 306.705
0.365 0.125 306.252
0.365 0.13 305.806
0.365 0.135 305.365
0.365 0.14 304.931
0.365 0.145 304.501
0.365 0.15 304.076
0.365 0.155 303.656
0.365 0.16 303.239
0.365 0.165 302.826
0.365 0.17 302.415
0.365 0.175 302.008
0.365 0.18 301.603
0.365 0.185 301.2
0.365 0.19 300.798
0.365 0.195 300.399
0.365 0.2 300
0.37 0 317.512
0.37 0.005 317.464
0.37 0.01 317.319
0.37 0.015 317.083
0.37 0.02 316.768
0.37 0.025 316.388
0.37 0.03 315.956
0.37 0.035 315.484
0.37 0.04 314.983
0.37 0.045 314.462
0.37 0.05 313.927
0.37 0.055 313.386
0.37 0.06 312.841
0.37 0.065 312.297
0.37 0.07 311.757
0.37 0.075 311.221
0.37 0.08 310.693
0.37 0.085 310.172
0.37 0.09 309.659
0.37 0.095 309.155
0.37 0.1 308.66
0.37 0.105 308.172
0.37 0.11 307.693
0.37 0.115 307.222
0.37 0.12 306.759
0.37 0.125 306.302
0.37 0.13 305.852
0.37 0.135 305.408
0.37 0.14 304.97
0.37 0.145 304.537
0.37 0.15 304.109
0.37 0.155 303.685
0.37 0.16 303.264
0.37 0.165 302.848
0.37 0.17 302.434
0.37 0.175 302.024
0.37 0.18 301.615
0.37 0.185 301.209
0.37 0.19 300.805
0.37 0.195 300.402
0.37 0.2 300
0.375 0 317.66
0.375 0.005 317.612
0.375 0.01 317.464
0.375 0.015 317.224
0.375 0.02 316.903
0.375 0.025 316.516
0.375 0.03 316.077
0.375 0.035 315.599
0.375 0.04 315.092
0.375 0.045 314.565
0.375 0.05 314.025
0.375 0.055 313.479
0.375 0.06 312.93
0.375 0.065 312.381
0.375 0.07 311.837
0.375 0.075 311.298
0.375 0.08 310.766
0.375 0.085 310.241
0.375 0.09 309.725
0.375 0.095 309.218
0.375 0.1 308.719
0.375 0.105 308.228
0.375 0.11 307.746
0.375 0.115 307.272
0.375 0.12 306.805
0.375 0.125 306.346
0.375 0.13 305.893
0.375 0.135 305.446
0.375 0.14 305.005
0.375 0.145 304.569
0.375 0.15 304.138
0.375 0.155 303.711
0.375 0.16 303.288
0.375 0.165 302.868
0.375 0.17 302.452
0.375 0.175 302.038
0.375 0.18 301.627
0.375 0.185 301.218
0.375 0.19 300.81
0.375 0.195 300.405
0.375 0.2 300
0.38 0 317.769
0.38 0.005 317.72
0.38 0.01 317.568
0.38 0.015 317.32
0.38 0.02 316.992
0.38 0.025 316.598
0.38 0.03 316.154
0.38 0.035 315.672
0.38 0.04 315.162
0.38 0.045 314.632
0.38 0.05 314.091
0.38 0.055 313.543
0.38 0.06 312.992
0.38 0.065 312.442
0.38 0.07 311.896
0.38 0.075 311.356
0.38 0.08 310.822
0.38 0.085 310.296
0.38 0.09 309.778
0.38 0.095 309.268
0.38 0.1 308.767
0.38 0.105 308.275
0.38 0.11 307.791
0.38 0.115 307.314
0.38 0.12 306.845
0.38 0.125 306.383
0.38 0.13 305.928
0.38 0.135 305.479
0.38 0.14 305.035
0.38 0.145 304.597
0.38 0.15 304.163
0.38 0.155 303.734
0.38 0.16 303.308
0.38 0.165 302.886
0.38 0.17 302.467
0.38 0.175 302.051
0.38 0.18 301.637
0.38 0.185 301.225
0.38 0.19 300.816
0.38 0.195 300.407
0.38 0.2 300
0.385 0 317.845
0.385 0.005 317.795
0.385 0.01 317.634
0.385 0.015 317.375
0.385 0.02 317.035
0.385 0.025 316.634
0.385 0.03 316.186
0.385 0.035 315.702
0.385 0.04 315.192
0.385 0.045 314.664
0.385 0.05 314.124
0.385 0.055 313.577
0.385 0.06 313.028
0.385 0.065 312.479
0.385 0.07 311.934
0.385 0.075 311.394
0.385 0.08 310.861
0.385 0.085 310.334
0.385 0.09 309.816
0.385 0.095 309.306
0.385 0.1 308.805
0.385 0.105 308.311
0.385 0.11 307.826
0.385 0.115 307.348
0.385 0.12 306.878
0.385 0.125 306.415
0.385 0.13 305.958
0.385 0.135 305.507
0.385 0.14 305.061
0.385 0.145 304.621
0.385 0.15 304.185
0.385 0.155 303.754
0.385 0.16 303.326
0.385 0.165 302.902
0.385 0.17 302.481
0.385 0.175 302.062
0.385 0.18 301.646
0.385 0.185 301.232
0.385 0.19 300.82
0.385 0.195 300.409
0.385 0.2 300
0.39 0 317.906
0.39 0.005 317.857
0.39 0.01 317.677
0.39 0.015 317.392
0.39 0.02 317.034
0.39 0.025 316.624
0.39 0.03 316.172
0.39 0.035 315.689
0.39 0.04 315.183
0.39 0.045 314.659
0.39 0.05 314.124
0.39 0.055 313.582
0.39 0.06 313.038
0.39 0.065 312.493
0.39 0.07 311.951
0.39 0.075 311.414
0.39 0.08 310.883
0.39 0.085 310.358
0.39 0.09 309.842
0.39 0.095 309.333
0.39 0.1 308.832
0.39 0.105 308.339
0.39 0.11 307.853
0.39 0.115 307.375
0.39 0.12 306.904
0.39 0.125 306.44
0.39 0.13 305.982
0.39 0.135 305.53
0.39 0.14 305.083
0.39 0.145 304.641
0.39 0.15 304.204
0.39 0.155 303.771
0.39 0.16 303.341
0.39 0.165 302.915
0.39 0.17 302.492
0.39 0.175 302.072
0.39 0.18 301.654
0.39 0.185 301.238
0.39 0.19 300.824
0.39 0.195 300.411
0.39 0.2 300
0.395 0 317.97
0.395 0.005 317.942
0.395 0.01 317.715
0.395 0.015 317.378
0.395 0.02 316.99
0.395 0.025 316.567
0.395 0.03 316.114
0.395 0.035 315.635
0.395 0.04 315.136
0.395 0.045 314.62
0.395 0.05 314.093
0.395 0.055 313.559
0.395 0.06 313.022
0.395 0.065 312.484
0.395 0.07 311.948
0.395 0.075 311.416
0.395 0.08 310.889
0.395 0.085 310.368
0.395 0.09 309.854
0.395 0.095 309.347
0.395 0.1 308.848
0.395 0.105 308.356
0.395 0.11 307.872
0.395 0.115 307.394
0.395 0.12 306.924
0.395 0.125 306.459
0.395 0.13 306.001
0.395 0.135 305.548
0.395 0.14 305.101
0.395 0.145 304.658
0.395 0.15 304.22
0.395 0.155 303.785
0.395 0.16 303.354
0.395 0.165 302.927
0.395 0.17 302.502
0.395 0.175 302.08
0.395 0.18 301.661
0.395 0.185 301.243
0.395 0.19 300.827
0.395 0.195 300.413
0.395 0.2 300
0.4 0 317.971
0.4 0.005 318.036
0.4 0.01 317.735
0.4 0.015 317.322
0.4 0.02 316.899
0.4 0.025 316.465
0.4 0.03 316.013
0.4 0.035 315.542
0.4 0.04 315.053
0.4 0.045 314.549
0.4 0.05 314.034
0.4 0.055 313.51
0.4 0.06 312.983
0.4 0.065 312.454
0.4 0.07 311.926
0.4 0.075 311.401
0.4 0.08 310.88
0.4 0.085 310.364
0.4 0.09 309.854
0.4 0.095 309.351
0.4 0.1 308.855
0.4 0.105 308.366
0.4 0.11 307.883
0.4 0.115 307.407
0.4 0.12 306.937
0.4 0.125 306.473
0.4 0.13 306.015
0.4 0.135 305.562
0.4 0.14 305.114
0.4 0.145 304.671
0.4 0.15 304.232
0.4 0.155 303.797
0.4 0.16 303.365
0.4 0.165 302.936
0.4 0.17 302.511
0.4 0.175 302.088
0.4 0.18 301.667
0.4 0.185 301.248
0.4 0.19 300.83
0.4 0.195 300.415
0.4 0.2 300
0.405 0 317.847
0.405 0.005 317.91
0.405 0.01 317.634
0.405 0.015 317.192
0.405 0.02 316.754
0.405 0.025 316.318
0.405 0.03 315.873
0.405 0.035 315.414
0.405 0.04 314.939
0.405 0.045 314.449
0.405 0.05 313.948
0.405 0.055 313.438
0.405 0.06 312.923
0.405 0.065 312.405
0.405 0.07 311.886
0.405 0.075 311.37
0.405 0.08 310.856
0.405 0.085 310.347
0.405 0.09 309.843
0.405 0.095 309.345
0.405 0.1 308.853
0.405 0.105 308.366
0.405 0.11 307.886
0.405 0.115 307.412
0.405 0.12 306.944
0.405 0.125 306.482
0.405 0.13 306.024
0.405 0.135 305.572
0.405 0.14 305.124
0.405 0.145 304.681
0.405 0.15 304.242
0.405 0.155 303.806
0.405 0.16 303.374
0.405 0.165 302.944
0.405 0.17 302.517
0.405 0.175 302.093
0.405 0.18 301.671
0.405 0.185 301.251
0.405 0.19 300.833
0.405 0.195 300.416
0.405 0.2 300
0.41 0 317.604
0.41 0.005 317.644
0.41 0.01 317.405
0.41 0.015 316.983
0.41 0.02 316.555
0.41 0.025 316.13
0.41 0.03 315.699
0.41 0.035 315.256
0.41 0.04 314.797
0.41 0.045 314.324
0.41 0.05 313.839
0.41 0.055 313.345
0.41 0.06 312.844
0.41 0.065 312.338
0.41 0.07 311.832
0.41 0.075 311.325
0.41 0.08 310.821
0.41 0.085 310.319
0.41 0.09 309.822
0.41 0.095 309.33
0.41 0.1 308.842
0.41 0.105 308.36
0.41 0.11 307.883
0.41 0.115 307.412
0.41 0.12 306.946
0.41 0.125 306.485
0.41 0.13 306.029
0.41 0.135 305.578
0.41 0.14 305.131
0.41 0.145 304.688
0.41 0.15 304.249
0.41 0.155 303.813
0.41 0.16 303.38
0.41 0.165 302.95
0.41 0.17 302.523
0.41 0.175 302.098
0.41 0.18 301.675
0.41 0.185 301.254
0.41 0.19 300.835
0.41 0.195 300.417
0.41 0.2 300
0.415 0 317.286
0.415 0.005 317.307
0.415 0.01 317.1
0.415 0.015 316.717
0.415 0.02 316.313
0.415 0.025 315.909
0.415 0.03 315.498
0.415 0.035 315.073
0.415 0.04 314.634
0.415 0.045 314.18
0.415 0.05 313.713
0.415 0.055 313.235
0.415 0.06 312.749
0.415 0.065 312.258
0.415 0.07 311.764
0.415 0.075 311.269
0.415 0.08 310.774
0.415 0.085 310.282
0.415 0.09 309.792
0.415 0.095 309.306
0.415 0.1 308.824
0.415 0.105 308.347
0.415 0.11 307.874
0.415 0.115 307.406
0.415 0.12 306.943
0.415 0.125 306.485
0.415 0.13 306.03
0.415 0.135 305.58
0.415 0.14 305.134
0.415 0.145 304.692
0.415 0.15 304.253
0.415 0.155 303.817
0.415 0.16 303.384
0.415 0.165 302.954
0.415 0.17 302.527
0.415 0.175 302.101
0.415 0.18 301.678
0.415 0.185 301.256
0.415 0.19 300.836
0.415 0.195 300.418
0.415 0.2 300
0.42 0 316.93
0.42 0.005 316.939
0.42 0.01 316.757
0.42 0.015 316.415
0.42 0.02 316.044
0.42 0.025 315.665
0.42 0.03 315.276
0.42 0.035 314.873
0.42 0.04 314.455
0.42 0.045 314.021
0.42 0.05 313.572
0.42 0.055 313.112
0.42 0.06 312.642
0.42 0.065 312.166
0.42 0.07 311.685
0.42 0.075 311.202
0.42 0.08 310.718
0.42 0.085 310.235
0.42 0.09 309.754
0.42 0.095 309.275
0.42 0.1 308.8
0.42 0.105 308.328
0.42 0.11 307.86
0.42 0.115 307.396
0.42 0.12 306.936
0.42 0.125 306.48
0.42 0.13 306.028
0.42 0.135 305.58
0.42 0.14 305.135
0.42 0.145 304.693
0.42 0.15 304.255
0.42 0.155 303.82
0.42 0.16 303.387
0.42 0.165 302.957
0.42 0.17 302.529
0.42 0.175 302.104
0.42 0.18 301.68
0.42 0.185 301.258
0.42 0.19 300.837
0.42 0.195 300.418
0.42 0.2 300
0.425 0 316.56
0.425 0.005 316.56
0.425 0.01 316.4
0.425 0.015 316.097
0.425 0.02 315.758
0.425 0.025 315.407
0.425 0.03 315.043
0.425 0.035 314.662
0.425 0.04 314.265
0.425 0.045 313.851
0.425 0.05 313.422
0.425 0.055 312.979
0.425 0.06 312.527
0.425 0.065 312.066
0.425 0.07 311.599
0.425 0.075 311.128
0.425 0.08 310.656
0.425 0.085 310.182
0.425 0.09 309.71
0.425 0.095 309.239
0.425 0.1 308.77
0.425 0.105 308.304
0.425 0.11 307.841
0.425 0.115 307.381
0.425 0.12 306.925
0.425 0.125 306.472
0.425 0.13 306.022
0.425 0.135 305.576
0.425 0.14 305.133
0.425 0.145 304.693
0.425 0.15 304.255
0.425 0.155 303.821
0.425 0.16 303.389
0.425 0.165 302.959
0.425 0.17 302.531
0.425 0.175 302.105
0.425 0.18 301.681
0.425 0.185 301.259
0.425 0.19 300.838
0.425 0.195 300.418
0.425 0.2 300
0.43 0 316.19
0.43 0.005 316.185
0.43 0.01 316.043
0.43 0.015 315.776
0.43 0.02 315.468
0.43 0.025 315.144
0.43 0.03 314.804
0.43 0.035 314.446
0.43 0.04 314.07
0.43 0.045 313.676
0.43 0.05 313.265
0.43 0.055 312.841
0.43 0.06 312.405
0.43 0.065 311.959
0.43 0.07 311.506
0.43 0.075 311.048
0.43 0.08 310.587
0.43 0.085 310.124
0.43 0.09 309.661
0.43 0.095 309.198
0.43 0.1 308.736
0.43 0.105 308.276
0.43 0.11 307.818
0.43 0.115 307.363
0.43 0.12 306.911
0.43 0.125 306.461
0.43 0.13 306.014
0.43 0.135 305.57
0.43 0.14 305.129
0.43 0.145 304.69
0.43 0.15 304.254
0.43 0.155 303.82
0.43 0.16 303.389
0.43 0.165 302.959
0.43 0.17 302.532
0.43 0.175 302.106
0.43 0.18 301.682
0.43 0.185 301.26
0.43 0.19 300.839
0.43 0.195 300.419
0.43 0.2 300
0.435 0 315.832
0.435 0.005 315.823
0.435 0.01 315.698
0.435 0.015 315.46
0.435 0.02 315.182
0.435 0.025 314.883
0.435 0.03 314.566
0.435 0.035 314.23
0.435 0.04 313.874
0.435 0.045 313.499
0.435 0.05 313.107
0.435 0.055 312.7
0.435 0.06 312.28
0.435 0.065 311.849
0.435 0.07 311.411
0.435 0.075 310.965
0.435 0.08 310.516
0.435 0.085 310.063
0.435 0.09 309.609
0.435 0.095 309.154
0.435 0.1 308.699
0.435 0.105 308.245
0.435 0.11 307.793
0.435 0.115 307.343
0.435 0.12 306.894
0.435 0.125 306.448
0.435 0.13 306.004
0.435 0.135 305.562
0.435 0.14 305.123
0.435 0.145 304.686
0.435 0.15 304.251
0.435 0.155 303.818
0.435 0.16 303.387
0.435 0.165 302.958
0.435 0.17 302.531
0.435 0.175 302.106
0.435 0.18 301.682
0.435 0.185 301.26
0.435 0.19 300.839
0.435 0.195 300.419
0.435 0.2 300
0.44 0 315.492
0.44 0.005 315.481
0.44 0.01 315.369
0.44 0.015 315.157
0.44 0.02 314.905
0.44 0.025 314.63
0.44 0.03 314.334
0.44 0.035 314.018
0.44 0.04 313.681
0.44 0.045 313.325
0.44 0.05 312.95
0.44 0.055 312.559
0.44 0.06 312.155
0.44 0.065 311.739
0.44 0.07 311.314
0.44 0.075 310.881
0.44 0.08 310.442
0.44 0.085 310
0.44 0.09 309.554
0.44 0.095 309.108
0.44 0.1 308.66
0.44 0.105 308.213
0.44 0.11 307.766
0.44 0.115 307.32
0.44 0.12 306.876
0.44 0.125 306.433
0.44 0.13 305.992
0.44 0.135 305.553
0.44 0.14 305.116
0.44 0.145 304.68
0.44 0.15 304.247
0.44 0.155 303.815
0.44 0.16 303.385
0.44 0.165 302.957
0.44 0.17 302.53
0.44 0.175 302.105
0.44 0.18 301.682
0.44 0.185 301.26
0.44 0.19 300.839
0.44 0.195 300.419
0.44 0.2 300
0.445 0 315.174
0.445 0.005 315.161
0.445 0.01 315.061
0.445 0.015 314.872
0.445 0.02 314.642
0.445 0.025 314.388
0.445 0.03 314.112
0.445 0.035 313.814
0.445 0.04 313.495
0.445 0.045 313.155
0.445 0.05 312.797
0.445 0.055 312.422
0.445 0.06 312.032
0.445 0.065 311.63
0.445 0.07 311.217
0.445 0.075 310.796
0.445 0.08 310.369
0.445 0.085 309.936
0.445 0.09 309.5
0.445 0.095 309.061
0.445 0.1 308.62
0.445 0.105 308.179
0.445 0.11 307.738
0.445 0.115 307.297
0.445 0.12 306.856
0.445 0.125 306.417
0.445 0.13 305.979
0.445 0.135 305.542
0.445 0.14 305.107
0.445 0.145 304.674
0.445 0.15 304.242
0.445 0.155 303.811
0.445 0.16 303.382
0.445 0.165 302.955
0.445 0.17 302.529
0.445 0.175 302.104
0.445 0.18 301.681
0.445 0.185 301.259
0.445 0.19 300.838
0.445 0.195 300.419
0.445 0.2 300
0.45 0 314.882
0.45 0.005 314.868
0.45 0.01 314.777
0.45 0.015 314.607
0.45 0.02 314.396
0.45 0.025 314.161
0.45 0.03 313.902
0.45 0.035 313.621
0.45 0.04 313.318
0.45 0.045 312.994
0.45 0.05 312.651
0.45 0.055 312.29
0.45 0.06 311.914
0.45 0.065 311.525
0.45 0.07 311.124
0.45 0.075 310.714
0.45 0.08 310.297
0.45 0.085 309.873
0.45 0.09 309.445
0.45 0.095 309.014
0.45 0.1 308.58
0.45 0.105 308.145
0.45 0.11 307.709
0.45 0.115 307.272
0.45 0.12 306.836
0.45 0.125 306.4
0.45 0.13 305.965
0.45 0.135 305.531
0.45 0.14 305.098
0.45 0.145 304.667
0.45 0.15 304.236
0.45 0.155 303.807
0.45 0.16 303.379
0.45 0.165 302.952
0.45 0.17 302.527
0.45 0.175 302.103
0.45 0.18 301.68
0.45 0.185 301.258
0.45 0.19 300.838
0.45 0.195 300.418
0.45 0.2 300
0.455 0 314.616
0.455 0.005 314.601
0.455 0.01 314.518
0.455 0.015 314.364
0.455 0.02 314.17
0.455 0.025 313.951
0.455 0.03 313.708
0.455 0.035 313.442
0.455 0.04 313.153
0.455 0.045 312.843
0.455 0.05 312.513
0.455 0.055 312.166
0.455 0.06 311.802
0.455 0.065 311.425
0.455 0.07 311.035
0.455 0.075 310.635
0.455 0.08 310.227
0.455 0.085 309.813
0.455 0.09 309.393
0.455 0.095 308.968
0.455 0.1 308.541
0.455 0.105 308.112
0.455 0.11 307.68
0.455 0.115 307.249
0.455 0.12 306.816
0.455 0.125 306.384
0.455 0.13 305.952
0.455 0.135 305.52
0.455 0.14 305.089
0.455 0.145 304.659
0.455 0.15 304.23
0.455 0.155 303.802
0.455 0.16 303.375
0.455 0.165 302.95
0.455 0.17 302.525
0.455 0.175 302.101
0.455 0.18 301.679
0.455 0.185 301.258
0.455 0.19 300.837
0.455 0.195 300.418
0.455 0.2 300
0.46 0 314.377
0.46 0.005 314.362
0.46 0.01 314.286
0.46 0.015 314.145
0.46 0.02 313.965
0.46 0.025 313.76
0.46 0.03 313.531
0.46 0.035 313.278
0.46 0.04 313.002
0.46 0.045 312.704
0.46 0.05 312.386
0.46 0.055 312.051
0.46 0.06 311.698
0.46 0.065 311.331
0.46 0.07 310.952
0.46 0.075 310.562
0.46 0.08 310.162
0.46 0.085 309.756
0.46 0.09 309.343
0.46 0.095 308.925
0.46 0.1 308.504
0.46 0.105 308.08
0.46 0.11 307.653
0.46 0.115 307.225
0.46 0.12 306.797
0.46 0.125 306.367
0.46 0.13 305.938
0.46 0.135 305.509
0.46 0.14 305.08
0.46 0.145 304.652
0.46 0.15 304.224
0.46 0.155 303.797
0.46 0.16 303.371
0.46 0.165 302.946
0.46 0.17 302.523
0.46 0.175 302.1
0.46 0.18 301.678
0.46 0.185 301.257
0.46 0.19 300.837
0.46 0.195 300.418
0.46 0.2 300
0.465 0 314.167
0.465 0.005 314.152
0.465 0.01 314.081
0.465 0.015 313.95
0.465 0.02 313.783
0.465 0.025 313.59
0.465 0.03 313.372
0.465 0.035 313.13
0.465 0.04 312.865
0.465 0.045 312.579
0.465 0.05 312.272
0.465 0.055 311.946
0.465 0.06 311.604
0.465 0.065 311.246
0.465 0.07 310.876
0.465 0.075 310.494
0.465 0.08 310.102
0.465 0.085 309.703
0.465 0.09 309.297
0.465 0.095 308.885
0.465 0.1 308.469
0.465 0.105 308.05
0.465 0.11 307.628
0.465 0.115 307.204
0.465 0.12 306.778
0.465 0.125 306.352
0.465 0.13 305.925
0.465 0.135 305.498
0.465 0.14 305.071
0.465 0.145 304.644
0.465 0.15 304.218
0.465 0.155 303.792
0.465 0.16 303.368
0.465 0.165 302.943
0.465 0.17 302.52
0.465 0.175 302.098
0.465 0.18 301.676
0.465 0.185 301.256
0.465 0.19 300.836
0.465 0.195 300.418
0.465 0.2 300
0.47 0 313.985
0.47 0.005 313.97
0.47 0.01 313.903
0.47 0.015 313.782
0.47 0.02 313.624
0.47 0.025 313.441
0.47 0.03 313.233
0.47 0.035 313
0.47 0.04 312.745
0.47 0.045 312.468
0.47 0.05 312.17
0.47 0.055 311.853
0.47 0.06 311.519
0.47 0.065 311.17
0.47 0.07 310.808
0.47 0.075 310.433
0.47 0.08 310.049
0.47 0.085 309.656
0.47 0.09 309.255
0.47 0.095 308.849
0.47 0.1 308.438
0.47 0.105 308.023
0.47 0.11 307.604
0.47 0.115 307.184
0.47 0.12 306.761
0.47 0.125 306.338
0.47 0.13 305.913
0.47 0.135 305.488
0.47 0.14 305.063
0.47 0.145 304.637
0.47 0.15 304.212
0.47 0.155 303.788
0.47 0.16 303.364
0.47 0.165 302.941
0.47 0.17 302.518
0.47 0.175 302.096
0.47 0.18 301.675
0.47 0.185 301.255
0.47 0.19 300.836
0.47 0.195 300.417
0.47 0.2 300
0.475 0 313.831
0.475 0.005 313.816
0.475 0.01 313.753
0.475 0.015 313.639
0.475 0.02 313.49
0.475 0.025 313.314
0.475 0.03 313.114
0.475 0.035 312.89
0.475 0.04 312.642
0.475 0.045 312.373
0.475 0.05 312.083
0.475 0.055 311.773
0.475 0.06 311.447
0.475 0.065 311.105
0.475 0.07 310.749
0.475 0.075 310.381
0.475 0.08 310.002
0.475 0.085 309.614
0.475 0.09 309.219
0.475 0.095 308.817
0.475 0.1 308.41
0.475 0.105 307.999
0.475 0.11 307.584
0.475 0.115 307.166
0.475 0.12 306.746
0.475 0.125 306.325
0.475 0.13 305.902
0.475 0.135 305.479
0.475 0.14 305.055
0.475 0.145 304.631
0.475 0.15 304.207
0.475 0.155 303.784
0.475 0.16 303.361
0.475 0.165 302.938
0.475 0.17 302.516
0.475 0.175 302.094
0.475 0.18 301.674
0.475 0.185 301.254
0.475 0.19 300.835
0.475 0.195 300.417
0.475 0.2 300
0.48 0 313.706
0.48 0.005 313.69
0.48 0.01 313.63
0.48 0.015 313.521
0.48 0.02 313.379
0.48 0.025 313.21
0.48 0.03 313.016
0.48 0.035 312.798
0.48 0.04 312.557
0.48 0.045 312.294
0.48 0.05 312.01
0.48 0.055 311.707
0.48 0.06 311.386
0.48 0.065 311.05
0.48 0.07 310.699
0.48 0.075 310.337
0.48 0.08 309.963
0.48 0.085 309.58
0.48 0.09 309.188
0.48 0.095 308.791
0.48 0.1 308.387
0.48 0.105 307.979
0.48 0.11 307.566
0.48 0.115 307.151
0.48 0.12 306.734
0.48 0.125 306.314
0.48 0.13 305.893
0.48 0.135 305.471
0.48 0.14 305.049
0.48 0.145 304.626
0.48 0.15 304.203
0.48 0.155 303.78
0.48 0.16 303.358
0.48 0.165 302.936
0.48 0.17 302.514
0.48 0.175 302.093
0.48 0.18 301.673
0.48 0.185 301.253
0.48 0.19 300.835
0.48 0.195 300.417
0.48 0.2 300
0.485 0 313.608
0.485 0.005 313.593
0.485 0.01 313.534
0.485 0.015 313.43
0.485 0.02 313.293
0.485 0.025 313.129
0.485 0.03 312.94
0.485 0.035 312.727
0.485 0.04 312.491
0.485 0.045 312.232
0.485 0.05 311.953
0.485 0.055 311.655
0.485 0.06 311.339
0.485 0.065 311.007
0.485 0.07 310.661
0.485 0.075 310.302
0.485 0.08 309.932
0.485 0.085 309.552
0.485 0.09 309.164
0.485 0.095 308.769
0.485 0.1 308.368
0.485 0.105 307.963
0.485 0.11 307.553
0.485 0.115 307.139
0.485 0.12 306.723
0.485 0.125 306.305
0.485 0.13 305.886
0.485 0.135 305.465
0.485 0.14 305.044
0.485 0.145 304.622
0.485 0.15 304.199
0.485 0.155 303.777
0.485 0.16 303.355
0.485 0.165 302.934
0.485 0.17 302.512
0.485 0.175 302.092
0.485 0.18 301.672
0.485 0.185 301.253
0.485 0.19 300.834
0.485 0.195 300.417
0.485 0.2 300
0.49 0 313.539
0.49 0.005 313.524
0.49 0.01 313.466
0.49 0.015 313.365
0.49 0.02 313.231
0.49 0.025 313.07
0.49 0.03 312.885
0.49 0.035 312.675
0.49 0.04 312.443
0.49 0.045 312.188
0.49 0.05 311.912
0.49 0.055 311.617
0.49 0.06 311.304
0.49 0.065 310.976
0.49 0.07 310.633
0.49 0.075 310.277
0.49 0.08 309.909
0.49 0.085 309.532
0.49 0.09 309.147
0.49 0.095 308.754
0.49 0.1 308.355
0.49 0.105 307.951
0.49 0.11 307.542
0.49 0.115 307.131
0.49 0.12 306.716
0.49 0.125 306.299
0.49 0.13 305.88
0.49 0.135 305.461
0.49 0.14 305.04
0.49 0.145 304.619
0.49 0.15 304.197
0.49 0.155 303.775
0.49 0.16 303.354
0.49 0.165 302.932
0.49 0.17 302.511
0.49 0.175 302.091
0.49 0.18 301.671
0.49 0.185 301.252
0.49 0.19 300.834
0.49 0.195 300.417
0.49 0.2 300
0.495 0 313.497
0.495 0.005 313.482
0.495 0.01 313.426
0.495 0.015 313.326
0.495 0.02 313.194
0.495 0.025 313.035
0.495 0.03 312.852
0.495 0.035 312.645
0.495 0.04 312.414
0.495 0.045 312.161
0.495 0.05 311.887
0.495 0.055 311.595
0.495 0.06 311.284
0.495 0.065 310.957
0.495 0.07 310.616
0.495 0.075 310.261
0.495 0.08 309.896
0.495 0.085 309.52
0.495 0.09 309.136
0.495 0.095 308.745
0.495 0.1 308.347
0.495 0.105 307.944
0.495 0.11 307.536
0.495 0.115 307.125
0.495 0.12 306.711
0.495 0.125 306.295
0.495 0.13 305.877
0.495 0.135 305.458
0.495 0.14 305.038
0.495 0.145 304.617
0.495 0.15 304.195
0.495 0.155 303.774
0.495 0.16 303.352
0.495 0.165 302.931
0.495 0.17 302.511
0.495 0.175 302.09
0.495 0.18 301.671
0.495 0.185 301.252
0.495 0.19 300.834
0.495 0.195 300.416
0.495 0.2 300
0.5 0 313.483
0.5 0.005 313.468
0.5 0.01 313.412
0.5 0.015 313.313
0.5 0.02 313.181
0.5 0.025 313.024
0.5 0.03 312.841
0.5 0.035 312.634
0.5 0.04 312.404
0.5 0.045 312.152
0.5 0.05 311.879
0.5 0.055 311.587
0.5 0.06 311.277
0.5 0.065 310.951
0.5 0.07 310.61
0.5 0.075 310.256
0.5 0.08 309.891
0.5 0.085 309.516
0.5 0.09 309.132
0.5 0.095 308.741
0.5 0.1 308.344
0.5 0.105 307.941
0.5 0.11 307.534
0.5 0.115 307.124
0.5 0.12 306.71
0.5 0.125 306.294
0.5 0.13 305.876
0.5 0.135 305.457
0.5 0.14 305.037
0.5 0.145 304.616
0.5 0.15 304.195
0.5 0.155 303.773
0.5 0.16 303.352
0.5 0.165 302.931
0.5 0.17 302.51
0.5 0.175 302.09
0.5 0.18 301.671
0.5 0.185 301.252
0.5 0.19 300.834
0.5 0.195 300.416
0.5 0.2 300
