0 0 27530.3
0 0.005 40181.8
0 0.01 71512.7
0 0.015 87063.7
0 0.02 90554.3
0 0.025 78136.8
0 0.03 64692.1
0 0.035 58389.6
0 0.04 55679.5
0 0.045 54241.8
0 0.05 53244
0 0.055 52405.6
0 0.06 51630.1
0 0.065 50884.1
0 0.07 50155.7
0 0.075 49440.7
0 0.08 48737.4
0 0.085 48045.2
0 0.09 47363.2
0 0.095 46690.8
0 0.1 46027
0 0.105 45370.7
0 0.11 44720.8
0 0.115 44075.9
0 0.12 43434.5
0 0.125 42795.2
0 0.13 42156.5
0 0.135 41516.9
0 0.14 40874.9
0 0.145 40229.2
0 0.15 39578.4
0 0.155 38921.5
0 0.16 38257.9
0 0.165 37587.5
0 0.17 36911.8
0 0.175 36234.3
0 0.18 35563.3
0 0.185 34915.7
0 0.19 34324.1
0 0.195 33851.1
0 0.2 33616.8
0.005 0 27530.3
0.005 0.005 46507.7
0.005 0.01 74527.1
0.005 0.015 88812.2
0.005 0.02 88805.6
0.005 0.025 75428.6
0.005 0.03 63387.1
0.005 0.035 57845.9
0.005 0.04 55406.4
0.005 0.045 54061.2
0.005 0.05 53096.2
0.005 0.055 52270.1
0.005 0.06 51500
0.005 0.065 50756.9
0.005 0.07 50030.6
0.005 0.075 49317.5
0.005 0.08 48616.2
0.005 0.085 47925.9
0.005 0.09 47245.9
0.005 0.095 46575.4
0.005 0.1 45913.4
0.005 0.105 45258.9
0.005 0.11 44610.6
0.005 0.115 43967
0.005 0.12 43326.8
0.005 0.125 42688.5
0.005 0.13 42050.5
0.005 0.135 41411.3
0.005 0.14 40769.5
0.005 0.145 40123.6
0.005 0.15 39472.5
0.005 0.155 38815.2
0.005 0.16 38151
0.005 0.165 37480.1
0.005 0.17 36804.1
0.005 0.175 36127.4
0.005 0.18 35459.3
0.005 0.185 34818.5
0.005 0.19 34241.7
0.005 0.195 33798.8
0.005 0.2 33626.6
0.01 0 27530.5
0.01 0.005 46508.2
0.01 0.01 74528.4
0.01 0.015 88815.1
0.01 0.02 88809.4
0.01 0.025 75430.2
0.01 0.03 63385.4
0.01 0.035 57841.1
0.01 0.04 55399
0.01 0.045 54051.6
0.01 0.05 53084.7
0.01 0.055 52256.9
0.01 0.06 51485.5
0.01 0.065 50741.4
0.01 0.07 50014.6
0.01 0.075 49301.4
0.01 0.08 48600.3
0.01 0.085 47910.7
0.01 0.09 47231.7
0.01 0.095 46562.5
0.01 0.1 45902.2
0.01 0.105 45249.5
0.01 0.11 44603.2
0.01 0.115 43961.8
0.01 0.12 43323.8
0.01 0.125 42687.7
0.01 0.13 42052
0.01 0.135 41415.1
0.01 0.14 40775.4
0.01 0.145 40131.7
0.01 0.15 39482.6
0.01 0.155 38827.1
0.01 0.16 38164.5
0.01 0.165 37495.2
0.01 0.17 36820.6
0.01 0.175 36145
0.01 0.18 35477.7
0.01 0.185 34837.6
0.01 0.19 34261.3
0.01 0.195 33818.5
0.01 0.2 33650.8
0.015 0 27530.9
0.015 0.005 46509
0.015 0.01 74530.7
0.015 0.015 88820.3
0.015 0.02 88815.7
0.015 0.025 75433
0.015 0.03 63382.6
0.015 0.035 57833.2
0.015 0.04 55386.7
0.015 0.045 54035.5
0.015 0.05 53065.2
0.015 0.055 52234.6
0.015 0.06 51461
0.015 0.065 50715.3
0.015 0.07 49987.5
0.015 0.075 49274.1
0.015 0.08 48573.5
0.015 0.085 47885
0.015 0.09 47207.8
0.015 0.095 46540.9
0.015 0.1 45883.3
0.015 0.105 45233.8
0.015 0.11 44590.9
0.015 0.115 43953.1
0.015 0.12 43318.9
0.015 0.125 42686.7
0.015 0.13 42054.8
0.015 0.135 41421.6
0.015 0.14 40785.7
0.015 0.145 40145.4
0.015 0.15 39499.6
0.015 0.155 38847.2
0.015 0.16 38187.5
0.015 0.165 37520.6
0.015 0.17 36848.2
0.015 0.175 36174.5
0.015 0.18 35508.7
0.015 0.185 34869.7
0.015 0.19 34294
0.015 0.195 33851.6
0.015 0.2 33688.4
0.02 0 27531.4
0.02 0.005 46510.1
0.02 0.01 74534
0.02 0.015 88827.8
0.02 0.02 88825.2
0.02 0.025 75437.7
0.02 0.03 63379.5
0.02 0.035 57822.7
0.02 0.04 55369.7
0.02 0.045 54012.8
0.02 0.05 53037.6
0.02 0.055 52202.9
0.02 0.06 51425.9
0.02 0.065 50677.8
0.02 0.07 49948.7
0.02 0.075 49234.9
0.02 0.08 48535.1
0.02 0.085 47848.2
0.02 0.09 47173.6
0.02 0.095 46510
0.02 0.1 45856.4
0.02 0.105 45211.4
0.02 0.11 44573.4
0.02 0.115 43940.9
0.02 0.12 43312.1
0.02 0.125 42685.3
0.02 0.13 42058.9
0.02 0.135 41431.1
0.02 0.14 40800.3
0.02 0.145 40165
0.02 0.15 39523.9
0.02 0.155 38875.8
0.02 0.16 38220
0.02 0.165 37556.8
0.02 0.17 36887.5
0.02 0.175 36216.3
0.02 0.18 35552.7
0.02 0.185 34915.2
0.02 0.19 34340.4
0.02 0.195 33898.4
0.02 0.2 33740
0.025 0 27532
0.025 0.005 46511.6
0.025 0.01 74538.4
0.025 0.015 88837.9
0.025 0.02 88838.4
0.025 0.025 75445.2
0.025 0.03 63376.8
0.025 0.035 57810.2
0.025 0.04 55348.3
0.025 0.045 53983.6
0.025 0.05 53001.5
0.025 0.055 52161
0.025 0.06 51379.4
0.025 0.065 50628.1
0.025 0.07 49897.1
0.025 0.075 49183
0.025 0.08 48484.1
0.025 0.085 47799.5
0.025 0.09 47128.3
0.025 0.095 46469.3
0.025 0.1 45821
0.025 0.105 45182
0.025 0.11 44550.5
0.025 0.115 43924.9
0.025 0.12 43303.2
0.025 0.125 42683.6
0.025 0.13 42064.3
0.025 0.135 41443.5
0.025 0.14 40819.5
0.025 0.145 40190.7
0.025 0.15 39555.7
0.025 0.155 38913.2
0.025 0.16 38262.6
0.025 0.165 37604
0.025 0.17 36938.7
0.025 0.175 36271
0.025 0.18 35610
0.025 0.185 34974.5
0.025 0.19 34400.9
0.025 0.195 33959.4
0.025 0.2 33805.9
0.03 0 27532.7
0.03 0.005 46513.3
0.03 0.01 74543.8
0.03 0.015 88850.9
0.03 0.02 88856.2
0.03 0.025 75456.7
0.03 0.03 63375.9
0.03 0.035 57796.7
0.03 0.04 55323.2
0.03 0.045 53948
0.03 0.05 52956.6
0.03 0.055 52108.3
0.03 0.06 51320.5
0.03 0.065 50564.9
0.03 0.07 49831.5
0.03 0.075 49116.8
0.03 0.08 48419.3
0.03 0.085 47737.7
0.03 0.09 47071
0.03 0.095 46417.8
0.03 0.1 45776.4
0.03 0.105 45145.1
0.03 0.11 44521.9
0.03 0.115 43905
0.03 0.12 43292.2
0.03 0.125 42681.7
0.03 0.13 42071.3
0.03 0.135 41459.3
0.03 0.14 40843.7
0.03 0.145 40222.9
0.03 0.15 39595.4
0.03 0.155 38960
0.03 0.16 38315.8
0.03 0.165 37662.8
0.03 0.17 37002.5
0.03 0.175 36339
0.03 0.18 35681.3
0.03 0.185 35048.2
0.03 0.19 34476.2
0.03 0.195 34035.3
0.03 0.2 33887
0.035 0 27533.5
0.035 0.005 46515.2
0.035 0.01 74550.1
0.035 0.015 88867.2
0.035 0.02 88879.9
0.035 0.025 75474.2
0.035 0.03 63378.7
0.035 0.035 57783.6
0.035 0.04 55295
0.035 0.045 53905.8
0.035 0.05 52902.2
0.035 0.055 52043.5
0.035 0.06 51247.6
0.035 0.065 50486.3
0.035 0.07 49749.9
0.035 0.075 49034.7
0.035 0.08 48338.9
0.035 0.085 47661.4
0.035 0.09 47000.5
0.035 0.095 46354.6
0.035 0.1 45721.8
0.035 0.105 45100
0.035 0.11 44487.1
0.035 0.115 43880.9
0.035 0.12 43279.1
0.035 0.125 42679.5
0.035 0.13 42080
0.035 0.135 41478.6
0.035 0.14 40873.2
0.035 0.145 40262.1
0.035 0.15 39643.7
0.035 0.155 39016.7
0.035 0.16 38380.2
0.035 0.165 37734.1
0.035 0.17 37079.7
0.035 0.175 36421.2
0.035 0.18 35767.5
0.035 0.185 35137.3
0.035 0.19 34567
0.035 0.195 34126.9
0.035 0.2 33984.1
0.04 0 27534.1
0.04 0.005 46517.1
0.04 0.01 74557.4
0.04 0.015 88887
0.04 0.02 88910.9
0.04 0.025 75500.3
0.04 0.03 63387.7
0.04 0.035 57772.9
0.04 0.04 55264.7
0.04 0.045 53857.2
0.04 0.05 52837.2
0.04 0.055 51964.9
0.04 0.06 51158.6
0.04 0.065 50390.2
0.04 0.07 49650
0.04 0.075 48934.3
0.04 0.08 48241.1
0.04 0.085 47568.6
0.04 0.09 46915.1
0.04 0.095 46278.3
0.04 0.1 45656.2
0.04 0.105 45046.1
0.04 0.11 44445.7
0.04 0.115 43852.4
0.04 0.12 43263.7
0.04 0.125 42677.3
0.04 0.13 42090.7
0.04 0.135 41501.9
0.04 0.14 40908.6
0.04 0.145 40308.9
0.04 0.15 39701.2
0.04 0.155 39084.1
0.04 0.16 38456.6
0.04 0.165 37818.5
0.04 0.17 37171.1
0.04 0.175 36518.4
0.04 0.18 35869.4
0.04 0.185 35242.5
0.04 0.19 34674.3
0.04 0.195 34235
0.04 0.2 34098.1
0.045 0 27534.4
0.045 0.005 46518.7
0.045 0.01 74565.2
0.045 0.015 88910.9
0.045 0.02 88951.5
0.045 0.025 75538.5
0.045 0.03 63406.6
0.045 0.035 57767.2
0.045 0.04 55233.5
0.045 0.045 53801.8
0.045 0.05 52760.3
0.045 0.055 51870.3
0.045 0.06 51050.6
0.045 0.065 50273.4
0.045 0.07 49528.9
0.045 0.075 48812.9
0.045 0.08 48123.2
0.045 0.085 47457.3
0.045 0.09 46813
0.045 0.095 46187.7
0.045 0.1 45578.5
0.045 0.105 44982.6
0.045 0.11 44397.1
0.045 0.115 43819.2
0.045 0.12 43246.2
0.045 0.125 42675.2
0.045 0.13 42103.8
0.045 0.135 41529.6
0.045 0.14 40950.4
0.045 0.145 40364
0.045 0.15 39768.8
0.045 0.155 39163.1
0.045 0.16 38545.9
0.045 0.165 37917
0.045 0.17 37277.7
0.045 0.175 36631.8
0.045 0.18 35988.1
0.045 0.185 35365.1
0.045 0.19 34799.3
0.045 0.195 34360.9
0.045 0.2 34230.3
0.05 0 27533.8
0.05 0.005 46519.5
0.05 0.01 74573
0.05 0.015 88939.2
0.05 0.02 89004.7
0.05 0.025 75594.2
0.05 0.03 63440.6
0.05 0.035 57770.3
0.05 0.04 55203
0.05 0.045 53739
0.05 0.05 52669.3
0.05 0.055 51756.3
0.05 0.06 50919.8
0.05 0.065 50131.8
0.05 0.07 49382.5
0.05 0.075 48666.9
0.05 0.08 47982.1
0.05 0.085 47324.9
0.05 0.09 46692.3
0.05 0.095 46081
0.05 0.1 45487.6
0.05 0.105 44908.8
0.05 0.11 44341.1
0.05 0.115 43781.4
0.05 0.12 43226.5
0.05 0.125 42673.6
0.05 0.13 42119.8
0.05 0.135 41562.5
0.05 0.14 40999.4
0.05 0.145 40428.3
0.05 0.15 39847.2
0.05 0.155 39254.6
0.05 0.16 38649.3
0.05 0.165 38030.9
0.05 0.17 37400.7
0.05 0.175 36762.4
0.05 0.18 36124.8
0.05 0.185 35506.3
0.05 0.19 34943.1
0.05 0.195 34505.8
0.05 0.2 34382
0.055 0 27531.7
0.055 0.005 46518.2
0.055 0.01 74579.8
0.055 0.015 88972.4
0.055 0.02 89074.7
0.055 0.025 75674.9
0.055 0.03 63497.3
0.055 0.035 57787.1
0.055 0.04 55174.9
0.055 0.045 53667.7
0.055 0.05 52560.5
0.055 0.055 51618.1
0.055 0.06 50760.6
0.055 0.065 49960.2
0.055 0.07 49205.9
0.055 0.075 48492
0.055 0.08 47814.2
0.055 0.085 47168.4
0.055 0.09 46550.6
0.055 0.095 45956.6
0.055 0.1 45382.4
0.055 0.105 44823.8
0.055 0.11 44277.1
0.055 0.115 43738.6
0.055 0.12 43205
0.055 0.125 42672.8
0.055 0.13 42139.2
0.055 0.135 41601.3
0.055 0.14 41056.6
0.055 0.145 40502.8
0.055 0.15 39937.8
0.055 0.155 39359.9
0.055 0.16 38768
0.055 0.165 38161.5
0.055 0.17 37541.6
0.055 0.175 36911.9
0.055 0.18 36281.1
0.055 0.185 35667.5
0.055 0.19 35107.3
0.055 0.195 34671.2
0.055 0.2 34554.6
0.06 0 27526.3
0.06 0.005 46513
0.06 0.01 74583.6
0.06 0.015 89010.7
0.06 0.02 89168.2
0.06 0.025 75792.5
0.06 0.03 63587.7
0.06 0.035 57824.4
0.06 0.04 55150.8
0.06 0.045 53585
0.06 0.05 52428.5
0.06 0.055 51448.6
0.06 0.06 50566
0.06 0.065 49751.7
0.06 0.07 48993.1
0.06 0.075 48283
0.06 0.08 47615.3
0.06 0.085 46984.6
0.06 0.09 46385.5
0.06 0.095 45812.8
0.06 0.1 45261.5
0.06 0.105 44727.1
0.06 0.11 44205
0.06 0.115 43691.2
0.06 0.12 43181.9
0.06 0.125 42673.6
0.06 0.13 42162.9
0.06 0.135 41647
0.06 0.14 41123.1
0.06 0.145 40588.8
0.06 0.15 40041.8
0.06 0.155 39480.5
0.06 0.16 38903.4
0.06 0.165 38310.2
0.06 0.17 37701.8
0.06 0.175 37081.7
0.06 0.18 36458.5
0.06 0.185 35850.3
0.06 0.19 35293.4
0.06 0.195 34858.7
0.06 0.2 34749.9
0.065 0 27514.9
0.065 0.005 46500
0.065 0.01 74581.1
0.065 0.015 89054.9
0.065 0.02 89295.8
0.065 0.025 75965.2
0.065 0.03 63728
0.065 0.035 57890.8
0.065 0.04 55131
0.065 0.045 53485.4
0.065 0.05 52264.2
0.065 0.055 51237.8
0.065 0.06 50325.9
0.065 0.065 49497.3
0.065 0.07 48736.7
0.065 0.075 48033.9
0.065 0.08 47380.8
0.065 0.085 46769.9
0.065 0.09 46194.4
0.065 0.095 45647.7
0.065 0.1 45124.1
0.065 0.105 44618.1
0.065 0.11 44124.7
0.065 0.115 43639.4
0.065 0.12 43157.9
0.065 0.125 42676.6
0.065 0.13 42192
0.065 0.135 41700.7
0.065 0.14 41200.1
0.065 0.145 40687.5
0.065 0.15 40160.7
0.065 0.155 39617.8
0.065 0.16 39057.3
0.065 0.165 38478.8
0.065 0.17 37883
0.065 0.175 37273.5
0.065 0.18 36658.7
0.065 0.185 36056.6
0.065 0.19 35503.3
0.065 0.195 35070
0.065 0.2 34969.7
0.07 0 27491.6
0.07 0.005 46472.2
0.07 0.01 74566.6
0.07 0.015 89106.6
0.07 0.02 89476.3
0.07 0.025 76223.1
0.07 0.03 63941.8
0.07 0.035 57995.8
0.07 0.04 55112.5
0.07 0.045 53357.5
0.07 0.05 52053.1
0.07 0.055 50970.8
0.07 0.06 50027.1
0.07 0.065 49186.1
0.07 0.07 48427.7
0.07 0.075 47738
0.07 0.08 47105.7
0.07 0.085 46520.9
0.07 0.09 45974.9
0.07 0.095 45460
0.07 0.1 44969.3
0.07 0.105 44496.6
0.07 0.11 44036.4
0.07 0.115 43583.7
0.07 0.12 43133.9
0.07 0.125 42683.1
0.07 0.13 42227.6
0.07 0.135 41763.9
0.07 0.14 41289.3
0.07 0.145 40800.8
0.07 0.15 40296.2
0.07 0.155 39773.6
0.07 0.16 39231.4
0.07 0.165 38669.1
0.07 0.17 38087.3
0.07 0.175 37489.4
0.07 0.18 36883.8
0.07 0.185 36288.3
0.07 0.19 35739
0.07 0.195 35307.3
0.07 0.2 35216.2
0.075 0 27445.6
0.075 0.005 46416
0.075 0.01 74530.5
0.075 0.015 89171.6
0.075 0.02 89744.6
0.075 0.025 76616.6
0.075 0.03 64262.4
0.075 0.035 58146.2
0.075 0.04 55082.8
0.075 0.045 53180.3
0.075 0.05 51772.2
0.075 0.055 50627
0.075 0.06 49652.6
0.075 0.065 48804.7
0.075 0.07 48056.4
0.075 0.075 47388.2
0.075 0.08 46785
0.075 0.085 46234.1
0.075 0.09 45725.1
0.075 0.095 45248.6
0.075 0.1 44796.8
0.075 0.105 44362.9
0.075 0.11 43940.8
0.075 0.115 43525.1
0.075 0.12 43111.1
0.075 0.125 42694.4
0.075 0.13 42271.3
0.075 0.135 41838.3
0.075 0.14 41392.2
0.075 0.145 40930.4
0.075 0.15 40450.3
0.075 0.155 39950
0.075 0.16 39427.8
0.075 0.165 38883.2
0.075 0.17 38316.7
0.075 0.175 37731.6
0.075 0.18 37136
0.075 0.185 36547.7
0.075 0.19 36002.7
0.075 0.195 35572.6
0.075 0.2 35491.5
0.08 0 27354.5
0.08 0.005 46304.6
0.08 0.01 74459.3
0.08 0.015 89267
0.08 0.02 90171.8
0.08 0.025 77232.1
0.08 0.03 64729.9
0.08 0.035 58334.8
0.08 0.04 55009.8
0.08 0.045 52915
0.08 0.05 51386.7
0.08 0.055 50178.3
0.08 0.06 49181.5
0.08 0.065 48338.3
0.08 0.07 47612.3
0.08 0.075 46977.5
0.08 0.08 46414.3
0.08 0.085 45907.2
0.08 0.09 45443.5
0.08 0.095 45013
0.08 0.1 44606.9
0.08 0.105 44217.7
0.08 0.11 43838.9
0.08 0.115 43465
0.08 0.12 43090.9
0.08 0.125 42712.2
0.08 0.13 42325
0.08 0.135 41925.7
0.08 0.14 41511.1
0.08 0.145 41078.4
0.08 0.15 40625.1
0.08 0.155 40149.1
0.08 0.16 39648.8
0.08 0.165 39123.5
0.08 0.17 38573.6
0.08 0.175 38002.3
0.08 0.18 37417.7
0.08 0.185 36837.2
0.08 0.19 36296.8
0.08 0.195 35868.4
0.08 0.2 35798.1
0.085 0 27171.4
0.085 0.005 46084.5
0.085 0.01 74338.1
0.085 0.015 89447.3
0.085 0.02 90915.6
0.085 0.025 78213.4
0.085 0.03 65369.1
0.085 0.035 58509.7
0.085 0.04 54820.2
0.085 0.045 52496
0.085 0.05 50846.3
0.085 0.055 49589.5
0.085 0.06 48590
0.085 0.065 47771.7
0.085 0.07 47086.1
0.085 0.075 46500.4
0.085 0.08 45990.6
0.085 0.085 45538.5
0.085 0.09 45130.1
0.085 0.095 44753.8
0.085 0.1 44400.5
0.085 0.105 44062.3
0.085 0.11 43732.4
0.085 0.115 43405.2
0.085 0.12 43075.4
0.085 0.125 42738.6
0.085 0.13 42390.9
0.085 0.135 42028.5
0.085 0.14 41648.3
0.085 0.145 41247.3
0.085 0.15 40823.1
0.085 0.155 40373.5
0.085 0.16 39896.9
0.085 0.165 39392.4
0.085 0.17 38860.5
0.085 0.175 38304.2
0.085 0.18 37731.3
0.085 0.185 37159.3
0.085 0.19 36624
0.085 0.195 36197.4
0.085 0.2 36138.7
0.09 0 26791.5
0.09 0.005 45645.8
0.09 0.01 74181.3
0.09 0.015 89897.8
0.09 0.02 92357.6
0.09 0.025 79740
0.09 0.03 66088.9
0.09 0.035 58503.1
0.09 0.04 54369
0.09 0.045 51821.8
0.09 0.05 50086.4
0.09 0.055 48821.5
0.09 0.06 47855.6
0.09 0.065 47091.9
0.09 0.07 46471
0.09 0.075 45953.7
0.09 0.08 45512.9
0.09 0.085 45128.6
0.09 0.09 44785.8
0.09 0.095 44472.7
0.09 0.1 44179.7
0.09 0.105 43898.9
0.09 0.11 43623.6
0.09 0.115 43348
0.09 0.12 43067
0.09 0.125 42776.2
0.09 0.13 42471.4
0.09 0.135 42149.2
0.09 0.14 41806.2
0.09 0.145 41439.7
0.09 0.15 41046.9
0.09 0.155 40625.8
0.09 0.16 40174.7
0.09 0.165 39692.7
0.09 0.17 39180.2
0.09 0.175 38640
0.09 0.18 38079.9
0.09 0.185 37516.9
0.09 0.19 36986.9
0.09 0.195 36562.2
0.09 0.2 36516.2
0.095 0 25970.2
0.095 0.005 44901.8
0.095 0.01 74235
0.095 0.015 91365.7
0.095 0.02 95307.6
0.095 0.025 81596.5
0.095 0.03 66347.9
0.095 0.035 57904.1
0.095 0.04 53412.6
0.095 0.045 50760.9
0.095 0.05 49039.4
0.095 0.055 47841
0.095 0.06 46962.6
0.095 0.065 46292.8
0.095 0.07 45765.4
0.095 0.075 45338.4
0.095 0.08 44983.4
0.095 0.085 44680.2
0.095 0.09 44413.8
0.095 0.095 44172.7
0.095 0.1 43947.5
0.095 0.105 43730.6
0.095 0.11 43515.5
0.095 0.115 43296.5
0.095 0.12 43068.7
0.095 0.125 42827.7
0.095 0.13 42569.5
0.095 0.135 42290.7
0.095 0.14 41987.9
0.095 0.145 41658.4
0.095 0.15 41299.5
0.095 0.155 40909
0.095 0.16 40485.3
0.095 0.165 40027.5
0.095 0.17 39535.7
0.095 0.175 39012.8
0.095 0.18 38466.3
0.095 0.185 37913.1
0.095 0.19 37388.7
0.095 0.195 36966
0.095 0.2 36933.6
0.1 0 24632.1
0.1 0.005 48453.2
0.1 0.01 74064.4
0.1 0.015 93904.5
0.1 0.02 97126
0.1 0.025 80332.8
0.1 0.03 64382.8
0.1 0.035 55978.5
0.1 0.04 51657.5
0.1 0.045 49199.2
0.1 0.05 47664.3
0.1 0.055 46636.5
0.1 0.06 45911.6
0.1 0.065 45379.4
0.1 0.07 44975.8
0.1 0.075 44660.8
0.1 0.08 44408
0.1 0.085 44198.6
0.1 0.09 44018.9
0.1 0.095 43858.2
0.1 0.1 43708
0.1 0.105 43561.2
0.1 0.11 43411.6
0.1 0.115 43254.1
0.1 0.12 43083.8
0.1 0.125 42896.5
0.1 0.13 42688.5
0.1 0.135 42456.2
0.1 0.14 42196.5
0.1 0.145 41906.6
0.1 0.15 41583.9
0.1 0.155 41226.3
0.1 0.16 40831.9
0.1 0.165 40399.8
0.1 0.17 39930.2
0.1 0.175 39425.8
0.1 0.18 38893.8
0.1 0.185 38351
0.1 0.19 37832.6
0.1 0.195 37412
0.1 0.2 37394.3
0.105 0 40129.5
0.105 0.005 62873.9
0.105 0.01 70724.2
0.105 0.015 87454.4
0.105 0.02 85291.8
0.105 0.025 70033.6
0.105 0.03 58418.9
0.105 0.035 52277.6
0.105 0.04 49018.7
0.105 0.045 47145.6
0.105 0.05 45989.7
0.105 0.055 45236.8
0.105 0.06 44726.6
0.105 0.065 44370.9
0.105 0.07 44117.3
0.105 0.075 43933.2
0.105 0.08 43796.6
0.105 0.085 43692
0.105 0.09 43607.9
0.105 0.095 43535.2
0.105 0.1 43466.5
0.105 0.105 43395.3
0.105 0.11 43316.4
0.105 0.115 43224.7
0.105 0.12 43116
0.105 0.125 42986.2
0.105 0.13 42831.7
0.105 0.135 42649.2
0.105 0.14 42435.5
0.105 0.145 42187.8
0.105 0.15 41903.7
0.105 0.155 41581
0.105 0.16 41217.8
0.105 0.165 40813.2
0.105 0.17 40367.3
0.105 0.175 39882.5
0.105 0.18 39366
0.105 0.185 38834.1
0.105 0.19 38322.2
0.105 0.195 37903.7
0.105 0.2 37901.8
0.11 0 82812
0.11 0.005 88225.8
0.11 0.01 64319.6
0.11 0.015 66384.7
0.11 0.02 62352.3
0.11 0.025 55702
0.11 0.03 50735.3
0.11 0.035 47702.8
0.11 0.04 45898.2
0.11 0.045 44806.6
0.11 0.05 44133.7
0.11 0.055 43714.9
0.11 0.06 43455.8
0.11 0.065 43300.2
0.11 0.07 43213.5
0.11 0.075 43172.8
0.11 0.08 43162.4
0.11 0.085 43170.9
0.11 0.09 43189.4
0.11 0.095 43210.7
0.11 0.1 43228.8
0.11 0.105 43238.3
0.11 0.11 43234.4
0.11 0.115 43212.9
0.11 0.12 43169.6
0.11 0.125 43100.9
0.11 0.13 43003.2
0.11 0.135 42873.5
0.11 0.14 42708.5
0.11 0.145 42505.7
0.11 0.15 42262.5
0.11 0.155 41976.8
0.11 0.16 41646.7
0.11 0.165 41271.2
0.11 0.17 40850.4
0.11 0.175 40386.5
0.11 0.18 39886.4
0.11 0.185 39366.2
0.11 0.19 38861
0.11 0.195 38444.7
0.11 0.2 38459.9
0.115 0 138557
0.115 0.005 114711
0.115 0.01 62190
0.115 0.015 51902
0.115 0.02 48553.5
0.115 0.025 46351.8
0.115 0.03 44718.4
0.115 0.035 43603.8
0.115 0.04 42898.6
0.115 0.045 42482.8
0.115 0.05 42261.5
0.115 0.055 42168.9
0.115 0.06 42160.9
0.115 0.065 42208.7
0.115 0.07 42293
0.115 0.075 42400.3
0.115 0.08 42520.8
0.115 0.085 42647
0.115 0.09 42772.6
0.115 0.095 42892.4
0.115 0.1 43001.6
0.115 0.105 43095.9
0.115 0.11 43171
0.115 0.115 43223.3
0.115 0.12 43249
0.115 0.125 43244.7
0.115 0.13 43207.1
0.115 0.135 43133
0.115 0.14 43019.6
0.115 0.145 42864.2
0.115 0.15 42664.2
0.115 0.155 42417.6
0.115 0.16 42122.6
0.115 0.165 41777.9
0.115 0.17 41383.6
0.115 0.175 40941.7
0.115 0.18 40459
0.115 0.185 39951.2
0.115 0.19 39453
0.115 0.195 39038.9
0.115 0.2 39072.6
0.12 0 175704
0.12 0.005 132663
0.12 0.01 67657.4
0.12 0.015 49952.9
0.12 0.02 44130.9
0.12 0.025 41925.9
0.12 0.03 40972
0.12 0.035 40547.2
0.12 0.04 40396.6
0.12 0.045 40407.1
0.12 0.05 40517.7
0.12 0.055 40690.9
0.12 0.06 40902.8
0.12 0.065 41137.7
0.12 0.07 41385
0.12 0.075 41636.9
0.12 0.08 41887.7
0.12 0.085 42132.7
0.12 0.09 42367.5
0.12 0.095 42588.5
0.12 0.1 42791.9
0.12 0.105 42974.1
0.12 0.11 43131.6
0.12 0.115 43261
0.12 0.12 43359
0.12 0.125 43422.2
0.12 0.13 43447.5
0.12 0.135 43432
0.12 0.14 43372.8
0.12 0.145 43267.3
0.12 0.15 43112.9
0.12 0.155 42907.5
0.12 0.16 42649.4
0.12 0.165 42337.2
0.12 0.17 41970.9
0.12 0.175 41552.3
0.12 0.18 41088
0.12 0.185 40593.2
0.12 0.19 40102.5
0.12 0.195 39690.6
0.12 0.2 39744
0.125 0 195714
0.125 0.005 146509
0.125 0.01 75292.7
0.125 0.015 52711.3
0.125 0.02 43980.7
0.125 0.025 40425.9
0.125 0.03 39009
0.125 0.035 38535.5
0.125 0.04 38504.5
0.125 0.045 38692
0.125 0.05 38990.9
0.125 0.055 39346.4
0.125 0.06 39729
0.125 0.065 40121.9
0.125 0.07 40515
0.125 0.075 40901.9
0.125 0.08 41278
0.125 0.085 41639.6
0.125 0.09 41983.6
0.125 0.095 42306.9
0.125 0.1 42606.4
0.125 0.105 42879
0.125 0.11 43121.6
0.125 0.115 43331
0.125 0.12 43504.2
0.125 0.125 43637.9
0.125 0.13 43729.1
0.125 0.135 43775
0.125 0.14 43772.6
0.125 0.145 43719.4
0.125 0.15 43612.9
0.125 0.155 43450.9
0.125 0.16 43231.5
0.125 0.165 42953.5
0.125 0.17 42616.6
0.125 0.175 42222.6
0.125 0.18 41777.6
0.125 0.185 41296.5
0.125 0.19 40813.7
0.125 0.195 40404.1
0.125 0.2 40478.6
0.13 0 209922
0.13 0.005 157683
0.13 0.01 82408.8
0.13 0.015 56580.1
0.13 0.02 45502.3
0.13 0.025 40468.8
0.13 0.03 38229.4
0.13 0.035 37357.2
0.13 0.04 37176.6
0.13 0.045 37352.9
0.13 0.05 37714.3
0.13 0.055 38169.6
0.13 0.06 38669.2
0.13 0.065 39185.5
0.13 0.07 39702.5
0.13 0.075 40210.7
0.13 0.08 40704.1
0.13 0.085 41178.1
0.13 0.09 41629.5
0.13 0.095 42055
0.13 0.1 42451.6
0.13 0.105 42816.4
0.13 0.11 43146.4
0.13 0.115 43438.5
0.13 0.12 43689.5
0.13 0.125 43896.5
0.13 0.13 44056.4
0.13 0.135 44166.3
0.13 0.14 44223.4
0.13 0.145 44225
0.13 0.15 44168.6
0.13 0.155 44052.1
0.13 0.16 43873.4
0.13 0.165 43631.3
0.13 0.17 43325.4
0.13 0.175 42957.2
0.13 0.18 42532.5
0.13 0.185 42065.9
0.13 0.19 41591.2
0.13 0.195 41183.9
0.13 0.2 41281.2
0.135 0 221914
0.135 0.005 167359
0.135 0.01 88787.4
0.135 0.015 60535.9
0.135 0.02 47625.2
0.135 0.025 41280
0.135 0.03 38174.1
0.135 0.035 36775.1
0.135 0.04 36305.9
0.135 0.045 36351.1
0.135 0.05 36681.6
0.135 0.055 37168
0.135 0.06 37735.9
0.135 0.065 38341.8
0.135 0.07 38959.9
0.135 0.075 39574.4
0.135 0.08 40175.5
0.135 0.085 40756.5
0.135 0.09 41312.3
0.135 0.095 41839.2
0.135 0.1 42333.4
0.135 0.105 42791.9
0.135 0.11 43211.2
0.135 0.115 43588.3
0.135 0.12 43919.8
0.135 0.125 44202.8
0.135 0.13 44434.2
0.135 0.135 44610.8
0.135 0.14 44729.9
0.135 0.145 44788.8
0.135 0.15 44784.9
0.135 0.155 44715.9
0.135 0.16 44579.9
0.135 0.165 44375.4
0.135 0.17 44101.9
0.135 0.175 43760.8
0.135 0.18 43357.5
0.135 0.185 42906.1
0.135 0.19 42440
0.135 0.195 42035.1
0.135 0.2 42156.5
0.14 0 232808
0.14 0.005 176186
0.14 0.01 94635.6
0.14 0.015 64351.9
0.14 0.02 49935
0.14 0.025 42462.1
0.14 0.03 38545.6
0.14 0.035 36597
0.14 0.04 35780.5
0.14 0.045 35627.7
0.14 0.05 35865.9
0.14 0.055 36332.6
0.14 0.06 36929.1
0.14 0.065 37595.2
0.14 0.07 38293.2
0.14 0.075 38999.5
0.14 0.08 39698.8
0.14 0.085 40380.7
0.14 0.09 41038
0.14 0.095 41665
0.14 0.1 42257.1
0.14 0.105 42810.3
0.14 0.11 43320.9
0.14 0.115 43785.2
0.14 0.12 44199.9
0.14 0.125 44561.6
0.14 0.13 44867.1
0.14 0.135 45113.2
0.14 0.14 45296.9
0.14 0.145 45415.6
0.14 0.15 45466.4
0.14 0.155 45447.2
0.14 0.16 45355.8
0.14 0.165 45190.7
0.14 0.17 44951.2
0.14 0.175 44638.5
0.14 0.18 44257.6
0.14 0.185 43822.2
0.14 0.19 43365.1
0.14 0.195 42962.6
0.14 0.2 43109.9
0.145 0 243033
0.145 0.005 184494
0.145 0.01 100148
0.145 0.015 68021.8
0.145 0.02 52287.3
0.145 0.025 43823.7
0.145 0.03 39167.9
0.145 0.035 36687.1
0.145 0.04 35507.3
0.145 0.045 35124.1
0.145 0.05 35233.1
0.145 0.055 35645.1
0.145 0.06 36240.7
0.145 0.065 36943.4
0.145 0.07 37703.7
0.145 0.075 38489
0.145 0.08 39277.8
0.145 0.085 40055.2
0.145 0.09 40810.9
0.145 0.095 41536.9
0.145 0.1 42227.1
0.145 0.105 42876.3
0.145 0.11 43480
0.145 0.115 44034
0.145 0.12 44534.4
0.145 0.125 44977.6
0.145 0.13 45360
0.145 0.135 45678.3
0.145 0.14 45929.4
0.145 0.145 46110.4
0.145 0.15 46218.4
0.145 0.155 46251.1
0.145 0.16 46206.3
0.145 0.165 46082.4
0.145 0.17 45878.5
0.145 0.175 45595.5
0.145 0.18 45238.2
0.145 0.185 44819.5
0.145 0.19 44371.9
0.145 0.195 43971.7
0.145 0.2 44146.7
0.15 0 252783
0.15 0.005 192454
0.15 0.01 105456
0.15 0.015 71587.5
0.15 0.02 54641.6
0.15 0.025 45277.8
0.15 0.03 39942.3
0.15 0.035 36957
0.15 0.04 35416.7
0.15 0.045 34790.4
0.15 0.05 34749.8
0.15 0.055 35085.1
0.15 0.06 35659
0.15 0.065 36380.6
0.15 0.07 37189
0.15 0.075 38042.9
0.15 0.08 38914
0.15 0.085 39782.5
0.15 0.09 40634.2
0.15 0.095 41458.6
0.15 0.1 42247.4
0.15 0.105 42994.1
0.15 0.11 43693
0.15 0.115 44339.1
0.15 0.12 44928
0.15 0.125 45455.6
0.15 0.13 45917.8
0.15 0.135 46311.2
0.15 0.14 46632.5
0.15 0.145 46878.3
0.15 0.15 47046
0.15 0.155 47132.9
0.15 0.16 47136.8
0.15 0.165 47055.9
0.15 0.17 46889.1
0.15 0.175 46637.3
0.15 0.18 46304.6
0.15 0.185 45903.5
0.15 0.19 45465.8
0.15 0.195 45068.1
0.15 0.2 45272.6
0.155 0 262162
0.155 0.005 200160
0.155 0.01 110641
0.155 0.015 75091.5
0.155 0.02 56995.1
0.155 0.025 46787.9
0.155 0.03 40815.9
0.155 0.035 37351.6
0.155 0.04 35460
0.155 0.045 34587.9
0.155 0.05 34387.8
0.155 0.055 34632.9
0.155 0.06 35171.3
0.155 0.065 35899.2
0.155 0.07 36745.4
0.155 0.075 37660
0.155 0.08 38607.9
0.155 0.085 39564.1
0.155 0.09 40510.3
0.155 0.095 41433
0.155 0.1 42321.4
0.155 0.105 43167.4
0.155 0.11 43963.9
0.155 0.115 44705
0.155 0.12 45385.4
0.155 0.125 46000.3
0.155 0.13 46545.5
0.155 0.135 47017.1
0.155 0.14 47411.3
0.155 0.145 47724.9
0.155 0.15 47954.8
0.155 0.155 48098.2
0.155 0.16 48152.9
0.155 0.165 48116.8
0.155 0.17 47988.9
0.155 0.175 47769.6
0.155 0.18 47462.7
0.155 0.185 47080.1
0.155 0.19 46652.8
0.155 0.195 46257.7
0.155 0.2 46493.5
0.16 0 271227
0.16 0.005 207666
0.16 0.01 115752
0.16 0.015 78566.6
0.16 0.02 59355.8
0.16 0.025 48340.1
0.16 0.03 41760.8
0.16 0.035 37837.5
0.16 0.04 35604.8
0.16 0.045 34488.5
0.16 0.05 34124.6
0.16 0.055 34271.9
0.16 0.06 34765.8
0.16 0.065 35491.6
0.16 0.07 36368.3
0.16 0.075 37338
0.16 0.08 38359
0.16 0.085 39400.8
0.16 0.09 40441
0.16 0.095 41462.5
0.16 0.1 42452.3
0.16 0.105 43399.9
0.16 0.11 44296.8
0.16 0.115 45135.9
0.16 0.12 45911
0.16 0.125 46616.8
0.16 0.13 47248.3
0.16 0.135 47801.1
0.16 0.14 48271.4
0.16 0.145 48655.6
0.16 0.15 48950.3
0.16 0.155 49152.7
0.16 0.16 49260.3
0.16 0.165 49271.1
0.16 0.17 49183.7
0.16 0.175 48998.4
0.16 0.18 48718.5
0.16 0.185 48355.2
0.16 0.19 47938.9
0.16 0.195 47546.4
0.16 0.2 47815.6
0.165 0 280015
0.165 0.005 215004
0.165 0.01 120822
0.165 0.015 82035.8
0.165 0.02 61733.6
0.165 0.025 49930.7
0.165 0.03 42763
0.165 0.035 38395
0.165 0.04 35829.6
0.165 0.045 34472.1
0.165 0.05 33943
0.165 0.055 33988.4
0.165 0.06 34432.5
0.165 0.065 35150.7
0.165 0.07 36053.2
0.165 0.075 37074.5
0.165 0.08 38166.4
0.165 0.085 39293.1
0.165 0.09 40427.7
0.165 0.095 41549.6
0.165 0.1 42642.9
0.165 0.105 43695
0.165 0.11 44695.6
0.165 0.115 45636.3
0.165 0.12 46509.8
0.165 0.125 47310
0.165 0.13 48031.3
0.165 0.135 48668.9
0.165 0.14 49218.5
0.165 0.145 49676.2
0.165 0.15 50038.5
0.165 0.155 50302.4
0.165 0.16 50465.3
0.165 0.165 50524.9
0.165 0.17 50479.8
0.165 0.175 50329.9
0.165 0.18 50078.2
0.165 0.185 49735.2
0.165 0.19 49330.4
0.165 0.195 48940.7
0.165 0.2 49245.4
0.17 0 288548
0.17 0.005 222195
0.17 0.01 125870
0.17 0.015 85515.2
0.17 0.02 64136.7
0.17 0.025 51559.5
0.17 0.03 43815.2
0.17 0.035 39012.1
0.17 0.04 36120.4
0.17 0.045 34524.7
0.17 0.05 33830.6
0.17 0.055 33772.2
0.17 0.06 34163.5
0.17 0.065 34871
0.17 0.07 35796.5
0.17 0.075 36867.6
0.17 0.08 38029.7
0.17 0.085 39241.7
0.17 0.09 40472.1
0.17 0.095 41696.7
0.17 0.1 42896.5
0.17 0.105 44056.5
0.17 0.11 45164.6
0.17 0.115 46210.7
0.17 0.12 47186.7
0.17 0.125 48085.2
0.17 0.13 48900.1
0.17 0.135 49626.1
0.17 0.14 50258.4
0.17 0.145 50792.8
0.17 0.15 51225.7
0.17 0.155 51553.7
0.17 0.16 51774.1
0.17 0.165 51884.6
0.17 0.17 51883.5
0.17 0.175 51770.6
0.17 0.18 51548.3
0.17 0.185 51226.7
0.17 0.19 50834
0.17 0.195 50447.1
0.17 0.2 50789.5
0.175 0 296841
0.175 0.005 229251
0.175 0.01 130910
0.175 0.015 89015.5
0.175 0.02 66571.6
0.175 0.025 53227.7
0.175 0.03 44913.9
0.175 0.035 39681.8
0.175 0.04 36468.4
0.175 0.045 34637
0.175 0.05 33778.6
0.175 0.055 33615.8
0.175 0.06 33953.1
0.175 0.065 34648.2
0.175 0.07 35595.8
0.175 0.075 36716.2
0.175 0.08 37949
0.175 0.085 39247.6
0.175 0.09 40576.1
0.175 0.095 41906.3
0.175 0.1 43216.3
0.175 0.105 44488.2
0.175 0.11 45708.1
0.175 0.115 46864.1
0.175 0.12 47946.8
0.175 0.125 48947.9
0.175 0.13 49860.6
0.175 0.135 50678.8
0.175 0.14 51397.4
0.175 0.145 52011.9
0.175 0.15 52518.2
0.175 0.155 52913
0.175 0.16 53193.4
0.175 0.165 53356.8
0.175 0.17 53401.6
0.175 0.175 53327.2
0.175 0.18 53135.8
0.175 0.185 52836.4
0.175 0.19 52456.5
0.175 0.195 52072.6
0.175 0.2 52454.9
0.18 0 304900
0.18 0.005 236179
0.18 0.01 135949
0.18 0.015 92543.8
0.18 0.02 69042.7
0.18 0.025 54936.5
0.18 0.03 46057.1
0.18 0.035 40399.6
0.18 0.04 36867.5
0.18 0.045 34802.7
0.18 0.05 33781
0.18 0.055 33514.1
0.18 0.06 33797.1
0.18 0.065 34479.8
0.18 0.07 35449.4
0.18 0.075 36620
0.18 0.08 37925
0.18 0.085 39312.6
0.18 0.09 40742.2
0.18 0.095 42181.9
0.18 0.1 43606.1
0.18 0.105 44994.6
0.18 0.11 46331
0.18 0.115 47601.7
0.18 0.12 48795.9
0.18 0.125 49904.2
0.18 0.13 50919
0.18 0.135 51833.5
0.18 0.14 52642.1
0.18 0.145 53340.1
0.18 0.15 53923
0.18 0.155 54387.5
0.18 0.16 54730.2
0.18 0.165 54948.8
0.18 0.17 55041.3
0.18 0.175 55006.9
0.18 0.18 54847.5
0.18 0.185 54571.4
0.18 0.19 54205
0.18 0.195 53824.4
0.18 0.2 54248.9
0.185 0 312726
0.185 0.005 242979
0.185 0.01 140992
0.185 0.015 96104.5
0.185 0.02 71552.9
0.185 0.025 56686.7
0.185 0.03 47243.5
0.185 0.035 41162.8
0.185 0.04 37314.1
0.185 0.045 35017.5
0.185 0.05 33834
0.185 0.055 33463.9
0.185 0.06 33693.3
0.185 0.065 34364.4
0.185 0.07 35357.4
0.185 0.075 36579.8
0.185 0.08 37959.4
0.185 0.085 39439.1
0.185 0.09 40973.7
0.185 0.095 42527.2
0.185 0.1 44070.5
0.185 0.105 45580.6
0.185 0.11 47038.7
0.185 0.115 48429.3
0.185 0.12 49740
0.185 0.125 50960.4
0.185 0.13 52081.8
0.185 0.135 53096.9
0.185 0.14 53999.6
0.185 0.145 54784.6
0.185 0.15 55447.4
0.185 0.155 55984.2
0.185 0.16 56391.8
0.185 0.165 56667.7
0.185 0.17 56809.7
0.185 0.175 56817
0.185 0.18 56691
0.185 0.185 56439.2
0.185 0.19 56086.9
0.185 0.195 55709.7
0.185 0.2 56179
0.19 0 320318
0.19 0.005 249651
0.19 0.01 146040
0.19 0.015 99699.9
0.19 0.02 74103.7
0.19 0.025 58478.5
0.19 0.03 48472.2
0.19 0.035 41969.4
0.19 0.04 37805.6
0.19 0.045 35278.9
0.19 0.05 33935.1
0.19 0.055 33463.5
0.19 0.06 33641
0.19 0.065 34302.3
0.19 0.07 35320.7
0.19 0.075 36597.6
0.19 0.08 38055.1
0.19 0.085 39630.8
0.19 0.09 41274.8
0.19 0.095 42946.9
0.19 0.1 44614.7
0.19 0.105 46251.9
0.19 0.11 47837.3
0.19 0.115 49353.3
0.19 0.12 50786
0.19 0.125 52123.6
0.19 0.13 53356.4
0.19 0.135 54476.5
0.19 0.14 55477.2
0.19 0.145 56352.9
0.19 0.15 57098.8
0.19 0.155 57710.9
0.19 0.16 58186
0.19 0.165 58521.2
0.19 0.17 58714.6
0.19 0.175 58765.1
0.19 0.18 58673.7
0.19 0.185 58447.4
0.19 0.19 58110
0.19 0.195 57736.4
0.19 0.2 58253
0.195 0 327667
0.195 0.005 256189
0.195 0.01 151093
0.195 0.015 103331
0.195 0.02 76695.7
0.195 0.025 60311.8
0.195 0.03 49742.2
0.195 0.035 42817.9
0.195 0.04 38340.3
0.195 0.045 35585.4
0.195 0.05 34083.6
0.195 0.055 33512.6
0.195 0.06 33640.7
0.195 0.065 34294.8
0.195 0.07 35341.7
0.195 0.075 36676.7
0.195 0.08 38216
0.195 0.085 39892.2
0.195 0.09 41650.7
0.195 0.095 43447
0.195 0.1 45244.9
0.195 0.105 47015.1
0.195 0.11 48733.6
0.195 0.115 50380.9
0.195 0.12 51941.1
0.195 0.125 53401.2
0.195 0.13 54750.5
0.195 0.135 55980.2
0.195 0.14 57083.1
0.195 0.145 58053.1
0.195 0.15 58885.4
0.195 0.155 59575.7
0.195 0.16 60120.6
0.195 0.165 60517.5
0.195 0.17 60764.1
0.195 0.175 60859.3
0.195 0.18 60803.8
0.195 0.185 60603.8
0.195 0.19 60282
0.195 0.195 59912.3
0.195 0.2 60478.9
0.2 0 334761
0.2 0.005 262583
0.2 0.01 156148
0.2 0.015 106996
0.2 0.02 79328.4
0.2 0.025 62185.9
0.2 0.03 51052.7
0.2 0.035 43707.3
0.2 0.04 38917.5
0.2 0.045 35936.5
0.2 0.05 34279.4
0.2 0.055 33612.2
0.2 0.06 33694.3
0.2 0.065 34344.9
0.2 0.07 35424.2
0.2 0.075 36821.5
0.2 0.08 38447.4
0.2 0.085 40229.3
0.2 0.09 42107.8
0.2 0.095 44034.1
0.2 0.1 45968.3
0.2 0.105 47877.7
0.2 0.11 49735.6
0.2 0.115 51520.2
0.2 0.12 53213.7
0.2 0.125 54801.8
0.2 0.13 56272.5
0.2 0.135 57616.4
0.2 0.14 58825.7
0.2 0.145 59893.8
0.2 0.15 60815.7
0.2 0.155 61587
0.2 0.16 62204.3
0.2 0.165 62664.8
0.2 0.17 62966.3
0.2 0.175 63107.7
0.2 0.18 63089.3
0.2 0.185 62916.7
0.2 0.19 62611.2
0.2 0.195 62245.6
0.2 0.2 62865
0.205 0 341586
0.205 0.005 268821
0.205 0.01 161198
0.205 0.015 110694
0.205 0.02 82000.5
0.205 0.025 64099.8
0.205 0.03 52402.8
0.205 0.035 44637
0.205 0.04 39536.8
0.205 0.045 36332.7
0.205 0.05 34523.8
0.205 0.055 33764.5
0.205 0.06 33804.8
0.205 0.065 34456.6
0.205 0.07 35573.2
0.205 0.075 37037.9
0.205 0.08 38755.9
0.205 0.085 40649.3
0.205 0.09 42653.9
0.205 0.095 44716.6
0.205 0.1 46793.5
0.205 0.105 48848.6
0.205 0.11 50852.2
0.205 0.115 52780.3
0.205 0.12 54613
0.205 0.125 56334.4
0.205 0.13 57931.8
0.205 0.135 59394.5
0.205 0.14 60714.2
0.205 0.145 61884.1
0.205 0.15 62898.8
0.205 0.155 63753.9
0.205 0.16 64445.9
0.205 0.165 64972
0.205 0.17 65330.1
0.205 0.175 65518.9
0.205 0.18 65538.8
0.205 0.185 65394.5
0.205 0.19 65106.1
0.205 0.195 64744.9
0.205 0.2 65419.9
0.21 0 348121
0.21 0.005 274887
0.21 0.01 166238
0.21 0.015 114420
0.21 0.02 84709.8
0.21 0.025 66052.1
0.21 0.03 53791.4
0.21 0.035 45606.6
0.21 0.04 40198.6
0.21 0.045 36775.1
0.21 0.05 34818.9
0.21 0.055 33972.6
0.21 0.06 33976.7
0.21 0.065 34635.3
0.21 0.07 35795.2
0.21 0.075 37333.5
0.21 0.08 39149.8
0.21 0.085 41161
0.21 0.09 43298.3
0.21 0.095 45503.9
0.21 0.1 47730.3
0.21 0.105 49937.7
0.21 0.11 52093.5
0.21 0.115 54171.2
0.21 0.12 56149
0.21 0.125 58009.4
0.21 0.13 59738.3
0.21 0.135 61324.3
0.21 0.14 62758.5
0.21 0.145 64033.7
0.21 0.15 65144.3
0.21 0.155 66085.8
0.21 0.16 66854.6
0.21 0.165 67448.1
0.21 0.17 67864.3
0.21 0.175 68101.9
0.21 0.18 68161
0.21 0.185 68045.9
0.21 0.19 67775.1
0.21 0.195 67418.7
0.21 0.2 68152.1
0.215 0 354340
0.215 0.005 280760
0.215 0.01 171255
0.215 0.015 118169
0.215 0.02 87453.4
0.215 0.025 68040.9
0.215 0.03 55217.8
0.215 0.035 46616.2
0.215 0.04 40903.9
0.215 0.045 37265.9
0.215 0.05 35168.3
0.215 0.055 34241.2
0.215 0.06 34215.9
0.215 0.065 34888.2
0.215 0.07 36098.3
0.215 0.075 37717.1
0.215 0.08 39638.7
0.215 0.085 41774.9
0.215 0.09 44051.8
0.215 0.095 46407.4
0.215 0.1 48790
0.215 0.105 51156.4
0.215 0.11 53471
0.215 0.115 55704.5
0.215 0.12 57833.2
0.215 0.125 59837.8
0.215 0.13 61703.1
0.215 0.135 63416.7
0.215 0.14 64969.2
0.215 0.145 66353
0.215 0.15 67562.3
0.215 0.155 68592.5
0.215 0.16 69440.2
0.215 0.165 70102.8
0.215 0.17 70578.4
0.215 0.175 70865.7
0.215 0.18 70964.9
0.215 0.185 70879.7
0.215 0.19 70627.3
0.215 0.195 70275.7
0.215 0.2 71070.7
0.22 0 360215
0.22 0.005 286416
0.22 0.01 176237
0.22 0.015 121935
0.22 0.02 90227.3
0.22 0.025 70064.2
0.22 0.03 56681.3
0.22 0.035 47666.3
0.22 0.04 41654.7
0.22 0.045 37808.3
0.22 0.05 35576.4
0.22 0.055 34576.5
0.22 0.06 34529.7
0.22 0.065 35224
0.22 0.07 36492.3
0.22 0.075 38199.7
0.22 0.08 40234.4
0.22 0.085 42503.1
0.22 0.09 44927.1
0.22 0.095 47439.9
0.22 0.1 49985.8
0.22 0.105 52517.9
0.22 0.11 54997.6
0.22 0.115 57392.9
0.22 0.12 59678
0.22 0.125 61831.9
0.22 0.13 63838.1
0.22 0.135 65683.4
0.22 0.14 67357.7
0.22 0.145 68853.1
0.22 0.15 70163.6
0.22 0.155 71284.6
0.22 0.16 72212.9
0.22 0.165 72945.9
0.22 0.17 73481.8
0.22 0.175 73819.8
0.22 0.18 73959.8
0.22 0.185 73905
0.22 0.19 73671.4
0.22 0.195 73325.1
0.22 0.2 74184.6
0.225 0 365711
0.225 0.005 291826
0.225 0.01 181168
0.225 0.015 125708
0.225 0.02 93026.5
0.225 0.025 72119.6
0.225 0.03 58181.3
0.225 0.035 48758.1
0.225 0.04 42453.8
0.225 0.045 38407
0.225 0.05 36049.6
0.225 0.055 34986.3
0.225 0.06 34927.6
0.225 0.065 35653.3
0.225 0.07 36989.3
0.225 0.075 38794.2
0.225 0.08 40950.7
0.225 0.085 43360.1
0.225 0.09 45938.9
0.225 0.095 48616.3
0.225 0.1 51332.4
0.225 0.105 54036.9
0.225 0.11 56687.8
0.225 0.115 59250.6
0.225 0.12 61697.2
0.225 0.125 64005.1
0.225 0.13 66156.4
0.225 0.135 68137
0.225 0.14 69936.1
0.225 0.145 71545.6
0.225 0.15 72959.4
0.225 0.155 74173
0.225 0.16 75183.1
0.225 0.165 75987.5
0.225 0.17 76584.7
0.225 0.175 76973.8
0.225 0.18 77155
0.225 0.185 77131.2
0.225 0.19 76916.8
0.225 0.195 76575.9
0.225 0.2 77502.9
0.23 0 370789
0.23 0.005 296957
0.23 0.01 186027
0.23 0.015 129477
0.23 0.02 95845.1
0.23 0.025 74204.3
0.23 0.03 59717.7
0.23 0.035 49893.7
0.23 0.04 43305.4
0.23 0.045 39068
0.23 0.05 36596
0.23 0.055 35480.3
0.23 0.06 35421.1
0.23 0.065 36189.3
0.23 0.07 37603.5
0.23 0.075 39515.9
0.23 0.08 41803.4
0.23 0.085 44362.3
0.23 0.09 47104.1
0.23 0.095 49953.5
0.23 0.1 52846.8
0.23 0.105 55729.9
0.23 0.11 58557.8
0.23 0.115 61293.3
0.23 0.12 63906.2
0.23 0.125 66372.2
0.23 0.13 68672.1
0.23 0.135 70790.9
0.23 0.14 72717.4
0.23 0.145 74443
0.23 0.15 75961.7
0.23 0.155 77268.9
0.23 0.16 78361.8
0.23 0.165 79238.2
0.23 0.17 79897
0.23 0.175 80337.5
0.23 0.18 80560.1
0.23 0.185 80567.4
0.23 0.19 80372.6
0.23 0.195 80037.3
0.23 0.2 81034.9
0.235 0 375402
0.235 0.005 301770
0.235 0.01 190790
0.235 0.015 133229
0.235 0.02 98675.8
0.235 0.025 76315.4
0.235 0.03 61290.8
0.235 0.035 51076.2
0.235 0.04 44215.2
0.235 0.045 39799.4
0.235 0.05 37225.7
0.235 0.055 36070.9
0.235 0.06 36024.3
0.235 0.065 36847.6
0.235 0.07 38351.9
0.235 0.075 40382.8
0.235 0.08 42811.5
0.235 0.085 45528.9
0.235 0.09 48441.9
0.235 0.095 51470.9
0.235 0.1 54547.9
0.235 0.105 57615.6
0.235 0.11 60625.7
0.235 0.115 63538.6
0.235 0.12 66321.7
0.235 0.125 68949.1
0.235 0.13 71400.4
0.235 0.135 73659.7
0.235 0.14 75715.3
0.235 0.145 77558.4
0.235 0.15 79182.9
0.235 0.155 80584.4
0.235 0.16 81760.2
0.235 0.165 82708.7
0.235 0.17 83429.1
0.235 0.175 83920.9
0.235 0.18 84184.8
0.235 0.185 84223.1
0.235 0.19 84047.9
0.235 0.195 83718.3
0.235 0.2 84789.5
0.24 0 379500
0.24 0.005 306219
0.24 0.01 195428
0.24 0.015 136946
0.24 0.02 101510
0.24 0.025 78449.6
0.24 0.03 62901.7
0.24 0.035 52310.3
0.24 0.04 45190.7
0.24 0.045 40611.7
0.24 0.05 37951.7
0.24 0.055 36773.4
0.24 0.06 36754.3
0.24 0.065 37646.9
0.24 0.07 39254.5
0.24 0.075 41415.9
0.24 0.08 43996.5
0.24 0.085 46882
0.24 0.09 49974.5
0.24 0.095 53190.1
0.24 0.1 56457.2
0.24 0.105 59714.7
0.24 0.11 62911.6
0.24 0.115 66005.5
0.24 0.12 68961.9
0.24 0.125 71753.2
0.24 0.13 74357.7
0.24 0.135 76759
0.24 0.14 78944.5
0.24 0.145 80905.6
0.24 0.15 82635.9
0.24 0.155 84131.6
0.24 0.16 85390.1
0.24 0.165 86410.2
0.24 0.17 87191.5
0.24 0.175 87734.1
0.24 0.18 88038.7
0.24 0.185 88107.7
0.24 0.19 87952
0.24 0.195 87628
0.24 0.2 88775.9
0.245 0 383026
0.245 0.005 310255
0.245 0.01 199907
0.245 0.015 140609
0.245 0.02 104337
0.245 0.025 80603.8
0.245 0.03 64552.1
0.245 0.035 53602
0.245 0.04 46242
0.245 0.045 41518
0.245 0.05 38790.1
0.245 0.055 37606.1
0.245 0.06 37631.7
0.245 0.065 38609.6
0.245 0.07 40334.9
0.245 0.075 42639.7
0.245 0.08 45383.4
0.245 0.085 48446.7
0.245 0.09 51726.9
0.245 0.095 55136
0.245 0.1 58598.6
0.245 0.105 62050.4
0.245 0.11 65437.6
0.245 0.115 68715.2
0.245 0.12 71846.8
0.245 0.125 74803.3
0.245 0.13 77561.8
0.245 0.135 80105.1
0.245 0.14 82420.4
0.245 0.145 84498.9
0.245 0.15 86334.3
0.245 0.155 87923.1
0.245 0.16 89263.2
0.245 0.165 90353.7
0.245 0.17 91194.8
0.245 0.175 91787
0.245 0.18 92131.4
0.245 0.185 92230.4
0.245 0.19 92093.9
0.245 0.195 91775.5
0.245 0.2 93002.9
0.25 0 386628
0.25 0.005 290027
0.25 0.01 191598
0.25 0.015 136572
0.25 0.02 102184
0.25 0.025 79420.3
0.25 0.03 63947.6
0.25 0.035 53398.7
0.25 0.04 46357.5
0.25 0.045 41914.7
0.25 0.05 39451.6
0.25 0.055 38525.8
0.25 0.06 38806.8
0.25 0.065 40038.2
0.25 0.07 42014.6
0.25 0.075 44566.6
0.25 0.08 47552.1
0.25 0.085 50849.7
0.25 0.09 54355.2
0.25 0.095 57979
0.25 0.1 61644.3
0.25 0.105 65285.5
0.25 0.11 68847.9
0.25 0.115 72286
0.25 0.12 75562.8
0.25 0.125 78649.1
0.25 0.13 81522.2
0.25 0.135 84165.1
0.25 0.14 86565.7
0.25 0.145 88715.4
0.25 0.15 90609.1
0.25 0.155 92243.7
0.25 0.16 93618
0.25 0.165 94731.8
0.25 0.17 95585.9
0.25 0.175 96181.4
0.25 0.18 96519.9
0.25 0.185 96604.1
0.25 0.19 96444.7
0.25 0.195 96103.5
0.25 0.2 95930.4
0.255 0 389138
0.255 0.005 317699
0.255 0.01 208129
0.255 0.015 147446
0.255 0.02 109710
0.255 0.025 84792.5
0.255 0.03 67868.5
0.255 0.035 56319.3
0.255 0.04 48585.7
0.255 0.045 43670.4
0.255 0.05 40897
0.255 0.055 39783.8
0.255 0.06 39972
0.255 0.065 41184.9
0.255 0.07 43201.3
0.255 0.075 45839.8
0.255 0.08 48948.4
0.255 0.085 52397.7
0.255 0.09 56076.7
0.255 0.095 59889.9
0.255 0.1 63755
0.255 0.105 67602.1
0.255 0.11 71372.2
0.255 0.115 75016.3
0.255 0.12 78494.5
0.255 0.125 81775.2
0.255 0.13 84833.8
0.255 0.135 87652.1
0.255 0.14 90216.8
0.255 0.145 92519.3
0.255 0.15 94553.9
0.255 0.155 96317.8
0.255 0.16 97810.2
0.255 0.165 99031.2
0.255 0.17 99982.2
0.255 0.175 100665
0.255 0.18 101081
0.255 0.185 101234
0.255 0.19 101130
0.255 0.195 100817
0.255 0.2 99027.6
0.26 0 389986
0.26 0.005 320267
0.26 0.01 211946
0.26 0.015 150833
0.26 0.02 112465
0.26 0.025 87004.7
0.26 0.03 69677.8
0.26 0.035 57858.8
0.26 0.04 49968.3
0.26 0.045 44987.5
0.26 0.05 42221.5
0.26 0.055 41172.5
0.26 0.06 41469
0.26 0.065 42823.6
0.26 0.07 45006.5
0.26 0.075 47829.4
0.26 0.08 51134.6
0.26 0.085 54788
0.26 0.09 58674.5
0.26 0.095 62695.1
0.26 0.1 66764.8
0.26 0.105 70810.9
0.26 0.11 74772.4
0.26 0.115 78598.5
0.26 0.12 82248
0.26 0.125 85687.9
0.26 0.13 88893.3
0.26 0.135 91845.3
0.26 0.14 94530.9
0.26 0.145 96941.2
0.26 0.15 99071.4
0.26 0.155 100919
0.26 0.16 102484
0.26 0.165 103766
0.26 0.17 104769
0.26 0.175 105495
0.26 0.18 105945
0.26 0.185 106123
0.26 0.19 106036
0.26 0.195 105728
0.26 0.2 103848
0.265 0 389919
0.265 0.005 322160
0.265 0.01 215416
0.265 0.015 154058
0.265 0.02 115163
0.265 0.025 89229.7
0.265 0.03 71554.2
0.265 0.035 59511.4
0.265 0.04 51504.9
0.265 0.045 46495.8
0.265 0.05 43770.5
0.265 0.055 42815.5
0.265 0.06 43246.1
0.265 0.065 44764.1
0.265 0.07 47131.5
0.265 0.075 50152.9
0.265 0.08 53665.1
0.265 0.085 57529.6
0.265 0.09 61627.7
0.265 0.095 65857.3
0.265 0.1 70131
0.265 0.105 74373.8
0.265 0.11 78523.1
0.265 0.115 82526.4
0.265 0.12 86341.4
0.265 0.125 89934.7
0.265 0.13 93280.4
0.265 0.135 96359.7
0.265 0.14 99159.5
0.265 0.145 101671
0.265 0.15 103891
0.265 0.155 105816
0.265 0.16 107448
0.265 0.165 108788
0.265 0.17 109838
0.265 0.175 110602
0.265 0.18 111083
0.265 0.185 111285
0.265 0.19 111213
0.265 0.195 110908
0.265 0.2 108937
0.27 0 388848
0.27 0.005 323293
0.27 0.01 218476
0.27 0.015 157080
0.27 0.02 117786
0.27 0.025 91467.9
0.27 0.03 73511.5
0.27 0.035 61301.6
0.27 0.04 53228.4
0.27 0.045 48234.5
0.27 0.05 45588.3
0.27 0.055 44760.3
0.27 0.06 45352.9
0.27 0.065 47057.3
0.27 0.07 49626.9
0.27 0.075 52860.1
0.27 0.08 56588.3
0.27 0.085 60669.1
0.27 0.09 64980.7
0.27 0.095 69418.4
0.27 0.1 73892.7
0.27 0.105 78327.1
0.27 0.11 82657.5
0.27 0.115 86830.4
0.27 0.12 90802.8
0.27 0.125 94540.6
0.27 0.13 98017.7
0.27 0.135 101215
0.27 0.14 104121
0.27 0.145 106726
0.27 0.15 109027
0.27 0.155 111023
0.27 0.16 112714
0.27 0.165 114105
0.27 0.17 115197
0.27 0.175 115996
0.27 0.18 116504
0.27 0.185 116726
0.27 0.19 116667
0.27 0.195 116365
0.27 0.2 114299
0.275 0 386681
0.275 0.005 323577
0.275 0.01 221053
0.275 0.015 159858
0.275 0.02 120317
0.275 0.025 93721.6
0.275 0.03 75568.1
0.275 0.035 63260.3
0.275 0.04 55179.5
0.275 0.045 50251.8
0.275 0.05 47728
0.275 0.055 47063.6
0.275 0.06 47847.9
0.275 0.065 49762
0.275 0.07 52551.3
0.275 0.075 56008
0.275 0.08 59959.2
0.275 0.085 64258.9
0.275 0.09 68782.7
0.275 0.095 73424.3
0.275 0.1 78092.5
0.275 0.105 82709.9
0.275 0.11 87211.4
0.275 0.115 91543
0.275 0.12 95661.2
0.275 0.125 99531.8
0.275 0.13 103129
0.275 0.135 106433
0.275 0.14 109433
0.275 0.145 112121
0.275 0.15 114494
0.275 0.155 116551
0.275 0.16 118294
0.275 0.165 119728
0.275 0.17 120856
0.275 0.175 121683
0.275 0.18 122214
0.275 0.185 122452
0.275 0.19 122404
0.275 0.195 122104
0.275 0.2 119941
0.28 0 383322
0.28 0.005 322919
0.28 0.01 223072
0.28 0.015 162346
0.28 0.02 122738
0.28 0.025 95997.2
0.28 0.03 77748.7
0.28 0.035 65426.8
0.28 0.04 57408.6
0.28 0.045 52605.9
0.28 0.05 50253.7
0.28 0.055 49792.5
0.28 0.06 50799.7
0.28 0.065 52946.7
0.28 0.07 55971.6
0.28 0.075 59661.4
0.28 0.08 63839.2
0.28 0.085 68356.8
0.28 0.09 73087.9
0.28 0.095 77925
0.28 0.1 82776.3
0.28 0.105 87563.9
0.28 0.11 92222.5
0.28 0.115 96698
0.28 0.12 100947
0.28 0.125 104935
0.28 0.13 108637
0.28 0.135 112034
0.28 0.14 115115
0.28 0.145 117872
0.28 0.15 120305
0.28 0.155 122412
0.28 0.16 124197
0.28 0.165 125665
0.28 0.17 126821
0.28 0.175 127670
0.28 0.18 128218
0.28 0.185 128469
0.28 0.19 128429
0.28 0.195 128130
0.28 0.2 125868
0.285 0 378672
0.285 0.005 321219
0.285 0.01 224449
0.285 0.015 164495
0.285 0.02 125034
0.285 0.025 98305.8
0.285 0.03 80086.5
0.285 0.035 67850.9
0.285 0.04 59978
0.285 0.045 55368.1
0.285 0.05 53241.8
0.285 0.055 53026.5
0.285 0.06 54288.3
0.285 0.065 56690.3
0.285 0.07 59964.3
0.285 0.075 63893
0.285 0.08 68297.2
0.285 0.085 73026.9
0.285 0.09 77955.2
0.285 0.095 82974.5
0.285 0.1 87993
0.285 0.105 92933.3
0.285 0.11 97730.4
0.285 0.115 102331
0.285 0.12 106691
0.285 0.125 110778
0.285 0.13 114566
0.285 0.135 118038
0.285 0.14 121183
0.285 0.145 123995
0.285 0.15 126473
0.285 0.155 128617
0.285 0.16 130433
0.285 0.165 131925
0.285 0.17 133100
0.285 0.175 133964
0.285 0.18 134522
0.285 0.185 134781
0.285 0.19 134745
0.285 0.195 134445
0.285 0.2 132084
0.29 0 372629
0.29 0.005 318375
0.29 0.01 225100
0.29 0.015 166257
0.29 0.02 127194
0.29 0.025 100667
0.29 0.03 82625.4
0.29 0.035 70595.8
0.29 0.04 62964.5
0.29 0.045 58624.2
0.29 0.05 56783.8
0.29 0.055 56859.1
0.29 0.06 58407
0.29 0.065 61083.5
0.29 0.07 64616.1
0.29 0.075 68784.9
0.29 0.08 73409.3
0.29 0.085 78339.3
0.29 0.09 83448.7
0.29 0.095 88630.7
0.29 0.1 93794.7
0.29 0.105 98864.4
0.29 0.11 103776
0.29 0.115 108477
0.29 0.12 112924
0.29 0.125 117087
0.29 0.13 120940
0.29 0.135 124466
0.29 0.14 127656
0.29 0.145 130504
0.29 0.15 133010
0.29 0.155 135177
0.29 0.16 137010
0.29 0.165 138514
0.29 0.17 139698
0.29 0.175 140567
0.29 0.18 141129
0.29 0.185 141390
0.29 0.19 141356
0.29 0.195 141052
0.29 0.2 138591
0.295 0 365088
0.295 0.005 314284
0.295 0.01 224938
0.295 0.015 167585
0.295 0.02 129210
0.295 0.025 103110
0.295 0.03 85424
0.295 0.035 73741.1
0.295 0.04 66462.8
0.295 0.045 62478.6
0.295 0.05 60988.7
0.295 0.055 61400.3
0.295 0.06 63263.6
0.295 0.065 66230.2
0.295 0.07 70025.2
0.295 0.075 74428.1
0.295 0.08 79259.3
0.295 0.085 84370.3
0.295 0.09 89637
0.295 0.095 94954.9
0.295 0.1 100236
0.295 0.105 105405
0.295 0.11 110401
0.295 0.115 115172
0.295 0.12 119679
0.295 0.125 123889
0.295 0.13 127780
0.295 0.135 131336
0.295 0.14 134547
0.295 0.145 137411
0.295 0.15 139927
0.295 0.155 142099
0.295 0.16 143933
0.295 0.165 145437
0.295 0.17 146617
0.295 0.175 147483
0.295 0.18 148041
0.295 0.185 148298
0.295 0.19 148260
0.295 0.195 147952
0.295 0.2 145390
0.3 0 355942
0.3 0.005 308840
0.3 0.01 223878
0.3 0.015 168440
0.3 0.02 131090
0.3 0.025 105682
0.3 0.03 88560
0.3 0.035 77388.1
0.3 0.04 70590
0.3 0.045 67057.2
0.3 0.05 65986
0.3 0.055 66778.8
0.3 0.06 68982.7
0.3 0.065 72248.2
0.3 0.07 76301.1
0.3 0.075 80923.4
0.3 0.08 85938.6
0.3 0.085 91201.8
0.3 0.09 96593
0.3 0.095 102011
0.3 0.1 107372
0.3 0.105 112604
0.3 0.11 117647
0.3 0.115 122453
0.3 0.12 126984
0.3 0.125 131210
0.3 0.13 135108
0.3 0.135 138665
0.3 0.14 141872
0.3 0.145 144727
0.3 0.15 147232
0.3 0.155 149390
0.3 0.16 151209
0.3 0.165 152696
0.3 0.17 153861
0.3 0.175 154712
0.3 0.18 155258
0.3 0.185 155504
0.3 0.19 155459
0.3 0.195 155142
0.3 0.2 152480
0.305 0 345082
0.305 0.005 301938
0.305 0.01 221841
0.305 0.015 168790
0.305 0.02 132856
0.305 0.025 108450
0.305 0.03 92136.5
0.305 0.035 81665.3
0.305 0.04 75490.2
0.305 0.045 72512.2
0.305 0.05 71929.3
0.305 0.055 73144.6
0.305 0.06 75707
0.305 0.065 79270.6
0.305 0.07 83566
0.305 0.075 88381.1
0.305 0.08 93545.5
0.305 0.085 98920.8
0.305 0.09 104393
0.305 0.095 109866
0.305 0.1 115260
0.305 0.105 120509
0.305 0.11 125556
0.305 0.115 130355
0.305 0.12 134869
0.305 0.125 139072
0.305 0.13 142943
0.305 0.135 146469
0.305 0.14 149643
0.305 0.145 152462
0.305 0.15 154931
0.305 0.155 157054
0.305 0.16 158838
0.305 0.165 160294
0.305 0.17 161429
0.305 0.175 162254
0.305 0.18 162778
0.305 0.185 163006
0.305 0.19 162948
0.305 0.195 162621
0.305 0.2 159858
0.31 0 332392
0.31 0.005 293478
0.31 0.01 218759
0.31 0.015 168627
0.31 0.02 134555
0.31 0.025 111512
0.31 0.03 96290.5
0.31 0.035 86735.7
0.31 0.04 81341.9
0.31 0.045 79027.4
0.31 0.05 79000.2
0.31 0.055 80671.7
0.31 0.06 83599.3
0.31 0.065 87446.4
0.31 0.07 91954.2
0.31 0.075 96920.4
0.31 0.08 102185
0.31 0.085 107618
0.31 0.09 113115
0.31 0.095 118586
0.31 0.1 123958
0.31 0.105 129168
0.31 0.11 134166
0.31 0.115 138908
0.31 0.12 143361
0.31 0.125 147498
0.31 0.13 151302
0.31 0.135 154760
0.31 0.14 157867
0.31 0.145 160622
0.31 0.15 163029
0.31 0.155 165092
0.31 0.16 166822
0.31 0.165 168228
0.31 0.17 169319
0.31 0.175 170105
0.31 0.18 170596
0.31 0.185 170799
0.31 0.19 170722
0.31 0.195 170382
0.31 0.2 167521
0.315 0 317753
0.315 0.005 283361
0.315 0.01 214584
0.315 0.015 167965
0.315 0.02 136272
0.315 0.025 115009
0.315 0.03 101204
0.315 0.035 92807.3
0.315 0.04 88365.1
0.315 0.045 86824.1
0.315 0.05 87412.9
0.315 0.055 89561
0.315 0.06 92843.4
0.315 0.065 96941
0.315 0.07 101612
0.315 0.075 106669
0.315 0.08 111966
0.315 0.085 117388
0.315 0.09 122837
0.315 0.095 128236
0.315 0.1 133518
0.315 0.105 138626
0.315 0.11 143514
0.315 0.115 148142
0.315 0.12 152480
0.315 0.125 156504
0.315 0.13 160196
0.315 0.135 163547
0.315 0.14 166552
0.315 0.145 169210
0.315 0.15 171525
0.315 0.155 173505
0.315 0.16 175158
0.315 0.165 176495
0.315 0.17 177525
0.315 0.175 178259
0.315 0.18 178707
0.315 0.185 178877
0.315 0.19 178775
0.315 0.195 178418
0.315 0.2 175460
0.32 0 301039
0.32 0.005 271498
0.32 0.01 209292
0.32 0.015 166865
0.32 0.02 138143
0.32 0.025 119139
0.32 0.03 107117
0.32 0.035 100144
0.32 0.04 96831.4
0.32 0.045 96168.2
0.32 0.05 97418.1
0.32 0.055 100042
0.32 0.06 103645
0.32 0.065 107935
0.32 0.07 112694
0.32 0.075 117759
0.32 0.08 123002
0.32 0.085 128322
0.32 0.09 133638
0.32 0.095 138880
0.32 0.1 143992
0.32 0.105 148923
0.32 0.11 153631
0.32 0.115 158082
0.32 0.12 162246
0.32 0.125 166102
0.32 0.13 169635
0.32 0.135 172835
0.32 0.14 175698
0.32 0.145 178224
0.32 0.15 180418
0.32 0.155 182287
0.32 0.16 183840
0.32 0.165 185087
0.32 0.17 186040
0.32 0.175 186708
0.32 0.18 187101
0.32 0.185 187228
0.32 0.19 187096
0.32 0.195 186720
0.32 0.2 183668
0.325 0 282120
0.325 0.005 257814
0.325 0.01 202905
0.325 0.015 165447
0.325 0.02 140376
0.325 0.025 124177
0.325 0.03 114348
0.325 0.035 109084
0.325 0.04 107076
0.325 0.045 107378
0.325 0.05 109308
0.325 0.055 112376
0.325 0.06 116232
0.325 0.065 120623
0.325 0.07 125367
0.325 0.075 130328
0.325 0.08 135403
0.325 0.085 140512
0.325 0.09 145588
0.325 0.095 150575
0.325 0.1 155423
0.325 0.105 160092
0.325 0.11 164542
0.325 0.115 168743
0.325 0.12 172670
0.325 0.125 176300
0.325 0.13 179621
0.325 0.135 182624
0.325 0.14 185304
0.325 0.145 187661
0.325 0.15 189701
0.325 0.155 191431
0.325 0.16 192859
0.325 0.165 193996
0.325 0.17 194853
0.325 0.175 195440
0.325 0.18 195768
0.325 0.185 195843
0.325 0.19 195674
0.325 0.195 195274
0.325 0.2 192132
0.33 0 260857
0.33 0.005 242253
0.33 0.01 195502
0.33 0.015 163917
0.33 0.02 143283
0.33 0.025 130508
0.33 0.03 123319
0.33 0.035 120052
0.33 0.04 119508
0.33 0.045 120831
0.33 0.05 123419
0.33 0.055 126854
0.33 0.06 130851
0.33 0.065 135210
0.33 0.07 139796
0.33 0.075 144509
0.33 0.08 149276
0.33 0.085 154040
0.33 0.09 158752
0.33 0.095 163367
0.33 0.1 167848
0.33 0.105 172157
0.33 0.11 176263
0.33 0.115 180138
0.33 0.12 183756
0.33 0.125 187098
0.33 0.13 190152
0.33 0.135 192907
0.33 0.14 195360
0.33 0.145 197511
0.33 0.15 199363
0.33 0.155 200924
0.33 0.16 202202
0.33 0.165 203207
0.33 0.17 203951
0.33 0.175 204442
0.33 0.18 204691
0.33 0.185 204706
0.33 0.19 204495
0.33 0.195 204067
0.33 0.2 200839
0.335 0 237114
0.335 0.005 224793
0.335 0.01 187255
0.335 0.015 162608
0.335 0.02 147319
0.335 0.025 138660
0.335 0.03 134581
0.335 0.035 133590
0.335 0.04 134630
0.335 0.045 136972
0.335 0.05 140133
0.335 0.055 143797
0.335 0.06 147763
0.335 0.065 151905
0.335 0.07 156145
0.335 0.075 160429
0.335 0.08 164717
0.335 0.085 168978
0.335 0.09 173180
0.335 0.095 177293
0.335 0.1 181288
0.335 0.105 185133
0.335 0.11 188801
0.335 0.115 192264
0.335 0.12 195500
0.335 0.125 198489
0.335 0.13 201216
0.335 0.135 203673
0.335 0.14 205854
0.335 0.145 207758
0.335 0.15 209388
0.335 0.155 210750
0.335 0.16 211853
0.335 0.165 212705
0.335 0.17 213316
0.335 0.175 213696
0.335 0.18 213855
0.335 0.185 213801
0.335 0.19 213539
0.335 0.195 213081
0.335 0.2 209772
0.34 0 210760
0.34 0.005 205469
0.34 0.01 178468
0.34 0.015 162039
0.34 0.02 153143
0.34 0.025 149355
0.34 0.03 148862
0.34 0.035 150379
0.34 0.04 153045
0.34 0.045 156319
0.34 0.05 159877
0.34 0.055 163544
0.34 0.06 167234
0.34 0.065 170913
0.34 0.07 174568
0.34 0.075 178199
0.34 0.08 181804
0.34 0.085 185377
0.34 0.09 188905
0.34 0.095 192371
0.34 0.1 195750
0.34 0.105 199018
0.34 0.11 202147
0.34 0.115 205111
0.34 0.12 207887
0.34 0.125 210454
0.34 0.13 212796
0.34 0.135 214902
0.34 0.14 216765
0.34 0.145 218382
0.34 0.15 219756
0.34 0.155 220889
0.34 0.16 221790
0.34 0.165 222467
0.34 0.17 222928
0.34 0.175 223183
0.34 0.18 223240
0.34 0.185 223106
0.34 0.19 222789
0.34 0.195 222296
0.34 0.2 218912
0.345 0 181686
0.345 0.005 184409
0.345 0.01 169650
0.345 0.015 162993
0.345 0.02 161696
0.345 0.025 163585
0.345 0.03 167109
0.345 0.035 171266
0.345 0.04 175476
0.345 0.045 179457
0.345 0.05 183111
0.345 0.055 186448
0.345 0.06 189525
0.345 0.065 192417
0.345 0.07 195191
0.345 0.075 197902
0.345 0.08 200587
0.345 0.085 203265
0.345 0.09 205937
0.345 0.095 208596
0.345 0.1 211223
0.345 0.105 213793
0.345 0.11 216280
0.345 0.115 218655
0.345 0.12 220892
0.345 0.125 222968
0.345 0.13 224864
0.345 0.135 226567
0.345 0.14 228067
0.345 0.145 229358
0.345 0.15 230440
0.345 0.155 231316
0.345 0.16 231991
0.345 0.165 232471
0.345 0.17 232764
0.345 0.175 232878
0.345 0.18 232821
0.345 0.185 232600
0.345 0.19 232220
0.345 0.195 231690
0.345 0.2 228237
0.35 0 149840
0.35 0.005 161895
0.35 0.01 161624
0.35 0.015 166654
0.35 0.02 174327
0.35 0.025 182694
0.35 0.03 190549
0.35 0.035 197295
0.35 0.04 202762
0.35 0.045 207032
0.35 0.05 210312
0.35 0.055 212845
0.35 0.06 214864
0.35 0.065 216565
0.35 0.07 218102
0.35 0.075 219583
0.35 0.08 221081
0.35 0.085 222634
0.35 0.09 224255
0.35 0.095 225941
0.35 0.1 227672
0.35 0.105 229423
0.35 0.11 231161
0.35 0.115 232856
0.35 0.12 234475
0.35 0.125 235993
0.35 0.13 237385
0.35 0.135 238634
0.35 0.14 239726
0.35 0.145 240653
0.35 0.15 241411
0.35 0.155 242001
0.35 0.16 242425
0.35 0.165 242688
0.35 0.17 242796
0.35 0.175 242756
0.35 0.18 242574
0.35 0.185 242257
0.35 0.19 241809
0.35 0.195 241237
0.35 0.2 237724
0.355 0 115266
0.355 0.005 138468
0.355 0.01 155707
0.355 0.015 174804
0.355 0.02 192967
0.355 0.025 208510
0.355 0.03 220752
0.355 0.035 229721
0.355 0.04 235847
0.355 0.045 239720
0.355 0.05 241937
0.355 0.055 243028
0.355 0.06 243422
0.355 0.065 243443
0.355 0.07 243327
0.355 0.075 243231
0.355 0.08 243250
0.355 0.085 243435
0.355 0.09 243803
0.355 0.095 244345
0.355 0.1 245037
0.355 0.105 245846
0.355 0.11 246734
0.355 0.115 247660
0.355 0.12 248587
0.355 0.125 249481
0.355 0.13 250313
0.355 0.135 251059
0.355 0.14 251702
0.355 0.145 252229
0.355 0.15 252632
0.355 0.155 252909
0.355 0.16 253060
0.355 0.165 253087
0.355 0.17 252994
0.355 0.175 252787
0.355 0.18 252470
0.355 0.185 252048
0.355 0.19 251527
0.355 0.195 250911
0.355 0.2 247346
0.36 0 78194.1
0.36 0.005 115113
0.36 0.01 154026
0.36 0.015 190157
0.36 0.02 220384
0.36 0.025 243489
0.36 0.03 259688
0.36 0.035 270003
0.36 0.04 275740
0.36 0.045 278168
0.36 0.05 278369
0.36 0.055 277193
0.36 0.06 275270
0.36 0.065 273044
0.36 0.07 270813
0.36 0.075 268763
0.36 0.08 267000
0.36 0.085 265570
0.36 0.09 264481
0.36 0.095 263713
0.36 0.1 263229
0.36 0.105 262982
0.36 0.11 262921
0.36 0.115 262997
0.36 0.12 263162
0.36 0.125 263373
0.36 0.13 263593
0.36 0.135 263792
0.36 0.14 263948
0.36 0.145 264042
0.36 0.15 264062
0.36 0.155 264003
0.36 0.16 263860
0.36 0.165 263633
0.36 0.17 263325
0.36 0.175 262939
0.36 0.18 262477
0.36 0.185 261945
0.36 0.19 261345
0.36 0.195 260681
0.36 0.2 257074
0.365 0 39160.6
0.365 0.005 93587.5
0.365 0.01 160057
0.365 0.015 216884
0.365 0.02 260553
0.365 0.025 290891
0.365 0.03 309752
0.365 0.035 319741
0.365 0.04 323412
0.365 0.045 322897
0.365 0.05 319827
0.365 0.055 315372
0.365 0.06 310332
0.365 0.065 305233
0.365 0.07 300398
0.365 0.075 296013
0.365 0.08 292167
0.365 0.085 288885
0.365 0.09 286149
0.365 0.095 283917
0.365 0.1 282130
0.365 0.105 280723
0.365 0.11 279628
0.365 0.115 278781
0.365 0.12 278122
0.365 0.125 277597
0.365 0.13 277161
0.365 0.135 276776
0.365 0.14 276411
0.365 0.145 276043
0.365 0.15 275656
0.365 0.155 275239
0.365 0.16 274784
0.365 0.165 274290
0.365 0.17 273754
0.365 0.175 273178
0.365 0.18 272564
0.365 0.185 271914
0.365 0.19 271231
0.365 0.195 270518
0.365 0.2 266877
0.37 0 -788.329
0.37 0.005 77062
0.37 0.01 179646
0.37 0.015 261517
0.37 0.02 319174
0.37 0.025 354937
0.37 0.03 373684
0.37 0.035 380500
0.37 0.04 379612
0.37 0.045 374146
0.37 0.05 366257
0.37 0.055 357356
0.37 0.06 348332
0.37 0.065 339715
0.37 0.07 331796
0.37 0.075 324714
0.37 0.08 318511
0.37 0.085 313164
0.37 0.09 308617
0.37 0.095 304790
0.37 0.1 301595
0.37 0.105 298942
0.37 0.11 296742
0.37 0.115 294912
0.37 0.12 293379
0.37 0.125 292075
0.37 0.13 290946
0.37 0.135 289943
0.37 0.14 289031
0.37 0.145 288178
0.37 0.15 287364
0.37 0.155 286571
0.37 0.16 285790
0.37 0.165 285015
0.37 0.17 284241
0.37 0.175 283467
0.37 0.18 282693
0.37 0.185 281921
0.37 0.19 281151
0.37 0.195 280386
0.37 0.2 276723
0.375 0 -39797.3
0.375 0.005 71431.6
0.375 0.01 222996
0.375 0.015 334460
0.375 0.02 404325
0.375 0.025 440801
0.375 0.03 454262
0.375 0.035 453447
0.375 0.04 444565
0.375 0.045 431649
0.375 0.05 417177
0.375 0.055 402603
0.375 0.06 388739
0.375 0.065 376004
0.375 0.07 364577
0.375 0.075 354495
0.375 0.08 345712
0.375 0.085 338135
0.375 0.09 331650
0.375 0.095 326130
0.375 0.1 321450
0.375 0.105 317488
0.375 0.11 314131
0.375 0.115 311275
0.375 0.12 308831
0.375 0.125 306717
0.375 0.13 304868
0.375 0.135 303225
0.375 0.14 301744
0.375 0.145 300389
0.375 0.15 299131
0.375 0.155 297951
0.375 0.16 296832
0.375 0.165 295766
0.375 0.17 294746
0.375 0.175 293767
0.375 0.18 292829
0.375 0.185 291931
0.375 0.19 291071
0.375 0.195 290252
0.375 0.2 286578
0.38 0 -74707.8
0.38 0.005 88306.2
0.38 0.01 308793
0.38 0.015 452567
0.38 0.02 527081
0.38 0.025 554121
0.38 0.03 553525
0.38 0.035 538682
0.38 0.04 517505
0.38 0.045 494357
0.38 0.05 471531
0.38 0.055 450157
0.38 0.06 430734
0.38 0.065 413416
0.38 0.07 398174
0.38 0.075 384885
0.38 0.08 373380
0.38 0.085 363473
0.38 0.09 354977
0.38 0.095 347709
0.38 0.1 341501
0.38 0.105 336195
0.38 0.11 331652
0.38 0.115 327747
0.38 0.12 324371
0.38 0.125 321429
0.38 0.13 318843
0.38 0.135 316546
0.38 0.14 314484
0.38 0.145 312615
0.38 0.15 310904
0.38 0.155 309326
0.38 0.16 307863
0.38 0.165 306499
0.38 0.17 305227
0.38 0.175 304040
0.38 0.18 302933
0.38 0.185 301905
0.38 0.19 300954
0.38 0.195 300081
0.38 0.2 296407
0.385 0 -99807.9
0.385 0.005 151798
0.385 0.01 472796
0.385 0.015 643117
0.385 0.02 701249
0.385 0.025 699222
0.385 0.03 671130
0.385 0.035 634172
0.385 0.04 596099
0.385 0.045 560164
0.385 0.05 527572
0.385 0.055 498622
0.385 0.06 473212
0.385 0.065 451076
0.385 0.07 431892
0.385 0.075 415329
0.385 0.08 401067
0.385 0.085 388813
0.385 0.09 378297
0.385 0.095 369277
0.385 0.1 361537
0.385 0.105 354886
0.385 0.11 349154
0.385 0.115 344196
0.385 0.12 339884
0.385 0.125 336110
0.385 0.13 332783
0.385 0.135 329826
0.385 0.14 327179
0.385 0.145 324791
0.385 0.15 322623
0.385 0.155 320645
0.385 0.16 318832
0.385 0.165 317169
0.385 0.17 315642
0.385 0.175 314243
0.385 0.18 312966
0.385 0.185 311807
0.385 0.19 310764
0.385 0.195 309835
0.385 0.2 306174
0.39 0 -99467.4
0.39 0.005 290191
0.39 0.01 769102
0.39 0.015 942638
0.39 0.02 938369
0.39 0.025 874271
0.39 0.03 801412
0.39 0.035 734373
0.39 0.04 675933
0.39 0.045 625771
0.39 0.05 582882
0.39 0.055 546217
0.39 0.06 514846
0.39 0.065 487982
0.39 0.07 464961
0.39 0.075 445224
0.39 0.08 428295
0.39 0.085 413769
0.39 0.09 401295
0.39 0.095 390573
0.39 0.1 381343
0.39 0.105 373377
0.39 0.11 366481
0.39 0.115 360488
0.39 0.12 355255
0.39 0.125 350658
0.39 0.13 346598
0.39 0.135 342988
0.39 0.14 339759
0.39 0.145 336855
0.39 0.15 334231
0.39 0.155 331852
0.39 0.16 329691
0.39 0.165 327728
0.39 0.17 325946
0.39 0.175 324336
0.39 0.18 322888
0.39 0.185 321598
0.39 0.19 320462
0.39 0.195 319477
0.39 0.2 315841
0.395 0 -34397.8
0.395 0.005 370506
0.395 0.01 1.12882e+06
0.395 0.015 1.32727e+06
0.395 0.02 1.2176e+06
0.395 0.025 1.05913e+06
0.395 0.03 929246
0.395 0.035 829240
0.395 0.04 750522
0.395 0.045 686944
0.395 0.05 634613
0.395 0.055 590966
0.395 0.06 554224
0.395 0.065 523093
0.395 0.07 496595
0.395 0.075 473965
0.395 0.08 454587
0.395 0.085 437959
0.395 0.09 423661
0.395 0.095 411343
0.395 0.1 400703
0.395 0.105 391488
0.395 0.11 383479
0.395 0.115 376492
0.395 0.12 370368
0.395 0.125 364974
0.395 0.13 360199
0.395 0.135 355951
0.395 0.14 352152
0.395 0.145 348741
0.395 0.15 345669
0.395 0.155 342896
0.395 0.16 340390
0.395 0.165 338130
0.395 0.17 336097
0.395 0.175 334276
0.395 0.18 332660
0.395 0.185 331240
0.395 0.19 330011
0.395 0.195 328972
0.395 0.2 325372
0.4 0 43308.1
0.4 0.005 253878
0.4 0.01 1.06271e+06
0.4 0.015 1.51267e+06
0.4 0.02 1.41073e+06
0.4 0.025 1.19744e+06
0.4 0.03 1.02859e+06
0.4 0.035 905660
0.4 0.04 812646
0.4 0.045 739374
0.4 0.05 680018
0.4 0.055 631018
0.4 0.06 590040
0.4 0.065 555456
0.4 0.07 526075
0.4 0.075 500994
0.4 0.08 479502
0.4 0.085 461029
0.4 0.09 445106
0.4 0.095 431345
0.4 0.1 419418
0.4 0.105 409048
0.4 0.11 400002
0.4 0.115 392080
0.4 0.12 385113
0.4 0.125 378960
0.4 0.13 373502
0.4 0.135 368639
0.4 0.14 364290
0.4 0.145 360388
0.4 0.15 356879
0.4 0.155 353722
0.4 0.16 350881
0.4 0.165 348330
0.4 0.17 346050
0.4 0.175 344024
0.4 0.18 342241
0.4 0.185 340694
0.4 0.19 339375
0.4 0.195 338281
0.4 0.2 334731
0.405 0 22157.9
0.405 0.005 149905
0.405 0.01 749915
0.405 0.015 1.37765e+06
0.405 0.02 1.42419e+06
0.405 0.025 1.24574e+06
0.405 0.03 1.08051e+06
0.405 0.035 954516
0.405 0.04 857328
0.405 0.045 780049
0.405 0.05 717124
0.405 0.055 665006
0.405 0.06 621301
0.405 0.065 584322
0.405 0.07 552823
0.405 0.075 525856
0.405 0.08 502674
0.405 0.085 482678
0.405 0.09 465379
0.405 0.095 450369
0.405 0.1 437307
0.405 0.105 425904
0.405 0.11 415916
0.405 0.115 407136
0.405 0.12 399388
0.405 0.125 392525
0.405 0.13 386423
0.405 0.135 380979
0.405 0.14 376106
0.405 0.145 371734
0.405 0.15 367808
0.405 0.155 364280
0.405 0.16 361115
0.405 0.165 358284
0.405 0.17 355764
0.405 0.175 353539
0.405 0.18 351595
0.405 0.185 349923
0.405 0.19 348516
0.405 0.195 347369
0.405 0.2 343881
0.41 0 27549.9
0.41 0.005 108717
0.41 0.01 549572
0.41 0.015 1.16571e+06
0.41 0.02 1.34051e+06
0.41 0.025 1.22751e+06
0.41 0.03 1.09062e+06
0.41 0.035 976526
0.41 0.04 884031
0.41 0.045 808190
0.41 0.05 745189
0.41 0.055 692282
0.41 0.06 647464
0.41 0.065 609238
0.41 0.07 576459
0.41 0.075 548229
0.41 0.08 523829
0.41 0.085 502675
0.41 0.09 484281
0.41 0.095 468243
0.41 0.1 454221
0.41 0.105 441923
0.41 0.11 431105
0.41 0.115 421557
0.41 0.12 413101
0.41 0.125 405588
0.41 0.13 398890
0.41 0.135 392904
0.41 0.14 387539
0.41 0.145 382725
0.41 0.15 378402
0.41 0.155 374522
0.41 0.16 371048
0.41 0.165 367948
0.41 0.17 365199
0.41 0.175 362782
0.41 0.18 360683
0.41 0.185 358891
0.41 0.19 357399
0.41 0.195 356201
0.41 0.2 352787
0.415 0 30597.4
0.415 0.005 92786.4
0.415 0.01 440379
0.415 0.015 1.00134e+06
0.415 0.02 1.24156e+06
0.415 0.025 1.18095e+06
0.415 0.03 1.07517e+06
0.415 0.035 978545
0.415 0.04 895659
0.415 0.045 824992
0.415 0.05 764644
0.415 0.055 712932
0.415 0.06 668455
0.415 0.065 630062
0.415 0.07 596816
0.415 0.075 567943
0.415 0.08 542805
0.415 0.085 520864
0.415 0.09 501670
0.415 0.095 484839
0.415 0.1 470042
0.415 0.105 457000
0.415 0.11 445473
0.415 0.115 435255
0.415 0.12 426172
0.415 0.125 418075
0.415 0.13 410836
0.415 0.135 404352
0.415 0.14 398533
0.415 0.145 393307
0.415 0.15 388613
0.415 0.155 384403
0.415 0.16 380636
0.415 0.165 377282
0.415 0.17 374315
0.415 0.175 371716
0.415 0.18 369469
0.415 0.185 367563
0.415 0.19 365989
0.415 0.195 364743
0.415 0.2 361414
0.42 0 31630.6
0.42 0.005 82486.9
0.42 0.01 368832
0.42 0.015 882097
0.42 0.02 1.1531e+06
0.42 0.025 1.12755e+06
0.42 0.03 1.04747e+06
0.42 0.035 968088
0.42 0.04 896330
0.42 0.045 832689
0.42 0.05 776688
0.42 0.055 727586
0.42 0.06 684586
0.42 0.065 646927
0.42 0.07 613925
0.42 0.075 584974
0.42 0.08 559544
0.42 0.085 537175
0.42 0.09 517467
0.42 0.095 500073
0.42 0.1 484691
0.42 0.105 471057
0.42 0.11 458947
0.42 0.115 448163
0.42 0.12 438537
0.42 0.125 429925
0.42 0.13 422204
0.42 0.135 415271
0.42 0.14 409039
0.42 0.145 403434
0.42 0.15 398398
0.42 0.155 393880
0.42 0.16 389841
0.42 0.165 386248
0.42 0.17 383077
0.42 0.175 380306
0.42 0.18 377919
0.42 0.185 375905
0.42 0.19 374255
0.42 0.195 372963
0.42 0.2 369731
0.425 0 31680.1
0.425 0.005 74942
0.425 0.01 317015
0.425 0.015 792412
0.425 0.02 1.07901e+06
0.425 0.025 1.07637e+06
0.425 0.03 1.0156e+06
0.425 0.035 950959
0.425 0.04 889872
0.425 0.045 833711
0.425 0.05 782837
0.425 0.055 737176
0.425 0.06 696421
0.425 0.065 660166
0.425 0.07 627974
0.425 0.075 599414
0.425 0.08 574082
0.425 0.085 551606
0.425 0.09 531649
0.425 0.095 513910
0.425 0.1 498121
0.425 0.105 484045
0.425 0.11 471475
0.425 0.115 460227
0.425 0.12 450144
0.425 0.125 441090
0.425 0.13 432947
0.425 0.135 425616
0.425 0.14 419012
0.425 0.145 413065
0.425 0.15 407716
0.425 0.155 402916
0.425 0.16 398625
0.425 0.165 394812
0.425 0.17 391450
0.425 0.175 388519
0.425 0.18 386002
0.425 0.185 383887
0.425 0.19 382165
0.425 0.195 380829
0.425 0.2 377705
0.43 0 31328
0.43 0.005 69223
0.43 0.01 277507
0.43 0.015 722299
0.43 0.02 1.01759e+06
0.43 0.025 1.03036e+06
0.43 0.03 983741
0.43 0.035 930961
0.43 0.04 879247
0.43 0.045 830203
0.43 0.05 784585
0.43 0.055 742719
0.43 0.06 704643
0.43 0.065 670230
0.43 0.07 639255
0.43 0.075 611450
0.43 0.08 586531
0.43 0.085 564216
0.43 0.09 544240
0.43 0.095 526350
0.43 0.1 510319
0.43 0.105 495940
0.43 0.11 483026
0.43 0.115 471414
0.43 0.12 460958
0.43 0.125 451532
0.43 0.13 443027
0.43 0.135 435349
0.43 0.14 428416
0.43 0.145 422163
0.43 0.15 416532
0.43 0.155 411477
0.43 0.16 406957
0.43 0.165 402942
0.43 0.17 399405
0.43 0.175 396325
0.43 0.18 393688
0.43 0.185 391479
0.43 0.19 389690
0.43 0.195 388314
0.43 0.2 385307
0.435 0 30854.1
0.435 0.005 64831.1
0.435 0.01 246478
0.435 0.015 665963
0.435 0.02 966426
0.435 0.025 990040
0.435 0.03 953817
0.435 0.035 910361
0.435 0.04 866527
0.435 0.045 823858
0.435 0.05 783234
0.435 0.055 745180
0.435 0.06 709953
0.435 0.065 677618
0.435 0.07 648118
0.435 0.075 621321
0.435 0.08 597051
0.435 0.085 575112
0.435 0.09 555304
0.435 0.095 537429
0.435 0.1 521300
0.435 0.105 506740
0.435 0.11 493591
0.435 0.115 481705
0.435 0.12 470955
0.435 0.125 461226
0.435 0.13 452416
0.435 0.135 444440
0.435 0.14 437222
0.435 0.145 430700
0.435 0.15 424818
0.435 0.155 419533
0.435 0.16 414807
0.435 0.165 410608
0.435 0.17 406911
0.435 0.175 403697
0.435 0.18 400949
0.435 0.185 398654
0.435 0.19 396803
0.435 0.195 395391
0.435 0.2 392511
0.44 0 30382.1
0.44 0.005 61434.4
0.44 0.01 221674
0.44 0.015 619880
0.44 0.02 923463
0.44 0.025 955049
0.44 0.03 926586
0.44 0.035 890420
0.44 0.04 853073
0.44 0.045 815922
0.44 0.05 779830
0.44 0.055 745399
0.44 0.06 712998
0.44 0.065 682820
0.44 0.07 654928
0.44 0.075 629294
0.44 0.08 605834
0.44 0.085 584428
0.44 0.09 564935
0.44 0.095 547208
0.44 0.1 531099
0.44 0.105 516466
0.44 0.11 503174
0.44 0.115 491098
0.44 0.12 480125
0.44 0.125 470154
0.44 0.13 461095
0.44 0.135 452868
0.44 0.14 445406
0.44 0.145 438650
0.44 0.15 432549
0.44 0.155 427060
0.44 0.16 422149
0.44 0.165 417786
0.44 0.17 413946
0.44 0.175 410609
0.44 0.18 407760
0.44 0.185 405387
0.44 0.19 403481
0.44 0.195 402034
0.44 0.2 399291
0.445 0 29960
0.445 0.005 58794.1
0.445 0.01 201638
0.445 0.015 581768
0.445 0.02 887146
0.445 0.025 924810
0.445 0.03 902246
0.445 0.035 871798
0.445 0.04 839741
0.445 0.045 807273
0.445 0.05 775181
0.445 0.055 744065
0.445 0.06 714347
0.445 0.065 686290
0.445 0.07 660038
0.445 0.075 635642
0.445 0.08 613086
0.445 0.085 592315
0.445 0.09 573241
0.445 0.095 555763
0.445 0.1 539770
0.445 0.105 525150
0.445 0.11 511794
0.445 0.115 499598
0.445 0.12 488466
0.445 0.125 478310
0.445 0.13 469051
0.445 0.135 460618
0.445 0.14 452951
0.445 0.145 445994
0.445 0.15 439702
0.445 0.155 434036
0.445 0.16 428963
0.445 0.165 424453
0.445 0.17 420485
0.445 0.175 417039
0.445 0.18 414100
0.445 0.185 411657
0.445 0.19 409699
0.445 0.195 408222
0.445 0.2 405623
0.45 0 29601.7
0.45 0.005 56733.8
0.45 0.01 185367
0.45 0.015 550058
0.45 0.02 856321
0.45 0.025 898746
0.45 0.03 880742
0.45 0.035 854808
0.45 0.04 827052
0.45 0.045 798513
0.45 0.05 769882
0.45 0.055 741727
0.45 0.06 714475
0.45 0.065 688427
0.45 0.07 663775
0.45 0.075 640622
0.45 0.08 619011
0.45 0.085 598931
0.45 0.09 580343
0.45 0.095 563184
0.45 0.1 547376
0.45 0.105 532836
0.45 0.11 519480
0.45 0.115 507223
0.45 0.12 495986
0.45 0.125 485695
0.45 0.13 476280
0.45 0.135 467681
0.45 0.14 459843
0.45 0.145 452718
0.45 0.15 446263
0.45 0.155 440444
0.45 0.16 435228
0.45 0.165 430591
0.45 0.17 426510
0.45 0.175 422967
0.45 0.18 419948
0.45 0.185 417442
0.45 0.19 415439
0.45 0.195 413935
0.45 0.2 411488
0.455 0 29306.3
0.455 0.005 55121.7
0.455 0.01 172127
0.455 0.015 523621
0.455 0.02 830127
0.455 0.025 876354
0.455 0.03 861923
0.455 0.035 839575
0.455 0.04 815312
0.455 0.045 790044
0.455 0.05 764370
0.455 0.055 738808
0.455 0.06 713771
0.455 0.065 689570
0.455 0.07 666425
0.455 0.075 644475
0.455 0.08 623800
0.455 0.085 604430
0.455 0.09 586361
0.455 0.095 569562
0.455 0.1 553986
0.455 0.105 539576
0.455 0.11 526268
0.455 0.115 513998
0.455 0.12 502700
0.455 0.125 492315
0.455 0.13 482783
0.455 0.135 474053
0.455 0.14 466076
0.455 0.145 458811
0.455 0.15 452219
0.455 0.155 446269
0.455 0.16 440931
0.455 0.165 436183
0.455 0.17 432003
0.455 0.175 428376
0.455 0.18 425286
0.455 0.185 422725
0.455 0.19 420682
0.455 0.195 419154
0.455 0.2 416865
0.46 0 29067
0.46 0.005 53859.1
0.46 0.01 161371
0.46 0.015 501615
0.46 0.02 807915
0.46 0.025 857215
0.46 0.03 845609
0.46 0.035 826122
0.46 0.04 804693
0.46 0.045 782132
0.46 0.05 758956
0.46 0.055 735629
0.46 0.06 712541
0.46 0.065 689999
0.46 0.07 668235
0.46 0.075 647411
0.46 0.08 627631
0.46 0.085 608956
0.46 0.09 591410
0.46 0.095 574989
0.46 0.1 559672
0.46 0.105 545423
0.46 0.11 532198
0.46 0.115 519949
0.46 0.12 508626
0.46 0.125 498180
0.46 0.13 488564
0.46 0.135 479733
0.46 0.14 471646
0.46 0.145 464266
0.46 0.15 457561
0.46 0.155 451500
0.46 0.16 446059
0.46 0.165 441215
0.46 0.17 436951
0.46 0.175 433250
0.46 0.18 430100
0.46 0.185 427490
0.46 0.19 425413
0.46 0.195 423863
0.46 0.2 421739
0.465 0 28875.8
0.465 0.005 52871.6
0.465 0.01 152672
0.465 0.015 483392
0.465 0.02 789194
0.465 0.025 840987
0.465 0.03 831624
0.465 0.035 814423
0.465 0.04 795287
0.465 0.045 774949
0.465 0.05 753859
0.465 0.055 732431
0.465 0.06 711027
0.465 0.065 689944
0.465 0.07 669414
0.465 0.075 649612
0.465 0.08 630661
0.465 0.085 612642
0.465 0.09 595600
0.465 0.095 579555
0.465 0.1 564504
0.465 0.105 550432
0.465 0.11 537310
0.465 0.115 525107
0.465 0.12 513785
0.465 0.125 503306
0.465 0.13 493631
0.465 0.135 484725
0.465 0.14 476551
0.465 0.145 469080
0.465 0.15 462281
0.465 0.155 456129
0.465 0.16 450601
0.465 0.165 445677
0.465 0.17 441341
0.465 0.175 437578
0.465 0.18 434375
0.465 0.185 431724
0.465 0.19 429617
0.465 0.195 428049
0.465 0.2 426096
0.47 0 28725
0.47 0.005 52103.3
0.47 0.01 145703
0.47 0.015 468451
0.47 0.02 773584
0.47 0.025 827396
0.47 0.03 819811
0.47 0.035 804428
0.47 0.04 787135
0.47 0.045 768605
0.47 0.05 749235
0.47 0.055 729394
0.47 0.06 709417
0.47 0.065 689586
0.47 0.07 670132
0.47 0.075 651234
0.47 0.08 633026
0.47 0.085 615604
0.47 0.09 599029
0.47 0.095 583339
0.47 0.1 568548
0.47 0.105 554654
0.47 0.11 541646
0.47 0.115 529503
0.47 0.12 518199
0.47 0.125 507706
0.47 0.13 497994
0.47 0.135 489032
0.47 0.14 480793
0.47 0.145 473249
0.47 0.15 466375
0.47 0.155 460149
0.47 0.16 454550
0.47 0.165 449560
0.47 0.17 445164
0.47 0.175 441348
0.47 0.18 438102
0.47 0.185 435416
0.47 0.19 433283
0.47 0.195 431700
0.47 0.2 429921
0.475 0 28608.1
0.475 0.005 51512.7
0.475 0.01 140208
0.475 0.015 456399
0.475 0.02 760792
0.475 0.025 816222
0.475 0.03 810034
0.475 0.035 796082
0.475 0.04 780250
0.475 0.045 763170
0.475 0.05 745190
0.475 0.055 726649
0.475 0.06 707853
0.475 0.065 689071
0.475 0.07 670528
0.475 0.075 652404
0.475 0.08 634840
0.475 0.085 617941
0.475 0.09 601783
0.475 0.095 586414
0.475 0.1 571862
0.475 0.105 558139
0.475 0.11 545243
0.475 0.115 533166
0.475 0.12 521891
0.475 0.125 511397
0.475 0.13 501662
0.475 0.135 492662
0.475 0.14 484374
0.475 0.145 476774
0.475 0.15 469842
0.475 0.155 463556
0.475 0.16 457899
0.475 0.165 452856
0.475 0.17 448410
0.475 0.175 444552
0.475 0.18 441269
0.475 0.185 438555
0.475 0.19 436402
0.475 0.195 434806
0.475 0.2 433205
0.48 0 28519.9
0.48 0.005 51068.6
0.48 0.01 135990
0.48 0.015 446933
0.48 0.02 750593
0.48 0.025 807292
0.48 0.03 802178
0.48 0.035 789330
0.48 0.04 774631
0.48 0.045 758683
0.48 0.05 741800
0.48 0.055 724292
0.48 0.06 706444
0.48 0.065 688511
0.48 0.07 670711
0.48 0.075 653225
0.48 0.08 636197
0.48 0.085 619739
0.48 0.09 603935
0.48 0.095 588842
0.48 0.1 574499
0.48 0.105 560927
0.48 0.11 548136
0.48 0.115 536123
0.48 0.12 524880
0.48 0.125 514393
0.48 0.13 504647
0.48 0.135 495621
0.48 0.14 487297
0.48 0.145 479656
0.48 0.15 472678
0.48 0.155 466347
0.48 0.16 460645
0.48 0.165 455559
0.48 0.17 451075
0.48 0.175 447182
0.48 0.18 443871
0.48 0.185 441134
0.48 0.19 438964
0.48 0.195 437358
0.48 0.2 435939
0.485 0 28456.3
0.485 0.005 50748.7
0.485 0.01 132901
0.485 0.015 439818
0.485 0.02 742814
0.485 0.025 800471
0.485 0.03 796153
0.485 0.035 784124
0.485 0.04 770270
0.485 0.045 755170
0.485 0.05 739115
0.485 0.055 722391
0.485 0.06 705267
0.485 0.065 687989
0.485 0.07 670766
0.485 0.075 653779
0.485 0.08 637174
0.485 0.085 621066
0.485 0.09 605544
0.485 0.095 590675
0.485 0.1 576502
0.485 0.105 563057
0.485 0.11 550353
0.485 0.115 538396
0.485 0.12 527184
0.485 0.125 516708
0.485 0.13 506957
0.485 0.135 497915
0.485 0.14 489567
0.485 0.145 481895
0.485 0.15 474885
0.485 0.155 468519
0.485 0.16 462784
0.485 0.165 457666
0.485 0.17 453153
0.485 0.175 449234
0.485 0.18 445901
0.485 0.185 443146
0.485 0.19 440963
0.485 0.195 439349
0.485 0.2 438115
0.49 0 28414.4
0.49 0.005 50537.1
0.49 0.01 130835
0.49 0.015 434885
0.49 0.02 737328
0.49 0.025 795659
0.49 0.03 791890
0.49 0.035 780424
0.49 0.04 767154
0.49 0.045 752644
0.49 0.05 737166
0.49 0.055 720993
0.49 0.06 704381
0.49 0.065 687566
0.49 0.07 670756
0.49 0.075 654127
0.49 0.08 637826
0.49 0.085 621972
0.49 0.09 606657
0.49 0.095 591952
0.49 0.1 577906
0.49 0.105 564555
0.49 0.11 551918
0.49 0.115 540005
0.49 0.12 528819
0.49 0.125 518353
0.49 0.13 508601
0.49 0.135 499549
0.49 0.14 491185
0.49 0.145 483494
0.49 0.15 476461
0.49 0.155 470072
0.49 0.16 464313
0.49 0.165 459173
0.49 0.17 454639
0.49 0.175 450703
0.49 0.18 447354
0.49 0.185 444587
0.49 0.19 442395
0.49 0.195 440775
0.49 0.2 439728
0.495 0 28392.4
0.495 0.005 50423.4
0.495 0.01 129721
0.495 0.015 432015
0.495 0.02 734048
0.495 0.025 792785
0.495 0.03 789337
0.495 0.035 778202
0.495 0.04 765275
0.495 0.045 751111
0.495 0.05 735975
0.495 0.055 720129
0.495 0.06 703822
0.495 0.065 687286
0.495 0.07 670723
0.495 0.075 654310
0.495 0.08 638194
0.495 0.085 622495
0.495 0.09 607307
0.495 0.095 592703
0.495 0.1 578736
0.495 0.105 565443
0.495 0.11 552849
0.495 0.115 540964
0.495 0.12 529794
0.495 0.125 519337
0.495 0.13 509585
0.495 0.135 500528
0.495 0.14 492156
0.495 0.145 484453
0.495 0.15 477407
0.495 0.155 471004
0.495 0.16 465232
0.495 0.165 460079
0.495 0.17 455533
0.495 0.175 451585
0.495 0.18 448228
0.495 0.185 445453
0.495 0.19 443256
0.495 0.195 441633
0.495 0.2 440774
0.5 0 28386.1
0.5 0.005 43056.4
0.5 0.01 110401
0.5 0.015 349596
0.5 0.02 713855
0.5 0.025 791281
0.5 0.03 790132
0.5 0.035 779473
0.5 0.04 766886
0.5 0.045 753021
0.5 0.05 738139
0.5 0.055 722499
0.5 0.06 706352
0.5 0.065 689931
0.5 0.07 673443
0.5 0.075 657066
0.5 0.08 640954
0.5 0.085 625231
0.5 0.09 609995
0.5 0.095 595325
0.5 0.1 581277
0.5 0.105 567891
0.5 0.11 555194
0.5 0.115 543202
0.5 0.12 531920
0.5 0.125 521347
0.5 0.13 511479
0.5 0.135 502307
0.5 0.14 493819
0.5 0.145 486002
0.5 0.15 478844
0.5 0.155 472331
0.5 0.16 466450
0.5 0.165 461190
0.5 0.17 456540
0.5 0.175 452489
0.5 0.18 449031
0.5 0.185 446157
0.5 0.19 443862
0.5 0.195 442142
0.5 0.2 441202
