0 0 -0.0639045
0 0.005 -0.050139
0 0.01 -0.0173958
0 0.015 0.0243897
0 0.02 0.0714184
0 0.025 0.113198
0 0.03 0.146851
0 0.035 0.176592
0 0.04 0.204707
0 0.045 0.23201
0 0.05 0.258781
0 0.055 0.285121
0 0.06 0.311068
0 0.065 0.33664
0 0.07 0.361845
0 0.075 0.386691
0 0.08 0.411184
0 0.085 0.43533
0 0.09 0.459133
0 0.095 0.482599
0 0.1 0.505732
0 0.105 0.528536
0 0.11 0.551014
0 0.115 0.573169
0 0.12 0.595004
0 0.125 0.616519
0 0.13 0.637714
0 0.135 0.65859
0 0.14 0.679146
0 0.145 0.69938
0 0.15 0.719289
0 0.155 0.738872
0 0.16 0.758123
0 0.165 0.777041
0 0.17 0.795621
0 0.175 0.813862
0 0.18 0.831765
0 0.185 0.849338
0 0.19 0.8666
0 0.195 0.883596
0 0.2 0.900415
0.005 0 -0.0639043
0.005 0.005 -0.0501389
0.005 0.01 -0.0173955
0.005 0.015 0.0243904
0.005 0.02 0.0714198
0.005 0.025 0.1132
0.005 0.03 0.146853
0.005 0.035 0.176593
0.005 0.04 0.204707
0.005 0.045 0.232008
0.005 0.05 0.258778
0.005 0.055 0.285116
0.005 0.06 0.311061
0.005 0.065 0.336629
0.005 0.07 0.361832
0.005 0.075 0.386676
0.005 0.08 0.411166
0.005 0.085 0.435309
0.005 0.09 0.45911
0.005 0.095 0.482574
0.005 0.1 0.505705
0.005 0.105 0.528507
0.005 0.11 0.550984
0.005 0.115 0.573138
0.005 0.12 0.594972
0.005 0.125 0.616486
0.005 0.13 0.637682
0.005 0.135 0.658559
0.005 0.14 0.679115
0.005 0.145 0.699351
0.005 0.15 0.719261
0.005 0.155 0.738846
0.005 0.16 0.758099
0.005 0.165 0.777019
0.005 0.17 0.795602
0.005 0.175 0.813846
0.005 0.18 0.831752
0.005 0.185 0.849328
0.005 0.19 0.866594
0.005 0.195 0.883593
0.005 0.2 0.900415
0.01 0 -0.0639039
0.01 0.005 -0.0501383
0.01 0.01 -0.0173946
0.01 0.015 0.0243924
0.01 0.02 0.0714239
0.01 0.025 0.113205
0.01 0.03 0.146858
0.01 0.035 0.176596
0.01 0.04 0.204707
0.01 0.045 0.232004
0.01 0.05 0.258768
0.01 0.055 0.2851
0.01 0.06 0.311038
0.01 0.065 0.336599
0.01 0.07 0.361794
0.01 0.075 0.386629
0.01 0.08 0.411112
0.01 0.085 0.435247
0.01 0.09 0.459041
0.01 0.095 0.482498
0.01 0.1 0.505623
0.01 0.105 0.52842
0.01 0.11 0.550893
0.01 0.115 0.573044
0.01 0.12 0.594876
0.01 0.125 0.61639
0.01 0.13 0.637586
0.01 0.135 0.658464
0.01 0.14 0.679023
0.01 0.145 0.699262
0.01 0.15 0.719178
0.01 0.155 0.738767
0.01 0.16 0.758027
0.01 0.165 0.776955
0.01 0.17 0.795546
0.01 0.175 0.813798
0.01 0.18 0.831713
0.01 0.185 0.849299
0.01 0.19 0.866574
0.01 0.195 0.883583
0.01 0.2 0.900415
0.015 0 -0.0639032
0.015 0.005 -0.0501375
0.015 0.01 -0.017393
0.015 0.015 0.0243957
0.015 0.02 0.0714309
0.015 0.025 0.113215
0.015 0.03 0.146868
0.015 0.035 0.176603
0.015 0.04 0.204708
0.015 0.045 0.231998
0.015 0.05 0.258753
0.015 0.055 0.285074
0.015 0.06 0.311
0.015 0.065 0.336549
0.015 0.07 0.36173
0.015 0.075 0.386552
0.015 0.08 0.411021
0.015 0.085 0.435143
0.015 0.09 0.458925
0.015 0.095 0.48237
0.015 0.1 0.505485
0.015 0.105 0.528274
0.015 0.11 0.55074
0.015 0.115 0.572886
0.015 0.12 0.594715
0.015 0.125 0.616227
0.015 0.13 0.637424
0.015 0.135 0.658305
0.015 0.14 0.678868
0.015 0.145 0.699113
0.015 0.15 0.719037
0.015 0.155 0.738636
0.015 0.16 0.757907
0.015 0.165 0.776846
0.015 0.17 0.795451
0.015 0.175 0.813718
0.015 0.18 0.831648
0.015 0.185 0.849249
0.015 0.19 0.866541
0.015 0.195 0.883566
0.015 0.2 0.900415
0.02 0 -0.0639023
0.02 0.005 -0.0501362
0.02 0.01 -0.0173909
0.02 0.015 0.0244005
0.02 0.02 0.0714409
0.02 0.025 0.113229
0.02 0.03 0.146882
0.02 0.035 0.176613
0.02 0.04 0.204711
0.02 0.045 0.231991
0.02 0.05 0.258734
0.02 0.055 0.28504
0.02 0.06 0.310949
0.02 0.065 0.336479
0.02 0.07 0.361641
0.02 0.075 0.386444
0.02 0.08 0.410893
0.02 0.085 0.434997
0.02 0.09 0.458761
0.02 0.095 0.48219
0.02 0.1 0.505291
0.02 0.105 0.528067
0.02 0.11 0.550524
0.02 0.115 0.572663
0.02 0.12 0.594487
0.02 0.125 0.615997
0.02 0.13 0.637195
0.02 0.135 0.658079
0.02 0.14 0.678649
0.02 0.145 0.698902
0.02 0.15 0.718837
0.02 0.155 0.738449
0.02 0.16 0.757736
0.02 0.165 0.776693
0.02 0.17 0.795316
0.02 0.175 0.813604
0.02 0.18 0.831556
0.02 0.185 0.849179
0.02 0.19 0.866494
0.02 0.195 0.883543
0.02 0.2 0.900415
0.025 0 -0.0639011
0.025 0.005 -0.0501347
0.025 0.01 -0.0173881
0.025 0.015 0.0244066
0.025 0.02 0.0714542
0.025 0.025 0.113248
0.025 0.03 0.146902
0.025 0.035 0.176629
0.025 0.04 0.204718
0.025 0.045 0.231985
0.025 0.05 0.258711
0.025 0.055 0.284998
0.025 0.06 0.310885
0.025 0.065 0.336391
0.025 0.07 0.361528
0.025 0.075 0.386304
0.025 0.08 0.410728
0.025 0.085 0.434807
0.025 0.09 0.458547
0.025 0.095 0.481955
0.025 0.1 0.505037
0.025 0.105 0.527798
0.025 0.11 0.550241
0.025 0.115 0.57237
0.025 0.12 0.594189
0.025 0.125 0.615697
0.025 0.13 0.636895
0.025 0.135 0.657784
0.025 0.14 0.678362
0.025 0.145 0.698627
0.025 0.15 0.718576
0.025 0.155 0.738206
0.025 0.16 0.757513
0.025 0.165 0.776493
0.025 0.17 0.795141
0.025 0.175 0.813455
0.025 0.18 0.831435
0.025 0.185 0.849088
0.025 0.19 0.866433
0.025 0.195 0.883512
0.025 0.2 0.900415
0.03 0 -0.0638995
0.03 0.005 -0.0501328
0.03 0.01 -0.0173848
0.03 0.015 0.0244141
0.03 0.02 0.071471
0.03 0.025 0.113274
0.03 0.03 0.14693
0.03 0.035 0.176653
0.03 0.04 0.204732
0.03 0.045 0.231983
0.03 0.05 0.258689
0.03 0.055 0.284951
0.03 0.06 0.310809
0.03 0.065 0.336285
0.03 0.07 0.36139
0.03 0.075 0.386133
0.03 0.08 0.410524
0.03 0.085 0.434571
0.03 0.09 0.458282
0.03 0.095 0.481663
0.03 0.1 0.504721
0.03 0.105 0.527462
0.03 0.11 0.549889
0.03 0.115 0.572006
0.03 0.12 0.593817
0.03 0.125 0.615322
0.03 0.13 0.636522
0.03 0.135 0.657417
0.03 0.14 0.678005
0.03 0.145 0.698285
0.03 0.15 0.718252
0.03 0.155 0.737904
0.03 0.16 0.757236
0.03 0.165 0.776244
0.03 0.17 0.794923
0.03 0.175 0.81327
0.03 0.18 0.831285
0.03 0.185 0.848975
0.03 0.19 0.866357
0.03 0.195 0.883474
0.03 0.2 0.900415
0.035 0 -0.0638978
0.035 0.005 -0.0501306
0.035 0.01 -0.0173809
0.035 0.015 0.0244229
0.035 0.02 0.0714917
0.035 0.025 0.113306
0.035 0.03 0.146968
0.035 0.035 0.176688
0.035 0.04 0.204756
0.035 0.045 0.231989
0.035 0.05 0.25867
0.035 0.055 0.284902
0.035 0.06 0.310726
0.035 0.065 0.336163
0.035 0.07 0.361228
0.035 0.075 0.38593
0.035 0.08 0.410281
0.035 0.085 0.434289
0.035 0.09 0.457963
0.035 0.095 0.481311
0.035 0.1 0.50434
0.035 0.105 0.527055
0.035 0.11 0.549463
0.035 0.115 0.571566
0.035 0.12 0.593367
0.035 0.125 0.614869
0.035 0.13 0.636071
0.035 0.135 0.656973
0.035 0.14 0.677574
0.035 0.145 0.697871
0.035 0.15 0.71786
0.035 0.155 0.737539
0.035 0.16 0.756901
0.035 0.165 0.775943
0.035 0.17 0.79466
0.035 0.175 0.813047
0.035 0.18 0.831105
0.035 0.185 0.848838
0.035 0.19 0.866265
0.035 0.195 0.883428
0.035 0.2 0.900415
0.04 0 -0.0638957
0.04 0.005 -0.0501282
0.04 0.01 -0.0173768
0.04 0.015 0.0244328
0.04 0.02 0.0715165
0.04 0.025 0.113348
0.04 0.03 0.147018
0.04 0.035 0.176737
0.04 0.04 0.204794
0.04 0.045 0.232007
0.04 0.05 0.258659
0.04 0.055 0.284854
0.04 0.06 0.310636
0.04 0.065 0.336027
0.04 0.07 0.361043
0.04 0.075 0.385695
0.04 0.08 0.409996
0.04 0.085 0.433957
0.04 0.09 0.457586
0.04 0.095 0.480894
0.04 0.1 0.503888
0.04 0.105 0.526574
0.04 0.11 0.548958
0.04 0.115 0.571044
0.04 0.12 0.592835
0.04 0.125 0.614332
0.04 0.13 0.635537
0.04 0.135 0.656448
0.04 0.14 0.677063
0.04 0.145 0.697381
0.04 0.15 0.717397
0.04 0.155 0.737107
0.04 0.16 0.756506
0.04 0.165 0.775588
0.04 0.17 0.794348
0.04 0.175 0.812783
0.04 0.18 0.830891
0.04 0.185 0.848676
0.04 0.19 0.866157
0.04 0.195 0.883374
0.04 0.2 0.900415
0.045 0 -0.0638933
0.045 0.005 -0.0501258
0.045 0.01 -0.0173726
0.045 0.015 0.0244434
0.045 0.02 0.0715457
0.045 0.025 0.1134
0.045 0.03 0.147084
0.045 0.035 0.176806
0.045 0.04 0.204853
0.045 0.045 0.232044
0.045 0.05 0.258662
0.045 0.055 0.284814
0.045 0.06 0.310545
0.045 0.065 0.33588
0.045 0.07 0.360835
0.045 0.075 0.385427
0.045 0.08 0.409669
0.045 0.085 0.433572
0.045 0.09 0.457148
0.045 0.095 0.480408
0.045 0.1 0.50336
0.045 0.105 0.526011
0.045 0.11 0.548367
0.045 0.115 0.570433
0.045 0.12 0.592212
0.045 0.125 0.613705
0.045 0.13 0.634912
0.045 0.135 0.655834
0.045 0.14 0.676467
0.045 0.145 0.696809
0.045 0.15 0.716856
0.045 0.155 0.736603
0.045 0.16 0.756044
0.045 0.165 0.775174
0.045 0.17 0.793986
0.045 0.175 0.812476
0.045 0.18 0.830642
0.045 0.185 0.848488
0.045 0.19 0.866031
0.045 0.195 0.883311
0.045 0.2 0.900415
0.05 0 -0.0638906
0.05 0.005 -0.0501235
0.05 0.01 -0.017369
0.05 0.015 0.024454
0.05 0.02 0.0715792
0.05 0.025 0.113464
0.05 0.03 0.147173
0.05 0.035 0.176903
0.05 0.04 0.204942
0.05 0.045 0.232109
0.05 0.05 0.258687
0.05 0.055 0.284787
0.05 0.06 0.310456
0.05 0.065 0.335723
0.05 0.07 0.360606
0.05 0.075 0.385125
0.05 0.08 0.409295
0.05 0.085 0.43313
0.05 0.09 0.456643
0.05 0.095 0.479846
0.05 0.1 0.502749
0.05 0.105 0.525359
0.05 0.11 0.547684
0.05 0.115 0.569726
0.05 0.12 0.591491
0.05 0.125 0.612979
0.05 0.13 0.634191
0.05 0.135 0.655125
0.05 0.14 0.675779
0.05 0.145 0.69615
0.05 0.15 0.716233
0.05 0.155 0.736023
0.05 0.16 0.755513
0.05 0.165 0.774697
0.05 0.17 0.793569
0.05 0.175 0.812123
0.05 0.18 0.830356
0.05 0.185 0.848272
0.05 0.19 0.865886
0.05 0.195 0.883238
0.05 0.2 0.900415
0.055 0 -0.0638876
0.055 0.005 -0.0501219
0.055 0.01 -0.0173669
0.055 0.015 0.0244631
0.055 0.02 0.0716166
0.055 0.025 0.113545
0.055 0.03 0.147289
0.055 0.035 0.177038
0.055 0.04 0.205073
0.055 0.045 0.232213
0.055 0.05 0.258745
0.055 0.055 0.284782
0.055 0.06 0.310377
0.055 0.065 0.33556
0.055 0.07 0.360356
0.055 0.075 0.384787
0.055 0.08 0.408871
0.055 0.085 0.432625
0.055 0.09 0.456065
0.055 0.095 0.479202
0.055 0.1 0.502047
0.055 0.105 0.524611
0.055 0.11 0.546898
0.055 0.115 0.568915
0.055 0.12 0.590663
0.055 0.125 0.612146
0.055 0.13 0.633363
0.055 0.135 0.654312
0.055 0.14 0.674991
0.055 0.145 0.695395
0.055 0.15 0.71552
0.055 0.155 0.735359
0.055 0.16 0.754906
0.055 0.165 0.774152
0.055 0.17 0.793092
0.055 0.175 0.811719
0.055 0.18 0.830029
0.055 0.185 0.848025
0.055 0.19 0.865721
0.055 0.195 0.883156
0.055 0.2 0.900415
0.06 0 -0.0638844
0.06 0.005 -0.0501219
0.06 0.01 -0.0173682
0.06 0.015 0.0244679
0.06 0.02 0.0716568
0.06 0.025 0.113646
0.06 0.03 0.147445
0.06 0.035 0.177225
0.06 0.04 0.205261
0.06 0.045 0.232373
0.06 0.05 0.25885
0.06 0.055 0.28481
0.06 0.06 0.310312
0.06 0.065 0.335394
0.06 0.07 0.360085
0.06 0.075 0.384411
0.06 0.08 0.408393
0.06 0.085 0.432052
0.06 0.09 0.455404
0.06 0.095 0.478465
0.06 0.1 0.501245
0.06 0.105 0.523754
0.06 0.11 0.546
0.06 0.115 0.567987
0.06 0.12 0.589719
0.06 0.125 0.611196
0.06 0.13 0.63242
0.06 0.135 0.653387
0.06 0.14 0.674094
0.06 0.145 0.694537
0.06 0.15 0.714709
0.06 0.155 0.734605
0.06 0.16 0.754216
0.06 0.165 0.773534
0.06 0.17 0.792552
0.06 0.175 0.811261
0.06 0.18 0.829658
0.06 0.185 0.847744
0.06 0.19 0.865533
0.06 0.195 0.883062
0.06 0.2 0.900415
0.065 0 -0.0638807
0.065 0.005 -0.0501253
0.065 0.01 -0.0173763
0.065 0.015 0.0244637
0.065 0.02 0.0716975
0.065 0.025 0.113774
0.065 0.03 0.147654
0.065 0.035 0.177485
0.065 0.04 0.205531
0.065 0.045 0.232609
0.065 0.05 0.259018
0.065 0.055 0.284883
0.065 0.06 0.310272
0.065 0.065 0.33523
0.065 0.07 0.359793
0.065 0.075 0.383992
0.065 0.08 0.407854
0.065 0.085 0.431401
0.065 0.09 0.454652
0.065 0.095 0.477624
0.065 0.1 0.500329
0.065 0.105 0.522777
0.065 0.11 0.544976
0.065 0.115 0.566931
0.065 0.12 0.588644
0.065 0.125 0.610117
0.065 0.13 0.631349
0.065 0.135 0.652337
0.065 0.14 0.673078
0.065 0.145 0.693565
0.065 0.15 0.713793
0.065 0.155 0.733753
0.065 0.16 0.753437
0.065 0.165 0.772836
0.065 0.17 0.791942
0.065 0.175 0.810745
0.065 0.18 0.829241
0.065 0.185 0.847429
0.065 0.19 0.865322
0.065 0.195 0.882956
0.065 0.2 0.900415
0.07 0 -0.0638768
0.07 0.005 -0.0501352
0.07 0.01 -0.0173978
0.07 0.015 0.0244419
0.07 0.02 0.071735
0.07 0.025 0.113938
0.07 0.03 0.147942
0.07 0.035 0.177851
0.07 0.04 0.205915
0.07 0.045 0.232953
0.07 0.05 0.259274
0.07 0.055 0.285017
0.07 0.06 0.310263
0.07 0.065 0.335068
0.07 0.07 0.359476
0.07 0.075 0.383525
0.07 0.08 0.407244
0.07 0.085 0.430661
0.07 0.09 0.453796
0.07 0.095 0.476667
0.07 0.1 0.499287
0.07 0.105 0.521666
0.07 0.11 0.543814
0.07 0.115 0.565733
0.07 0.12 0.587427
0.07 0.125 0.608896
0.07 0.13 0.630139
0.07 0.135 0.651153
0.07 0.14 0.671932
0.07 0.145 0.69247
0.07 0.15 0.71276
0.07 0.155 0.732794
0.07 0.16 0.752561
0.07 0.165 0.772052
0.07 0.17 0.791256
0.07 0.175 0.810165
0.07 0.18 0.828771
0.07 0.185 0.847074
0.07 0.19 0.865084
0.07 0.195 0.882837
0.07 0.2 0.900415
0.075 0 -0.0638725
0.075 0.005 -0.0501585
0.075 0.01 -0.0174448
0.075 0.015 0.0243877
0.075 0.02 0.0717643
0.075 0.025 0.114158
0.075 0.03 0.14835
0.075 0.035 0.178374
0.075 0.04 0.206461
0.075 0.045 0.233441
0.075 0.05 0.259644
0.075 0.055 0.285229
0.075 0.06 0.310295
0.075 0.065 0.334911
0.075 0.07 0.359131
0.075 0.075 0.383
0.075 0.08 0.406553
0.075 0.085 0.429818
0.075 0.09 0.45282
0.075 0.095 0.475576
0.075 0.1 0.498101
0.075 0.105 0.520405
0.075 0.11 0.542495
0.075 0.115 0.564377
0.075 0.12 0.586051
0.075 0.125 0.607518
0.075 0.13 0.628775
0.075 0.135 0.649819
0.075 0.14 0.670643
0.075 0.145 0.69124
0.075 0.15 0.711601
0.075 0.155 0.731718
0.075 0.16 0.751579
0.075 0.165 0.771173
0.075 0.17 0.790489
0.075 0.175 0.809516
0.075 0.18 0.828246
0.075 0.185 0.846677
0.075 0.19 0.864819
0.075 0.195 0.882704
0.075 0.2 0.900415
0.08 0 -0.0638678
0.08 0.005 -0.0502083
0.08 0.01 -0.0175401
0.08 0.015 0.0242758
0.08 0.02 0.0717821
0.08 0.025 0.114477
0.08 0.03 0.14895
0.08 0.035 0.179131
0.08 0.04 0.207237
0.08 0.045 0.234126
0.08 0.05 0.260162
0.08 0.055 0.285537
0.08 0.06 0.310372
0.08 0.065 0.334754
0.08 0.07 0.358748
0.08 0.075 0.382404
0.08 0.08 0.405762
0.08 0.085 0.428854
0.08 0.09 0.451705
0.08 0.095 0.474332
0.08 0.1 0.496752
0.08 0.105 0.518973
0.08 0.11 0.541002
0.08 0.115 0.562844
0.08 0.12 0.584499
0.08 0.125 0.605966
0.08 0.13 0.627242
0.08 0.135 0.648321
0.08 0.14 0.669197
0.08 0.145 0.689862
0.08 0.15 0.710305
0.08 0.155 0.730515
0.08 0.16 0.750482
0.08 0.165 0.770192
0.08 0.17 0.789632
0.08 0.175 0.808792
0.08 0.18 0.827661
0.08 0.185 0.846235
0.08 0.19 0.864523
0.08 0.195 0.882556
0.08 0.2 0.900415
0.085 0 -0.0638628
0.085 0.005 -0.0503133
0.085 0.01 -0.0177274
0.085 0.015 0.0240657
0.085 0.02 0.0718017
0.085 0.025 0.114993
0.085 0.03 0.149878
0.085 0.035 0.180249
0.085 0.04 0.20834
0.085 0.045 0.235069
0.085 0.05 0.260862
0.085 0.055 0.285954
0.085 0.06 0.310495
0.085 0.065 0.334589
0.085 0.07 0.35831
0.085 0.075 0.381717
0.085 0.08 0.404851
0.085 0.085 0.427746
0.085 0.09 0.450427
0.085 0.095 0.472913
0.085 0.1 0.495217
0.085 0.105 0.517348
0.085 0.11 0.539313
0.085 0.115 0.561114
0.085 0.12 0.582751
0.085 0.125 0.604222
0.085 0.13 0.625521
0.085 0.135 0.646643
0.085 0.14 0.66758
0.085 0.145 0.688322
0.085 0.15 0.708857
0.085 0.155 0.729174
0.085 0.16 0.749259
0.085 0.165 0.769099
0.085 0.17 0.788679
0.085 0.175 0.807986
0.085 0.18 0.827009
0.085 0.185 0.845743
0.085 0.19 0.864194
0.085 0.195 0.882392
0.085 0.2 0.900415
0.09 0 -0.0638573
0.09 0.005 -0.0505377
0.09 0.01 -0.0180882
0.09 0.015 0.023703
0.09 0.02 0.0719176
0.09 0.025 0.115955
0.09 0.03 0.151396
0.09 0.035 0.181926
0.09 0.04 0.209893
0.09 0.045 0.236338
0.09 0.05 0.261773
0.09 0.055 0.286485
0.09 0.06 0.310652
0.09 0.065 0.334394
0.09 0.07 0.357794
0.09 0.075 0.380912
0.09 0.08 0.403792
0.09 0.085 0.426467
0.09 0.09 0.448961
0.09 0.095 0.471291
0.09 0.1 0.49347
0.09 0.105 0.515507
0.09 0.11 0.537405
0.09 0.115 0.559165
0.09 0.12 0.580786
0.09 0.125 0.602265
0.09 0.13 0.623594
0.09 0.135 0.644768
0.09 0.14 0.665775
0.09 0.145 0.686605
0.09 0.15 0.707244
0.09 0.155 0.727681
0.09 0.16 0.747899
0.09 0.165 0.767884
0.09 0.17 0.78762
0.09 0.175 0.807091
0.09 0.18 0.826286
0.09 0.185 0.845197
0.09 0.19 0.863829
0.09 0.195 0.882209
0.09 0.2 0.900415
0.095 0 -0.0638514
0.095 0.005 -0.0510327
0.095 0.01 -0.0187533
0.095 0.015 0.0232071
0.095 0.02 0.072604
0.095 0.025 0.118005
0.095 0.03 0.153986
0.095 0.035 0.184444
0.095 0.04 0.212035
0.095 0.045 0.237986
0.095 0.05 0.262902
0.095 0.055 0.287113
0.095 0.06 0.310816
0.095 0.065 0.334138
0.095 0.07 0.357165
0.095 0.075 0.379955
0.095 0.08 0.40255
0.095 0.085 0.424982
0.095 0.09 0.447272
0.095 0.095 0.469435
0.095 0.1 0.491483
0.095 0.105 0.51342
0.095 0.11 0.535249
0.095 0.115 0.556971
0.095 0.12 0.57858
0.095 0.125 0.600073
0.095 0.13 0.621441
0.095 0.135 0.642675
0.095 0.14 0.663763
0.095 0.145 0.684694
0.095 0.15 0.705452
0.095 0.155 0.726023
0.095 0.16 0.746391
0.095 0.165 0.766538
0.095 0.17 0.786446
0.095 0.175 0.806101
0.095 0.18 0.825486
0.095 0.185 0.844593
0.095 0.19 0.863425
0.095 0.195 0.882007
0.095 0.2 0.900415
0.1 0 -0.063845
0.1 0.005 -0.0517793
0.1 0.01 -0.0193343
0.1 0.015 0.0238491
0.1 0.02 0.0761586
0.1 0.025 0.122768
0.1 0.03 0.158434
0.1 0.035 0.188116
0.1 0.04 0.214862
0.1 0.045 0.240016
0.1 0.05 0.264214
0.1 0.055 0.287789
0.1 0.06 0.310934
0.1 0.065 0.333769
0.1 0.07 0.356373
0.1 0.075 0.378798
0.1 0.08 0.401082
0.1 0.085 0.423251
0.1 0.09 0.445323
0.1 0.095 0.467311
0.1 0.1 0.489221
0.1 0.105 0.511057
0.1 0.11 0.532819
0.1 0.115 0.554504
0.1 0.12 0.576108
0.1 0.125 0.597622
0.1 0.13 0.619038
0.1 0.135 0.640344
0.1 0.14 0.661527
0.1 0.145 0.682572
0.1 0.15 0.703464
0.1 0.155 0.724187
0.1 0.16 0.744721
0.1 0.165 0.765048
0.1 0.17 0.785149
0.1 0.175 0.805006
0.1 0.18 0.824602
0.1 0.185 0.843926
0.1 0.19 0.862979
0.1 0.195 0.881784
0.1 0.2 0.900415
0.105 0 -0.0495637
0.105 0.005 -0.0254981
0.105 0.01 0.00348982
0.105 0.015 0.0448376
0.105 0.02 0.092999
0.105 0.025 0.133494
0.105 0.03 0.165519
0.105 0.035 0.193042
0.105 0.04 0.218302
0.105 0.045 0.242322
0.105 0.05 0.265606
0.105 0.055 0.288421
0.105 0.06 0.310926
0.105 0.065 0.333216
0.105 0.07 0.355356
0.105 0.075 0.377387
0.105 0.08 0.399338
0.105 0.085 0.421229
0.105 0.09 0.443073
0.105 0.095 0.464878
0.105 0.1 0.486648
0.105 0.105 0.508383
0.105 0.11 0.530081
0.105 0.115 0.551736
0.105 0.12 0.573341
0.105 0.125 0.594887
0.105 0.13 0.616362
0.105 0.135 0.637752
0.105 0.14 0.659044
0.105 0.145 0.68022
0.105 0.15 0.701263
0.105 0.155 0.722155
0.105 0.16 0.742875
0.105 0.165 0.763402
0.105 0.17 0.783717
0.105 0.175 0.803798
0.105 0.18 0.823627
0.105 0.185 0.843191
0.105 0.19 0.862487
0.105 0.195 0.881538
0.105 0.2 0.900415
0.11 0 -0.0233371
0.11 0.005 0.0267407
0.11 0.01 0.0550722
0.11 0.015 0.0861264
0.11 0.02 0.118105
0.11 0.025 0.147529
0.11 0.03 0.174038
0.11 0.035 0.198596
0.11 0.04 0.221978
0.11 0.045 0.244654
0.11 0.05 0.266899
0.11 0.055 0.288875
0.11 0.06 0.310685
0.11 0.065 0.332392
0.11 0.07 0.35404
0.11 0.075 0.375656
0.11 0.08 0.39726
0.11 0.085 0.418863
0.11 0.09 0.440474
0.11 0.095 0.462094
0.11 0.1 0.483725
0.11 0.105 0.505362
0.11 0.11 0.527001
0.11 0.115 0.548634
0.11 0.12 0.57025
0.11 0.125 0.591839
0.11 0.13 0.613386
0.11 0.135 0.634876
0.11 0.14 0.656293
0.11 0.145 0.677618
0.11 0.15 0.698831
0.11 0.155 0.719912
0.11 0.16 0.740839
0.11 0.165 0.761589
0.11 0.17 0.782139
0.11 0.175 0.802468
0.11 0.18 0.822554
0.11 0.185 0.842381
0.11 0.19 0.861946
0.11 0.195 0.881267
0.11 0.2 0.900415
0.115 0 -0.0245759
0.115 0.005 0.0543053
0.115 0.01 0.087161
0.115 0.015 0.11211
0.115 0.02 0.135893
0.115 0.025 0.159137
0.115 0.03 0.18172
0.115 0.035 0.203728
0.115 0.04 0.225328
0.115 0.045 0.24667
0.115 0.05 0.267864
0.115 0.055 0.288986
0.115 0.06 0.310085
0.115 0.065 0.331197
0.115 0.07 0.352342
0.115 0.075 0.373536
0.115 0.08 0.394787
0.115 0.085 0.4161
0.115 0.09 0.437476
0.115 0.095 0.458914
0.115 0.1 0.480409
0.115 0.105 0.501955
0.115 0.11 0.523543
0.115 0.115 0.545163
0.115 0.12 0.566803
0.115 0.125 0.588449
0.115 0.13 0.610084
0.115 0.135 0.631691
0.115 0.14 0.653251
0.115 0.145 0.674744
0.115 0.15 0.696148
0.115 0.155 0.71744
0.115 0.16 0.738596
0.115 0.165 0.759593
0.115 0.17 0.780404
0.115 0.175 0.801005
0.115 0.18 0.821374
0.115 0.185 0.841492
0.115 0.19 0.861352
0.115 0.195 0.88097
0.115 0.2 0.900415
0.12 0 -0.034709
0.12 0.005 0.0576307
0.12 0.01 0.0975553
0.12 0.015 0.123841
0.12 0.02 0.146051
0.12 0.025 0.166976
0.12 0.03 0.187429
0.12 0.035 0.207683
0.12 0.04 0.227864
0.12 0.045 0.248044
0.12 0.05 0.268274
0.12 0.055 0.288584
0.12 0.06 0.308997
0.12 0.065 0.329525
0.12 0.07 0.350175
0.12 0.075 0.370951
0.12 0.08 0.391853
0.12 0.085 0.41288
0.12 0.09 0.434027
0.12 0.095 0.455288
0.12 0.1 0.476656
0.12 0.105 0.49812
0.12 0.11 0.519669
0.12 0.115 0.541289
0.12 0.12 0.562967
0.12 0.125 0.584685
0.12 0.13 0.606425
0.12 0.135 0.628168
0.12 0.14 0.649892
0.12 0.145 0.671575
0.12 0.15 0.693193
0.12 0.155 0.71472
0.12 0.16 0.736132
0.12 0.165 0.757401
0.12 0.17 0.778499
0.12 0.175 0.799401
0.12 0.18 0.82008
0.12 0.185 0.840516
0.12 0.19 0.8607
0.12 0.195 0.880644
0.12 0.2 0.900415
0.125 0 -0.0473829
0.125 0.005 0.053236
0.125 0.01 0.098858
0.125 0.015 0.127968
0.125 0.02 0.150878
0.125 0.025 0.171351
0.125 0.03 0.190883
0.125 0.035 0.210099
0.125 0.04 0.229272
0.125 0.045 0.24853
0.125 0.05 0.267936
0.125 0.055 0.28752
0.125 0.06 0.307298
0.125 0.065 0.327276
0.125 0.07 0.347453
0.125 0.075 0.367827
0.125 0.08 0.388393
0.125 0.085 0.409144
0.125 0.09 0.430072
0.125 0.095 0.451168
0.125 0.1 0.472419
0.125 0.105 0.493814
0.125 0.11 0.515337
0.125 0.115 0.536974
0.125 0.12 0.558706
0.125 0.125 0.580516
0.125 0.13 0.602381
0.125 0.135 0.624281
0.125 0.14 0.646191
0.125 0.145 0.668088
0.125 0.15 0.689944
0.125 0.155 0.711734
0.125 0.16 0.733427
0.125 0.165 0.754997
0.125 0.17 0.776411
0.125 0.175 0.797643
0.125 0.18 0.818663
0.125 0.185 0.839448
0.125 0.19 0.859986
0.125 0.195 0.880288
0.125 0.2 0.900415
0.13 0 -0.0614711
0.13 0.005 0.0456645
0.13 0.01 0.0958158
0.13 0.015 0.127729
0.13 0.02 0.152012
0.13 0.025 0.172862
0.13 0.03 0.192181
0.13 0.035 0.210876
0.13 0.04 0.229397
0.13 0.045 0.247969
0.13 0.05 0.266707
0.13 0.055 0.285669
0.13 0.06 0.304882
0.13 0.065 0.324356
0.13 0.07 0.344094
0.13 0.075 0.364091
0.13 0.08 0.38434
0.13 0.085 0.404832
0.13 0.09 0.425557
0.13 0.095 0.446501
0.13 0.1 0.467652
0.13 0.105 0.488993
0.13 0.11 0.510508
0.13 0.115 0.532178
0.13 0.12 0.553985
0.13 0.125 0.575906
0.13 0.13 0.597918
0.13 0.135 0.619999
0.13 0.14 0.642121
0.13 0.145 0.664257
0.13 0.15 0.68638
0.13 0.155 0.708459
0.13 0.16 0.730465
0.13 0.165 0.752365
0.13 0.17 0.774127
0.13 0.175 0.79572
0.13 0.18 0.817113
0.13 0.185 0.838281
0.13 0.19 0.859206
0.13 0.195 0.879898
0.13 0.2 0.900415
0.135 0 -0.0766859
0.135 0.005 0.0361858
0.135 0.01 0.0901996
0.135 0.015 0.124668
0.135 0.02 0.150469
0.135 0.025 0.172044
0.135 0.03 0.191534
0.135 0.035 0.210049
0.135 0.04 0.228187
0.135 0.045 0.246275
0.135 0.05 0.264493
0.135 0.055 0.282937
0.135 0.06 0.30166
0.135 0.065 0.320686
0.135 0.07 0.340024
0.135 0.075 0.359674
0.135 0.08 0.379631
0.135 0.085 0.399886
0.135 0.09 0.420426
0.135 0.095 0.441237
0.135 0.1 0.462305
0.135 0.105 0.483611
0.135 0.11 0.505136
0.135 0.115 0.526862
0.135 0.12 0.548764
0.135 0.125 0.57082
0.135 0.13 0.593005
0.135 0.135 0.615291
0.135 0.14 0.637652
0.135 0.145 0.660057
0.135 0.15 0.682476
0.135 0.155 0.704876
0.135 0.16 0.727225
0.135 0.165 0.749488
0.135 0.17 0.771631
0.135 0.175 0.79362
0.135 0.18 0.815422
0.135 0.185 0.837006
0.135 0.19 0.858355
0.135 0.195 0.879472
0.135 0.2 0.900415
0.14 0 -0.0929651
0.14 0.005 0.0252095
0.14 0.01 0.0827219
0.14 0.015 0.11954
0.14 0.02 0.14685
0.14 0.025 0.169285
0.14 0.03 0.189149
0.14 0.035 0.207698
0.14 0.04 0.225645
0.14 0.045 0.243408
0.14 0.05 0.26123
0.14 0.055 0.279253
0.14 0.06 0.297559
0.14 0.065 0.316192
0.14 0.07 0.335174
0.14 0.075 0.354512
0.14 0.08 0.374206
0.14 0.085 0.394247
0.14 0.09 0.414624
0.14 0.095 0.435324
0.14 0.1 0.456329
0.14 0.105 0.477621
0.14 0.11 0.49918
0.14 0.115 0.520982
0.14 0.12 0.543005
0.14 0.125 0.565221
0.14 0.13 0.587605
0.14 0.135 0.610126
0.14 0.14 0.632755
0.14 0.145 0.65546
0.14 0.15 0.678206
0.14 0.155 0.700961
0.14 0.16 0.723687
0.14 0.165 0.746349
0.14 0.17 0.76891
0.14 0.175 0.791331
0.14 0.18 0.813578
0.14 0.185 0.835617
0.14 0.19 0.857428
0.14 0.195 0.879009
0.14 0.2 0.900415
0.145 0 -0.110313
0.145 0.005 0.0128791
0.145 0.01 0.0736856
0.145 0.015 0.112718
0.145 0.02 0.141499
0.145 0.025 0.164844
0.145 0.03 0.18519
0.145 0.035 0.203904
0.145 0.04 0.221793
0.145 0.045 0.239351
0.145 0.05 0.25688
0.145 0.055 0.274566
0.145 0.06 0.292522
0.145 0.065 0.310815
0.145 0.07 0.329484
0.145 0.075 0.348545
0.145 0.08 0.368004
0.145 0.085 0.387858
0.145 0.09 0.408097
0.145 0.095 0.428708
0.145 0.1 0.449674
0.145 0.105 0.470976
0.145 0.11 0.492591
0.145 0.115 0.514497
0.145 0.12 0.536666
0.145 0.125 0.559071
0.145 0.13 0.581683
0.145 0.135 0.60447
0.145 0.14 0.627399
0.145 0.145 0.650436
0.145 0.15 0.673546
0.145 0.155 0.69669
0.145 0.16 0.719831
0.145 0.165 0.742929
0.145 0.17 0.765946
0.145 0.175 0.788839
0.145 0.18 0.811571
0.145 0.185 0.834106
0.145 0.19 0.856418
0.145 0.195 0.878504
0.145 0.2 0.900415
0.15 0 -0.128756
0.15 0.005 -0.000759597
0.15 0.01 0.0632206
0.15 0.015 0.104386
0.15 0.02 0.134606
0.15 0.025 0.15888
0.15 0.03 0.179767
0.15 0.035 0.19873
0.15 0.04 0.216654
0.15 0.045 0.234096
0.15 0.05 0.251412
0.15 0.055 0.26883
0.15 0.06 0.286496
0.15 0.065 0.304499
0.15 0.07 0.322895
0.15 0.075 0.341714
0.15 0.08 0.360969
0.15 0.085 0.380663
0.15 0.09 0.40079
0.15 0.095 0.421337
0.15 0.1 0.442289
0.15 0.105 0.463626
0.15 0.11 0.485325
0.15 0.115 0.507361
0.15 0.12 0.529706
0.15 0.125 0.55233
0.15 0.13 0.575202
0.15 0.135 0.598287
0.15 0.14 0.621551
0.15 0.145 0.644957
0.15 0.15 0.668467
0.15 0.155 0.692039
0.15 0.16 0.715634
0.15 0.165 0.73921
0.15 0.17 0.762723
0.15 0.175 0.78613
0.15 0.18 0.80939
0.15 0.185 0.832464
0.15 0.19 0.855322
0.15 0.195 0.877956
0.15 0.2 0.900415
0.155 0 -0.148332
0.155 0.005 -0.0157032
0.155 0.01 0.0513763
0.155 0.015 0.0946283
0.155 0.02 0.126268
0.155 0.025 0.151482
0.155 0.03 0.172949
0.155 0.035 0.192217
0.155 0.04 0.21024
0.155 0.045 0.227634
0.155 0.05 0.244801
0.155 0.055 0.262009
0.155 0.06 0.279434
0.155 0.065 0.297191
0.155 0.07 0.315353
0.155 0.075 0.333963
0.155 0.08 0.353045
0.155 0.085 0.372607
0.155 0.09 0.392648
0.155 0.095 0.413158
0.155 0.1 0.434123
0.155 0.105 0.455522
0.155 0.11 0.477333
0.155 0.115 0.499529
0.155 0.12 0.52208
0.155 0.125 0.544956
0.155 0.13 0.568122
0.155 0.135 0.591542
0.155 0.14 0.615178
0.155 0.145 0.638991
0.155 0.15 0.66294
0.155 0.155 0.686982
0.155 0.16 0.711074
0.155 0.165 0.735169
0.155 0.17 0.759224
0.155 0.175 0.78319
0.155 0.18 0.807024
0.155 0.185 0.830683
0.155 0.19 0.854132
0.155 0.195 0.877362
0.155 0.2 0.900415
0.16 0 -0.169083
0.16 0.005 -0.0319711
0.16 0.01 0.0381599
0.16 0.015 0.0834754
0.16 0.02 0.116528
0.16 0.025 0.142694
0.16 0.03 0.164768
0.16 0.035 0.18438
0.16 0.04 0.202551
0.16 0.045 0.219947
0.16 0.05 0.237017
0.16 0.055 0.254063
0.16 0.06 0.271291
0.16 0.065 0.288841
0.16 0.07 0.306804
0.16 0.075 0.325237
0.16 0.08 0.344175
0.16 0.085 0.363633
0.16 0.09 0.383615
0.16 0.095 0.404115
0.16 0.1 0.425121
0.16 0.105 0.446611
0.16 0.11 0.468564
0.16 0.115 0.490952
0.16 0.12 0.513744
0.16 0.125 0.536906
0.16 0.13 0.560402
0.16 0.135 0.584195
0.16 0.14 0.608244
0.16 0.145 0.632506
0.16 0.15 0.656937
0.16 0.155 0.681493
0.16 0.16 0.706126
0.16 0.165 0.730788
0.16 0.17 0.75543
0.16 0.175 0.780004
0.16 0.18 0.80446
0.16 0.185 0.828752
0.16 0.19 0.852843
0.16 0.195 0.876718
0.16 0.2 0.900415
0.165 0 -0.191059
0.165 0.005 -0.0495973
0.165 0.01 0.0235537
0.165 0.015 0.0709242
0.165 0.02 0.105392
0.165 0.025 0.132522
0.165 0.03 0.155226
0.165 0.035 0.175215
0.165 0.04 0.193572
0.165 0.045 0.211012
0.165 0.05 0.228025
0.165 0.055 0.244949
0.165 0.06 0.262018
0.165 0.065 0.279396
0.165 0.07 0.297191
0.165 0.075 0.315478
0.165 0.08 0.3343
0.165 0.085 0.353682
0.165 0.09 0.373634
0.165 0.095 0.394153
0.165 0.1 0.415228
0.165 0.105 0.436841
0.165 0.11 0.458968
0.165 0.115 0.481581
0.165 0.12 0.504649
0.165 0.125 0.528135
0.165 0.13 0.552002
0.165 0.135 0.576208
0.165 0.14 0.600711
0.165 0.145 0.625466
0.165 0.15 0.650426
0.165 0.155 0.675543
0.165 0.16 0.700765
0.165 0.165 0.726043
0.165 0.17 0.751324
0.165 0.175 0.776556
0.165 0.18 0.801685
0.165 0.185 0.826664
0.165 0.19 0.851449
0.165 0.195 0.876021
0.165 0.2 0.900415
0.17 0 -0.214313
0.17 0.005 -0.0686264
0.17 0.01 0.00752314
0.17 0.015 0.0569497
0.17 0.02 0.0928428
0.17 0.025 0.120953
0.17 0.03 0.144308
0.17 0.035 0.164701
0.17 0.04 0.183274
0.17 0.045 0.200792
0.17 0.05 0.217783
0.17 0.055 0.234619
0.17 0.06 0.251562
0.17 0.065 0.268799
0.17 0.07 0.286457
0.17 0.075 0.304626
0.17 0.08 0.32336
0.17 0.085 0.342695
0.17 0.09 0.362644
0.17 0.095 0.383211
0.17 0.1 0.404387
0.17 0.105 0.426154
0.17 0.11 0.448489
0.17 0.115 0.471365
0.17 0.12 0.494746
0.17 0.125 0.518596
0.17 0.13 0.542875
0.17 0.135 0.567539
0.17 0.14 0.592543
0.17 0.145 0.617838
0.17 0.15 0.643375
0.17 0.155 0.669102
0.17 0.16 0.694966
0.17 0.165 0.720912
0.17 0.17 0.746885
0.17 0.175 0.772829
0.17 0.18 0.798687
0.17 0.185 0.824407
0.17 0.19 0.849943
0.17 0.195 0.875268
0.17 0.2 0.900415
0.175 0 -0.238907
0.175 0.005 -0.0891125
0.175 0.01 -0.00997958
0.175 0.015 0.0415103
0.175 0.02 0.0788422
0.175 0.025 0.107949
0.175 0.03 0.131978
0.175 0.035 0.152799
0.175 0.04 0.171616
0.175 0.045 0.18924
0.175 0.05 0.20624
0.175 0.055 0.223018
0.175 0.06 0.239865
0.175 0.065 0.256989
0.175 0.07 0.274539
0.175 0.075 0.292617
0.175 0.08 0.311292
0.175 0.085 0.330606
0.175 0.09 0.350583
0.175 0.095 0.371228
0.175 0.1 0.392537
0.175 0.105 0.414492
0.175 0.11 0.437073
0.175 0.115 0.460248
0.175 0.12 0.483984
0.175 0.125 0.508241
0.175 0.13 0.532977
0.175 0.135 0.558145
0.175 0.14 0.583698
0.175 0.145 0.609584
0.175 0.15 0.63575
0.175 0.155 0.662141
0.175 0.16 0.688701
0.175 0.165 0.715371
0.175 0.17 0.742092
0.175 0.175 0.768806
0.175 0.18 0.795452
0.175 0.185 0.821972
0.175 0.19 0.848317
0.175 0.195 0.874456
0.175 0.2 0.900415
0.18 0 -0.264903
0.18 0.005 -0.111118
0.18 0.01 -0.0290133
0.18 0.015 0.0245512
0.18 0.02 0.0633389
0.18 0.025 0.0934626
0.18 0.03 0.118184
0.18 0.035 0.139457
0.18 0.04 0.158543
0.18 0.045 0.1763
0.18 0.05 0.193334
0.18 0.055 0.210082
0.18 0.06 0.22686
0.18 0.065 0.243899
0.18 0.07 0.261367
0.18 0.075 0.279382
0.18 0.08 0.298025
0.18 0.085 0.317349
0.18 0.09 0.337383
0.18 0.095 0.358139
0.18 0.1 0.379614
0.18 0.105 0.401794
0.18 0.11 0.424657
0.18 0.115 0.448174
0.18 0.12 0.472307
0.18 0.125 0.497017
0.18 0.13 0.522258
0.18 0.135 0.547981
0.18 0.14 0.574135
0.18 0.145 0.600665
0.18 0.15 0.627516
0.18 0.155 0.654628
0.18 0.16 0.681941
0.18 0.165 0.709395
0.18 0.17 0.736925
0.18 0.175 0.76447
0.18 0.18 0.791965
0.18 0.185 0.819348
0.18 0.19 0.846565
0.18 0.195 0.873581
0.18 0.2 0.900415
0.185 0 -0.292375
0.185 0.005 -0.134715
0.185 0.01 -0.0496472
0.185 0.015 0.00600563
0.185 0.02 0.0462679
0.185 0.025 0.0774284
0.185 0.03 0.102865
0.185 0.035 0.124611
0.185 0.04 0.143988
0.185 0.045 0.161902
0.185 0.05 0.178997
0.185 0.055 0.195739
0.185 0.06 0.212474
0.185 0.065 0.229454
0.185 0.07 0.246867
0.185 0.075 0.264847
0.185 0.08 0.283487
0.185 0.085 0.30285
0.185 0.09 0.322973
0.185 0.095 0.343873
0.185 0.1 0.36555
0.185 0.105 0.387994
0.185 0.11 0.411182
0.185 0.115 0.435083
0.185 0.12 0.45966
0.185 0.125 0.484871
0.185 0.13 0.510668
0.185 0.135 0.536999
0.185 0.14 0.563809
0.185 0.145 0.591042
0.185 0.15 0.618636
0.185 0.155 0.646529
0.185 0.16 0.674658
0.185 0.165 0.702958
0.185 0.17 0.731362
0.185 0.175 0.759802
0.185 0.18 0.788211
0.185 0.185 0.816524
0.185 0.19 0.84468
0.185 0.195 0.872638
0.185 0.2 0.900415
0.19 0 -0.321399
0.19 0.005 -0.159983
0.19 0.01 -0.0719608
0.19 0.015 -0.0142046
0.19 0.02 0.0275524
0.19 0.025 0.0597703
0.19 0.03 0.0859424
0.19 0.035 0.108183
0.19 0.04 0.127874
0.19 0.045 0.145968
0.19 0.05 0.163146
0.19 0.055 0.179908
0.19 0.06 0.196624
0.19 0.065 0.213572
0.19 0.07 0.230957
0.19 0.075 0.24893
0.19 0.08 0.267597
0.19 0.085 0.28703
0.19 0.09 0.307276
0.19 0.095 0.328355
0.19 0.1 0.350274
0.19 0.105 0.373022
0.19 0.11 0.396578
0.19 0.115 0.420911
0.19 0.12 0.445982
0.19 0.125 0.471746
0.19 0.13 0.498154
0.19 0.135 0.52515
0.19 0.14 0.552676
0.19 0.145 0.580671
0.19 0.15 0.609071
0.19 0.155 0.63781
0.19 0.16 0.666821
0.19 0.165 0.696034
0.19 0.17 0.725378
0.19 0.175 0.754783
0.19 0.18 0.784176
0.19 0.185 0.813488
0.19 0.19 0.842653
0.19 0.195 0.871626
0.19 0.2 0.900415
0.195 0 -0.35206
0.195 0.005 -0.18701
0.195 0.01 -0.0960439
0.195 0.015 -0.036169
0.195 0.02 0.00710299
0.195 0.025 0.0403993
0.195 0.03 0.0673276
0.195 0.035 0.0900835
0.195 0.04 0.110109
0.195 0.045 0.128405
0.195 0.05 0.14569
0.195 0.055 0.162495
0.195 0.06 0.179219
0.195 0.065 0.196161
0.195 0.07 0.213547
0.195 0.075 0.231541
0.195 0.08 0.250266
0.195 0.085 0.269804
0.195 0.09 0.290208
0.195 0.095 0.311507
0.195 0.1 0.333708
0.195 0.105 0.356805
0.195 0.11 0.380777
0.195 0.115 0.405591
0.195 0.12 0.431209
0.195 0.125 0.457583
0.195 0.13 0.48466
0.195 0.135 0.512381
0.195 0.14 0.540686
0.195 0.145 0.569509
0.195 0.15 0.598782
0.195 0.155 0.628436
0.195 0.16 0.658398
0.195 0.165 0.688594
0.195 0.17 0.718951
0.195 0.175 0.749393
0.195 0.18 0.779844
0.195 0.185 0.810229
0.195 0.19 0.840477
0.195 0.195 0.870538
0.195 0.2 0.900415
0.2 0 -0.38445
0.2 0.005 -0.215896
0.2 0.01 -0.121997
0.2 0.015 -0.059989
0.2 0.02 -0.0151817
0.2 0.025 0.0192136
0.2 0.03 0.0469184
0.2 0.035 0.0702098
0.2 0.04 0.0905914
0.2 0.045 0.10911
0.2 0.05 0.126525
0.2 0.055 0.143399
0.2 0.06 0.160156
0.2 0.065 0.17712
0.2 0.07 0.194535
0.2 0.075 0.212584
0.2 0.08 0.231401
0.2 0.085 0.25108
0.2 0.09 0.271681
0.2 0.095 0.293241
0.2 0.1 0.31577
0.2 0.105 0.339264
0.2 0.11 0.363702
0.2 0.115 0.389053
0.2 0.12 0.415275
0.2 0.125 0.442319
0.2 0.13 0.470127
0.2 0.135 0.49864
0.2 0.14 0.527791
0.2 0.145 0.557511
0.2 0.15 0.587728
0.2 0.155 0.618368
0.2 0.16 0.649355
0.2 0.165 0.680611
0.2 0.17 0.712056
0.2 0.175 0.743612
0.2 0.18 0.775197
0.2 0.185 0.806733
0.2 0.19 0.838144
0.2 0.195 0.869372
0.2 0.2 0.900415
0.205 0 -0.418669
0.205 0.005 -0.246748
0.205 0.01 -0.149934
0.205 0.015 -0.0857785
0.205 0.02 -0.0394164
0.205 0.025 -0.003902
0.205 0.03 0.0245991
0.205 0.035 0.0484459
0.205 0.04 0.0692037
0.205 0.045 0.0879678
0.205 0.05 0.105536
0.205 0.055 0.122502
0.205 0.06 0.139321
0.205 0.065 0.156336
0.205 0.07 0.173813
0.205 0.075 0.191951
0.205 0.08 0.210897
0.205 0.085 0.230756
0.205 0.09 0.251599
0.205 0.095 0.273464
0.205 0.1 0.296371
0.205 0.105 0.320314
0.205 0.11 0.345275
0.205 0.115 0.371221
0.205 0.12 0.398109
0.205 0.125 0.425887
0.205 0.13 0.454494
0.205 0.135 0.483868
0.205 0.14 0.513936
0.205 0.145 0.544628
0.205 0.15 0.575865
0.205 0.155 0.607569
0.205 0.16 0.639659
0.205 0.165 0.672053
0.205 0.17 0.704668
0.205 0.175 0.737418
0.205 0.18 0.77022
0.205 0.185 0.802989
0.205 0.19 0.835645
0.205 0.195 0.868123
0.205 0.2 0.900415
0.21 0 -0.454827
0.21 0.005 -0.279688
0.21 0.01 -0.179978
0.21 0.015 -0.113665
0.21 0.02 -0.0657299
0.21 0.025 -0.029077
0.21 0.03 0.000239593
0.21 0.035 0.0246614
0.21 0.04 0.0458157
0.21 0.045 0.0648471
0.21 0.05 0.0825922
0.21 0.055 0.099679
0.21 0.06 0.116587
0.21 0.065 0.133686
0.21 0.07 0.15126
0.21 0.075 0.169524
0.21 0.08 0.188641
0.21 0.085 0.208725
0.21 0.09 0.229856
0.21 0.095 0.252079
0.21 0.1 0.275416
0.21 0.105 0.299866
0.21 0.11 0.32541
0.21 0.115 0.352015
0.21 0.12 0.379636
0.21 0.125 0.408218
0.21 0.13 0.437697
0.21 0.135 0.468006
0.21 0.14 0.49907
0.21 0.145 0.530811
0.21 0.15 0.563148
0.21 0.155 0.595997
0.21 0.16 0.629274
0.21 0.165 0.662891
0.21 0.17 0.696759
0.21 0.175 0.730791
0.21 0.18 0.764895
0.21 0.185 0.798984
0.21 0.19 0.832971
0.21 0.195 0.866787
0.21 0.2 0.900415
0.215 0 -0.493042
0.215 0.005 -0.314847
0.215 0.01 -0.21227
0.215 0.015 -0.143791
0.215 0.02 -0.0942663
0.215 0.025 -0.0564567
0.215 0.03 -0.0263059
0.215 0.035 -0.00128983
0.215 0.04 0.0202819
0.215 0.045 0.0396035
0.215 0.05 0.0575514
0.215 0.055 0.0747868
0.215 0.06 0.0918172
0.215 0.065 0.109035
0.215 0.07 0.126744
0.215 0.075 0.145178
0.215 0.08 0.16451
0.215 0.085 0.184869
0.215 0.09 0.20634
0.215 0.095 0.228977
0.215 0.1 0.252804
0.215 0.105 0.277824
0.215 0.11 0.304018
0.215 0.115 0.331352
0.215 0.12 0.359778
0.215 0.125 0.389239
0.215 0.13 0.419668
0.215 0.135 0.450992
0.215 0.14 0.483133
0.215 0.145 0.516008
0.215 0.15 0.549531
0.215 0.155 0.583613
0.215 0.16 0.618164
0.215 0.165 0.653092
0.215 0.17 0.688304
0.215 0.175 0.723706
0.215 0.18 0.759204
0.215 0.185 0.794703
0.215 0.19 0.830114
0.215 0.195 0.865359
0.215 0.2 0.900415
0.22 0 -0.533444
0.22 0.005 -0.352371
0.22 0.01 -0.246962
0.22 0.015 -0.176315
0.22 0.02 -0.125186
0.22 0.025 -0.0862032
0.22 0.03 -0.0552003
0.22 0.035 -0.0295707
0.22 0.04 -0.00756009
0.22 0.045 0.0120758
0.22 0.05 0.0302541
0.22 0.055 0.0476695
0.22 0.06 0.0648572
0.22 0.065 0.0822335
0.22 0.07 0.100122
0.22 0.075 0.118772
0.22 0.08 0.138371
0.22 0.085 0.159059
0.22 0.09 0.18093
0.22 0.095 0.204043
0.22 0.1 0.228428
0.22 0.105 0.254087
0.22 0.11 0.281004
0.22 0.115 0.309142
0.22 0.12 0.338452
0.22 0.125 0.368874
0.22 0.13 0.400337
0.22 0.135 0.432763
0.22 0.14 0.466069
0.22 0.145 0.500167
0.22 0.15 0.534967
0.22 0.155 0.570374
0.22 0.16 0.606292
0.22 0.165 0.642626
0.22 0.17 0.679275
0.22 0.175 0.716143
0.22 0.18 0.753129
0.22 0.185 0.790135
0.22 0.19 0.827065
0.22 0.195 0.863835
0.22 0.2 0.900415
0.225 0 -0.576176
0.225 0.005 -0.39242
0.225 0.01 -0.284227
0.225 0.015 -0.211413
0.225 0.02 -0.15867
0.225 0.025 -0.118498
0.225 0.03 -0.0866256
0.225 0.035 -0.0603628
0.225 0.04 -0.037891
0.225 0.045 -0.0179147
0.225 0.05 0.000524321
0.225 0.055 0.0181545
0.225 0.06 0.0355392
0.225 0.065 0.0531182
0.225 0.07 0.0712347
0.225 0.075 0.0901546
0.225 0.08 0.11008
0.225 0.085 0.131159
0.225 0.09 0.153496
0.225 0.095 0.177156
0.225 0.1 0.202171
0.225 0.105 0.228546
0.225 0.11 0.256265
0.225 0.115 0.285291
0.225 0.12 0.315572
0.225 0.125 0.347043
0.225 0.13 0.37963
0.225 0.135 0.41325
0.225 0.14 0.447815
0.225 0.145 0.483233
0.225 0.15 0.519406
0.225 0.155 0.556235
0.225 0.16 0.59362
0.225 0.165 0.631457
0.225 0.17 0.669644
0.225 0.175 0.708077
0.225 0.18 0.746652
0.225 0.185 0.785265
0.225 0.19 0.823814
0.225 0.195 0.86221
0.225 0.2 0.900415
0.23 0 -0.621394
0.23 0.005 -0.43517
0.23 0.01 -0.324252
0.23 0.015 -0.249282
0.23 0.02 -0.194917
0.23 0.025 -0.153543
0.23 0.03 -0.120784
0.23 0.035 -0.0938684
0.23 0.04 -0.0709113
0.23 0.045 -0.050566
0.23 0.05 -0.0318325
0.23 0.055 -0.0139481
0.23 0.06 0.00367857
0.23 0.065 0.0215108
0.23 0.07 0.0399115
0.23 0.075 0.0591625
0.23 0.08 0.0794791
0.23 0.085 0.10102
0.23 0.09 0.123898
0.23 0.095 0.148182
0.23 0.1 0.17391
0.23 0.105 0.201087
0.23 0.11 0.229697
0.23 0.115 0.259702
0.23 0.12 0.291046
0.23 0.125 0.323662
0.23 0.13 0.357471
0.23 0.135 0.392385
0.23 0.14 0.42831
0.23 0.145 0.465149
0.23 0.15 0.502798
0.23 0.155 0.541153
0.23 0.16 0.580108
0.23 0.165 0.619554
0.23 0.17 0.659383
0.23 0.175 0.699486
0.23 0.18 0.739754
0.23 0.185 0.780079
0.23 0.19 0.820352
0.23 0.195 0.86048
0.23 0.2 0.900415
0.235 0 -0.669267
0.235 0.005 -0.480817
0.235 0.01 -0.367249
0.235 0.015 -0.290139
0.235 0.02 -0.234151
0.235 0.025 -0.191564
0.235 0.03 -0.157903
0.235 0.035 -0.130312
0.235 0.04 -0.106844
0.235 0.045 -0.0860974
0.235 0.05 -0.0670309
0.235 0.055 -0.0488474
0.235 0.06 -0.0309272
0.235 0.065 -0.0127836
0.235 0.07 0.00596525
0.235 0.075 0.0256173
0.235 0.08 0.0464003
0.235 0.085 0.0684835
0.235 0.09 0.0919856
0.235 0.095 0.116983
0.235 0.1 0.143514
0.235 0.105 0.171589
0.235 0.11 0.201187
0.235 0.115 0.232271
0.235 0.12 0.264781
0.235 0.125 0.298646
0.235 0.13 0.333782
0.235 0.135 0.370096
0.235 0.14 0.40749
0.235 0.145 0.445858
0.235 0.15 0.485092
0.235 0.155 0.525083
0.235 0.16 0.565717
0.235 0.165 0.606882
0.235 0.17 0.648463
0.235 0.175 0.690346
0.235 0.18 0.732418
0.235 0.185 0.774563
0.235 0.19 0.816671
0.235 0.195 0.85864
0.235 0.2 0.900415
0.24 0 -0.719984
0.24 0.005 -0.529574
0.24 0.01 -0.413449
0.24 0.015 -0.334229
0.24 0.02 -0.276619
0.24 0.025 -0.232811
0.24 0.03 -0.198232
0.24 0.035 -0.169945
0.24 0.04 -0.145935
0.24 0.045 -0.124751
0.24 0.05 -0.105307
0.24 0.055 -0.0867729
0.24 0.06 -0.0684994
0.24 0.065 -0.0499777
0.24 0.07 -0.0308067
0.24 0.075 -0.0106737
0.24 0.08 0.0106616
0.24 0.085 0.0333773
0.24 0.09 0.0575995
0.24 0.095 0.0834086
0.24 0.1 0.110847
0.24 0.105 0.139923
0.24 0.11 0.170618
0.24 0.115 0.20289
0.24 0.12 0.236677
0.24 0.125 0.271904
0.24 0.13 0.308481
0.24 0.135 0.346311
0.24 0.14 0.385288
0.24 0.145 0.425301
0.24 0.15 0.466237
0.24 0.155 0.507979
0.24 0.16 0.550408
0.24 0.165 0.593407
0.24 0.17 0.636855
0.24 0.175 0.680634
0.24 0.18 0.724623
0.24 0.185 0.768705
0.24 0.19 0.812761
0.24 0.195 0.856685
0.24 0.2 0.900415
0.245 0 -0.773752
0.245 0.005 -0.581677
0.245 0.01 -0.463109
0.245 0.015 -0.38182
0.245 0.02 -0.3226
0.245 0.025 -0.277565
0.245 0.03 -0.242052
0.245 0.035 -0.213044
0.245 0.04 -0.18846
0.245 0.045 -0.166795
0.245 0.05 -0.146923
0.245 0.055 -0.127976
0.245 0.06 -0.10928
0.245 0.065 -0.0903024
0.245 0.07 -0.0706241
0.245 0.075 -0.0499179
0.245 0.08 -0.0279324
0.245 0.085 -0.00448062
0.245 0.09 0.0205692
0.245 0.095 0.0473018
0.245 0.1 0.0757609
0.245 0.105 0.105956
0.245 0.11 0.137866
0.245 0.115 0.171447
0.245 0.12 0.206634
0.245 0.125 0.243345
0.245 0.13 0.281487
0.245 0.135 0.320955
0.245 0.14 0.361638
0.245 0.145 0.40342
0.245 0.15 0.44618
0.245 0.155 0.489795
0.245 0.16 0.534142
0.245 0.165 0.579096
0.245 0.17 0.624532
0.245 0.175 0.670326
0.245 0.18 0.716353
0.245 0.185 0.762489
0.245 0.19 0.808614
0.245 0.195 0.854612
0.245 0.2 0.900415
0.25 0 -0.8308
0.25 0.005 -0.637389
0.25 0.01 -0.516516
0.25 0.015 -0.433213
0.25 0.02 -0.372401
0.25 0.025 -0.326138
0.25 0.03 -0.289674
0.25 0.035 -0.259917
0.25 0.04 -0.23472
0.25 0.045 -0.212525
0.25 0.05 -0.192163
0.25 0.055 -0.172733
0.25 0.06 -0.153533
0.25 0.065 -0.134009
0.25 0.07 -0.113724
0.25 0.075 -0.0923387
0.25 0.08 -0.0695904
0.25 0.085 -0.045285
0.25 0.09 -0.0192854
0.25 0.095 0.00849599
0.25 0.1 0.0381043
0.25 0.105 0.0695481
0.25 0.11 0.102805
0.25 0.115 0.137828
0.25 0.12 0.174547
0.25 0.125 0.212875
0.25 0.13 0.252714
0.25 0.135 0.293953
0.25 0.14 0.336474
0.25 0.145 0.380155
0.25 0.15 0.424869
0.25 0.155 0.470487
0.25 0.16 0.51688
0.25 0.165 0.563916
0.25 0.17 0.611466
0.25 0.175 0.6594
0.25 0.18 0.707589
0.25 0.185 0.755904
0.25 0.19 0.80422
0.25 0.195 0.852416
0.25 0.2 0.900415
0.255 0 -0.891384
0.255 0.005 -0.696998
0.255 0.01 -0.573987
0.255 0.015 -0.488741
0.255 0.02 -0.426365
0.255 0.025 -0.378875
0.255 0.03 -0.341445
0.255 0.035 -0.310907
0.255 0.04 -0.285051
0.255 0.045 -0.262266
0.255 0.05 -0.241342
0.255 0.055 -0.221345
0.255 0.06 -0.201545
0.255 0.065 -0.181368
0.255 0.07 -0.160363
0.255 0.075 -0.138175
0.255 0.08 -0.114536
0.255 0.085 -0.0892424
0.255 0.09 -0.0621548
0.255 0.095 -0.0331834
0.255 0.1 -0.00228273
0.255 0.105 0.0305546
0.255 0.11 0.0653037
0.255 0.115 0.101913
0.255 0.12 0.140308
0.255 0.125 0.180398
0.255 0.13 0.222077
0.255 0.135 0.265229
0.255 0.14 0.309729
0.255 0.145 0.355448
0.255 0.15 0.402254
0.255 0.155 0.450011
0.255 0.16 0.498583
0.255 0.165 0.547834
0.255 0.17 0.59763
0.255 0.175 0.647834
0.255 0.18 0.698314
0.255 0.185 0.748937
0.255 0.19 0.799571
0.255 0.195 0.850092
0.255 0.2 0.900415
0.26 0 -0.955781
0.26 0.005 -0.760824
0.26 0.01 -0.635872
0.26 0.015 -0.548777
0.26 0.02 -0.484875
0.26 0.025 -0.436163
0.26 0.03 -0.397749
0.26 0.035 -0.366393
0.26 0.04 -0.339823
0.26 0.045 -0.316378
0.26 0.05 -0.294805
0.26 0.055 -0.27414
0.26 0.06 -0.253628
0.26 0.065 -0.232675
0.26 0.07 -0.210815
0.26 0.075 -0.187684
0.26 0.08 -0.163004
0.26 0.085 -0.136571
0.26 0.09 -0.108239
0.26 0.095 -0.0779187
0.26 0.1 -0.0455656
0.26 0.105 -0.0111745
0.26 0.11 0.0252267
0.26 0.115 0.0635818
0.26 0.12 0.103812
0.26 0.125 0.145819
0.26 0.13 0.189493
0.26 0.135 0.234709
0.26 0.14 0.281337
0.26 0.145 0.329242
0.26 0.15 0.378284
0.26 0.155 0.428322
0.26 0.16 0.479214
0.26 0.165 0.53082
0.26 0.17 0.582997
0.26 0.175 0.635608
0.26 0.18 0.688513
0.26 0.185 0.741575
0.26 0.19 0.79466
0.26 0.195 0.847637
0.26 0.2 0.900415
0.265 0 -1.02431
0.265 0.005 -0.829221
0.265 0.01 -0.702561
0.265 0.015 -0.613734
0.265 0.02 -0.548356
0.265 0.025 -0.498433
0.265 0.03 -0.459014
0.265 0.035 -0.426795
0.265 0.04 -0.399444
0.265 0.045 -0.375253
0.265 0.05 -0.352929
0.265 0.055 -0.331476
0.265 0.06 -0.310118
0.265 0.065 -0.288244
0.265 0.07 -0.265374
0.265 0.075 -0.241136
0.265 0.08 -0.215247
0.265 0.085 -0.187499
0.265 0.09 -0.157746
0.265 0.095 -0.125899
0.265 0.1 -0.0919151
0.265 0.105 -0.0557922
0.265 0.11 -0.0175627
0.265 0.115 0.0227124
0.265 0.12 0.0649485
0.265 0.125 0.109042
0.265 0.13 0.154875
0.265 0.135 0.202318
0.265 0.14 0.251234
0.265 0.145 0.30148
0.265 0.15 0.352912
0.265 0.155 0.405381
0.265 0.16 0.45874
0.265 0.165 0.512843
0.265 0.17 0.567545
0.265 0.175 0.622701
0.265 0.18 0.678169
0.265 0.185 0.733808
0.265 0.19 0.789478
0.265 0.195 0.845047
0.265 0.2 0.900415
0.27 0 -1.09731
0.27 0.005 -0.902584
0.27 0.01 -0.77449
0.27 0.015 -0.684071
0.27 0.02 -0.617281
0.27 0.025 -0.56616
0.27 0.03 -0.525713
0.27 0.035 -0.492577
0.27 0.04 -0.464366
0.27 0.045 -0.439324
0.27 0.05 -0.416124
0.27 0.055 -0.393742
0.27 0.06 -0.37138
0.27 0.065 -0.348414
0.27 0.07 -0.324353
0.27 0.075 -0.29882
0.27 0.08 -0.271528
0.27 0.085 -0.242267
0.27 0.09 -0.210893
0.27 0.095 -0.177319
0.27 0.1 -0.141506
0.27 0.105 -0.103454
0.27 0.11 -0.0632026
0.27 0.115 -0.0208173
0.27 0.12 0.0236112
0.27 0.125 0.0699729
0.27 0.13 0.118143
0.27 0.135 0.167986
0.27 0.14 0.219358
0.27 0.145 0.27211
0.27 0.15 0.326091
0.27 0.155 0.381147
0.27 0.16 0.437127
0.27 0.165 0.493878
0.27 0.17 0.55125
0.27 0.175 0.609096
0.27 0.18 0.667269
0.27 0.185 0.725625
0.27 0.19 0.784021
0.27 0.195 0.842319
0.27 0.2 0.900415
0.275 0 -1.17519
0.275 0.005 -0.981354
0.275 0.01 -0.852141
0.275 0.015 -0.7603
0.275 0.02 -0.692178
0.275 0.025 -0.639877
0.275 0.03 -0.598373
0.275 0.035 -0.564252
0.275 0.04 -0.535082
0.275 0.045 -0.509063
0.275 0.05 -0.484838
0.275 0.055 -0.461356
0.275 0.06 -0.437805
0.275 0.065 -0.413546
0.275 0.07 -0.388084
0.275 0.075 -0.361038
0.275 0.08 -0.33212
0.275 0.085 -0.301122
0.275 0.09 -0.267903
0.275 0.095 -0.232378
0.275 0.1 -0.194514
0.275 0.105 -0.154317
0.275 0.11 -0.111831
0.275 0.115 -0.0671277
0.275 0.12 -0.0203052
0.275 0.125 0.0285204
0.275 0.13 0.079218
0.275 0.135 0.131645
0.275 0.14 0.185652
0.275 0.145 0.241083
0.275 0.15 0.297781
0.275 0.155 0.355588
0.275 0.16 0.414346
0.275 0.165 0.4739
0.275 0.17 0.534094
0.275 0.175 0.594778
0.275 0.18 0.655802
0.275 0.185 0.717018
0.275 0.19 0.778281
0.275 0.195 0.83945
0.275 0.2 0.900415
0.28 0 -1.25839
0.28 0.005 -1.06602
0.28 0.01 -0.936056
0.28 0.015 -0.842995
0.28 0.02 -0.773634
0.28 0.025 -0.720172
0.28 0.03 -0.677574
0.28 0.035 -0.642387
0.28 0.04 -0.612135
0.28 0.045 -0.584988
0.28 0.05 -0.559556
0.28 0.055 -0.534772
0.28 0.06 -0.50981
0.28 0.065 -0.484025
0.28 0.07 -0.456918
0.28 0.075 -0.428108
0.28 0.08 -0.397311
0.28 0.085 -0.364321
0.28 0.09 -0.329002
0.28 0.095 -0.291277
0.28 0.1 -0.251116
0.28 0.105 -0.208535
0.28 0.11 -0.163581
0.28 0.115 -0.116336
0.28 0.12 -0.0669017
0.28 0.125 -0.015402
0.28 0.13 0.0380254
0.28 0.135 0.0932318
0.28 0.14 0.150061
0.28 0.145 0.208352
0.28 0.15 0.267943
0.28 0.155 0.328671
0.28 0.16 0.390372
0.28 0.165 0.452888
0.28 0.17 0.51606
0.28 0.175 0.579733
0.28 0.18 0.643756
0.28 0.185 0.707979
0.28 0.19 0.772254
0.28 0.195 0.836438
0.28 0.2 0.900415
0.285 0 -1.34742
0.285 0.005 -1.15715
0.285 0.01 -1.02684
0.285 0.015 -0.932792
0.285 0.02 -0.862304
0.285 0.025 -0.807701
0.285 0.03 -0.763961
0.285 0.035 -0.727603
0.285 0.04 -0.696122
0.285 0.045 -0.667658
0.285 0.05 -0.640802
0.285 0.055 -0.614475
0.285 0.06 -0.587841
0.285 0.065 -0.560255
0.285 0.07 -0.53122
0.285 0.075 -0.500358
0.285 0.08 -0.467391
0.285 0.085 -0.432121
0.285 0.09 -0.39442
0.285 0.095 -0.354215
0.285 0.1 -0.311488
0.285 0.105 -0.266259
0.285 0.11 -0.218585
0.285 0.115 -0.168553
0.285 0.12 -0.116273
0.285 0.125 -0.0618748
0.285 0.13 -0.00550225
0.285 0.135 0.0526897
0.285 0.14 0.112539
0.285 0.145 0.173881
0.285 0.15 0.236547
0.285 0.155 0.30037
0.285 0.16 0.365184
0.285 0.165 0.430825
0.285 0.17 0.497134
0.285 0.175 0.563952
0.285 0.18 0.631126
0.285 0.185 0.698504
0.285 0.19 0.765937
0.285 0.195 0.833281
0.285 0.2 0.900415
0.29 0 -1.44286
0.29 0.005 -1.25537
0.29 0.01 -1.12517
0.29 0.015 -1.03041
0.29 0.02 -0.958917
0.29 0.025 -0.903193
0.29 0.03 -0.858245
0.29 0.035 -0.820586
0.29 0.04 -0.787691
0.29 0.045 -0.757683
0.29 0.05 -0.729141
0.29 0.055 -0.700981
0.29 0.06 -0.672368
0.29 0.065 -0.642661
0.29 0.07 -0.61137
0.29 0.075 -0.578126
0.29 0.08 -0.542661
0.29 0.085 -0.504786
0.29 0.09 -0.464383
0.29 0.095 -0.421391
0.29 0.1 -0.375799
0.29 0.105 -0.327636
0.29 0.11 -0.276966
0.29 0.115 -0.223884
0.29 0.12 -0.168507
0.29 0.125 -0.11097
0.29 0.13 -0.0514247
0.29 0.135 0.00997002
0.29 0.14 0.0730471
0.29 0.145 0.137636
0.29 0.15 0.203566
0.29 0.155 0.270665
0.29 0.16 0.338765
0.29 0.165 0.4077
0.29 0.17 0.477307
0.29 0.175 0.547427
0.29 0.18 0.617905
0.29 0.185 0.688589
0.29 0.19 0.759328
0.29 0.195 0.829978
0.29 0.2 0.900415
0.295 0 -1.54536
0.295 0.005 -1.36138
0.295 0.01 -1.23182
0.295 0.015 -1.13664
0.295 0.02 -1.06429
0.295 0.025 -1.00746
0.295 0.03 -0.961214
0.295 0.035 -0.922089
0.295 0.04 -0.887551
0.295 0.045 -0.85572
0.295 0.05 -0.825177
0.295 0.055 -0.794841
0.295 0.06 -0.763887
0.295 0.065 -0.731685
0.295 0.07 -0.697759
0.295 0.075 -0.661755
0.295 0.08 -0.623418
0.295 0.085 -0.582573
0.295 0.09 -0.539115
0.295 0.095 -0.492994
0.295 0.1 -0.444209
0.295 0.105 -0.392799
0.295 0.11 -0.338835
0.295 0.115 -0.282421
0.295 0.12 -0.223679
0.295 0.125 -0.16275
0.295 0.13 -0.0997915
0.295 0.135 -0.0349666
0.295 0.14 0.0315536
0.295 0.145 0.099595
0.295 0.15 0.168983
0.295 0.155 0.239544
0.295 0.16 0.311108
0.295 0.165 0.383506
0.295 0.17 0.456576
0.295 0.175 0.530156
0.295 0.18 0.604093
0.295 0.185 0.678233
0.295 0.19 0.752427
0.295 0.195 0.826529
0.295 0.2 0.900415
0.3 0 -1.6557
0.3 0.005 -1.47601
0.3 0.01 -1.34766
0.3 0.015 -1.2524
0.3 0.02 -1.17933
0.3 0.025 -1.12139
0.3 0.03 -1.07373
0.3 0.035 -1.03293
0.3 0.04 -0.996469
0.3 0.045 -0.962477
0.3 0.05 -0.929552
0.3 0.055 -0.896632
0.3 0.06 -0.86291
0.3 0.065 -0.827779
0.3 0.07 -0.790783
0.3 0.075 -0.751587
0.3 0.08 -0.709957
0.3 0.085 -0.665734
0.3 0.09 -0.618828
0.3 0.095 -0.569202
0.3 0.1 -0.516867
0.3 0.105 -0.46187
0.3 0.11 -0.404293
0.3 0.115 -0.344244
0.3 0.12 -0.281852
0.3 0.125 -0.217264
0.3 0.13 -0.15064
0.3 0.135 -0.0821478
0.3 0.14 -0.0119612
0.3 0.145 0.0597434
0.3 0.15 0.132789
0.3 0.155 0.207002
0.3 0.16 0.282209
0.3 0.165 0.358243
0.3 0.17 0.43494
0.3 0.175 0.512141
0.3 0.18 0.589691
0.3 0.185 0.667437
0.3 0.19 0.745234
0.3 0.195 0.822935
0.3 0.2 0.900415
0.305 0 -1.77476
0.305 0.005 -1.6002
0.305 0.01 -1.47367
0.305 0.015 -1.3787
0.305 0.02 -1.30507
0.305 0.025 -1.24599
0.305 0.03 -1.19677
0.305 0.035 -1.15402
0.305 0.04 -1.11528
0.305 0.045 -1.07871
0.305 0.05 -1.04294
0.305 0.055 -1.00696
0.305 0.06 -0.969967
0.305 0.065 -0.931402
0.305 0.07 -0.890836
0.305 0.075 -0.84796
0.305 0.08 -0.802562
0.305 0.085 -0.754506
0.305 0.09 -0.703718
0.305 0.095 -0.650176
0.305 0.1 -0.593902
0.305 0.105 -0.534953
0.305 0.11 -0.47342
0.305 0.115 -0.409415
0.305 0.12 -0.343073
0.305 0.125 -0.274545
0.305 0.13 -0.203993
0.305 0.135 -0.131588
0.305 0.14 -0.0575049
0.305 0.145 0.0180789
0.305 0.15 0.0949862
0.305 0.155 0.173042
0.305 0.16 0.252075
0.305 0.165 0.331918
0.305 0.17 0.412408
0.305 0.175 0.493388
0.305 0.18 0.574704
0.305 0.185 0.656208
0.305 0.19 0.737753
0.305 0.195 0.819197
0.305 0.2 0.900415
0.31 0 -1.90356
0.31 0.005 -1.73503
0.31 0.01 -1.611
0.31 0.015 -1.5167
0.31 0.02 -1.44265
0.31 0.025 -1.38238
0.31 0.03 -1.33136
0.31 0.035 -1.28632
0.31 0.04 -1.24486
0.31 0.045 -1.20522
0.31 0.05 -1.16607
0.31 0.055 -1.12643
0.31 0.06 -1.08559
0.31 0.065 -1.04301
0.31 0.07 -0.998304
0.31 0.075 -0.951195
0.31 0.08 -0.9015
0.31 0.085 -0.849107
0.31 0.09 -0.79396
0.31 0.095 -0.736054
0.31 0.1 -0.675422
0.31 0.105 -0.61213
0.31 0.11 -0.546275
0.31 0.115 -0.477976
0.31 0.12 -0.407369
0.31 0.125 -0.334608
0.31 0.13 -0.259857
0.31 0.135 -0.183286
0.31 0.14 -0.105071
0.31 0.145 -0.0253883
0.31 0.15 0.055586
0.31 0.155 0.137679
0.31 0.16 0.220719
0.31 0.165 0.304544
0.31 0.17 0.388992
0.31 0.175 0.473908
0.31 0.18 0.559143
0.31 0.185 0.644551
0.31 0.19 0.729989
0.31 0.195 0.815318
0.31 0.2 0.900415
0.315 0 -2.04333
0.315 0.005 -1.88178
0.315 0.01 -1.76096
0.315 0.015 -1.66773
0.315 0.02 -1.59337
0.315 0.025 -1.5318
0.315 0.03 -1.47869
0.315 0.035 -1.43091
0.315 0.04 -1.38619
0.315 0.045 -1.34285
0.315 0.05 -1.29965
0.315 0.055 -1.25569
0.315 0.06 -1.21032
0.315 0.065 -1.16305
0.315 0.07 -1.11356
0.315 0.075 -1.06159
0.315 0.08 -1.00701
0.315 0.085 -0.949724
0.315 0.09 -0.889699
0.315 0.095 -0.826945
0.315 0.1 -0.761505
0.315 0.105 -0.693455
0.315 0.11 -0.622894
0.315 0.115 -0.549944
0.315 0.12 -0.474745
0.315 0.125 -0.397449
0.315 0.13 -0.318219
0.315 0.135 -0.237224
0.315 0.14 -0.154638
0.315 0.145 -0.070634
0.315 0.15 0.0146141
0.315 0.155 0.100936
0.315 0.16 0.188167
0.315 0.165 0.276144
0.315 0.17 0.364712
0.315 0.175 0.45372
0.315 0.18 0.543022
0.315 0.185 0.632478
0.315 0.19 0.721949
0.315 0.195 0.811302
0.315 0.2 0.900415
0.32 0 -2.19549
0.32 0.005 -2.04194
0.32 0.01 -1.92506
0.32 0.015 -1.83331
0.32 0.02 -1.75871
0.32 0.025 -1.69563
0.32 0.03 -1.64001
0.32 0.035 -1.58894
0.32 0.04 -1.54027
0.32 0.045 -1.49248
0.32 0.05 -1.44445
0.32 0.055 -1.39537
0.32 0.06 -1.34467
0.32 0.065 -1.29195
0.32 0.07 -1.23692
0.32 0.075 -1.17941
0.32 0.08 -1.11929
0.32 0.085 -1.05651
0.32 0.09 -0.991041
0.32 0.095 -0.92292
0.32 0.1 -0.852195
0.32 0.105 -0.778946
0.32 0.11 -0.703276
0.32 0.115 -0.625308
0.32 0.12 -0.545178
0.32 0.125 -0.463037
0.32 0.13 -0.379044
0.32 0.135 -0.293364
0.32 0.14 -0.206166
0.32 0.145 -0.117619
0.32 0.15 -0.0278908
0.32 0.155 0.0628528
0.32 0.16 0.154451
0.32 0.165 0.246749
0.32 0.17 0.339595
0.32 0.175 0.432846
0.32 0.18 0.52636
0.32 0.185 0.620003
0.32 0.19 0.713644
0.32 0.195 0.807153
0.32 0.2 0.900415
0.325 0 -2.36174
0.325 0.005 -2.21726
0.325 0.01 -2.1051
0.325 0.015 -2.01518
0.325 0.02 -1.94033
0.325 0.025 -1.87542
0.325 0.03 -1.81674
0.325 0.035 -1.76163
0.325 0.04 -1.70817
0.325 0.045 -1.65501
0.325 0.05 -1.6012
0.325 0.055 -1.54606
0.325 0.06 -1.48912
0.325 0.065 -1.43007
0.325 0.07 -1.3687
0.325 0.075 -1.30486
0.325 0.08 -1.23849
0.325 0.085 -1.16955
0.325 0.09 -1.09804
0.325 0.095 -1.024
0.325 0.1 -0.947491
0.325 0.105 -0.868586
0.325 0.11 -0.787391
0.325 0.115 -0.704024
0.325 0.12 -0.618618
0.325 0.125 -0.531317
0.325 0.13 -0.442274
0.325 0.135 -0.351646
0.325 0.14 -0.259596
0.325 0.145 -0.166286
0.325 0.15 -0.0718754
0.325 0.155 0.0234771
0.325 0.16 0.119618
0.325 0.165 0.2164
0.325 0.17 0.313678
0.325 0.175 0.411316
0.325 0.18 0.509181
0.325 0.185 0.607146
0.325 0.19 0.705085
0.325 0.195 0.802878
0.325 0.2 0.900415
0.33 0 -2.54411
0.33 0.005 -2.40986
0.33 0.01 -2.30318
0.33 0.015 -2.21538
0.33 0.02 -2.14015
0.33 0.025 -2.07291
0.33 0.03 -2.0104
0.33 0.035 -1.9503
0.33 0.04 -1.89098
0.33 0.045 -1.83134
0.33 0.05 -1.77063
0.33 0.055 -1.70832
0.33 0.06 -1.6441
0.33 0.065 -1.57773
0.33 0.07 -1.50909
0.33 0.075 -1.43809
0.33 0.08 -1.3647
0.33 0.085 -1.2889
0.33 0.09 -1.21071
0.33 0.095 -1.13017
0.33 0.1 -1.04734
0.33 0.105 -0.96231
0.33 0.11 -0.875162
0.33 0.115 -0.786011
0.33 0.12 -0.69498
0.33 0.125 -0.602204
0.33 0.13 -0.507824
0.33 0.135 -0.41199
0.33 0.14 -0.314852
0.33 0.145 -0.216562
0.33 0.15 -0.117271
0.33 0.155 -0.0171276
0.33 0.16 0.0837246
0.33 0.165 0.185146
0.33 0.17 0.287003
0.33 0.175 0.389168
0.33 0.18 0.491515
0.33 0.185 0.593927
0.33 0.19 0.696287
0.33 0.195 0.798484
0.33 0.2 0.900415
0.335 0 -2.74507
0.335 0.005 -2.62226
0.335 0.01 -2.52178
0.335 0.015 -2.43628
0.335 0.02 -2.36033
0.335 0.025 -2.29003
0.335 0.03 -2.22265
0.335 0.035 -2.15633
0.335 0.04 -2.08983
0.335 0.045 -2.02235
0.335 0.05 -1.9534
0.335 0.055 -1.88266
0.335 0.06 -1.80995
0.335 0.065 -1.73516
0.335 0.07 -1.65824
0.335 0.075 -1.57916
0.335 0.08 -1.49791
0.335 0.085 -1.4145
0.335 0.09 -1.32896
0.335 0.095 -1.24132
0.335 0.1 -1.15165
0.335 0.105 -1.06
0.335 0.11 -0.96647
0.335 0.115 -0.871148
0.335 0.12 -0.774144
0.335 0.125 -0.67558
0.335 0.13 -0.575583
0.335 0.135 -0.474288
0.335 0.14 -0.371832
0.335 0.145 -0.268354
0.335 0.15 -0.163993
0.335 0.155 -0.0588844
0.335 0.16 0.0468389
0.335 0.165 0.153049
0.335 0.17 0.259623
0.335 0.175 0.366443
0.335 0.18 0.473396
0.335 0.185 0.580373
0.335 0.19 0.687268
0.335 0.195 0.793981
0.335 0.2 0.900415
0.34 0 -2.96761
0.34 0.005 -2.85753
0.34 0.01 -2.7639
0.34 0.015 -2.68066
0.34 0.02 -2.60336
0.34 0.025 -2.5289
0.34 0.03 -2.45525
0.34 0.035 -2.38113
0.34 0.04 -2.30579
0.34 0.045 -2.22884
0.34 0.05 -2.15008
0.34 0.055 -2.06943
0.34 0.06 -1.98689
0.34 0.065 -1.90246
0.34 0.07 -1.81616
0.34 0.075 -1.72801
0.34 0.08 -1.63803
0.34 0.085 -1.54623
0.34 0.09 -1.45265
0.34 0.095 -1.3573
0.34 0.1 -1.26023
0.34 0.105 -1.16149
0.34 0.11 -1.06115
0.34 0.115 -0.95927
0.34 0.12 -0.855953
0.34 0.125 -0.751296
0.34 0.13 -0.645409
0.34 0.135 -0.538408
0.34 0.14 -0.430414
0.34 0.145 -0.32155
0.34 0.15 -0.211939
0.34 0.155 -0.101702
0.34 0.16 0.00904193
0.34 0.165 0.120179
0.34 0.17 0.231597
0.34 0.175 0.343193
0.34 0.18 0.454864
0.34 0.185 0.566514
0.34 0.19 0.678048
0.34 0.195 0.789377
0.34 0.2 0.900415
0.345 0 -3.21542
0.345 0.005 -3.11941
0.345 0.01 -3.03315
0.345 0.015 -2.95182
0.345 0.02 -2.8721
0.345 0.025 -2.7919
0.345 0.03 -2.71008
0.345 0.035 -2.62612
0.345 0.04 -2.5399
0.345 0.045 -2.4515
0.345 0.05 -2.36109
0.345 0.055 -2.26886
0.345 0.06 -2.17498
0.345 0.065 -2.07957
0.345 0.07 -1.98271
0.345 0.075 -1.88445
0.345 0.08 -1.78483
0.345 0.085 -1.68386
0.345 0.09 -1.58153
0.345 0.095 -1.47786
0.345 0.1 -1.37286
0.345 0.105 -1.26655
0.345 0.11 -1.15897
0.345 0.115 -1.05017
0.345 0.12 -0.940207
0.345 0.125 -0.829167
0.345 0.13 -0.717131
0.345 0.135 -0.604194
0.345 0.14 -0.490456
0.345 0.145 -0.37602
0.345 0.15 -0.260992
0.345 0.155 -0.145476
0.345 0.16 -0.0295734
0.345 0.165 0.0866152
0.345 0.17 0.202995
0.345 0.175 0.319474
0.345 0.18 0.435964
0.345 0.185 0.552383
0.345 0.19 0.668649
0.345 0.195 0.784684
0.345 0.2 0.900415
0.35 0 -3.49313
0.35 0.005 -3.41258
0.35 0.01 -3.3339
0.35 0.015 -3.25363
0.35 0.02 -3.16979
0.35 0.025 -3.08159
0.35 0.03 -2.98905
0.35 0.035 -2.89263
0.35 0.04 -2.79299
0.35 0.045 -2.69079
0.35 0.05 -2.58662
0.35 0.055 -2.48094
0.35 0.06 -2.37407
0.35 0.065 -2.26625
0.35 0.07 -2.15759
0.35 0.075 -2.04816
0.35 0.08 -1.93798
0.35 0.085 -1.82702
0.35 0.09 -1.71526
0.35 0.095 -1.60266
0.35 0.1 -1.4892
0.35 0.105 -1.37487
0.35 0.11 -1.25965
0.35 0.115 -1.14358
0.35 0.12 -1.02667
0.35 0.125 -0.908973
0.35 0.13 -0.790548
0.35 0.135 -0.671461
0.35 0.14 -0.551789
0.35 0.145 -0.431613
0.35 0.15 -0.311017
0.35 0.155 -0.190086
0.35 0.16 -0.0689026
0.35 0.165 0.0524497
0.35 0.17 0.173892
0.35 0.175 0.295349
0.35 0.18 0.416747
0.35 0.185 0.538018
0.35 0.19 0.659095
0.35 0.195 0.779914
0.35 0.2 0.900415
0.355 0 -3.80659
0.355 0.005 -3.74289
0.355 0.01 -3.67158
0.355 0.015 -3.59074
0.355 0.02 -3.50013
0.355 0.025 -3.40069
0.355 0.03 -3.29401
0.355 0.035 -3.18179
0.355 0.04 -3.06564
0.355 0.045 -2.94689
0.355 0.05 -2.82655
0.355 0.055 -2.70534
0.355 0.06 -2.58374
0.355 0.065 -2.46201
0.355 0.07 -2.34029
0.355 0.075 -2.21862
0.355 0.08 -2.09696
0.355 0.085 -1.97524
0.355 0.09 -1.85338
0.355 0.095 -1.73129
0.355 0.1 -1.60888
0.355 0.105 -1.48609
0.355 0.11 -1.36287
0.355 0.115 -1.2392
0.355 0.12 -1.11506
0.355 0.125 -0.990458
0.355 0.13 -0.865427
0.355 0.135 -0.74
0.355 0.14 -0.614226
0.355 0.145 -0.488161
0.355 0.15 -0.361864
0.355 0.155 -0.235399
0.355 0.16 -0.108829
0.355 0.165 0.0177819
0.355 0.17 0.144374
0.355 0.175 0.270888
0.355 0.18 0.397269
0.355 0.185 0.523461
0.355 0.19 0.649416
0.355 0.195 0.775082
0.355 0.2 0.900415
0.36 0 -4.16337
0.36 0.005 -4.11784
0.36 0.01 -4.05292
0.36 0.015 -3.96864
0.36 0.02 -3.86721
0.36 0.025 -3.75197
0.36 0.03 -3.62659
0.36 0.035 -3.49436
0.36 0.04 -3.35799
0.36 0.045 -3.21951
0.36 0.05 -3.08033
0.36 0.055 -2.94139
0.36 0.06 -2.80322
0.36 0.065 -2.66608
0.36 0.07 -2.53006
0.36 0.075 -2.39511
0.36 0.08 -2.26111
0.36 0.085 -2.12791
0.36 0.09 -1.99533
0.36 0.095 -1.86322
0.36 0.1 -1.73141
0.36 0.105 -1.59978
0.36 0.11 -1.46823
0.36 0.115 -1.33667
0.36 0.12 -1.20505
0.36 0.125 -1.07333
0.36 0.13 -0.941508
0.36 0.135 -0.809576
0.36 0.14 -0.677556
0.36 0.145 -0.545475
0.36 0.15 -0.413367
0.36 0.155 -0.281271
0.36 0.16 -0.149227
0.36 0.165 -0.0172792
0.36 0.17 0.114533
0.36 0.175 0.246168
0.36 0.18 0.377588
0.36 0.185 0.508756
0.36 0.19 0.639638
0.36 0.195 0.770201
0.36 0.2 0.900415
0.365 0 -4.57347
0.365 0.005 -4.54722
0.365 0.01 -4.48641
0.365 0.015 -4.3939
0.365 0.02 -4.27549
0.365 0.025 -4.13802
0.365 0.03 -3.98792
0.365 0.035 -3.83044
0.365 0.04 -3.66948
0.365 0.045 -3.50772
0.365 0.05 -3.34687
0.365 0.055 -3.18793
0.365 0.06 -3.03138
0.365 0.065 -2.87738
0.365 0.07 -2.72589
0.365 0.075 -2.5767
0.365 0.08 -2.42958
0.365 0.085 -2.28425
0.365 0.09 -2.14042
0.365 0.095 -1.99783
0.365 0.1 -1.85624
0.365 0.105 -1.71545
0.365 0.11 -1.57529
0.365 0.115 -1.4356
0.365 0.12 -1.29629
0.365 0.125 -1.15728
0.365 0.13 -1.0185
0.365 0.135 -0.879934
0.365 0.14 -0.741552
0.365 0.145 -0.603354
0.365 0.15 -0.465347
0.365 0.155 -0.327543
0.365 0.16 -0.18996
0.365 0.165 -0.0526166
0.365 0.17 0.0844659
0.365 0.175 0.221267
0.365 0.18 0.357768
0.365 0.185 0.49395
0.365 0.19 0.629796
0.365 0.195 0.765288
0.365 0.2 0.900415
0.37 0 -5.05045
0.37 0.005 -5.04419
0.37 0.01 -4.98299
0.37 0.015 -4.87424
0.37 0.02 -4.7295
0.37 0.025 -4.56078
0.37 0.03 -4.37816
0.37 0.035 -4.18911
0.37 0.04 -3.99861
0.37 0.045 -3.80979
0.37 0.05 -3.62438
0.37 0.055 -3.44324
0.37 0.06 -3.26664
0.37 0.065 -3.09449
0.37 0.07 -2.92649
0.37 0.075 -2.76227
0.37 0.08 -2.60138
0.37 0.085 -2.44338
0.37 0.09 -2.28786
0.37 0.095 -2.13443
0.37 0.1 -1.98276
0.37 0.105 -1.83255
0.37 0.11 -1.68355
0.37 0.115 -1.53555
0.37 0.12 -1.38839
0.37 0.125 -1.24194
0.37 0.13 -1.0961
0.37 0.135 -0.950795
0.37 0.14 -0.805967
0.37 0.145 -0.66158
0.37 0.15 -0.517613
0.37 0.155 -0.37405
0.37 0.16 -0.230882
0.37 0.165 -0.0881065
0.37 0.17 0.0542786
0.37 0.175 0.196274
0.37 0.18 0.337878
0.37 0.185 0.479094
0.37 0.19 0.61992
0.37 0.195 0.76036
0.37 0.2 0.900415
0.375 0 -5.61335
0.375 0.005 -5.62703
0.375 0.01 -5.55693
0.375 0.015 -5.41853
0.375 0.02 -5.23326
0.375 0.025 -5.0208
0.375 0.03 -4.79582
0.375 0.035 -4.56786
0.375 0.04 -4.34256
0.375 0.045 -4.12292
0.375 0.05 -3.91028
0.375 0.055 -3.70503
0.375 0.06 -3.50696
0.375 0.065 -3.31561
0.375 0.07 -3.13034
0.375 0.075 -2.95046
0.375 0.08 -2.77532
0.375 0.085 -2.60428
0.375 0.09 -2.43676
0.375 0.095 -2.27224
0.375 0.1 -2.11027
0.375 0.105 -1.95045
0.375 0.11 -1.79247
0.375 0.115 -1.63604
0.375 0.12 -1.48093
0.375 0.125 -1.32696
0.375 0.13 -1.17398
0.375 0.135 -1.02187
0.375 0.14 -0.870541
0.375 0.145 -0.719925
0.375 0.15 -0.569963
0.375 0.155 -0.420614
0.375 0.16 -0.271842
0.375 0.165 -0.123619
0.375 0.17 0.0240797
0.375 0.175 0.171275
0.375 0.18 0.317988
0.375 0.185 0.464239
0.375 0.19 0.610047
0.375 0.195 0.755432
0.375 0.2 0.900415
0.38 0 -6.29021
0.38 0.005 -6.32252
0.38 0.01 -6.22725
0.38 0.015 -6.0363
0.38 0.02 -5.78879
0.38 0.025 -5.51574
0.38 0.03 -5.23662
0.38 0.035 -4.96196
0.38 0.04 -4.69681
0.38 0.045 -4.44309
0.38 0.05 -4.20111
0.38 0.055 -3.97034
0.38 0.06 -3.74987
0.38 0.065 -3.53866
0.38 0.07 -3.33564
0.38 0.075 -3.13977
0.38 0.08 -2.95012
0.38 0.085 -2.76583
0.38 0.09 -2.58615
0.38 0.095 -2.41041
0.38 0.1 -2.23803
0.38 0.105 -2.06854
0.38 0.11 -1.9015
0.38 0.115 -1.73657
0.38 0.12 -1.57346
0.38 0.125 -1.41193
0.38 0.13 -1.25178
0.38 0.135 -1.09285
0.38 0.14 -0.935005
0.38 0.145 -0.778149
0.38 0.15 -0.622189
0.38 0.155 -0.467054
0.38 0.16 -0.312682
0.38 0.165 -0.159019
0.38 0.17 -0.00601784
0.38 0.175 0.146365
0.38 0.18 0.298171
0.38 0.185 0.449441
0.38 0.19 0.600212
0.38 0.195 0.750524
0.38 0.2 0.900415
0.385 0 -7.1251
0.385 0.005 -7.17253
0.385 0.01 -7.01977
0.385 0.015 -6.73579
0.385 0.02 -6.39317
0.385 0.025 -6.03803
0.385 0.03 -5.69214
0.385 0.035 -5.36374
0.385 0.04 -5.05488
0.385 0.045 -4.76501
0.385 0.05 -4.49257
0.385 0.055 -4.23569
0.385 0.06 -3.99251
0.385 0.065 -3.76129
0.385 0.07 -3.54044
0.385 0.075 -3.32855
0.385 0.08 -3.12439
0.385 0.085 -2.92685
0.385 0.09 -2.73501
0.385 0.095 -2.54806
0.385 0.1 -2.36529
0.385 0.105 -2.18612
0.385 0.11 -2.01004
0.385 0.115 -1.83662
0.385 0.12 -1.66553
0.385 0.125 -1.49645
0.385 0.13 -1.32915
0.385 0.135 -1.16341
0.385 0.14 -0.99908
0.385 0.145 -0.836008
0.385 0.15 -0.674076
0.385 0.155 -0.513183
0.385 0.16 -0.35324
0.385 0.165 -0.194169
0.385 0.17 -0.0358986
0.385 0.175 0.121637
0.385 0.18 0.278501
0.385 0.185 0.434753
0.385 0.19 0.590451
0.385 0.195 0.745653
0.385 0.2 0.900415
0.39 0 -8.18962
0.39 0.005 -8.24445
0.39 0.01 -7.96732
0.39 0.015 -7.51751
0.39 0.02 -7.03207
0.39 0.025 -6.57106
0.39 0.03 -6.14818
0.39 0.035 -5.76213
0.39 0.04 -5.40839
0.39 0.045 -5.0823
0.39 0.05 -4.77974
0.39 0.055 -4.49723
0.39 0.06 -4.23181
0.39 0.065 -3.98101
0.39 0.07 -3.7427
0.39 0.075 -3.5151
0.39 0.08 -3.29668
0.39 0.085 -3.08612
0.39 0.09 -2.88231
0.39 0.095 -2.68429
0.39 0.1 -2.49126
0.39 0.105 -2.30252
0.39 0.11 -2.11749
0.39 0.115 -1.93567
0.39 0.12 -1.75667
0.39 0.125 -1.58011
0.39 0.13 -1.40572
0.39 0.135 -1.23325
0.39 0.14 -1.06248
0.39 0.145 -0.893254
0.39 0.15 -0.725406
0.39 0.155 -0.558812
0.39 0.16 -0.393354
0.39 0.165 -0.22893
0.39 0.17 -0.0654456
0.39 0.175 0.0971881
0.39 0.18 0.259054
0.39 0.185 0.420233
0.39 0.19 0.580802
0.39 0.195 0.740837
0.39 0.2 0.900415
0.395 0 -9.47273
0.395 0.005 -9.51226
0.395 0.01 -9.03877
0.395 0.015 -8.33791
0.395 0.02 -7.66421
0.395 0.025 -7.08432
0.395 0.03 -6.5841
0.395 0.035 -6.14324
0.395 0.04 -5.74771
0.395 0.045 -5.38803
0.395 0.05 -5.05748
0.395 0.055 -4.75101
0.395 0.06 -4.46467
0.395 0.065 -4.19532
0.395 0.07 -3.94038
0.395 0.075 -3.69773
0.395 0.08 -3.46558
0.395 0.085 -3.24243
0.395 0.09 -3.02699
0.395 0.095 -2.81821
0.395 0.1 -2.61515
0.395 0.105 -2.41705
0.395 0.11 -2.22326
0.395 0.115 -2.0332
0.395 0.12 -1.84642
0.395 0.125 -1.66251
0.395 0.13 -1.48115
0.395 0.135 -1.30204
0.395 0.14 -1.12494
0.395 0.145 -0.949639
0.395 0.15 -0.775964
0.395 0.155 -0.603751
0.395 0.16 -0.43286
0.395 0.165 -0.263163
0.395 0.17 -0.0945419
0.395 0.175 0.0731128
0.395 0.18 0.239905
0.395 0.185 0.405936
0.395 0.19 0.571301
0.395 0.195 0.736096
0.395 0.2 0.900415
0.4 0 -10.0629
0.4 0.005 -10.0354
0.4 0.01 -9.7369
0.4 0.015 -8.97604
0.4 0.02 -8.19288
0.4 0.025 -7.53237
0.4 0.03 -6.97586
0.4 0.035 -6.49279
0.4 0.04 -6.06353
0.4 0.045 -5.67573
0.4 0.05 -5.32103
0.4 0.055 -4.99339
0.4 0.06 -4.68821
0.4 0.065 -4.40191
0.4 0.07 -4.13158
0.4 0.075 -3.87485
0.4 0.08 -3.62975
0.4 0.085 -3.39462
0.4 0.09 -3.16808
0.4 0.095 -2.94895
0.4 0.1 -2.73623
0.4 0.105 -2.52908
0.4 0.11 -2.32677
0.4 0.115 -2.12869
0.4 0.12 -1.93433
0.4 0.125 -1.74325
0.4 0.13 -1.55507
0.4 0.135 -1.36946
0.4 0.14 -1.18616
0.4 0.145 -1.00492
0.4 0.15 -0.825533
0.4 0.155 -0.647814
0.4 0.16 -0.471596
0.4 0.165 -0.296729
0.4 0.17 -0.123072
0.4 0.175 0.0495064
0.4 0.18 0.22113
0.4 0.185 0.391917
0.4 0.19 0.561985
0.4 0.195 0.731447
0.4 0.2 0.900415
0.405 0 -10.0629
0.405 0.005 -10.0528
0.405 0.01 -9.90352
0.405 0.015 -9.30736
0.405 0.02 -8.55792
0.405 0.025 -7.88645
0.405 0.03 -7.30773
0.405 0.035 -6.80097
0.405 0.04 -6.34913
0.405 0.045 -5.94046
0.405 0.05 -5.56661
0.405 0.055 -5.22139
0.405 0.06 -4.90003
0.405 0.065 -4.59879
0.405 0.07 -4.31462
0.405 0.075 -4.04504
0.405 0.08 -3.78796
0.405 0.085 -3.54166
0.405 0.09 -3.30466
0.405 0.095 -3.07572
0.405 0.1 -2.85379
0.405 0.105 -2.63796
0.405 0.11 -2.42747
0.405 0.115 -2.22166
0.405 0.12 -2.01997
0.405 0.125 -1.82194
0.405 0.13 -1.62714
0.405 0.135 -1.43522
0.405 0.14 -1.24588
0.405 0.145 -1.05886
0.405 0.15 -0.873906
0.405 0.155 -0.690818
0.405 0.16 -0.509405
0.405 0.165 -0.329493
0.405 0.17 -0.150921
0.405 0.175 0.0264622
0.405 0.18 0.202801
0.405 0.185 0.378232
0.405 0.19 0.552891
0.405 0.195 0.726909
0.405 0.2 0.900415
0.41 0 -10.0629
0.41 0.005 -10.0498
0.41 0.01 -9.94613
0.41 0.015 -9.48558
0.41 0.02 -8.80434
0.41 0.025 -8.1564
0.41 0.03 -7.57971
0.41 0.035 -7.06531
0.41 0.04 -6.60166
0.41 0.045 -6.17956
0.41 0.05 -5.79186
0.41 0.055 -5.43294
0.41 0.06 -5.09833
0.41 0.065 -4.7844
0.41 0.07 -4.48815
0.41 0.075 -4.20711
0.41 0.08 -3.93918
0.41 0.085 -3.68262
0.41 0.09 -3.43592
0.41 0.095 -3.1978
0.41 0.1 -2.96719
0.41 0.105 -2.74313
0.41 0.11 -2.52485
0.41 0.115 -2.31165
0.41 0.12 -2.10294
0.41 0.125 -1.89821
0.41 0.13 -1.69704
0.41 0.135 -1.49903
0.41 0.14 -1.30385
0.41 0.145 -1.11123
0.41 0.15 -0.92088
0.41 0.155 -0.732587
0.41 0.16 -0.546133
0.41 0.165 -0.361324
0.41 0.17 -0.17798
0.41 0.175 0.00407046
0.41 0.18 0.18499
0.41 0.185 0.364933
0.41 0.19 0.544054
0.41 0.195 0.722499
0.41 0.2 0.900415
0.415 0 -10.0629
0.415 0.005 -10.0479
0.415 0.01 -9.9652
0.415 0.015 -9.59391
0.415 0.02 -8.97619
0.415 0.025 -8.36215
0.415 0.03 -7.8
0.415 0.035 -7.28869
0.415 0.04 -6.82162
0.415 0.045 -6.39249
0.415 0.05 -5.99581
0.415 0.055 -5.62695
0.415 0.06 -5.282
0.415 0.065 -4.95766
0.415 0.07 -4.65116
0.415 0.075 -4.36013
0.415 0.08 -4.08257
0.415 0.085 -3.81674
0.415 0.09 -3.56116
0.415 0.095 -3.31456
0.415 0.1 -3.07585
0.415 0.105 -2.84409
0.415 0.11 -2.61845
0.415 0.115 -2.39824
0.415 0.12 -2.18284
0.415 0.125 -1.97173
0.415 0.13 -1.76446
0.415 0.135 -1.5606
0.415 0.14 -1.35982
0.415 0.145 -1.1618
0.415 0.15 -0.966265
0.415 0.155 -0.772952
0.415 0.16 -0.581634
0.415 0.165 -0.392097
0.415 0.17 -0.204143
0.415 0.175 -0.0175816
0.415 0.18 0.167766
0.415 0.185 0.352072
0.415 0.19 0.535506
0.415 0.195 0.718233
0.415 0.2 0.900415
0.42 0 -10.0629
0.42 0.005 -10.0472
0.42 0.01 -9.97729
0.42 0.015 -9.66745
0.42 0.02 -9.10168
0.42 0.025 -8.52146
0.42 0.03 -7.97862
0.42 0.035 -7.47638
0.42 0.04 -7.01157
0.42 0.045 -6.58028
0.42 0.05 -6.17867
0.42 0.055 -5.80315
0.42 0.06 -5.45053
0.42 0.065 -5.11797
0.42 0.07 -4.803
0.42 0.075 -4.50347
0.42 0.08 -4.21748
0.42 0.085 -3.9434
0.42 0.09 -3.67981
0.42 0.095 -3.42547
0.42 0.1 -3.1793
0.42 0.105 -2.94037
0.42 0.11 -2.70786
0.42 0.115 -2.48106
0.42 0.12 -2.25935
0.42 0.125 -2.0422
0.42 0.13 -1.82912
0.42 0.135 -1.6197
0.42 0.14 -1.41357
0.42 0.145 -1.21039
0.42 0.15 -1.00988
0.42 0.155 -0.811754
0.42 0.16 -0.615769
0.42 0.165 -0.421692
0.42 0.17 -0.229308
0.42 0.175 -0.0384113
0.42 0.18 0.151194
0.42 0.185 0.339697
0.42 0.19 0.527282
0.42 0.195 0.714128
0.42 0.2 0.900415
0.425 0 -10.063
0.425 0.005 -10.0471
0.425 0.01 -9.9859
0.425 0.015 -9.72127
0.425 0.02 -9.19721
0.425 0.025 -8.64732
0.425 0.03 -8.12453
0.425 0.035 -7.6341
0.425 0.04 -7.17493
0.425 0.045 -6.74488
0.425 0.05 -6.34141
0.425 0.055 -5.96193
0.425 0.06 -5.60395
0.425 0.065 -5.26513
0.425 0.07 -4.94336
0.425 0.075 -4.63671
0.425 0.08 -4.34349
0.425 0.085 -4.06218
0.425 0.09 -3.79145
0.425 0.095 -3.53011
0.425 0.1 -3.27713
0.425 0.105 -3.03161
0.425 0.11 -2.79272
0.425 0.115 -2.55978
0.425 0.12 -2.33216
0.425 0.125 -2.10932
0.425 0.13 -1.89077
0.425 0.135 -1.67608
0.425 0.14 -1.46488
0.425 0.145 -1.2568
0.425 0.15 -1.05156
0.425 0.155 -0.848847
0.425 0.16 -0.648409
0.425 0.165 -0.449998
0.425 0.17 -0.253382
0.425 0.175 -0.0583403
0.425 0.18 0.135337
0.425 0.185 0.327855
0.425 0.19 0.519411
0.425 0.195 0.7102
0.425 0.2 0.900415
0.43 0 -10.063
0.43 0.005 -10.0472
0.43 0.01 -9.99227
0.43 0.015 -9.76252
0.43 0.02 -9.27226
0.43 0.025 -8.74863
0.43 0.03 -8.24482
0.43 0.035 -7.767
0.43 0.04 -7.31525
0.43 0.045 -6.88858
0.43 0.05 -6.48546
0.43 0.055 -6.10412
0.43 0.06 -5.74267
0.43 0.065 -5.39927
0.43 0.07 -5.07215
0.43 0.075 -4.75968
0.43 0.08 -4.46034
0.43 0.085 -4.17277
0.43 0.09 -3.89575
0.43 0.095 -3.62816
0.43 0.1 -3.36903
0.43 0.105 -3.11748
0.43 0.11 -2.87274
0.43 0.115 -2.63412
0.43 0.12 -2.40101
0.43 0.125 -2.17286
0.43 0.13 -1.94918
0.43 0.135 -1.72955
0.43 0.14 -1.51356
0.43 0.145 -1.30087
0.43 0.15 -1.09114
0.43 0.155 -0.884092
0.43 0.16 -0.679434
0.43 0.165 -0.47691
0.43 0.17 -0.276275
0.43 0.175 -0.0772958
0.43 0.18 0.120253
0.43 0.185 0.316588
0.43 0.19 0.511922
0.43 0.195 0.706462
0.43 0.2 0.900415
0.435 0 -10.063
0.435 0.005 -10.0475
0.435 0.01 -9.9971
0.435 0.015 -9.79504
0.435 0.02 -9.33258
0.435 0.025 -8.83141
0.435 0.03 -8.34484
0.435 0.035 -7.87939
0.435 0.04 -7.43578
0.435 0.045 -7.01373
0.435 0.05 -6.61245
0.435 0.055 -6.23076
0.435 0.06 -5.86733
0.435 0.065 -5.52074
0.435 0.07 -5.18954
0.435 0.075 -4.87238
0.435 0.08 -4.56794
0.435 0.085 -4.27502
0.435 0.09 -3.99251
0.435 0.095 -3.71939
0.435 0.1 -3.45475
0.435 0.105 -3.19776
0.435 0.11 -2.94768
0.435 0.115 -2.70385
0.435 0.12 -2.46567
0.435 0.125 -2.2326
0.435 0.13 -2.00416
0.435 0.135 -1.77991
0.435 0.14 -1.55945
0.435 0.145 -1.34243
0.435 0.15 -1.1285
0.435 0.155 -0.917365
0.435 0.16 -0.708733
0.435 0.165 -0.502333
0.435 0.17 -0.297907
0.435 0.175 -0.0952103
0.435 0.18 0.105995
0.435 0.185 0.305937
0.435 0.19 0.504842
0.435 0.195 0.702928
0.435 0.2 0.900415
0.44 0 -10.063
0.44 0.005 -10.0478
0.44 0.01 -10.0008
0.44 0.015 -9.82112
0.44 0.02 -9.38182
0.44 0.025 -8.89984
0.44 0.03 -8.42859
0.44 0.035 -7.97475
0.44 0.04 -7.53933
0.44 0.045 -7.12252
0.44 0.05 -6.72398
0.44 0.055 -6.34303
0.44 0.06 -5.97874
0.44 0.065 -5.63005
0.44 0.07 -5.29583
0.44 0.075 -4.97496
0.44 0.08 -4.66633
0.44 0.085 -4.36888
0.44 0.09 -4.08162
0.44 0.095 -3.80365
0.44 0.1 -3.53412
0.44 0.105 -3.27225
0.44 0.11 -3.01735
0.44 0.115 -2.76878
0.44 0.12 -2.52596
0.44 0.125 -2.28837
0.44 0.13 -2.05553
0.44 0.135 -1.82701
0.44 0.14 -1.6024
0.44 0.145 -1.38134
0.44 0.15 -1.1635
0.44 0.155 -0.948555
0.44 0.16 -0.736208
0.44 0.165 -0.52618
0.44 0.17 -0.318204
0.44 0.175 -0.112022
0.44 0.18 0.0926119
0.44 0.185 0.295939
0.44 0.19 0.498195
0.44 0.195 0.699611
0.44 0.2 0.900415
0.445 0 -10.0631
0.445 0.005 -10.048
0.445 0.01 -10.0037
0.445 0.015 -9.84222
0.445 0.02 -9.42242
0.445 0.025 -8.95684
0.445 0.03 -8.49908
0.445 0.035 -8.05584
0.445 0.04 -7.62829
0.445 0.045 -7.21687
0.445 0.05 -6.82158
0.445 0.055 -6.44206
0.445 0.06 -6.07772
0.445 0.065 -5.7278
0.445 0.07 -5.39141
0.445 0.075 -5.06766
0.445 0.08 -4.75561
0.445 0.085 -4.45437
0.445 0.09 -4.16307
0.445 0.095 -3.88088
0.445 0.1 -3.60704
0.445 0.105 -3.34083
0.445 0.11 -3.08161
0.445 0.115 -2.82876
0.445 0.12 -2.58173
0.445 0.125 -2.34002
0.445 0.13 -2.10315
0.445 0.135 -1.8707
0.445 0.14 -1.64228
0.445 0.145 -1.4175
0.445 0.15 -1.19604
0.445 0.155 -0.977561
0.445 0.16 -0.761769
0.445 0.165 -0.548373
0.445 0.17 -0.337097
0.445 0.175 -0.127675
0.445 0.18 0.0801495
0.445 0.185 0.286628
0.445 0.19 0.492004
0.445 0.195 0.69652
0.445 0.2 0.900415
0.45 0 -10.0631
0.45 0.005 -10.0482
0.45 0.01 -10.0059
0.45 0.015 -9.8594
0.45 0.02 -9.45609
0.45 0.025 -9.00453
0.45 0.03 -8.55855
0.45 0.035 -8.12483
0.45 0.04 -7.70462
0.45 0.045 -7.29848
0.45 0.05 -6.90663
0.45 0.055 -6.52897
0.45 0.06 -6.16514
0.45 0.065 -5.81461
0.45 0.07 -5.47673
0.45 0.075 -5.15078
0.45 0.08 -4.83599
0.45 0.085 -4.53161
0.45 0.09 -4.23687
0.45 0.095 -3.95104
0.45 0.1 -3.67344
0.45 0.105 -3.40341
0.45 0.11 -3.14035
0.45 0.115 -2.88367
0.45 0.12 -2.63286
0.45 0.125 -2.38742
0.45 0.13 -2.1469
0.45 0.135 -1.91088
0.45 0.14 -1.67897
0.45 0.145 -1.45079
0.45 0.15 -1.22601
0.45 0.155 -1.0043
0.45 0.16 -0.785338
0.45 0.165 -0.568843
0.45 0.17 -0.354528
0.45 0.175 -0.14212
0.45 0.18 0.0686476
0.45 0.185 0.278032
0.45 0.19 0.486289
0.45 0.195 0.693667
0.45 0.2 0.900415
0.455 0 -10.0631
0.455 0.005 -10.0484
0.455 0.01 -10.0076
0.455 0.015 -9.87341
0.455 0.02 -9.48409
0.455 0.025 -9.0445
0.455 0.03 -8.60873
0.455 0.035 -8.18345
0.455 0.04 -7.76991
0.455 0.045 -7.36876
0.455 0.05 -6.98035
0.455 0.055 -6.60475
0.455 0.06 -6.24178
0.455 0.065 -5.89111
0.455 0.07 -5.55226
0.455 0.075 -5.22466
0.455 0.08 -4.9077
0.455 0.085 -4.60073
0.455 0.09 -4.3031
0.455 0.095 -4.01417
0.455 0.1 -3.73332
0.455 0.105 -3.45996
0.455 0.11 -3.1935
0.455 0.115 -2.93344
0.455 0.12 -2.67926
0.455 0.125 -2.43049
0.455 0.13 -2.18669
0.455 0.135 -1.94745
0.455 0.14 -1.71239
0.455 0.145 -1.48113
0.455 0.15 -1.25334
0.455 0.155 -1.02868
0.455 0.16 -0.806844
0.455 0.165 -0.587527
0.455 0.17 -0.370443
0.455 0.175 -0.155311
0.455 0.18 0.0581419
0.455 0.185 0.270181
0.455 0.19 0.481068
0.455 0.195 0.69106
0.455 0.2 0.900415
0.46 0 -10.0631
0.46 0.005 -10.0485
0.46 0.01 -10.009
0.46 0.015 -9.88482
0.46 0.02 -9.50734
0.46 0.025 -9.07794
0.46 0.03 -8.65096
0.46 0.035 -8.23307
0.46 0.04 -7.82549
0.46 0.045 -7.42892
0.46 0.05 -7.0438
0.46 0.055 -6.6703
0.46 0.06 -6.3084
0.46 0.065 -5.9579
0.46 0.07 -5.61846
0.46 0.075 -5.28965
0.46 0.08 -4.97099
0.46 0.085 -4.66191
0.46 0.09 -4.36188
0.46 0.095 -4.07033
0.46 0.1 -3.78669
0.46 0.105 -3.51044
0.46 0.11 -3.24104
0.46 0.115 -2.97801
0.46 0.12 -2.72085
0.46 0.125 -2.46914
0.46 0.13 -2.22243
0.46 0.135 -1.98033
0.46 0.14 -1.74245
0.46 0.145 -1.50844
0.46 0.15 -1.27795
0.46 0.155 -1.05065
0.46 0.16 -0.826228
0.46 0.165 -0.604374
0.46 0.17 -0.384796
0.46 0.175 -0.167209
0.46 0.18 0.048664
0.46 0.185 0.263096
0.46 0.19 0.476356
0.46 0.195 0.688708
0.46 0.2 0.900415
0.465 0 -10.0631
0.465 0.005 -10.0487
0.465 0.01 -10.01
0.465 0.015 -9.89407
0.465 0.02 -9.52657
0.465 0.025 -9.10576
0.465 0.03 -8.68629
0.465 0.035 -8.27477
0.465 0.04 -7.87243
0.465 0.045 -7.47996
0.465 0.05 -7.09787
0.465 0.055 -6.7264
0.465 0.06 -6.36565
0.465 0.065 -6.01551
0.465 0.07 -5.67577
0.465 0.075 -5.3461
0.465 0.08 -5.02611
0.465 0.085 -4.71534
0.465 0.09 -4.41333
0.465 0.095 -4.11958
0.465 0.1 -3.83359
0.465 0.105 -3.55487
0.465 0.11 -3.28294
0.465 0.115 -3.01734
0.465 0.12 -2.75761
0.465 0.125 -2.50332
0.465 0.13 -2.25406
0.465 0.135 -2.00945
0.465 0.14 -1.7691
0.465 0.145 -1.53267
0.465 0.15 -1.29979
0.465 0.155 -1.07016
0.465 0.16 -0.84344
0.465 0.165 -0.619336
0.465 0.17 -0.397546
0.465 0.175 -0.177782
0.465 0.18 0.0402411
0.465 0.185 0.2568
0.465 0.19 0.472168
0.465 0.195 0.686617
0.465 0.2 0.900415
0.47 0 -10.0631
0.47 0.005 -10.0488
0.47 0.01 -10.0109
0.47 0.015 -9.90152
0.47 0.02 -9.54232
0.47 0.025 -9.1287
0.47 0.03 -8.71553
0.47 0.035 -8.30943
0.47 0.04 -7.91158
0.47 0.045 -7.52271
0.47 0.05 -7.14332
0.47 0.055 -6.77374
0.47 0.06 -6.41412
0.47 0.065 -6.06445
0.47 0.07 -5.72459
0.47 0.075 -5.39432
0.47 0.08 -5.07331
0.47 0.085 -4.7612
0.47 0.09 -4.45758
0.47 0.095 -4.16202
0.47 0.1 -3.87407
0.47 0.105 -3.59328
0.47 0.11 -3.31921
0.47 0.115 -3.05142
0.47 0.12 -2.78948
0.47 0.125 -2.53299
0.47 0.13 -2.28155
0.47 0.135 -2.03477
0.47 0.14 -1.79228
0.47 0.145 -1.55374
0.47 0.15 -1.31881
0.47 0.155 -1.08714
0.47 0.16 -0.858436
0.47 0.165 -0.632375
0.47 0.17 -0.40866
0.47 0.175 -0.186999
0.47 0.18 0.0328968
0.47 0.185 0.251309
0.47 0.19 0.468516
0.47 0.195 0.684794
0.47 0.2 0.900415
0.475 0 -10.0632
0.475 0.005 -10.0488
0.475 0.01 -10.0115
0.475 0.015 -9.90742
0.475 0.02 -9.55502
0.475 0.025 -9.14729
0.475 0.03 -8.73933
0.475 0.035 -8.33773
0.475 0.04 -7.94366
0.475 0.045 -7.55784
0.475 0.05 -7.18079
0.475 0.055 -6.81288
0.475 0.06 -6.45431
0.475 0.065 -6.10513
0.475 0.07 -5.76528
0.475 0.075 -5.4346
0.475 0.08 -5.11283
0.475 0.085 -4.79967
0.475 0.09 -4.49477
0.475 0.095 -4.19774
0.475 0.1 -3.90819
0.475 0.105 -3.6257
0.475 0.11 -3.34985
0.475 0.115 -3.08024
0.475 0.12 -2.81647
0.475 0.125 -2.55813
0.475 0.13 -2.30484
0.475 0.135 -2.05624
0.475 0.14 -1.81195
0.475 0.145 -1.57164
0.475 0.15 -1.33496
0.475 0.155 -1.10158
0.475 0.16 -0.87118
0.475 0.165 -0.643459
0.475 0.17 -0.41811
0.475 0.175 -0.194837
0.475 0.18 0.0266507
0.475 0.185 0.246639
0.475 0.19 0.46541
0.475 0.195 0.683242
0.475 0.2 0.900415
0.48 0 -10.0632
0.48 0.005 -10.0489
0.48 0.01 -10.012
0.48 0.015 -9.912
0.48 0.02 -9.56502
0.48 0.025 -9.16198
0.48 0.03 -8.75818
0.48 0.035 -8.36021
0.48 0.04 -7.96921
0.48 0.045 -7.58588
0.48 0.05 -7.21078
0.48 0.055 -6.84428
0.48 0.06 -6.48663
0.48 0.065 -6.13792
0.48 0.07 -5.79815
0.48 0.075 -5.4672
0.48 0.08 -5.14487
0.48 0.085 -4.83091
0.48 0.09 -4.52501
0.48 0.095 -4.22683
0.48 0.1 -3.93601
0.48 0.105 -3.65215
0.48 0.11 -3.37488
0.48 0.115 -3.10381
0.48 0.12 -2.83855
0.48 0.125 -2.57871
0.48 0.13 -2.32393
0.48 0.135 -2.07384
0.48 0.14 -1.82809
0.48 0.145 -1.58632
0.48 0.15 -1.34821
0.48 0.155 -1.11342
0.48 0.16 -0.881644
0.48 0.165 -0.652562
0.48 0.17 -0.425872
0.48 0.175 -0.201276
0.48 0.18 0.0215189
0.48 0.185 0.242802
0.48 0.19 0.462857
0.48 0.195 0.681968
0.48 0.2 0.900415
0.485 0 -10.0632
0.485 0.005 -10.0489
0.485 0.01 -10.0123
0.485 0.015 -9.91541
0.485 0.02 -9.57255
0.485 0.025 -9.17309
0.485 0.03 -8.77248
0.485 0.035 -8.37729
0.485 0.04 -7.98866
0.485 0.045 -7.60728
0.485 0.05 -7.2337
0.485 0.055 -6.86833
0.485 0.06 -6.51142
0.485 0.065 -6.16312
0.485 0.07 -5.82345
0.485 0.075 -5.49233
0.485 0.08 -5.16961
0.485 0.085 -4.85506
0.485 0.09 -4.54842
0.485 0.095 -4.24937
0.485 0.1 -3.95758
0.485 0.105 -3.67268
0.485 0.11 -3.39433
0.485 0.115 -3.12213
0.485 0.12 -2.85572
0.485 0.125 -2.59473
0.485 0.13 -2.33879
0.485 0.135 -2.08755
0.485 0.14 -1.84066
0.485 0.145 -1.59776
0.485 0.15 -1.35854
0.485 0.155 -1.12266
0.485 0.16 -0.889805
0.485 0.165 -0.659663
0.485 0.17 -0.431927
0.485 0.175 -0.2063
0.485 0.18 0.0175146
0.485 0.185 0.239807
0.485 0.19 0.460865
0.485 0.195 0.680973
0.485 0.2 0.900415
0.49 0 -10.0632
0.49 0.005 -10.049
0.49 0.01 -10.0126
0.49 0.015 -9.91776
0.49 0.02 -9.5778
0.49 0.025 -9.18086
0.49 0.03 -8.78249
0.49 0.035 -8.38928
0.49 0.04 -8.00233
0.49 0.045 -7.62234
0.49 0.05 -7.24986
0.49 0.055 -6.88531
0.49 0.06 -6.52895
0.49 0.065 -6.18096
0.49 0.07 -5.84138
0.49 0.075 -5.51016
0.49 0.08 -5.18718
0.49 0.085 -4.87223
0.49 0.09 -4.56507
0.49 0.095 -4.26542
0.49 0.1 -3.97295
0.49 0.105 -3.68733
0.49 0.11 -3.4082
0.49 0.115 -3.1352
0.49 0.12 -2.86798
0.49 0.125 -2.60617
0.49 0.13 -2.34941
0.49 0.135 -2.09735
0.49 0.14 -1.84964
0.49 0.145 -1.60595
0.49 0.15 -1.36593
0.49 0.155 -1.12927
0.49 0.16 -0.895646
0.49 0.165 -0.664745
0.49 0.17 -0.436262
0.49 0.175 -0.209897
0.49 0.18 0.0146475
0.49 0.185 0.237663
0.49 0.19 0.459438
0.49 0.195 0.680261
0.49 0.2 0.900415
0.495 0 -10.0632
0.495 0.005 -10.049
0.495 0.01 -10.0127
0.495 0.015 -9.91914
0.495 0.02 -9.58091
0.495 0.025 -9.18546
0.495 0.03 -8.78843
0.495 0.035 -8.39639
0.495 0.04 -8.01045
0.495 0.045 -7.6313
0.495 0.05 -7.25948
0.495 0.055 -6.89541
0.495 0.06 -6.5394
0.495 0.065 -6.1916
0.495 0.07 -5.85208
0.495 0.075 -5.52081
0.495 0.08 -5.19767
0.495 0.085 -4.88249
0.495 0.09 -4.57504
0.495 0.095 -4.27503
0.495 0.1 -3.98216
0.495 0.105 -3.6961
0.495 0.11 -3.41652
0.495 0.115 -3.14305
0.495 0.12 -2.87534
0.495 0.125 -2.61304
0.495 0.13 -2.35579
0.495 0.135 -2.10324
0.495 0.14 -1.85504
0.495 0.145 -1.61086
0.495 0.15 -1.37037
0.495 0.155 -1.13324
0.495 0.16 -0.899156
0.495 0.165 -0.667799
0.495 0.17 -0.438867
0.495 0.175 -0.212058
0.495 0.18 0.0129245
0.495 0.185 0.236374
0.495 0.19 0.458581
0.495 0.195 0.679833
0.495 0.2 0.900415
0.5 0 -10.0632
0.5 0.005 -10.049
0.5 0.01 -10.0128
0.5 0.015 -9.91959
0.5 0.02 -9.58194
0.5 0.025 -9.18699
0.5 0.03 -8.7904
0.5 0.035 -8.39875
0.5 0.04 -8.01314
0.5 0.045 -7.63426
0.5 0.05 -7.26267
0.5 0.055 -6.89877
0.5 0.06 -6.54286
0.5 0.065 -6.19513
0.5 0.07 -5.85564
0.5 0.075 -5.52435
0.5 0.08 -5.20117
0.5 0.085 -4.88591
0.5 0.09 -4.57835
0.5 0.095 -4.27823
0.5 0.1 -3.98522
0.5 0.105 -3.69903
0.5 0.11 -3.41929
0.5 0.115 -3.14566
0.5 0.12 -2.87779
0.5 0.125 -2.61533
0.5 0.13 -2.35791
0.5 0.135 -2.1052
0.5 0.14 -1.85684
0.5 0.145 -1.6125
0.5 0.15 -1.37185
0.5 0.155 -1.13457
0.5 0.16 -0.900326
0.5 0.165 -0.668818
0.5 0.17 -0.439736
0.5 0.175 -0.212779
0.5 0.18 0.0123497
0.5 0.185 0.235944
0.5 0.19 0.458295
0.5 0.195 0.67969
0.5 0.2 0.900415
