0 0 9.999e+19
0 0.005 7.69225e+19
0 0.01 3.56941e+19
0 0.015 9.85553e+18
0 0.02 1.7968e+18
0 0.025 3.70124e+17
0 0.03 1.02944e+17
0 0.035 3.32407e+16
0 0.04 1.14236e+16
0 0.045 4.04947e+15
0 0.05 1.46505e+15
0 0.055 5.39199e+14
0 0.06 2.01845e+14
0 0.065 7.69987e+13
0 0.07 3.0059e+13
0 0.075 1.20987e+13
0 0.08 5.08111e+12
0 0.085 2.26596e+12
0 0.09 1.09325e+12
0 0.095 5.78895e+11
0 0.1 3.37825e+11
0 0.105 2.15591e+11
0 0.11 1.48039e+11
0 0.115 1.07291e+11
0 0.12 8.0615e+10
0 0.125 6.18926e+10
0 0.13 4.80339e+10
0 0.135 3.73923e+10
0 0.14 2.90352e+10
0 0.145 2.23955e+10
0 0.15 1.71002e+10
0 0.155 1.28839e+10
0 0.16 9.54553e+09
0 0.165 6.92496e+09
0 0.17 4.89101e+09
0 0.175 3.33457e+09
0 0.18 2.16432e+09
0 0.185 1.30399e+09
0 0.19 6.90136e+08
0 0.195 2.70526e+08
0 0.2 20935.1
0.005 0 9.999e+19
0.005 0.005 7.69225e+19
0.005 0.01 3.56941e+19
0.005 0.015 9.85554e+18
0.005 0.02 1.79683e+18
0.005 0.025 3.70147e+17
0.005 0.03 1.02959e+17
0.005 0.035 3.32488e+16
0.005 0.04 1.14277e+16
0.005 0.045 4.05149e+15
0.005 0.05 1.46603e+15
0.005 0.055 5.3968e+14
0.005 0.06 2.02091e+14
0.005 0.065 7.71315e+13
0.005 0.07 3.01349e+13
0.005 0.075 1.21445e+13
0.005 0.08 5.11015e+12
0.005 0.085 2.28512e+12
0.005 0.09 1.1062e+12
0.005 0.095 5.87857e+11
0.005 0.1 3.44163e+11
0.005 0.105 2.20171e+11
0.005 0.11 1.51407e+11
0.005 0.115 1.09799e+11
0.005 0.12 8.24951e+10
0.005 0.125 6.33056e+10
0.005 0.13 4.90947e+10
0.005 0.135 3.81858e+10
0.005 0.14 2.96255e+10
0.005 0.145 2.28315e+10
0.005 0.15 1.74192e+10
0.005 0.155 1.31147e+10
0.005 0.16 9.71016e+09
0.005 0.165 7.04024e+09
0.005 0.17 4.96984e+09
0.005 0.175 3.38673e+09
0.005 0.18 2.19726e+09
0.005 0.185 1.32332e+09
0.005 0.19 7.00102e+08
0.005 0.195 2.74315e+08
0.005 0.2 20935.1
0.01 0 9.999e+19
0.01 0.005 7.69225e+19
0.01 0.01 3.56941e+19
0.01 0.015 9.85557e+18
0.01 0.02 1.79691e+18
0.01 0.025 3.70216e+17
0.01 0.03 1.03002e+17
0.01 0.035 3.3273e+16
0.01 0.04 1.14401e+16
0.01 0.045 4.05755e+15
0.01 0.05 1.46897e+15
0.01 0.055 5.41134e+14
0.01 0.06 2.02838e+14
0.01 0.065 7.75358e+13
0.01 0.07 3.03665e+13
0.01 0.075 1.22844e+13
0.01 0.08 5.19904e+12
0.01 0.085 2.34373e+12
0.01 0.09 1.14583e+12
0.01 0.095 6.15252e+11
0.01 0.1 3.63533e+11
0.01 0.105 2.34163e+11
0.01 0.11 1.61693e+11
0.01 0.115 1.17453e+11
0.01 0.12 8.82281e+10
0.01 0.125 6.76098e+10
0.01 0.13 5.2323e+10
0.01 0.135 4.05986e+10
0.01 0.14 3.14191e+10
0.01 0.145 2.41552e+10
0.01 0.15 1.83872e+10
0.01 0.155 1.38147e+10
0.01 0.16 1.02092e+10
0.01 0.165 7.38963e+09
0.01 0.17 5.20866e+09
0.01 0.175 3.54472e+09
0.01 0.18 2.29699e+09
0.01 0.185 1.38185e+09
0.01 0.19 7.30282e+08
0.01 0.195 2.85793e+08
0.01 0.2 20935.1
0.015 0 9.999e+19
0.015 0.005 7.69225e+19
0.015 0.01 3.56941e+19
0.015 0.015 9.85562e+18
0.015 0.02 1.79704e+18
0.015 0.025 3.70329e+17
0.015 0.03 1.03074e+17
0.015 0.035 3.3313e+16
0.015 0.04 1.14606e+16
0.015 0.045 4.06766e+15
0.015 0.05 1.47391e+15
0.015 0.055 5.43594e+14
0.015 0.06 2.04111e+14
0.015 0.065 7.82296e+13
0.015 0.07 3.0766e+13
0.015 0.075 1.25267e+13
0.015 0.08 5.35337e+12
0.015 0.085 2.4454e+12
0.015 0.09 1.21447e+12
0.015 0.095 6.62667e+11
0.015 0.1 3.97046e+11
0.015 0.105 2.58359e+11
0.015 0.11 1.79462e+11
0.015 0.115 1.30654e+11
0.015 0.12 9.80986e+10
0.015 0.125 7.50058e+10
0.015 0.13 5.78594e+10
0.015 0.135 4.47292e+10
0.015 0.14 3.44847e+10
0.015 0.145 2.64145e+10
0.015 0.15 2.00377e+10
0.015 0.155 1.50071e+10
0.015 0.16 1.10586e+10
0.015 0.165 7.98391e+09
0.015 0.17 5.61465e+09
0.015 0.175 3.8132e+09
0.015 0.18 2.4664e+09
0.015 0.185 1.48123e+09
0.015 0.19 7.81514e+08
0.015 0.195 3.05275e+08
0.015 0.2 20935.1
0.02 0 9.999e+19
0.02 0.005 7.69225e+19
0.02 0.01 3.56941e+19
0.02 0.015 9.8557e+18
0.02 0.02 1.79722e+18
0.02 0.025 3.70486e+17
0.02 0.03 1.03174e+17
0.02 0.035 3.33685e+16
0.02 0.04 1.14892e+16
0.02 0.045 4.08185e+15
0.02 0.05 1.48091e+15
0.02 0.055 5.47116e+14
0.02 0.06 2.05955e+14
0.02 0.065 7.92446e+13
0.02 0.07 3.13547e+13
0.02 0.075 1.28853e+13
0.02 0.08 5.58291e+12
0.02 0.085 2.59641e+12
0.02 0.09 1.31627e+12
0.02 0.095 7.3292e+11
0.02 0.1 4.46671e+11
0.02 0.105 2.94154e+11
0.02 0.11 2.05705e+11
0.02 0.115 1.50104e+11
0.02 0.12 1.126e+11
0.02 0.125 8.58397e+10
0.02 0.13 6.59465e+10
0.02 0.135 5.07473e+10
0.02 0.14 3.8941e+10
0.02 0.145 2.96924e+10
0.02 0.15 2.24283e+10
0.02 0.155 1.67318e+10
0.02 0.16 1.22858e+10
0.02 0.165 8.84171e+09
0.02 0.17 6.20021e+09
0.02 0.175 4.20015e+09
0.02 0.18 2.71041e+09
0.02 0.185 1.62431e+09
0.02 0.19 8.55222e+08
0.02 0.195 3.33286e+08
0.02 0.2 20935.1
0.025 0 9.999e+19
0.025 0.005 7.69225e+19
0.025 0.01 3.56941e+19
0.025 0.015 9.85581e+18
0.025 0.02 1.79745e+18
0.025 0.025 3.70683e+17
0.025 0.03 1.03299e+17
0.025 0.035 3.34387e+16
0.025 0.04 1.15257e+16
0.025 0.045 4.10014e+15
0.025 0.05 1.49005e+15
0.025 0.055 5.51789e+14
0.025 0.06 2.08439e+14
0.025 0.065 8.06292e+13
0.025 0.07 3.21653e+13
0.025 0.075 1.33822e+13
0.025 0.08 5.90162e+12
0.025 0.085 2.80598e+12
0.025 0.09 1.45741e+12
0.025 0.095 8.30264e+11
0.025 0.1 5.15378e+11
0.025 0.105 3.43635e+11
0.025 0.11 2.4189e+11
0.025 0.115 1.76834e+11
0.025 0.12 1.32455e+11
0.025 0.125 1.00618e+11
0.025 0.13 7.69385e+10
0.025 0.135 5.89003e+10
0.025 0.14 4.49609e+10
0.025 0.145 3.41095e+10
0.025 0.15 2.5643e+10
0.025 0.155 1.9047e+10
0.025 0.16 1.3931e+10
0.025 0.165 9.99024e+09
0.025 0.17 6.98343e+09
0.025 0.175 4.71725e+09
0.025 0.18 3.03623e+09
0.025 0.185 1.81518e+09
0.025 0.19 9.53475e+08
0.025 0.195 3.70586e+08
0.025 0.2 20935.1
0.03 0 9.999e+19
0.03 0.005 7.69225e+19
0.03 0.01 3.56942e+19
0.03 0.015 9.85595e+18
0.03 0.02 1.79773e+18
0.03 0.025 3.70917e+17
0.03 0.03 1.03448e+17
0.03 0.035 3.35227e+16
0.03 0.04 1.15698e+16
0.03 0.045 4.12257e+15
0.03 0.05 1.50147e+15
0.03 0.055 5.57739e+14
0.03 0.06 2.1166e+14
0.03 0.065 8.24524e+13
0.03 0.07 3.32442e+13
0.03 0.075 1.40496e+13
0.03 0.08 6.3294e+12
0.03 0.085 3.08721e+12
0.03 0.09 1.64669e+12
0.03 0.095 9.60716e+11
0.03 0.1 6.0734e+11
0.03 0.105 4.09714e+11
0.03 0.11 2.90049e+11
0.03 0.115 2.12261e+11
0.03 0.12 1.58653e+11
0.03 0.125 1.2003e+11
0.03 0.13 9.13157e+10
0.03 0.135 6.95238e+10
0.03 0.14 5.27788e+10
0.03 0.145 3.98297e+10
0.03 0.15 2.97961e+10
0.03 0.155 2.20321e+10
0.03 0.16 1.60484e+10
0.03 0.165 1.14665e+10
0.03 0.17 7.98888e+09
0.03 0.175 5.38035e+09
0.03 0.18 3.45361e+09
0.03 0.185 2.05946e+09
0.03 0.19 1.07907e+09
0.03 0.195 4.18204e+08
0.03 0.2 20935.1
0.035 0 9.999e+19
0.035 0.005 7.69225e+19
0.035 0.01 3.56942e+19
0.035 0.015 9.85611e+18
0.035 0.02 1.79805e+18
0.035 0.025 3.7118e+17
0.035 0.03 1.03616e+17
0.035 0.035 3.36187e+16
0.035 0.04 1.1621e+16
0.035 0.045 4.14918e+15
0.035 0.05 1.51535e+15
0.035 0.055 5.65147e+14
0.035 0.06 2.15758e+14
0.035 0.065 8.48103e+13
0.035 0.07 3.46557e+13
0.035 0.075 1.49316e+13
0.035 0.08 6.89453e+12
0.035 0.085 3.45828e+12
0.035 0.09 1.8962e+12
0.035 0.095 1.1325e+12
0.035 0.1 7.28209e+11
0.035 0.105 4.96292e+11
0.035 0.11 3.52882e+11
0.035 0.115 2.58256e+11
0.035 0.12 1.9249e+11
0.035 0.125 1.44975e+11
0.035 0.13 1.09706e+11
0.035 0.135 8.30555e+10
0.035 0.14 6.27005e+10
0.035 0.145 4.70663e+10
0.035 0.15 3.50364e+10
0.035 0.155 2.57903e+10
0.035 0.16 1.87094e+10
0.035 0.165 1.33186e+10
0.035 0.17 9.24867e+09
0.035 0.175 6.21015e+09
0.035 0.18 3.97531e+09
0.035 0.185 2.36441e+09
0.035 0.19 1.23567e+09
0.035 0.195 4.77477e+08
0.035 0.2 20935.1
0.04 0 9.999e+19
0.04 0.005 7.69225e+19
0.04 0.01 3.56942e+19
0.04 0.015 9.85632e+18
0.04 0.02 1.7984e+18
0.04 0.025 3.71462e+17
0.04 0.03 1.03799e+17
0.04 0.035 3.37245e+16
0.04 0.04 1.16787e+16
0.04 0.045 4.18005e+15
0.04 0.05 1.53193e+15
0.04 0.055 5.74263e+14
0.04 0.06 2.20922e+14
0.04 0.065 8.78343e+13
0.04 0.07 3.64887e+13
0.04 0.075 1.60829e+13
0.04 0.08 7.63352e+12
0.04 0.085 3.94338e+12
0.04 0.09 2.22213e+12
0.04 0.095 1.35658e+12
0.04 0.1 8.85466e+11
0.04 0.105 6.0849e+11
0.04 0.11 4.33901e+11
0.04 0.115 3.17235e+11
0.04 0.12 2.35633e+11
0.04 0.125 1.7661e+11
0.04 0.13 1.32911e+11
0.04 0.135 1.00054e+11
0.04 0.14 7.51164e+10
0.04 0.145 5.60923e+10
0.04 0.15 4.15541e+10
0.04 0.155 3.04536e+10
0.04 0.16 2.20047e+10
0.04 0.165 1.56084e+10
0.04 0.17 1.08038e+10
0.04 0.175 7.23311e+09
0.04 0.18 4.61759e+09
0.04 0.185 2.73935e+09
0.04 0.19 1.42791e+09
0.04 0.195 5.5011e+08
0.04 0.2 20935.1
0.045 0 9.999e+19
0.045 0.005 7.69225e+19
0.045 0.01 3.56943e+19
0.045 0.015 9.85657e+18
0.045 0.02 1.79877e+18
0.045 0.025 3.71749e+17
0.045 0.03 1.03987e+17
0.045 0.035 3.38364e+16
0.045 0.04 1.17421e+16
0.045 0.045 4.21526e+15
0.045 0.05 1.5516e+15
0.045 0.055 5.85436e+14
0.045 0.06 2.27414e+14
0.045 0.065 9.17043e+13
0.045 0.07 3.88685e+13
0.045 0.075 1.75806e+13
0.045 0.08 8.59564e+12
0.045 0.085 4.57482e+12
0.045 0.09 2.646e+12
0.045 0.095 1.64741e+12
0.045 0.1 1.08888e+12
0.045 0.105 7.52932e+11
0.045 0.11 5.3762e+11
0.045 0.115 3.92284e+11
0.045 0.12 2.90204e+11
0.045 0.125 2.16398e+11
0.045 0.13 1.61946e+11
0.045 0.135 1.21227e+11
0.045 0.14 9.05197e+10
0.045 0.145 6.72522e+10
0.045 0.15 4.95897e+10
0.045 0.155 3.6189e+10
0.045 0.16 2.60492e+10
0.045 0.165 1.84139e+10
0.045 0.17 1.27061e+10
0.045 0.175 8.4826e+09
0.045 0.18 5.40098e+09
0.045 0.185 3.19598e+09
0.045 0.19 1.66164e+09
0.045 0.195 6.38244e+08
0.045 0.2 20935.1
0.05 0 9.999e+19
0.05 0.005 7.69225e+19
0.05 0.01 3.56944e+19
0.05 0.015 9.85687e+18
0.05 0.02 1.79914e+18
0.05 0.025 3.72016e+17
0.05 0.03 1.04167e+17
0.05 0.035 3.39492e+16
0.05 0.04 1.18096e+16
0.05 0.045 4.25496e+15
0.05 0.05 1.57487e+15
0.05 0.055 5.99149e+14
0.05 0.06 2.35592e+14
0.05 0.065 9.66634e+13
0.05 0.07 4.19557e+13
0.05 0.075 1.95278e+13
0.05 0.08 9.84675e+12
0.05 0.085 5.39553e+12
0.05 0.09 3.19617e+12
0.05 0.095 2.0239e+12
0.05 0.1 1.3511e+12
0.05 0.105 9.38131e+11
0.05 0.11 6.69793e+11
0.05 0.115 4.8732e+11
0.05 0.12 3.58883e+11
0.05 0.125 2.66185e+11
0.05 0.13 1.98089e+11
0.05 0.135 1.47463e+11
0.05 0.14 1.09531e+11
0.05 0.145 8.09793e+10
0.05 0.15 5.94452e+10
0.05 0.155 4.32062e+10
0.05 0.16 3.09873e+10
0.05 0.165 2.18329e+10
0.05 0.17 1.50206e+10
0.05 0.175 1.00005e+10
0.05 0.18 6.35119e+09
0.05 0.185 3.74895e+09
0.05 0.19 1.94419e+09
0.05 0.195 7.4455e+08
0.05 0.2 20935.1
0.055 0 9.999e+19
0.055 0.005 7.69225e+19
0.055 0.01 3.56945e+19
0.055 0.015 9.85722e+18
0.055 0.02 1.79946e+18
0.055 0.025 3.72225e+17
0.055 0.03 1.0432e+17
0.055 0.035 3.40553e+16
0.055 0.04 1.18795e+16
0.055 0.045 4.2994e+15
0.055 0.05 1.60247e+15
0.055 0.055 6.16074e+14
0.055 0.06 2.45945e+14
0.055 0.065 1.03057e+14
0.055 0.07 4.59536e+13
0.055 0.075 2.20575e+13
0.055 0.08 1.14735e+13
0.055 0.085 6.462e+12
0.055 0.09 3.90976e+12
0.055 0.095 2.51055e+12
0.055 0.1 1.6884e+12
0.055 0.105 1.17497e+12
0.055 0.11 8.3774e+11
0.055 0.115 6.073e+11
0.055 0.12 4.45053e+11
0.055 0.125 3.28295e+11
0.055 0.13 2.42949e+11
0.055 0.135 1.79879e+11
0.055 0.14 1.32929e+11
0.055 0.145 9.78176e+10
0.055 0.15 7.15e+10
0.055 0.155 5.17683e+10
0.055 0.16 3.69997e+10
0.055 0.165 2.59879e+10
0.055 0.17 1.78287e+10
0.055 0.175 1.18391e+10
0.055 0.18 7.5003e+09
0.055 0.185 4.41653e+09
0.055 0.19 2.28464e+09
0.055 0.195 8.72345e+08
0.055 0.2 20935.1
0.06 0 9.999e+19
0.06 0.005 7.69226e+19
0.06 0.01 3.56948e+19
0.06 0.015 9.85765e+18
0.06 0.02 1.79966e+18
0.06 0.025 3.72316e+17
0.06 0.03 1.04415e+17
0.06 0.035 3.41432e+16
0.06 0.04 1.19491e+16
0.06 0.045 4.34898e+15
0.06 0.05 1.63545e+15
0.06 0.055 6.37139e+14
0.06 0.06 2.59144e+14
0.06 0.065 1.11345e+14
0.06 0.07 5.11528e+13
0.06 0.075 2.53506e+13
0.06 0.08 1.35908e+13
0.06 0.085 7.84857e+12
0.06 0.09 4.83517e+12
0.06 0.095 3.13907e+12
0.06 0.1 2.1217e+12
0.06 0.105 1.47732e+12
0.06 0.11 1.05076e+12
0.06 0.115 7.58502e+11
0.06 0.12 5.52989e+11
0.06 0.125 4.05663e+11
0.06 0.13 2.98551e+11
0.06 0.135 2.19883e+11
0.06 0.14 1.61694e+11
0.06 0.145 1.18451e+11
0.06 0.15 8.62302e+10
0.06 0.155 6.22053e+10
0.06 0.16 4.43131e+10
0.06 0.165 3.10325e+10
0.06 0.17 2.12319e+10
0.06 0.175 1.40636e+10
0.06 0.18 8.88829e+09
0.06 0.185 5.22143e+09
0.06 0.19 2.69429e+09
0.06 0.195 1.02574e+09
0.06 0.2 20935.1
0.065 0 9.999e+19
0.065 0.005 7.69227e+19
0.065 0.01 3.56951e+19
0.065 0.015 9.85813e+18
0.065 0.02 1.79964e+18
0.065 0.025 3.72193e+17
0.065 0.03 1.04406e+17
0.065 0.035 3.41959e+16
0.065 0.04 1.20146e+16
0.065 0.045 4.40438e+15
0.065 0.05 1.67533e+15
0.065 0.055 6.63628e+14
0.065 0.06 2.76117e+14
0.065 0.065 1.22093e+14
0.065 0.07 5.7923e+13
0.065 0.075 2.96434e+13
0.065 0.08 1.635e+13
0.065 0.085 9.65242e+12
0.065 0.09 6.03522e+12
0.065 0.095 3.95036e+12
0.065 0.1 2.67781e+12
0.065 0.105 1.86293e+12
0.065 0.11 1.32068e+12
0.065 0.115 9.489e+11
0.065 0.12 6.88111e+11
0.065 0.125 5.02001e+11
0.065 0.13 3.67458e+11
0.065 0.135 2.69252e+11
0.065 0.14 1.97064e+11
0.065 0.145 1.43742e+11
0.065 0.15 1.04236e+11
0.065 0.155 7.49321e+10
0.065 0.16 5.32121e+10
0.065 0.165 3.71589e+10
0.065 0.17 2.53576e+10
0.065 0.175 1.67556e+10
0.065 0.18 1.0565e+10
0.065 0.185 6.19193e+09
0.065 0.19 3.18716e+09
0.065 0.195 1.20984e+09
0.065 0.2 20935.1
0.07 0 9.999e+19
0.07 0.005 7.69229e+19
0.07 0.01 3.56956e+19
0.07 0.015 9.85863e+18
0.07 0.02 1.79916e+18
0.07 0.025 3.71685e+17
0.07 0.03 1.04215e+17
0.07 0.035 3.4187e+16
0.07 0.04 1.20708e+16
0.07 0.045 4.46669e+15
0.07 0.05 1.72423e+15
0.07 0.055 6.97325e+14
0.07 0.06 2.9817e+14
0.07 0.065 1.361e+14
0.07 0.07 6.67596e+13
0.07 0.075 3.52479e+13
0.07 0.08 1.99492e+13
0.07 0.085 1.20001e+13
0.07 0.09 7.59128e+12
0.07 0.095 4.99708e+12
0.07 0.1 3.39112e+12
0.07 0.105 2.35449e+12
0.07 0.11 1.66263e+12
0.07 0.115 1.18866e+12
0.07 0.12 8.57323e+11
0.07 0.125 6.22038e+11
0.07 0.13 4.52929e+11
0.07 0.135 3.30245e+11
0.07 0.14 2.40609e+11
0.07 0.145 1.74781e+11
0.07 0.15 1.26274e+11
0.07 0.155 9.04719e+10
0.07 0.16 6.40545e+10
0.07 0.165 4.46084e+10
0.07 0.17 3.03649e+10
0.07 0.175 2.00171e+10
0.07 0.18 1.25926e+10
0.07 0.185 7.36319e+09
0.07 0.19 3.78067e+09
0.07 0.195 1.43095e+09
0.07 0.2 20935.1
0.075 0 9.999e+19
0.075 0.005 7.69232e+19
0.075 0.01 3.56964e+19
0.075 0.015 9.85907e+18
0.075 0.02 1.79779e+18
0.075 0.025 3.70488e+17
0.075 0.03 1.0371e+17
0.075 0.035 3.40756e+16
0.075 0.04 1.21102e+16
0.075 0.045 4.53767e+15
0.075 0.05 1.78519e+15
0.075 0.055 7.40707e+14
0.075 0.06 3.26855e+14
0.075 0.065 1.54391e+14
0.075 0.07 7.83101e+13
0.075 0.075 4.25724e+13
0.075 0.08 2.46466e+13
0.075 0.085 1.50559e+13
0.075 0.09 9.60848e+12
0.075 0.095 6.34712e+12
0.075 0.1 4.30589e+12
0.075 0.105 2.98112e+12
0.075 0.11 2.09599e+12
0.075 0.115 1.49083e+12
0.075 0.12 1.06947e+12
0.075 0.125 7.71824e+11
0.075 0.13 5.59129e+11
0.075 0.135 4.05741e+11
0.075 0.14 2.94326e+11
0.075 0.145 2.12956e+11
0.075 0.15 1.53305e+11
0.075 0.155 1.09486e+11
0.075 0.16 7.72919e+10
0.075 0.165 5.36849e+10
0.075 0.17 3.64539e+10
0.075 0.175 2.39755e+10
0.075 0.18 1.50487e+10
0.075 0.185 8.77907e+09
0.075 0.19 4.49648e+09
0.075 0.195 1.6969e+09
0.075 0.2 20935.1
0.08 0 9.999e+19
0.08 0.005 7.69237e+19
0.08 0.01 3.56975e+19
0.08 0.015 9.85912e+18
0.08 0.02 1.79459e+18
0.08 0.025 3.67997e+17
0.08 0.03 1.02663e+17
0.08 0.035 3.37972e+16
0.08 0.04 1.21225e+16
0.08 0.045 4.62007e+15
0.08 0.05 1.86253e+15
0.08 0.055 7.9728e+14
0.08 0.06 3.64333e+14
0.08 0.065 1.78312e+14
0.08 0.07 9.34192e+13
0.08 0.075 5.2148e+13
0.08 0.08 3.07774e+13
0.08 0.085 1.90325e+13
0.08 0.09 1.22227e+13
0.08 0.095 8.08812e+12
0.08 0.1 5.47924e+12
0.08 0.105 3.78046e+12
0.08 0.11 2.64581e+12
0.08 0.115 1.87223e+12
0.08 0.12 1.33597e+12
0.08 0.125 9.59154e+11
0.08 0.13 6.91415e+11
0.08 0.135 4.99439e+11
0.08 0.14 3.60772e+11
0.08 0.145 2.60036e+11
0.08 0.15 1.86551e+11
0.08 0.155 1.32815e+11
0.08 0.16 9.34953e+10
0.08 0.165 6.47714e+10
0.08 0.17 4.38762e+10
0.08 0.175 2.8791e+10
0.08 0.18 1.80305e+10
0.08 0.185 1.04943e+10
0.08 0.19 5.36151e+09
0.08 0.195 2.01742e+09
0.08 0.2 20935.1
0.085 0 9.999e+19
0.085 0.005 7.69247e+19
0.085 0.01 3.56991e+19
0.085 0.015 9.85773e+18
0.085 0.02 1.78713e+18
0.085 0.025 3.62919e+17
0.085 0.03 1.00657e+17
0.085 0.035 3.32518e+16
0.085 0.04 1.20939e+16
0.085 0.045 4.71811e+15
0.085 0.05 1.96225e+15
0.085 0.055 8.71019e+14
0.085 0.06 4.13311e+14
0.085 0.065 2.09589e+14
0.085 0.07 1.13175e+14
0.085 0.075 6.46601e+13
0.085 0.08 3.87745e+13
0.085 0.085 2.42046e+13
0.085 0.09 1.56099e+13
0.085 0.095 1.03337e+13
0.085 0.1 6.98531e+12
0.085 0.105 4.8014e+12
0.085 0.11 3.34464e+12
0.085 0.115 2.35473e+12
0.085 0.12 1.67163e+12
0.085 0.125 1.19413e+12
0.085 0.13 8.56714e+11
0.085 0.135 6.16107e+11
0.085 0.14 4.43239e+11
0.085 0.145 3.18291e+11
0.085 0.15 2.27575e+11
0.085 0.155 1.61525e+11
0.085 0.16 1.1339e+11
0.085 0.165 7.83523e+10
0.085 0.17 5.29489e+10
0.085 0.175 3.46648e+10
0.085 0.18 2.16598e+10
0.085 0.185 1.25772e+10
0.085 0.19 6.40937e+09
0.085 0.195 2.40459e+09
0.085 0.2 20935.1
0.09 0 9.999e+19
0.09 0.005 7.69261e+19
0.09 0.01 3.57007e+19
0.09 0.015 9.85028e+18
0.09 0.02 1.76777e+18
0.09 0.025 3.52268e+17
0.09 0.03 9.69487e+16
0.09 0.035 3.22948e+16
0.09 0.04 1.20089e+16
0.09 0.045 4.83865e+15
0.09 0.05 2.09228e+15
0.09 0.055 9.67278e+14
0.09 0.06 4.77227e+14
0.09 0.065 2.50412e+14
0.09 0.07 1.38966e+14
0.09 0.075 8.09872e+13
0.09 0.08 4.9195e+13
0.09 0.085 3.09275e+13
0.09 0.09 1.99982e+13
0.09 0.095 1.32318e+13
0.09 0.1 8.92092e+12
0.09 0.105 6.10787e+12
0.09 0.11 4.23507e+12
0.09 0.115 2.96695e+12
0.09 0.12 2.09581e+12
0.09 0.125 1.48993e+12
0.09 0.13 1.06404e+12
0.09 0.135 7.61927e+11
0.09 0.14 5.45974e+11
0.09 0.145 3.90641e+11
0.09 0.15 2.78377e+11
0.09 0.155 1.96984e+11
0.09 0.16 1.37897e+11
0.09 0.165 9.5042e+10
0.09 0.17 6.40726e+10
0.09 0.175 4.18502e+10
0.09 0.18 2.60895e+10
0.09 0.185 1.51134e+10
0.09 0.19 7.68198e+09
0.09 0.195 2.87347e+09
0.09 0.2 20935.1
0.095 0 9.999e+19
0.095 0.005 7.69168e+19
0.095 0.01 3.56852e+19
0.095 0.015 9.80145e+18
0.095 0.02 1.70695e+18
0.095 0.025 3.2906e+17
0.095 0.03 9.0335e+16
0.095 0.035 3.07551e+16
0.095 0.04 1.18589e+16
0.095 0.045 4.99372e+15
0.095 0.05 2.26114e+15
0.095 0.055 1.09229e+15
0.095 0.06 5.60257e+14
0.095 0.065 3.03503e+14
0.095 0.07 1.72542e+14
0.095 0.075 1.02249e+14
0.095 0.08 6.27554e+13
0.095 0.085 3.96614e+13
0.095 0.09 2.56852e+13
0.095 0.095 1.69763e+13
0.095 0.1 1.14132e+13
0.095 0.105 7.78403e+12
0.095 0.11 5.37323e+12
0.095 0.115 3.74656e+12
0.095 0.12 2.63395e+12
0.095 0.125 1.86382e+12
0.095 0.13 1.32516e+12
0.095 0.135 9.4495e+11
0.095 0.14 6.74491e+11
0.095 0.145 4.80859e+11
0.095 0.15 3.41533e+11
0.095 0.155 2.40938e+11
0.095 0.16 1.68193e+11
0.095 0.165 1.15621e+11
0.095 0.17 7.77548e+10
0.095 0.175 5.06671e+10
0.095 0.18 3.15119e+10
0.095 0.185 1.82103e+10
0.095 0.19 9.23176e+09
0.095 0.195 3.44282e+09
0.095 0.2 20935.1
0.1 0 9.999e+19
0.1 0.005 7.61754e+19
0.1 0.01 3.50676e+19
0.1 0.015 9.29241e+18
0.1 0.02 1.48234e+18
0.1 0.025 2.79356e+17
0.1 0.03 7.9448e+16
0.1 0.035 2.85363e+16
0.1 0.04 1.16616e+16
0.1 0.045 5.199e+15
0.1 0.05 2.48009e+15
0.1 0.055 1.25354e+15
0.1 0.06 6.67462e+14
0.1 0.065 3.72217e+14
0.1 0.07 2.16097e+14
0.1 0.075 1.29869e+14
0.1 0.08 8.03772e+13
0.1 0.085 5.10043e+13
0.1 0.09 3.30604e+13
0.1 0.095 2.1822e+13
0.1 0.1 1.46303e+13
0.1 0.105 9.9413e+12
0.1 0.11 6.8334e+12
0.1 0.115 4.74339e+12
0.1 0.12 3.31965e+12
0.1 0.125 2.33856e+12
0.1 0.13 1.65553e+12
0.1 0.135 1.1757e+12
0.1 0.14 8.35966e+11
0.1 0.145 5.93834e+11
0.1 0.15 4.20365e+11
0.1 0.155 2.95634e+11
0.1 0.16 2.05783e+11
0.1 0.165 1.41084e+11
0.1 0.17 9.4639e+10
0.1 0.175 6.15195e+10
0.1 0.18 3.81693e+10
0.1 0.185 2.20027e+10
0.1 0.19 1.11243e+10
0.1 0.195 4.13608e+09
0.1 0.2 20935.1
0.105 0 5.62197e+19
0.105 0.005 3.71161e+19
0.105 0.01 1.66631e+19
0.105 0.015 4.26656e+18
0.105 0.02 7.89314e+17
0.105 0.025 1.92451e+17
0.105 0.03 6.4559e+16
0.105 0.035 2.58593e+16
0.105 0.04 1.14881e+16
0.105 0.045 5.47987e+15
0.105 0.05 2.76257e+15
0.105 0.055 1.45991e+15
0.105 0.06 8.04929e+14
0.105 0.065 4.60669e+14
0.105 0.07 2.7237e+14
0.105 0.075 1.65654e+14
0.105 0.08 1.03248e+14
0.105 0.085 6.57351e+13
0.105 0.09 4.26354e+13
0.105 0.095 2.81064e+13
0.105 0.1 1.87953e+13
0.105 0.105 1.27278e+13
0.105 0.11 8.71442e+12
0.105 0.115 6.02366e+12
0.105 0.12 4.19746e+12
0.105 0.125 2.94421e+12
0.105 0.13 2.07553e+12
0.105 0.135 1.468e+12
0.105 0.14 1.03977e+12
0.105 0.145 7.35923e+11
0.105 0.15 5.19173e+11
0.105 0.155 3.63964e+11
0.105 0.16 2.52596e+11
0.105 0.165 1.72698e+11
0.105 0.17 1.15543e+11
0.105 0.175 7.49189e+10
0.105 0.18 4.63672e+10
0.105 0.185 2.66599e+10
0.105 0.19 1.34418e+10
0.105 0.195 4.98253e+09
0.105 0.2 20935.1
0.11 0 1.46098e+19
0.11 0.005 5.34958e+18
0.11 0.01 2.44835e+18
0.11 0.015 9.06213e+17
0.11 0.02 3.16566e+17
0.11 0.025 1.20614e+17
0.11 0.03 5.11399e+16
0.11 0.035 2.35172e+16
0.11 0.04 1.14818e+16
0.11 0.045 5.87495e+15
0.11 0.05 3.12546e+15
0.11 0.055 1.72227e+15
0.11 0.06 9.8e+14
0.11 0.065 5.73884e+14
0.11 0.07 3.44776e+14
0.11 0.075 2.119e+14
0.11 0.08 1.32898e+14
0.11 0.085 8.48704e+13
0.11 0.09 5.50843e+13
0.11 0.095 3.6276e+13
0.11 0.1 2.42046e+13
0.11 0.105 1.63409e+13
0.11 0.11 1.1148e+13
0.11 0.115 7.67558e+12
0.11 0.12 5.32659e+12
0.11 0.125 3.72064e+12
0.11 0.13 2.61202e+12
0.11 0.135 1.83999e+12
0.11 0.14 1.29818e+12
0.11 0.145 9.15408e+11
0.11 0.15 6.4353e+11
0.11 0.155 4.49658e+11
0.11 0.16 3.11107e+11
0.11 0.165 2.12086e+11
0.11 0.17 1.41508e+11
0.11 0.175 9.15138e+10
0.11 0.18 5.64912e+10
0.11 0.185 3.23951e+10
0.11 0.19 1.62875e+10
0.11 0.195 6.01883e+09
0.11 0.2 20935.1
0.115 0 7.64903e+18
0.115 0.005 1.48163e+18
0.115 0.01 6.86454e+17
0.115 0.015 3.48774e+17
0.115 0.02 1.72986e+17
0.115 0.025 8.54036e+16
0.115 0.03 4.29718e+16
0.115 0.035 2.22087e+16
0.115 0.04 1.17956e+16
0.115 0.045 6.42836e+15
0.115 0.05 3.58951e+15
0.115 0.055 2.05312e+15
0.115 0.06 1.20131e+15
0.115 0.065 7.17941e+14
0.115 0.07 4.37546e+14
0.115 0.075 2.71511e+14
0.115 0.08 1.71298e+14
0.115 0.085 1.09735e+14
0.115 0.09 7.12937e+13
0.115 0.095 4.69229e+13
0.115 0.1 3.12531e+13
0.115 0.105 2.10441e+13
0.115 0.11 1.43101e+13
0.115 0.115 9.81678e+12
0.115 0.12 6.78588e+12
0.115 0.125 4.72078e+12
0.115 0.13 3.30059e+12
0.115 0.135 2.31561e+12
0.115 0.14 1.62728e+12
0.115 0.145 1.1431e+12
0.115 0.15 8.00676e+11
0.115 0.155 5.57538e+11
0.115 0.16 3.84499e+11
0.115 0.165 2.61322e+11
0.115 0.17 1.73858e+11
0.115 0.175 1.12126e+11
0.115 0.18 6.90289e+10
0.115 0.185 3.94768e+10
0.115 0.19 1.97906e+10
0.115 0.195 7.29086e+09
0.115 0.2 20935.1
0.12 0 6.68099e+18
0.12 0.005 1.07285e+18
0.12 0.01 4.43202e+17
0.12 0.015 2.31644e+17
0.12 0.02 1.27398e+17
0.12 0.025 7.06263e+16
0.12 0.03 3.9323e+16
0.12 0.035 2.20605e+16
0.12 0.04 1.25062e+16
0.12 0.045 7.17633e+15
0.12 0.05 4.17589e+15
0.12 0.055 2.46633e+15
0.12 0.06 1.47884e+15
0.12 0.065 9.00105e+14
0.12 0.07 5.55883e+14
0.12 0.075 3.48137e+14
0.12 0.08 2.20967e+14
0.12 0.085 1.42048e+14
0.12 0.09 9.24256e+13
0.12 0.095 6.08284e+13
0.12 0.1 4.04645e+13
0.12 0.105 2.71876e+13
0.12 0.11 1.84351e+13
0.12 0.115 1.26041e+13
0.12 0.12 8.6803e+12
0.12 0.125 6.01491e+12
0.12 0.13 4.18834e+12
0.12 0.135 2.92643e+12
0.12 0.14 2.04822e+12
0.12 0.145 1.43313e+12
0.12 0.15 1.00002e+12
0.12 0.155 6.93842e+11
0.12 0.16 4.7687e+11
0.12 0.165 3.23063e+11
0.12 0.17 2.14284e+11
0.12 0.175 1.378e+11
0.12 0.18 8.45962e+10
0.12 0.185 4.82428e+10
0.12 0.19 2.41136e+10
0.12 0.195 8.85608e+09
0.12 0.2 20935.1
0.125 0 6.28925e+18
0.125 0.005 9.95443e+17
0.125 0.01 3.86842e+17
0.125 0.015 1.98827e+17
0.125 0.02 1.1244e+17
0.125 0.025 6.56156e+16
0.125 0.03 3.86842e+16
0.125 0.035 2.29108e+16
0.125 0.04 1.36239e+16
0.125 0.045 8.14416e+15
0.125 0.05 4.90258e+15
0.125 0.055 2.97615e+15
0.125 0.06 1.82379e+15
0.125 0.065 1.12891e+15
0.125 0.07 7.06092e+14
0.125 0.075 4.46314e+14
0.125 0.08 2.85096e+14
0.125 0.085 1.84018e+14
0.125 0.09 1.19991e+14
0.125 0.095 7.90177e+13
0.125 0.1 5.25304e+13
0.125 0.105 3.52365e+13
0.125 0.11 2.38347e+13
0.125 0.115 1.62462e+13
0.125 0.12 1.11494e+13
0.125 0.125 7.69636e+12
0.125 0.13 5.33763e+12
0.125 0.135 3.71407e+12
0.125 0.14 2.58875e+12
0.125 0.145 1.80396e+12
0.125 0.15 1.25382e+12
0.125 0.155 8.6664e+11
0.125 0.16 5.93495e+11
0.125 0.165 4.00712e+11
0.125 0.17 2.6494e+11
0.125 0.175 1.69858e+11
0.125 0.18 1.03971e+11
0.125 0.185 5.91186e+10
0.125 0.19 2.94603e+10
0.125 0.195 1.07864e+10
0.125 0.2 20935.1
0.13 0 6.00094e+18
0.13 0.005 9.86893e+17
0.13 0.01 3.76691e+17
0.13 0.015 1.91574e+17
0.13 0.02 1.09382e+17
0.13 0.025 6.54944e+16
0.13 0.03 3.99614e+16
0.13 0.035 2.45518e+16
0.13 0.04 1.51273e+16
0.13 0.045 9.34091e+15
0.13 0.05 5.78475e+15
0.13 0.055 3.59709e+15
0.13 0.06 2.24845e+15
0.13 0.065 1.41419e+15
0.13 0.07 8.95685e+14
0.13 0.075 5.71584e+14
0.13 0.08 3.67668e+14
0.13 0.085 2.38449e+14
0.13 0.09 1.55935e+14
0.13 0.095 1.02825e+14
0.13 0.1 6.83578e+13
0.13 0.105 4.58036e+13
0.13 0.11 3.09212e+13
0.13 0.115 2.10196e+13
0.13 0.12 1.43783e+13
0.13 0.125 9.88871e+12
0.13 0.13 6.83086e+12
0.13 0.135 4.7334e+12
0.13 0.14 3.28532e+12
0.13 0.145 2.27974e+12
0.13 0.15 1.57798e+12
0.13 0.155 1.08638e+12
0.13 0.16 7.41163e+11
0.13 0.165 4.98625e+11
0.13 0.17 3.28568e+11
0.13 0.175 2.09981e+11
0.13 0.18 1.28138e+11
0.13 0.185 7.26395e+10
0.13 0.19 3.60864e+10
0.13 0.195 1.3172e+10
0.13 0.2 20935.1
0.135 0 5.74946e+18
0.135 0.005 9.98274e+17
0.135 0.01 3.82542e+17
0.135 0.015 1.94399e+17
0.135 0.02 1.11786e+17
0.135 0.025 6.80467e+16
0.135 0.03 4.24946e+16
0.135 0.035 2.68181e+16
0.135 0.04 1.69877e+16
0.135 0.045 1.07731e+16
0.135 0.05 6.83676e+15
0.135 0.055 4.3441e+15
0.135 0.06 2.76624e+15
0.135 0.065 1.76707e+15
0.135 0.07 1.13344e+15
0.135 0.075 7.30601e+14
0.135 0.08 4.73574e+14
0.135 0.085 3.0885e+14
0.135 0.09 2.02729e+14
0.135 0.095 1.33964e+14
0.135 0.1 8.91241e+13
0.135 0.105 5.96904e+13
0.135 0.11 4.02366e+13
0.135 0.115 2.7289e+13
0.135 0.12 1.86112e+13
0.135 0.125 1.27551e+13
0.135 0.13 8.77667e+12
0.135 0.135 6.05656e+12
0.135 0.14 4.18568e+12
0.135 0.145 2.89197e+12
0.135 0.15 1.99321e+12
0.135 0.155 1.36655e+12
0.135 0.16 9.28605e+11
0.135 0.165 6.22379e+11
0.135 0.17 4.08662e+11
0.135 0.175 2.60295e+11
0.135 0.18 1.58335e+11
0.135 0.185 8.94781e+10
0.135 0.19 4.4312e+10
0.135 0.195 1.61255e+10
0.135 0.2 20935.1
0.14 0 5.516e+18
0.14 0.005 1.01551e+18
0.14 0.01 3.94735e+17
0.14 0.015 2.01861e+17
0.14 0.02 1.17061e+17
0.14 0.025 7.2221e+16
0.14 0.03 4.59255e+16
0.14 0.035 2.96072e+16
0.14 0.04 1.91866e+16
0.14 0.045 1.24479e+16
0.14 0.05 8.07289e+15
0.14 0.055 5.23258e+15
0.14 0.06 3.39145e+15
0.14 0.065 2.19987e+15
0.14 0.07 1.42939e+15
0.14 0.075 9.31188e+14
0.14 0.08 6.08706e+14
0.14 0.085 3.99537e+14
0.14 0.09 2.63465e+14
0.14 0.095 1.74614e+14
0.14 0.1 1.16341e+14
0.14 0.105 7.79349e+13
0.14 0.11 5.24873e+13
0.14 0.115 3.55316e+13
0.14 0.12 2.41688e+13
0.14 0.125 1.65098e+13
0.14 0.13 1.13177e+13
0.14 0.135 7.77805e+12
0.14 0.14 5.35225e+12
0.14 0.145 3.68167e+12
0.14 0.15 2.52631e+12
0.14 0.155 1.72458e+12
0.14 0.16 1.16703e+12
0.14 0.165 7.79094e+11
0.14 0.17 5.09661e+11
0.14 0.175 3.2349e+11
0.14 0.18 1.96124e+11
0.14 0.185 1.10478e+11
0.14 0.19 5.45375e+10
0.14 0.195 1.97873e+10
0.14 0.2 20935.1
0.145 0 5.29364e+18
0.145 0.005 1.03377e+18
0.145 0.01 4.09543e+17
0.145 0.015 2.11634e+17
0.145 0.02 1.23978e+17
0.145 0.025 7.74617e+16
0.145 0.03 5.00367e+16
0.145 0.035 3.28494e+16
0.145 0.04 2.17109e+16
0.145 0.045 1.43726e+16
0.145 0.05 9.50696e+15
0.145 0.055 6.27801e+15
0.145 0.06 4.13905e+15
0.145 0.065 2.72593e+15
0.145 0.07 1.79475e+15
0.145 0.075 1.18235e+15
0.145 0.08 7.8002e+14
0.145 0.085 5.15721e+14
0.145 0.09 3.41948e+14
0.145 0.095 2.27496e+14
0.145 0.1 1.51924e+14
0.145 0.105 1.01865e+14
0.145 0.11 6.85846e+13
0.145 0.115 4.63667e+13
0.145 0.12 3.14686e+13
0.145 0.125 2.14326e+13
0.145 0.13 1.464e+13
0.145 0.135 1.00212e+13
0.145 0.14 6.86624e+12
0.145 0.145 4.70207e+12
0.145 0.15 3.21197e+12
0.145 0.155 2.18289e+12
0.145 0.16 1.4708e+12
0.145 0.165 9.77841e+11
0.145 0.17 6.37192e+11
0.145 0.175 4.02963e+11
0.145 0.18 2.43467e+11
0.145 0.185 1.36696e+11
0.145 0.19 6.72624e+10
0.145 0.195 2.43328e+10
0.145 0.2 20935.1
0.15 0 5.07921e+18
0.15 0.005 1.05119e+18
0.15 0.01 4.25347e+17
0.15 0.015 2.22612e+17
0.15 0.02 1.31897e+17
0.15 0.025 8.34464e+16
0.15 0.03 5.4688e+16
0.15 0.035 3.64947e+16
0.15 0.04 2.45508e+16
0.15 0.045 1.65536e+16
0.15 0.05 1.11519e+16
0.15 0.055 7.49555e+15
0.15 0.06 5.02429e+15
0.15 0.065 3.35935e+15
0.15 0.07 2.24179e+15
0.15 0.075 1.49423e+15
0.15 0.08 9.95562e+14
0.15 0.085 6.63572e+14
0.15 0.09 4.42777e+14
0.15 0.095 2.95957e+14
0.15 0.1 1.9826e+14
0.15 0.105 1.3316e+14
0.15 0.11 8.96901e+13
0.15 0.115 6.05894e+13
0.15 0.12 4.10493e+13
0.15 0.125 2.78852e+13
0.15 0.13 1.89851e+13
0.15 0.135 1.29458e+13
0.15 0.14 8.83282e+12
0.15 0.145 6.02191e+12
0.15 0.15 4.0948e+12
0.15 0.155 2.7702e+12
0.15 0.16 1.85822e+12
0.15 0.165 1.23014e+12
0.15 0.17 7.98366e+11
0.15 0.175 5.02981e+11
0.15 0.18 3.0282e+11
0.15 0.185 1.69449e+11
0.15 0.19 8.31079e+10
0.15 0.195 2.99796e+10
0.15 0.2 20935.1
0.155 0 4.87092e+18
0.155 0.005 1.06699e+18
0.155 0.01 4.41389e+17
0.155 0.015 2.34234e+17
0.155 0.02 1.40462e+17
0.155 0.025 8.99799e+16
0.155 0.03 5.97861e+16
0.155 0.035 4.05063e+16
0.155 0.04 2.7698e+16
0.155 0.045 1.89962e+16
0.155 0.05 1.30195e+16
0.155 0.055 8.89968e+15
0.155 0.06 6.06237e+15
0.155 0.065 4.11473e+15
0.155 0.07 2.78361e+15
0.155 0.075 1.87799e+15
0.155 0.08 1.26444e+15
0.155 0.085 8.50245e+14
0.155 0.09 5.71402e+14
0.155 0.095 3.8404e+14
0.155 0.1 2.58284e+14
0.155 0.105 1.73904e+14
0.155 0.11 1.17264e+14
0.155 0.115 7.92078e+13
0.155 0.12 5.35986e+13
0.155 0.125 3.63318e+13
0.155 0.13 2.46631e+13
0.155 0.135 1.67576e+13
0.155 0.14 1.13872e+13
0.155 0.145 7.72946e+12
0.155 0.15 5.23196e+12
0.155 0.155 3.52319e+12
0.155 0.16 2.35257e+12
0.155 0.165 1.55057e+12
0.155 0.17 1.00214e+12
0.155 0.175 6.28894e+11
0.155 0.18 3.77248e+11
0.155 0.185 2.10373e+11
0.155 0.19 1.02844e+11
0.155 0.195 3.6997e+10
0.155 0.2 20935.1
0.16 0 4.66765e+18
0.16 0.005 1.08086e+18
0.16 0.01 4.57292e+17
0.16 0.015 2.46199e+17
0.16 0.02 1.49469e+17
0.16 0.025 9.69404e+16
0.16 0.03 6.52675e+16
0.16 0.035 4.48572e+16
0.16 0.04 3.11457e+16
0.16 0.045 2.17049e+16
0.16 0.05 1.512e+16
0.16 0.055 1.05039e+16
0.16 0.06 7.26812e+15
0.16 0.065 5.00681e+15
0.16 0.07 3.43391e+15
0.16 0.075 2.34567e+15
0.16 0.08 1.59674e+15
0.16 0.085 1.08387e+15
0.16 0.09 7.34156e+14
0.16 0.095 4.96536e+14
0.16 0.1 3.35528e+14
0.16 0.105 2.26649e+14
0.16 0.11 1.53115e+14
0.16 0.115 1.03483e+14
0.16 0.12 6.99832e+13
0.16 0.125 4.73607e+13
0.16 0.13 3.20689e+13
0.16 0.135 2.17187e+13
0.16 0.14 1.47021e+13
0.16 0.145 9.93724e+12
0.16 0.15 6.69612e+12
0.16 0.155 4.48835e+12
0.16 0.16 2.98326e+12
0.16 0.165 1.95746e+12
0.16 0.17 1.25971e+12
0.16 0.175 7.87373e+11
0.16 0.18 4.70554e+11
0.16 0.185 2.61495e+11
0.16 0.19 1.27421e+11
0.16 0.195 4.57175e+10
0.16 0.2 20935.1
0.165 0 4.46865e+18
0.165 0.005 1.09261e+18
0.165 0.01 4.72854e+17
0.165 0.015 2.58338e+17
0.165 0.02 1.58798e+17
0.165 0.025 1.04251e+17
0.165 0.03 7.10896e+16
0.165 0.035 4.95274e+16
0.165 0.04 3.48886e+16
0.165 0.045 2.46831e+16
0.165 0.05 1.74627e+16
0.165 0.055 1.23208e+16
0.165 0.06 8.65575e+15
0.165 0.065 6.05022e+15
0.165 0.07 4.20672e+15
0.165 0.075 2.90996e+15
0.165 0.08 2.00342e+15
0.165 0.085 1.3735e+15
0.165 0.09 9.38246e+14
0.165 0.095 6.3901e+14
0.165 0.1 4.34175e+14
0.165 0.105 2.94464e+14
0.165 0.11 1.99447e+14
0.165 0.115 1.34968e+14
0.165 0.12 9.128e+13
0.165 0.125 6.17077e+13
0.165 0.13 4.16988e+13
0.165 0.135 2.816e+13
0.165 0.14 1.89954e+13
0.165 0.145 1.27874e+13
0.165 0.15 8.57906e+12
0.165 0.155 5.72426e+12
0.165 0.16 3.78721e+12
0.165 0.165 2.47374e+12
0.165 0.17 1.58506e+12
0.165 0.175 9.86689e+11
0.165 0.18 5.87438e+11
0.165 0.185 3.25307e+11
0.165 0.19 1.58005e+11
0.165 0.195 5.65489e+10
0.165 0.2 20935.1
0.17 0 4.27339e+18
0.17 0.005 1.10219e+18
0.17 0.01 4.87962e+17
0.17 0.015 2.70556e+17
0.17 0.02 1.68377e+17
0.17 0.025 1.11865e+17
0.17 0.03 7.7224e+16
0.17 0.035 5.45032e+16
0.17 0.04 3.8923e+16
0.17 0.045 2.79342e+16
0.17 0.05 2.00555e+16
0.17 0.055 1.43616e+16
0.17 0.06 1.02386e+16
0.17 0.065 7.25918e+15
0.17 0.07 5.1161e+15
0.17 0.075 3.58397e+15
0.17 0.08 2.49607e+15
0.17 0.085 1.72896e+15
0.17 0.09 1.1917e+15
0.17 0.095 8.17793e+14
0.17 0.1 5.59071e+14
0.17 0.105 3.80963e+14
0.17 0.11 2.58893e+14
0.17 0.115 1.75543e+14
0.17 0.12 1.18807e+14
0.17 0.125 8.02812e+13
0.17 0.13 5.41693e+13
0.17 0.135 3.64941e+13
0.17 0.14 2.45397e+13
0.17 0.145 1.6458e+13
0.17 0.15 1.09956e+13
0.17 0.155 7.30407e+12
0.17 0.16 4.81043e+12
0.17 0.165 3.12788e+12
0.17 0.17 1.99545e+12
0.17 0.175 1.23703e+12
0.17 0.18 7.33667e+11
0.17 0.185 4.0486e+11
0.17 0.19 1.9602e+11
0.17 0.195 6.99892e+10
0.17 0.2 20935.1
0.175 0 4.08153e+18
0.175 0.005 1.10954e+18
0.175 0.01 5.02542e+17
0.175 0.015 2.82793e+17
0.175 0.02 1.78162e+17
0.175 0.025 1.19752e+17
0.175 0.03 8.36527e+16
0.175 0.035 5.97754e+16
0.175 0.04 4.32467e+16
0.175 0.045 3.14611e+16
0.175 0.05 2.29055e+16
0.175 0.055 1.66365e+16
0.175 0.06 1.2029e+16
0.175 0.065 8.64724e+15
0.175 0.07 6.17587e+15
0.175 0.075 4.38095e+15
0.175 0.08 3.08675e+15
0.175 0.085 2.16073e+15
0.175 0.09 1.50326e+15
0.175 0.095 1.03994e+15
0.175 0.1 7.15724e+14
0.175 0.105 4.90327e+14
0.175 0.11 3.34548e+14
0.175 0.115 2.27447e+14
0.175 0.12 1.5415e+14
0.175 0.125 1.04184e+14
0.175 0.13 7.02343e+13
0.175 0.135 4.72286e+13
0.175 0.14 3.16718e+13
0.175 0.145 2.11693e+13
0.175 0.15 1.40878e+13
0.175 0.155 9.3183e+12
0.175 0.16 6.10972e+12
0.175 0.165 3.95494e+12
0.175 0.17 2.51208e+12
0.175 0.175 1.55086e+12
0.175 0.18 9.16266e+11
0.175 0.185 5.03856e+11
0.175 0.19 2.43192e+11
0.175 0.195 8.66426e+10
0.175 0.2 20935.1
0.18 0 3.89283e+18
0.18 0.005 1.11463e+18
0.18 0.01 5.16541e+17
0.18 0.015 2.95012e+17
0.18 0.02 1.88128e+17
0.18 0.025 1.27894e+17
0.18 0.03 9.03651e+16
0.18 0.035 6.53391e+16
0.18 0.04 4.78591e+16
0.18 0.045 3.5267e+16
0.18 0.05 2.6019e+16
0.18 0.055 1.91546e+16
0.18 0.06 1.40382e+16
0.18 0.065 1.02271e+16
0.18 0.07 7.3993e+15
0.18 0.075 5.31398e+15
0.18 0.08 3.78768e+15
0.18 0.085 2.67972e+15
0.18 0.09 1.88226e+15
0.18 0.095 1.31312e+15
0.18 0.1 9.10253e+14
0.18 0.105 6.27286e+14
0.18 0.11 4.2997e+14
0.18 0.115 2.93291e+14
0.18 0.12 1.99183e+14
0.18 0.125 1.34733e+14
0.18 0.13 9.08021e+13
0.18 0.135 6.09787e+13
0.18 0.14 4.08018e+13
0.18 0.145 2.71903e+13
0.18 0.15 1.80298e+13
0.18 0.155 1.18778e+13
0.18 0.16 7.75454e+12
0.18 0.165 4.99772e+12
0.18 0.17 3.16074e+12
0.18 0.175 1.94329e+12
0.18 0.18 1.14373e+12
0.18 0.185 6.2676e+11
0.18 0.19 3.01597e+11
0.18 0.195 1.07237e+11
0.18 0.2 20935.1
0.185 0 3.70719e+18
0.185 0.005 1.11742e+18
0.185 0.01 5.29912e+17
0.185 0.015 3.07183e+17
0.185 0.02 1.98257e+17
0.185 0.025 1.36282e+17
0.185 0.03 9.7356e+16
0.185 0.035 7.11922e+16
0.185 0.04 5.27608e+16
0.185 0.045 3.93551e+16
0.185 0.05 2.94019e+16
0.185 0.055 2.19239e+16
0.185 0.06 1.62764e+16
0.185 0.065 1.20103e+16
0.185 0.07 8.79889e+15
0.185 0.075 6.39569e+15
0.185 0.08 4.61099e+15
0.185 0.085 3.29701e+15
0.185 0.09 2.3384e+15
0.185 0.095 1.64553e+15
0.185 0.1 1.14931e+15
0.185 0.105 7.97082e+14
0.185 0.11 5.4917e+14
0.185 0.115 3.76063e+14
0.185 0.12 2.56078e+14
0.185 0.125 1.73473e+14
0.185 0.13 1.16948e+14
0.185 0.135 7.84786e+13
0.185 0.14 5.24219e+13
0.185 0.145 3.48455e+13
0.185 0.15 2.30318e+13
0.185 0.155 1.51165e+13
0.185 0.16 9.82888e+12
0.185 0.165 6.30785e+12
0.185 0.17 3.97249e+12
0.185 0.175 2.43246e+12
0.185 0.18 1.42622e+12
0.185 0.185 7.78904e+11
0.185 0.19 3.73713e+11
0.185 0.195 1.32642e+11
0.185 0.2 20935.1
0.19 0 3.52457e+18
0.19 0.005 1.11789e+18
0.19 0.01 5.42607e+17
0.19 0.015 3.19283e+17
0.19 0.02 2.08538e+17
0.19 0.025 1.44911e+17
0.19 0.03 1.04624e+17
0.19 0.035 7.73349e+16
0.19 0.04 5.79537e+16
0.19 0.045 4.37288e+16
0.19 0.05 3.30592e+16
0.19 0.055 2.49516e+16
0.19 0.06 1.87523e+16
0.19 0.065 1.40074e+16
0.19 0.07 1.03861e+16
0.19 0.075 7.63802e+15
0.19 0.08 5.56842e+15
0.19 0.085 4.0236e+15
0.19 0.09 2.88156e+15
0.19 0.095 2.04566e+15
0.19 0.1 1.43996e+15
0.19 0.105 1.00539e+15
0.19 0.11 6.9657e+14
0.19 0.115 4.79111e+14
0.19 0.12 3.27305e+14
0.19 0.125 2.2218e+14
0.19 0.13 1.49922e+14
0.19 0.135 1.0059e+14
0.19 0.14 6.71135e+13
0.19 0.145 4.45199e+13
0.19 0.15 2.93442e+13
0.19 0.155 1.91944e+13
0.19 0.16 1.24331e+13
0.19 0.165 7.94699e+12
0.19 0.17 4.98434e+12
0.19 0.175 3.03994e+12
0.19 0.18 1.7758e+12
0.19 0.185 9.66596e+11
0.19 0.19 4.62469e+11
0.19 0.195 1.63888e+11
0.19 0.2 20935.1
0.195 0 3.34505e+18
0.195 0.005 1.116e+18
0.195 0.01 5.54575e+17
0.195 0.015 3.31284e+17
0.195 0.02 2.1896e+17
0.195 0.025 1.53778e+17
0.195 0.03 1.12168e+17
0.195 0.035 8.37693e+16
0.195 0.04 6.34407e+16
0.195 0.045 4.83919e+16
0.195 0.05 3.69957e+16
0.195 0.055 2.82437e+16
0.195 0.06 2.14737e+16
0.195 0.065 1.62275e+16
0.195 0.07 1.21713e+16
0.195 0.075 9.05194e+15
0.195 0.08 6.67105e+15
0.195 0.085 4.87015e+15
0.195 0.09 3.52152e+15
0.195 0.095 2.52215e+15
0.195 0.1 1.78954e+15
0.195 0.105 1.25822e+15
0.195 0.11 8.76931e+14
0.195 0.115 6.06102e+14
0.195 0.12 4.15608e+14
0.195 0.125 2.82858e+14
0.195 0.13 1.9115e+14
0.195 0.135 1.28303e+14
0.195 0.14 8.55513e+13
0.195 0.145 5.66635e+13
0.195 0.15 3.72609e+13
0.195 0.155 2.42998e+13
0.195 0.16 1.56852e+13
0.195 0.165 9.98775e+12
0.195 0.17 6.23985e+12
0.195 0.175 3.79106e+12
0.195 0.18 2.20659e+12
0.195 0.185 1.19722e+12
0.195 0.19 5.71291e+11
0.195 0.195 2.02187e+11
0.195 0.2 20935.1
0.2 0 3.16875e+18
0.2 0.005 1.11172e+18
0.2 0.01 5.65759e+17
0.2 0.015 3.43156e+17
0.2 0.02 2.29511e+17
0.2 0.025 1.62878e+17
0.2 0.03 1.1999e+17
0.2 0.035 9.04976e+16
0.2 0.04 6.92249e+16
0.2 0.045 5.33478e+16
0.2 0.05 4.12158e+16
0.2 0.055 3.18055e+16
0.2 0.06 2.44472e+16
0.2 0.065 1.86784e+16
0.2 0.07 1.41634e+16
0.2 0.075 1.06472e+16
0.2 0.08 7.92902e+15
0.2 0.085 5.84668e+15
0.2 0.09 4.26773e+15
0.2 0.095 3.08353e+15
0.2 0.1 2.20544e+15
0.2 0.105 1.56175e+15
0.2 0.11 1.09526e+15
0.2 0.115 7.6096e+14
0.2 0.12 5.23973e+14
0.2 0.125 3.57714e+14
0.2 0.13 2.42222e+14
0.2 0.135 1.62738e+14
0.2 0.14 1.08504e+14
0.2 0.145 7.17922e+13
0.2 0.15 4.7121e+13
0.2 0.155 3.06507e+13
0.2 0.16 1.97226e+13
0.2 0.165 1.25145e+13
0.2 0.17 7.78959e+12
0.2 0.175 4.71522e+12
0.2 0.18 2.73497e+12
0.2 0.185 1.47931e+12
0.2 0.19 7.04142e+11
0.2 0.195 2.48943e+11
0.2 0.2 20935.1
0.205 0 2.99586e+18
0.205 0.005 1.10502e+18
0.205 0.01 5.76092e+17
0.205 0.015 3.54864e+17
0.205 0.02 2.40174e+17
0.205 0.025 1.72209e+17
0.205 0.03 1.28091e+17
0.205 0.035 9.75224e+16
0.205 0.04 7.53093e+16
0.205 0.045 5.86e+16
0.205 0.05 4.5723e+16
0.205 0.055 3.56414e+16
0.205 0.06 2.76778e+16
0.205 0.065 2.13664e+16
0.205 0.07 1.63699e+16
0.205 0.075 1.24323e+16
0.205 0.08 9.35134e+15
0.205 0.085 6.96233e+15
0.205 0.09 5.12904e+15
0.205 0.095 3.738e+15
0.205 0.1 2.69494e+15
0.205 0.105 1.92222e+15
0.205 0.11 1.3567e+15
0.205 0.115 9.47783e+14
0.205 0.12 6.55569e+14
0.205 0.125 4.4913e+14
0.205 0.13 3.04879e+14
0.205 0.135 2.05131e+14
0.205 0.14 1.36829e+14
0.205 0.145 9.04869e+13
0.205 0.15 5.93085e+13
0.205 0.155 3.84953e+13
0.205 0.16 2.47018e+13
0.205 0.165 1.56238e+13
0.205 0.17 9.69144e+12
0.205 0.175 5.84602e+12
0.205 0.18 3.37962e+12
0.205 0.185 1.82261e+12
0.205 0.19 8.65547e+11
0.205 0.195 3.0577e+11
0.205 0.2 20935.1
0.21 0 2.82664e+18
0.21 0.005 1.09588e+18
0.21 0.01 5.85502e+17
0.21 0.015 3.66363e+17
0.21 0.02 2.5093e+17
0.21 0.025 1.8176e+17
0.21 0.03 1.36468e+17
0.21 0.035 1.04845e+17
0.21 0.04 8.16963e+16
0.21 0.045 6.41511e+16
0.21 0.05 5.05202e+16
0.21 0.055 3.97545e+16
0.21 0.06 3.11697e+16
0.21 0.065 2.42966e+16
0.21 0.07 1.87968e+16
0.21 0.075 1.44142e+16
0.21 0.08 1.09457e+16
0.21 0.085 8.22514e+15
0.21 0.09 6.11346e+15
0.21 0.095 4.49316e+15
0.21 0.1 3.26498e+15
0.21 0.105 2.3457e+15
0.21 0.11 1.66637e+15
0.21 0.115 1.17074e+15
0.21 0.12 8.13679e+14
0.21 0.125 5.59609e+14
0.21 0.13 3.80977e+14
0.21 0.135 2.5682e+14
0.21 0.14 1.71465e+14
0.21 0.145 1.13388e+14
0.21 0.15 7.42502e+13
0.21 0.155 4.81108e+13
0.21 0.16 3.07986e+13
0.21 0.165 1.94241e+13
0.21 0.17 1.20106e+13
0.21 0.175 7.22129e+12
0.21 0.18 4.16157e+12
0.21 0.185 2.23807e+12
0.21 0.19 1.0606e+12
0.21 0.195 3.745e+11
0.21 0.2 20935.1
0.215 0 2.66137e+18
0.215 0.005 1.08428e+18
0.215 0.01 5.93908e+17
0.215 0.015 3.77599e+17
0.215 0.02 2.61751e+17
0.215 0.025 1.91521e+17
0.215 0.03 1.45117e+17
0.215 0.035 1.12465e+17
0.215 0.04 8.8387e+16
0.215 0.045 7.00027e+16
0.215 0.05 5.56092e+16
0.215 0.055 4.4147e+16
0.215 0.06 3.49253e+16
0.215 0.065 2.74722e+16
0.215 0.07 2.14485e+16
0.215 0.075 1.65981e+16
0.215 0.08 1.27182e+16
0.215 0.085 9.64181e+15
0.215 0.09 7.22792e+15
0.215 0.095 5.35583e+15
0.215 0.1 3.92195e+15
0.215 0.105 2.83791e+15
0.215 0.11 2.0292e+15
0.215 0.115 1.43394e+15
0.215 0.12 1.0016e+15
0.215 0.125 6.91715e+14
0.215 0.13 4.72443e+14
0.215 0.135 3.19214e+14
0.215 0.14 2.13412e+14
0.215 0.145 1.41187e+14
0.215 0.15 9.24101e+13
0.215 0.155 5.98009e+13
0.215 0.16 3.82064e+13
0.215 0.165 2.40353e+13
0.215 0.17 1.4819e+13
0.215 0.175 8.88289e+12
0.215 0.18 5.10409e+12
0.215 0.185 2.73783e+12
0.215 0.19 1.29497e+12
0.215 0.195 4.57175e+11
0.215 0.2 20935.1
0.22 0 2.5004e+18
0.22 0.005 1.07023e+18
0.22 0.01 6.01225e+17
0.22 0.015 3.88513e+17
0.22 0.02 2.72601e+17
0.22 0.025 2.01473e+17
0.22 0.03 1.5403e+17
0.22 0.035 1.20378e+17
0.22 0.04 9.53803e+16
0.22 0.045 7.61548e+16
0.22 0.05 6.09904e+16
0.22 0.055 4.88194e+16
0.22 0.06 3.89458e+16
0.22 0.065 3.0895e+16
0.22 0.07 2.43275e+16
0.22 0.075 1.89877e+16
0.22 0.08 1.46734e+16
0.22 0.085 1.12176e+16
0.22 0.09 8.47809e+15
0.22 0.095 6.33181e+15
0.22 0.1 4.67148e+15
0.22 0.105 3.40408e+15
0.22 0.11 2.44983e+15
0.22 0.115 1.74131e+15
0.22 0.12 1.22256e+15
0.22 0.125 8.47997e+14
0.22 0.13 5.81231e+14
0.22 0.135 3.9376e+14
0.22 0.14 2.63711e+14
0.22 0.145 1.74609e+14
0.22 0.15 1.14281e+14
0.22 0.155 7.38906e+13
0.22 0.16 4.71335e+13
0.22 0.165 2.9587e+13
0.22 0.17 1.8195e+13
0.22 0.175 1.08763e+13
0.22 0.18 6.23248e+12
0.22 0.185 3.33507e+12
0.22 0.19 1.5748e+12
0.22 0.195 5.56047e+11
0.22 0.2 20935.1
0.225 0 2.34407e+18
0.225 0.005 1.05374e+18
0.225 0.01 6.07361e+17
0.225 0.015 3.9903e+17
0.225 0.02 2.83435e+17
0.225 0.025 2.1159e+17
0.225 0.03 1.63192e+17
0.225 0.035 1.28579e+17
0.225 0.04 1.02672e+17
0.225 0.045 8.26049e+16
0.225 0.05 6.6662e+16
0.225 0.055 5.37705e+16
0.225 0.06 4.32304e+16
0.225 0.065 3.4565e+16
0.225 0.07 2.74347e+16
0.225 0.075 2.15847e+16
0.225 0.08 1.68139e+16
0.225 0.085 1.2956e+16
0.225 0.09 9.86817e+15
0.225 0.095 7.42567e+15
0.225 0.1 5.51822e+15
0.225 0.105 4.04867e+15
0.225 0.11 2.93234e+15
0.225 0.115 2.09644e+15
0.225 0.12 1.47957e+15
0.225 0.125 1.0309e+15
0.225 0.13 7.09248e+14
0.225 0.135 4.81899e+14
0.225 0.14 3.23413e+14
0.225 0.145 2.144e+14
0.225 0.15 1.40374e+14
0.225 0.155 9.07193e+13
0.225 0.16 5.77989e+13
0.225 0.165 3.62162e+13
0.225 0.17 2.22213e+13
0.225 0.175 1.32499e+13
0.225 0.18 7.57365e+12
0.225 0.185 4.04385e+12
0.225 0.19 1.90668e+12
0.225 0.195 6.73544e+11
0.225 0.2 20935.1
0.23 0 2.19278e+18
0.23 0.005 1.03488e+18
0.23 0.01 6.12227e+17
0.23 0.015 4.09072e+17
0.23 0.02 2.942e+17
0.23 0.025 2.21839e+17
0.23 0.03 1.72584e+17
0.23 0.035 1.37053e+17
0.23 0.04 1.10255e+17
0.23 0.045 8.93478e+16
0.23 0.05 7.26201e+16
0.23 0.055 5.89972e+16
0.23 0.06 4.77764e+16
0.23 0.065 3.84801e+16
0.23 0.07 3.07688e+16
0.23 0.075 2.43889e+16
0.23 0.08 1.91407e+16
0.23 0.085 1.48588e+16
0.23 0.09 1.14008e+16
0.23 0.095 8.64061e+15
0.23 0.1 6.46569e+15
0.23 0.105 4.77529e+15
0.23 0.11 3.48018e+15
0.23 0.115 2.50246e+15
0.23 0.12 1.77534e+15
0.23 0.125 1.24267e+15
0.23 0.13 8.58291e+14
0.23 0.135 5.85012e+14
0.23 0.14 3.93545e+14
0.23 0.145 2.61295e+14
0.23 0.15 1.712e+14
0.23 0.155 1.10631e+14
0.23 0.16 7.04267e+13
0.23 0.165 4.40639e+13
0.23 0.17 2.69839e+13
0.23 0.175 1.60538e+13
0.23 0.18 9.15556e+12
0.23 0.185 4.87878e+12
0.23 0.19 2.29748e+12
0.23 0.195 8.1223e+11
0.23 0.2 20935.1
0.235 0 2.0469e+18
0.235 0.005 1.01371e+18
0.235 0.01 6.15735e+17
0.235 0.015 4.1855e+17
0.235 0.02 3.04833e+17
0.235 0.025 2.32178e+17
0.235 0.03 1.8218e+17
0.235 0.035 1.45784e+17
0.235 0.04 1.18117e+17
0.235 0.045 9.63748e+16
0.235 0.05 7.88579e+16
0.235 0.055 6.44935e+16
0.235 0.06 5.25788e+16
0.235 0.065 4.26361e+16
0.235 0.07 3.43264e+16
0.235 0.075 2.73979e+16
0.235 0.08 2.16524e+16
0.235 0.085 1.69259e+16
0.235 0.09 1.30767e+16
0.235 0.095 9.97829e+15
0.235 0.1 7.51611e+15
0.235 0.105 5.58645e+15
0.235 0.11 4.09597e+15
0.235 0.115 2.96189e+15
0.235 0.12 2.11215e+15
0.235 0.125 1.48528e+15
0.235 0.13 1.02997e+15
0.235 0.135 7.04369e+14
0.235 0.14 4.75069e+14
0.235 0.145 3.16e+14
0.235 0.15 2.07256e+14
0.235 0.155 1.33965e+14
0.235 0.16 8.52388e+13
0.235 0.165 5.32711e+13
0.235 0.17 3.25687e+13
0.235 0.175 1.93385e+13
0.235 0.18 1.10065e+13
0.235 0.185 5.85467e+12
0.235 0.19 2.7542e+12
0.235 0.195 9.74733e+11
0.235 0.2 20935.1
0.24 0 1.90679e+18
0.24 0.005 9.90355e+17
0.24 0.01 6.17805e+17
0.24 0.015 4.27371e+17
0.24 0.02 3.1526e+17
0.24 0.025 2.42556e+17
0.24 0.03 1.91942e+17
0.24 0.035 1.54747e+17
0.24 0.04 1.26241e+17
0.24 0.045 1.03673e+17
0.24 0.05 8.53649e+16
0.24 0.055 7.02508e+16
0.24 0.06 5.76301e+16
0.24 0.065 4.70263e+16
0.24 0.07 3.81021e+16
0.24 0.075 3.06072e+16
0.24 0.08 2.43457e+16
0.24 0.085 1.91552e+16
0.24 0.09 1.48951e+16
0.24 0.095 1.14387e+16
0.24 0.1 8.67027e+15
0.24 0.105 6.48351e+15
0.24 0.11 4.78137e+15
0.24 0.115 3.4765e+15
0.24 0.12 2.49173e+15
0.24 0.125 1.76028e+15
0.24 0.13 1.22563e+15
0.24 0.135 8.41068e+14
0.24 0.14 5.68843e+14
0.24 0.145 3.79152e+14
0.24 0.15 2.49001e+14
0.24 0.155 1.61036e+14
0.24 0.16 1.02447e+14
0.24 0.165 6.39732e+13
0.24 0.17 3.90592e+13
0.24 0.175 2.31533e+13
0.24 0.18 1.31541e+13
0.24 0.185 6.98606e+12
0.24 0.19 3.28367e+12
0.24 0.195 1.1636e+12
0.24 0.2 20935.1
0.245 0 1.7728e+18
0.245 0.005 9.64959e+17
0.245 0.01 6.18369e+17
0.245 0.015 4.35437e+17
0.245 0.02 3.25403e+17
0.245 0.025 2.52915e+17
0.245 0.03 2.01831e+17
0.245 0.035 1.63913e+17
0.245 0.04 1.34604e+17
0.245 0.045 1.11225e+17
0.245 0.05 9.21272e+16
0.245 0.055 7.62571e+16
0.245 0.06 6.29198e+16
0.245 0.065 5.16417e+16
0.245 0.07 4.20877e+16
0.245 0.075 3.40101e+16
0.245 0.08 2.7215e+16
0.245 0.085 2.15424e+16
0.245 0.09 1.68528e+16
0.245 0.095 1.302e+16
0.245 0.1 9.92736e+15
0.245 0.105 7.46646e+15
0.245 0.11 5.53694e+15
0.245 0.115 4.0472e+15
0.245 0.12 2.91515e+15
0.245 0.125 2.06876e+15
0.245 0.13 1.44628e+15
0.245 0.135 9.95973e+14
0.245 0.14 6.75567e+14
0.245 0.145 4.51296e+14
0.245 0.15 2.96836e+14
0.245 0.155 1.9213e+14
0.245 0.16 1.22242e+14
0.245 0.165 7.62943e+13
0.245 0.17 4.65327e+13
0.245 0.175 2.75441e+13
0.245 0.18 1.56243e+13
0.245 0.185 8.28667e+12
0.245 0.19 3.89232e+12
0.245 0.195 1.38104e+12
0.245 0.2 20935.1
0.25 0 1.6452e+18
0.25 0.005 9.37716e+17
0.25 0.01 6.17379e+17
0.25 0.015 4.42656e+17
0.25 0.02 3.35174e+17
0.25 0.025 2.63186e+17
0.25 0.03 2.11794e+17
0.25 0.035 1.73243e+17
0.25 0.04 1.43178e+17
0.25 0.045 1.19008e+17
0.25 0.05 9.91262e+16
0.25 0.055 8.24968e+16
0.25 0.06 6.84342e+16
0.25 0.065 5.64699e+16
0.25 0.07 4.62726e+16
0.25 0.075 3.75971e+16
0.25 0.08 3.02525e+16
0.25 0.085 2.40811e+16
0.25 0.09 1.89449e+16
0.25 0.095 1.47186e+16
0.25 0.1 1.1285e+16
0.25 0.105 8.53389e+15
0.25 0.11 6.36207e+15
0.25 0.115 4.67395e+15
0.25 0.12 3.38274e+15
0.25 0.125 2.41126e+15
0.25 0.13 1.6925e+15
0.25 0.135 1.16966e+15
0.25 0.14 7.95747e+14
0.25 0.145 5.32844e+14
0.25 0.15 3.51077e+14
0.25 0.155 2.27476e+14
0.25 0.16 1.44785e+14
0.25 0.165 9.03405e+13
0.25 0.17 5.5056e+13
0.25 0.175 3.25512e+13
0.25 0.18 1.84402e+13
0.25 0.185 9.7689e+12
0.25 0.19 4.58607e+12
0.25 0.195 1.62805e+12
0.25 0.2 20935.1
0.255 0 1.52435e+18
0.255 0.005 9.08845e+17
0.255 0.01 6.14805e+17
0.255 0.015 4.48934e+17
0.255 0.02 3.44484e+17
0.255 0.025 2.73297e+17
0.255 0.03 2.21775e+17
0.255 0.035 1.82693e+17
0.255 0.04 1.51927e+17
0.255 0.045 1.26995e+17
0.255 0.05 1.06339e+17
0.255 0.055 8.895e+16
0.255 0.06 7.41559e+16
0.255 0.065 6.14957e+16
0.255 0.07 5.06428e+16
0.255 0.075 4.13561e+16
0.255 0.08 3.34476e+16
0.255 0.085 2.67623e+16
0.255 0.09 2.11642e+16
0.255 0.095 1.65288e+16
0.255 0.1 1.27388e+16
0.255 0.105 9.6828e+15
0.255 0.11 7.2548e+15
0.255 0.115 5.35561e+15
0.255 0.12 3.89395e+15
0.255 0.125 2.78762e+15
0.255 0.13 1.9644e+15
0.255 0.135 1.36234e+15
0.255 0.14 9.2964e+14
0.255 0.145 6.2404e+14
0.255 0.15 4.11934e+14
0.255 0.155 2.67237e+14
0.255 0.16 1.70193e+14
0.255 0.165 1.06193e+14
0.255 0.17 6.46817e+13
0.255 0.175 3.82069e+13
0.255 0.18 2.16211e+13
0.255 0.185 1.14446e+13
0.255 0.19 5.37389e+12
0.255 0.195 1.91559e+12
0.255 0.2 20935.1
0.26 0 1.41034e+18
0.26 0.005 8.78614e+17
0.26 0.01 6.10651e+17
0.26 0.015 4.54194e+17
0.26 0.02 3.53245e+17
0.26 0.025 2.83168e+17
0.26 0.03 2.3171e+17
0.26 0.035 1.92213e+17
0.26 0.04 1.60812e+17
0.26 0.045 1.35152e+17
0.26 0.05 1.13737e+17
0.26 0.055 9.5593e+16
0.26 0.06 8.00643e+16
0.26 0.065 6.67006e+16
0.26 0.07 5.51821e+16
0.26 0.075 4.52724e+16
0.26 0.08 3.67875e+16
0.26 0.085 2.9575e+16
0.26 0.09 2.35012e+16
0.26 0.095 1.8443e+16
0.26 0.1 1.4283e+16
0.26 0.105 1.09087e+16
0.26 0.11 8.21192e+15
0.26 0.115 6.08999e+15
0.26 0.12 4.44738e+15
0.26 0.125 3.19703e+15
0.26 0.13 2.26156e+15
0.26 0.135 1.57387e+15
0.26 0.14 1.07724e+15
0.26 0.145 7.24949e+14
0.26 0.15 4.79491e+14
0.26 0.155 3.11495e+14
0.26 0.16 1.98535e+14
0.26 0.165 1.23901e+14
0.26 0.17 7.54435e+13
0.26 0.175 4.45324e+13
0.26 0.18 2.51788e+13
0.26 0.185 1.33191e+13
0.26 0.19 6.25572e+12
0.26 0.195 2.23691e+12
0.26 0.2 20935.1
0.265 0 1.30332e+18
0.265 0.005 8.47306e+17
0.265 0.01 6.04948e+17
0.265 0.015 4.58371e+17
0.265 0.02 3.6137e+17
0.265 0.025 2.92719e+17
0.265 0.03 2.4153e+17
0.265 0.035 2.01745e+17
0.265 0.04 1.69786e+17
0.265 0.045 1.43441e+17
0.265 0.05 1.21289e+17
0.265 0.055 1.02398e+17
0.265 0.06 8.61344e+16
0.265 0.065 7.20623e+16
0.265 0.07 5.98705e+16
0.265 0.075 4.93284e+16
0.265 0.08 4.02564e+16
0.265 0.085 3.25055e+16
0.265 0.09 2.59445e+16
0.265 0.095 2.04515e+16
0.265 0.1 1.59097e+16
0.265 0.105 1.22055e+16
0.265 0.11 9.22878e+15
0.265 0.115 6.8737e+15
0.265 0.12 5.04066e+15
0.265 0.125 3.63791e+15
0.265 0.13 2.58299e+15
0.265 0.135 1.80365e+15
0.265 0.14 1.23821e+15
0.265 0.145 8.35408e+14
0.265 0.15 5.53683e+14
0.265 0.155 3.60235e+14
0.265 0.16 2.29815e+14
0.265 0.165 1.43477e+14
0.265 0.17 8.73521e+13
0.265 0.175 5.15355e+13
0.265 0.18 2.91186e+13
0.265 0.185 1.53955e+13
0.265 0.19 7.23356e+12
0.265 0.195 2.59449e+12
0.265 0.2 20935.1
0.27 0 1.20332e+18
0.27 0.005 8.15225e+17
0.27 0.01 5.97758e+17
0.27 0.015 4.61417e+17
0.27 0.02 3.6878e+17
0.27 0.025 3.01871e+17
0.27 0.03 2.51164e+17
0.27 0.035 2.11229e+17
0.27 0.04 1.78798e+17
0.27 0.045 1.51818e+17
0.27 0.05 1.28958e+17
0.27 0.055 1.09332e+17
0.27 0.06 9.23376e+16
0.27 0.065 7.75554e+16
0.27 0.07 6.4685e+16
0.27 0.075 5.35033e+16
0.27 0.08 4.3836e+16
0.27 0.085 3.55378e+16
0.27 0.09 2.84801e+16
0.27 0.095 2.25427e+16
0.27 0.1 1.76092e+16
0.27 0.105 1.35654e+16
0.27 0.11 1.02993e+16
0.27 0.115 7.70214e+15
0.27 0.12 5.67044e+15
0.27 0.125 4.10789e+15
0.27 0.13 2.92706e+15
0.27 0.135 2.05061e+15
0.27 0.14 1.4119e+15
0.27 0.145 9.55015e+14
0.27 0.15 6.3428e+14
0.27 0.155 4.13329e+14
0.27 0.16 2.63966e+14
0.27 0.165 1.64886e+14
0.27 0.17 1.00391e+14
0.27 0.175 5.92088e+13
0.27 0.18 3.34371e+13
0.27 0.185 1.76726e+13
0.27 0.19 8.30745e+12
0.27 0.195 2.98917e+12
0.27 0.2 20935.1
0.275 0 1.11034e+18
0.275 0.005 7.82693e+17
0.275 0.01 5.89178e+17
0.275 0.015 4.63308e+17
0.275 0.02 3.75407e+17
0.275 0.025 3.10545e+17
0.275 0.03 2.60539e+17
0.275 0.035 2.20602e+17
0.275 0.04 1.87792e+17
0.275 0.045 1.60236e+17
0.275 0.05 1.367e+17
0.275 0.055 1.16358e+17
0.275 0.06 9.8641e+16
0.275 0.065 8.31502e+16
0.275 0.07 6.95991e+16
0.275 0.075 5.77734e+16
0.275 0.08 4.7505e+16
0.275 0.085 3.8653e+16
0.275 0.09 3.10917e+16
0.275 0.095 2.47026e+16
0.275 0.1 1.93699e+16
0.275 0.105 1.4979e+16
0.275 0.11 1.1416e+16
0.275 0.115 8.56954e+15
0.275 0.12 6.33236e+15
0.275 0.125 4.60378e+15
0.275 0.13 3.29152e+15
0.275 0.135 2.31321e+15
0.275 0.14 1.59727e+15
0.275 0.145 1.08311e+15
0.275 0.15 7.2087e+14
0.275 0.155 4.70529e+14
0.275 0.16 3.00844e+14
0.275 0.165 1.88046e+14
0.275 0.17 1.14515e+14
0.275 0.175 6.75271e+13
0.275 0.18 3.81211e+13
0.275 0.185 2.01442e+13
0.275 0.19 9.47502e+12
0.275 0.195 3.42067e+12
0.275 0.2 20935.1
0.28 0 1.02426e+18
0.28 0.005 7.5003e+17
0.28 0.01 5.79333e+17
0.28 0.015 4.64044e+17
0.28 0.02 3.81197e+17
0.28 0.025 3.18673e+17
0.28 0.03 2.69586e+17
0.28 0.035 2.29797e+17
0.28 0.04 1.9671e+17
0.28 0.045 1.68642e+17
0.28 0.05 1.44471e+17
0.28 0.055 1.23436e+17
0.28 0.06 1.05008e+17
0.28 0.065 8.88136e+16
0.28 0.07 7.45827e+16
0.28 0.075 6.21117e+16
0.28 0.08 5.12395e+16
0.28 0.085 4.183e+16
0.28 0.09 3.37608e+16
0.28 0.095 2.69153e+16
0.28 0.1 2.11785e+16
0.28 0.105 1.64352e+16
0.28 0.11 1.25701e+16
0.28 0.115 9.46892e+15
0.28 0.12 7.02109e+15
0.28 0.125 5.12161e+15
0.28 0.13 3.6735e+15
0.28 0.135 2.58943e+15
0.28 0.14 1.79293e+15
0.28 0.145 1.21878e+15
0.28 0.15 8.12857e+14
0.28 0.155 5.31461e+14
0.28 0.16 3.4022e+14
0.28 0.165 2.1282e+14
0.28 0.17 1.29644e+14
0.28 0.175 7.64461e+13
0.28 0.18 4.31469e+13
0.28 0.185 2.27982e+13
0.28 0.19 1.07312e+13
0.28 0.195 3.88764e+12
0.28 0.2 20935.1
0.285 0 9.44929e+17
0.285 0.005 7.17552e+17
0.285 0.01 5.68377e+17
0.285 0.015 4.63651e+17
0.285 0.02 3.86115e+17
0.285 0.025 3.26193e+17
0.285 0.03 2.78236e+17
0.285 0.035 2.38749e+17
0.285 0.04 2.05491e+17
0.285 0.045 1.76982e+17
0.285 0.05 1.52221e+17
0.285 0.055 1.3052e+17
0.285 0.06 1.11397e+17
0.285 0.065 9.45083e+16
0.285 0.07 7.96024e+16
0.285 0.075 6.6488e+16
0.285 0.08 5.50122e+16
0.285 0.085 4.50447e+16
0.285 0.09 3.64664e+16
0.285 0.095 2.91628e+16
0.285 0.1 2.30197e+16
0.285 0.105 1.79215e+16
0.285 0.11 1.37512e+16
0.285 0.115 1.03921e+16
0.285 0.12 7.73032e+15
0.285 0.125 5.65663e+15
0.285 0.13 4.06948e+15
0.285 0.135 2.87676e+15
0.285 0.14 1.99714e+15
0.285 0.145 1.36082e+15
0.285 0.15 9.09456e+14
0.285 0.155 5.95621e+14
0.285 0.16 3.81778e+14
0.285 0.165 2.39018e+14
0.285 0.17 1.45666e+14
0.285 0.175 8.59014e+13
0.285 0.18 4.84792e+13
0.285 0.185 2.56168e+13
0.285 0.19 1.20679e+13
0.285 0.195 4.38758e+12
0.285 0.2 20935.1
0.29 0 8.7213e+17
0.29 0.005 6.85556e+17
0.29 0.01 5.56484e+17
0.29 0.015 4.62179e+17
0.29 0.02 3.90141e+17
0.29 0.025 3.33054e+17
0.29 0.03 2.86426e+17
0.29 0.035 2.47394e+17
0.29 0.04 2.14073e+17
0.29 0.045 1.85196e+17
0.29 0.05 1.59894e+17
0.29 0.055 1.3756e+17
0.29 0.06 1.17763e+17
0.29 0.065 1.00193e+17
0.29 0.07 8.46208e+16
0.29 0.075 7.08686e+16
0.29 0.08 5.87933e+16
0.29 0.085 4.82706e+16
0.29 0.09 3.91853e+16
0.29 0.095 3.14252e+16
0.29 0.1 2.48766e+16
0.29 0.105 1.94236e+16
0.29 0.11 1.49478e+16
0.29 0.115 1.133e+16
0.29 0.12 8.45284e+15
0.29 0.125 6.20332e+15
0.29 0.13 4.47538e+15
0.29 0.135 3.17221e+15
0.29 0.14 2.20779e+15
0.29 0.145 1.50779e+15
0.29 0.15 1.0097e+15
0.29 0.155 6.62377e+14
0.29 0.16 4.25118e+14
0.29 0.165 2.66393e+14
0.29 0.17 1.62433e+14
0.29 0.175 9.58078e+13
0.29 0.18 5.4071e+13
0.29 0.185 2.85757e+13
0.29 0.19 1.34742e+13
0.29 0.195 4.91682e+12
0.29 0.2 20935.1
0.295 0 8.05594e+17
0.295 0.005 6.54316e+17
0.295 0.01 5.43845e+17
0.295 0.015 4.59704e+17
0.295 0.02 3.93276e+17
0.295 0.025 3.39218e+17
0.295 0.03 2.94102e+17
0.295 0.035 2.55668e+17
0.295 0.04 2.22392e+17
0.295 0.045 1.93225e+17
0.295 0.05 1.67436e+17
0.295 0.055 1.44504e+17
0.295 0.06 1.24058e+17
0.295 0.065 1.05824e+17
0.295 0.07 8.95972e+16
0.295 0.075 7.52167e+16
0.295 0.08 6.25497e+16
0.295 0.085 5.14785e+16
0.295 0.09 4.1892e+16
0.295 0.095 3.36803e+16
0.295 0.1 2.67305e+16
0.295 0.105 2.09261e+16
0.295 0.11 1.61471e+16
0.295 0.115 1.22722e+16
0.295 0.12 9.18062e+15
0.295 0.125 6.75551e+15
0.295 0.13 4.88655e+15
0.295 0.135 3.47238e+15
0.295 0.14 2.42245e+15
0.295 0.145 1.658e+15
0.295 0.15 1.11244e+15
0.295 0.155 7.30973e+14
0.295 0.16 4.69757e+14
0.295 0.165 2.94643e+14
0.295 0.17 1.79764e+14
0.295 0.175 1.0606e+14
0.295 0.18 5.9864e+13
0.295 0.185 3.16446e+13
0.295 0.19 1.49361e+13
0.295 0.195 5.47048e+12
0.295 0.2 20935.1
0.3 0 7.45014e+17
0.3 0.005 6.24074e+17
0.3 0.01 5.30656e+17
0.3 0.015 4.56317e+17
0.3 0.02 3.95538e+17
0.3 0.025 3.44659e+17
0.3 0.03 3.01213e+17
0.3 0.035 2.63513e+17
0.3 0.04 2.30386e+17
0.3 0.045 2.01005e+17
0.3 0.05 1.74783e+17
0.3 0.055 1.51294e+17
0.3 0.06 1.30227e+17
0.3 0.065 1.11351e+17
0.3 0.07 9.44867e+16
0.3 0.075 7.94921e+16
0.3 0.08 6.62455e+16
0.3 0.085 5.46367e+16
0.3 0.09 4.45589e+16
0.3 0.095 3.59045e+16
0.3 0.1 2.85612e+16
0.3 0.105 2.2412e+16
0.3 0.11 1.73355e+16
0.3 0.115 1.32077e+16
0.3 0.12 9.90487e+15
0.3 0.125 7.30641e+15
0.3 0.13 5.29786e+15
0.3 0.135 3.77351e+15
0.3 0.14 2.6384e+15
0.3 0.145 1.80954e+15
0.3 0.15 1.21637e+15
0.3 0.155 8.00545e+14
0.3 0.16 5.15135e+14
0.3 0.165 3.23419e+14
0.3 0.17 1.97447e+14
0.3 0.175 1.16534e+14
0.3 0.18 6.57889e+13
0.3 0.185 3.47875e+13
0.3 0.19 1.64368e+13
0.3 0.195 6.04253e+12
0.3 0.2 20935.1
0.305 0 6.90057e+17
0.305 0.005 5.95033e+17
0.305 0.01 5.17114e+17
0.305 0.015 4.52128e+17
0.305 0.02 3.96962e+17
0.305 0.025 3.49363e+17
0.305 0.03 3.07719e+17
0.305 0.035 2.70872e+17
0.305 0.04 2.3799e+17
0.305 0.045 2.08471e+17
0.305 0.05 1.81873e+17
0.305 0.055 1.57869e+17
0.305 0.06 1.36214e+17
0.305 0.065 1.16721e+17
0.305 0.07 9.9241e+16
0.305 0.075 8.3651e+16
0.305 0.08 6.98418e+16
0.305 0.085 5.7711e+16
0.305 0.09 4.71563e+16
0.305 0.095 3.80721e+16
0.305 0.1 3.03471e+16
0.305 0.105 2.38634e+16
0.305 0.11 1.8498e+16
0.305 0.115 1.41245e+16
0.305 0.12 1.06162e+16
0.305 0.125 7.84873e+15
0.305 0.13 5.70379e+15
0.305 0.135 4.07149e+15
0.305 0.14 2.85268e+15
0.305 0.145 1.96032e+15
0.305 0.15 1.32006e+15
0.305 0.155 8.70131e+14
0.305 0.16 5.60629e+14
0.305 0.165 3.52326e+14
0.305 0.17 2.15242e+14
0.305 0.175 1.2709e+14
0.305 0.18 7.1767e+13
0.305 0.185 3.79629e+13
0.305 0.19 1.79568e+13
0.305 0.195 6.6258e+12
0.305 0.2 20935.1
0.31 0 6.40365e+17
0.31 0.005 5.67356e+17
0.31 0.01 5.03407e+17
0.31 0.015 4.47252e+17
0.31 0.02 3.97592e+17
0.31 0.025 3.53326e+17
0.31 0.03 3.13581e+17
0.31 0.035 2.77689e+17
0.31 0.04 2.45141e+17
0.31 0.045 2.15554e+17
0.31 0.05 1.88636e+17
0.31 0.055 1.64161e+17
0.31 0.06 1.41955e+17
0.31 0.065 1.21876e+17
0.31 0.07 1.03808e+17
0.31 0.075 8.76465e+16
0.31 0.08 7.32971e+16
0.31 0.085 6.06649e+16
0.31 0.09 4.96525e+16
0.31 0.095 4.01563e+16
0.31 0.1 3.20654e+16
0.31 0.105 2.52613e+16
0.31 0.11 1.96191e+16
0.31 0.115 1.50102e+16
0.31 0.12 1.13047e+16
0.31 0.125 8.37481e+15
0.31 0.13 6.09851e+15
0.31 0.135 4.36199e+15
0.31 0.14 3.06214e+15
0.31 0.145 2.10811e+15
0.31 0.15 1.42196e+15
0.31 0.155 9.38693e+14
0.31 0.16 6.05558e+14
0.31 0.165 3.80937e+14
0.31 0.17 2.32885e+14
0.31 0.175 1.37571e+14
0.31 0.18 7.7711e+13
0.31 0.185 4.1125e+13
0.31 0.19 1.94743e+13
0.31 0.195 7.21216e+12
0.31 0.2 20935.1
0.315 0 5.95571e+17
0.315 0.005 5.41165e+17
0.315 0.01 4.89706e+17
0.315 0.015 4.41804e+17
0.315 0.02 3.9748e+17
0.315 0.025 3.56548e+17
0.315 0.03 3.18767e+17
0.315 0.035 2.83909e+17
0.315 0.04 2.51771e+17
0.315 0.045 2.22182e+17
0.315 0.05 1.94999e+17
0.315 0.055 1.70101e+17
0.315 0.06 1.47384e+17
0.315 0.065 1.26755e+17
0.315 0.07 1.0813e+17
0.315 0.075 9.14283e+16
0.315 0.08 7.65668e+16
0.315 0.085 6.34599e+16
0.315 0.09 5.20144e+16
0.315 0.095 4.21288e+16
0.315 0.1 3.36925e+16
0.315 0.105 2.65861e+16
0.315 0.11 2.0683e+16
0.315 0.115 1.58519e+16
0.315 0.12 1.19601e+16
0.315 0.125 8.87674e+15
0.315 0.13 6.476e+15
0.315 0.135 4.64051e+15
0.315 0.14 3.26351e+15
0.315 0.145 2.25058e+15
0.315 0.15 1.52046e+15
0.315 0.155 1.00514e+15
0.315 0.16 6.4921e+14
0.315 0.165 4.08794e+14
0.315 0.17 2.50097e+14
0.315 0.175 1.47813e+14
0.315 0.18 8.35279e+13
0.315 0.185 4.42245e+13
0.315 0.19 2.0966e+13
0.315 0.195 7.79269e+12
0.315 0.2 20935.1
0.32 0 5.55296e+17
0.32 0.005 5.16533e+17
0.32 0.01 4.76159e+17
0.32 0.015 4.35893e+17
0.32 0.02 3.96677e+17
0.32 0.025 3.59029e+17
0.32 0.03 3.23241e+17
0.32 0.035 2.89473e+17
0.32 0.04 2.57806e+17
0.32 0.045 2.28275e+17
0.32 0.05 2.00883e+17
0.32 0.055 1.75611e+17
0.32 0.06 1.52427e+17
0.32 0.065 1.3129e+17
0.32 0.07 1.12149e+17
0.32 0.075 9.49428e+16
0.32 0.08 7.96043e+16
0.32 0.085 6.60554e+16
0.32 0.09 5.42073e+16
0.32 0.095 4.39605e+16
0.32 0.1 3.52041e+16
0.32 0.105 2.78178e+16
0.32 0.11 2.16732e+16
0.32 0.115 1.66365e+16
0.32 0.12 1.25723e+16
0.32 0.125 9.34651e+15
0.32 0.13 6.83018e+15
0.32 0.135 4.90252e+15
0.32 0.14 3.45347e+15
0.32 0.145 2.38536e+15
0.32 0.15 1.61392e+15
0.32 0.155 1.06836e+15
0.32 0.16 6.90849e+14
0.32 0.165 4.35431e+14
0.32 0.17 2.6659e+14
0.32 0.175 1.57644e+14
0.32 0.18 8.91207e+13
0.32 0.185 4.72101e+13
0.32 0.19 2.24073e+13
0.32 0.195 8.35787e+12
0.32 0.2 20935.1
0.325 0 5.19158e+17
0.325 0.005 4.93491e+17
0.325 0.01 4.6288e+17
0.325 0.015 4.29611e+17
0.325 0.02 3.95222e+17
0.325 0.025 3.60764e+17
0.325 0.03 3.26961e+17
0.325 0.035 2.94315e+17
0.325 0.04 2.63168e+17
0.325 0.045 2.33748e+17
0.325 0.05 2.06199e+17
0.325 0.055 1.80605e+17
0.325 0.06 1.57007e+17
0.325 0.065 1.35411e+17
0.325 0.07 1.15799e+17
0.325 0.075 9.81337e+16
0.325 0.08 8.23608e+16
0.325 0.085 6.84097e+16
0.325 0.09 5.6196e+16
0.325 0.095 4.56216e+16
0.325 0.1 3.65756e+16
0.325 0.105 2.89363e+16
0.325 0.11 2.25735e+16
0.325 0.115 1.73511e+16
0.325 0.12 1.3131e+16
0.325 0.125 9.77625e+15
0.325 0.13 7.15503e+15
0.325 0.135 5.14354e+15
0.325 0.14 3.62873e+15
0.325 0.145 2.51011e+15
0.325 0.15 1.70069e+15
0.325 0.155 1.12723e+15
0.325 0.16 7.2974e+14
0.325 0.165 4.60377e+14
0.325 0.17 2.82071e+14
0.325 0.175 1.66893e+14
0.325 0.18 9.43917e+13
0.325 0.185 5.00297e+13
0.325 0.19 2.37731e+13
0.325 0.195 8.89791e+12
0.325 0.2 20935.1
0.33 0 4.86775e+17
0.33 0.005 4.72018e+17
0.33 0.01 4.49943e+17
0.33 0.015 4.23022e+17
0.33 0.02 3.93141e+17
0.33 0.025 3.61733e+17
0.33 0.03 3.29873e+17
0.33 0.035 2.98357e+17
0.33 0.04 2.67764e+17
0.33 0.045 2.38502e+17
0.33 0.05 2.10851e+17
0.33 0.055 1.84993e+17
0.33 0.06 1.61037e+17
0.33 0.065 1.39039e+17
0.33 0.07 1.19013e+17
0.33 0.075 1.00942e+17
0.33 0.08 8.47858e+16
0.33 0.085 7.04802e+16
0.33 0.09 5.79448e+16
0.33 0.095 4.70826e+16
0.33 0.1 3.77826e+16
0.33 0.105 2.99218e+16
0.33 0.11 2.3368e+16
0.33 0.115 1.7983e+16
0.33 0.12 1.36262e+16
0.33 0.125 1.01583e+16
0.33 0.13 7.44476e+15
0.33 0.135 5.35924e+15
0.33 0.14 3.78615e+15
0.33 0.145 2.62256e+15
0.33 0.15 1.77919e+15
0.33 0.155 1.18069e+15
0.33 0.16 7.65172e+14
0.33 0.165 4.83174e+14
0.33 0.17 2.96259e+14
0.33 0.175 1.75388e+14
0.33 0.18 9.92446e+13
0.33 0.185 5.26322e+13
0.33 0.19 2.50386e+13
0.33 0.195 9.40296e+12
0.33 0.2 20935.1
0.335 0 4.57763e+17
0.335 0.005 4.52047e+17
0.335 0.01 4.37376e+17
0.335 0.015 4.16151e+17
0.335 0.02 3.90425e+17
0.335 0.025 3.6189e+17
0.335 0.03 3.319e+17
0.335 0.035 3.01502e+17
0.335 0.04 2.71487e+17
0.335 0.045 2.42427e+17
0.335 0.05 2.14731e+17
0.335 0.055 1.88672e+17
0.335 0.06 1.64426e+17
0.335 0.065 1.42094e+17
0.335 0.07 1.2172e+17
0.335 0.075 1.03309e+17
0.335 0.08 8.68284e+16
0.335 0.085 7.22242e+16
0.335 0.09 5.94183e+16
0.335 0.095 4.83147e+16
0.335 0.1 3.88018e+16
0.335 0.105 3.07555e+16
0.335 0.11 2.40417e+16
0.335 0.115 1.85204e+16
0.335 0.12 1.40489e+16
0.335 0.125 1.04856e+16
0.335 0.13 7.69399e+15
0.335 0.135 5.54559e+15
0.335 0.14 3.92278e+15
0.335 0.145 2.72062e+15
0.335 0.15 1.84796e+15
0.335 0.155 1.22772e+15
0.335 0.16 7.96475e+14
0.335 0.165 5.03391e+14
0.335 0.17 3.08884e+14
0.335 0.175 1.82971e+14
0.335 0.18 1.03588e+14
0.335 0.185 5.49688e+13
0.335 0.19 2.61802e+13
0.335 0.195 9.86352e+12
0.335 0.2 20935.1
0.34 0 4.31676e+17
0.34 0.005 4.33443e+17
0.34 0.01 4.25143e+17
0.34 0.015 4.08974e+17
0.34 0.02 3.87025e+17
0.34 0.025 3.61156e+17
0.34 0.03 3.32937e+17
0.34 0.035 3.03629e+17
0.34 0.04 2.74207e+17
0.34 0.045 2.45397e+17
0.34 0.05 2.1772e+17
0.34 0.055 1.91535e+17
0.34 0.06 1.67078e+17
0.34 0.065 1.44492e+17
0.34 0.07 1.2385e+17
0.34 0.075 1.05171e+17
0.34 0.08 8.84381e+16
0.34 0.085 7.36002e+16
0.34 0.09 6.05827e+16
0.34 0.095 4.92903e+16
0.34 0.1 3.96111e+16
0.34 0.105 3.14197e+16
0.34 0.11 2.45808e+16
0.34 0.115 1.89525e+16
0.34 0.12 1.43905e+16
0.34 0.125 1.07517e+16
0.34 0.13 7.89784e+15
0.34 0.135 5.69899e+15
0.34 0.14 4.03597e+15
0.34 0.145 2.80237e+15
0.34 0.15 1.90565e+15
0.34 0.155 1.26742e+15
0.34 0.16 8.23041e+14
0.34 0.165 5.20636e+14
0.34 0.17 3.19703e+14
0.34 0.175 1.89495e+14
0.34 0.18 1.07339e+14
0.34 0.185 5.69947e+13
0.34 0.19 2.71759e+13
0.34 0.195 1.02706e+13
0.34 0.2 20935.1
0.345 0 4.08074e+17
0.345 0.005 4.15978e+17
0.345 0.01 4.13129e+17
0.345 0.015 4.01399e+17
0.345 0.02 3.82836e+17
0.345 0.025 3.59404e+17
0.345 0.03 3.3284e+17
0.345 0.035 3.04584e+17
0.345 0.04 2.75774e+17
0.345 0.045 2.47267e+17
0.345 0.05 2.19685e+17
0.345 0.055 1.93463e+17
0.345 0.06 1.68891e+17
0.345 0.065 1.46147e+17
0.345 0.07 1.25328e+17
0.345 0.075 1.06471e+17
0.345 0.08 8.95665e+16
0.345 0.085 7.4569e+16
0.345 0.09 6.14064e+16
0.345 0.095 4.99844e+16
0.345 0.1 4.01907e+16
0.345 0.105 3.1899e+16
0.345 0.11 2.4973e+16
0.345 0.115 1.92698e+16
0.345 0.12 1.46438e+16
0.345 0.125 1.0951e+16
0.345 0.13 8.05216e+15
0.345 0.135 5.81635e+15
0.345 0.14 4.12347e+15
0.345 0.145 2.86621e+15
0.345 0.15 1.95113e+15
0.345 0.155 1.29899e+15
0.345 0.16 8.44349e+14
0.345 0.165 5.34572e+14
0.345 0.17 3.28503e+14
0.345 0.175 1.94833e+14
0.345 0.18 1.10425e+14
0.345 0.185 5.86706e+13
0.345 0.19 2.80065e+13
0.345 0.195 1.06164e+13
0.345 0.2 20935.1
0.35 0 3.86483e+17
0.35 0.005 3.9938e+17
0.35 0.01 4.01134e+17
0.35 0.015 3.93253e+17
0.35 0.02 3.77684e+17
0.35 0.025 3.5645e+17
0.35 0.03 3.3142e+17
0.35 0.035 3.04183e+17
0.35 0.04 2.76012e+17
0.35 0.045 2.47876e+17
0.35 0.05 2.20485e+17
0.35 0.055 1.94336e+17
0.35 0.06 1.69762e+17
0.35 0.065 1.46974e+17
0.35 0.07 1.26087e+17
0.35 0.075 1.07153e+17
0.35 0.08 9.01689e+16
0.35 0.085 7.50952e+16
0.35 0.09 6.18619e+16
0.35 0.095 5.03754e+16
0.35 0.1 4.05237e+16
0.35 0.105 3.21803e+16
0.35 0.11 2.52084e+16
0.35 0.115 1.94646e+16
0.35 0.12 1.4803e+16
0.35 0.125 1.10792e+16
0.35 0.13 8.15365e+15
0.35 0.135 5.89521e+15
0.35 0.14 4.18347e+15
0.35 0.145 2.91083e+15
0.35 0.15 1.98349e+15
0.35 0.155 1.32182e+15
0.35 0.16 8.59977e+14
0.35 0.165 5.44923e+14
0.35 0.17 3.35112e+14
0.35 0.175 1.9888e+14
0.35 0.18 1.12784e+14
0.35 0.185 5.99639e+13
0.35 0.19 2.86558e+13
0.35 0.195 1.08938e+13
0.35 0.2 20935.1
0.355 0 3.66362e+17
0.355 0.005 3.83276e+17
0.355 0.01 3.88869e+17
0.355 0.015 3.84276e+17
0.355 0.02 3.71318e+17
0.355 0.025 3.52049e+17
0.355 0.03 3.2844e+17
0.355 0.035 3.02203e+17
0.355 0.04 2.74721e+17
0.355 0.045 2.47052e+17
0.355 0.05 2.19974e+17
0.355 0.055 1.94031e+17
0.355 0.06 1.69593e+17
0.355 0.065 1.46892e+17
0.355 0.07 1.26063e+17
0.355 0.075 1.07166e+17
0.355 0.08 9.0207e+16
0.355 0.085 7.51494e+16
0.355 0.09 6.19264e+16
0.355 0.095 5.0446e+16
0.355 0.1 4.05972e+16
0.355 0.105 3.22538e+16
0.355 0.11 2.52795e+16
0.355 0.115 1.95313e+16
0.355 0.12 1.48639e+16
0.355 0.125 1.11331e+16
0.355 0.13 8.19997e+15
0.355 0.135 5.93384e+15
0.355 0.14 4.21473e+15
0.355 0.145 2.93533e+15
0.355 0.15 2.00208e+15
0.355 0.155 1.33545e+15
0.355 0.16 8.6962e+14
0.355 0.165 5.51489e+14
0.355 0.17 3.39402e+14
0.355 0.175 2.01559e+14
0.355 0.18 1.14373e+14
0.355 0.185 6.08501e+13
0.355 0.19 2.91114e+13
0.355 0.195 1.10977e+13
0.355 0.2 20935.1
0.36 0 3.47081e+17
0.36 0.005 3.6718e+17
0.36 0.01 3.75934e+17
0.36 0.015 3.74115e+17
0.36 0.02 3.63411e+17
0.36 0.025 3.45894e+17
0.36 0.03 3.2362e+17
0.36 0.035 2.98396e+17
0.36 0.04 2.71688e+17
0.36 0.045 2.44617e+17
0.36 0.05 2.18006e+17
0.36 0.055 1.92433e+17
0.36 0.06 1.68293e+17
0.36 0.065 1.45834e+17
0.36 0.07 1.25204e+17
0.36 0.075 1.06472e+17
0.36 0.08 8.96513e+16
0.36 0.085 7.47098e+16
0.36 0.09 6.15841e+16
0.36 0.095 5.01849e+16
0.36 0.1 4.04028e+16
0.36 0.105 3.21135e+16
0.36 0.11 2.51821e+16
0.36 0.115 1.9467e+16
0.36 0.12 1.48241e+16
0.36 0.125 1.1111e+16
0.36 0.13 8.18988e+15
0.36 0.135 5.93134e+15
0.36 0.14 4.21656e+15
0.36 0.145 2.93921e+15
0.36 0.15 2.00653e+15
0.36 0.155 1.33963e+15
0.36 0.16 8.73099e+14
0.36 0.165 5.5415e+14
0.36 0.17 3.41295e+14
0.36 0.175 2.02821e+14
0.36 0.18 1.15163e+14
0.36 0.185 6.13132e+13
0.36 0.19 2.93652e+13
0.36 0.195 1.12241e+13
0.36 0.2 20935.1
0.365 0 3.27906e+17
0.365 0.005 3.50501e+17
0.365 0.01 3.61843e+17
0.365 0.015 3.62348e+17
0.365 0.02 3.53582e+17
0.365 0.025 3.37643e+17
0.365 0.03 3.1666e+17
0.365 0.035 2.92508e+17
0.365 0.04 2.66704e+17
0.365 0.045 2.40404e+17
0.365 0.05 2.14453e+17
0.365 0.055 1.89446e+17
0.365 0.06 1.6579e+17
0.365 0.065 1.43746e+17
0.365 0.07 1.23472e+17
0.365 0.075 1.05045e+17
0.365 0.08 8.84841e+16
0.365 0.085 7.37646e+16
0.365 0.09 6.08274e+16
0.365 0.095 4.9587e+16
0.365 0.1 3.99376e+16
0.365 0.105 3.17577e+16
0.365 0.11 2.49151e+16
0.365 0.115 1.9271e+16
0.365 0.12 1.46836e+16
0.365 0.125 1.10128e+16
0.365 0.13 8.12332e+15
0.365 0.135 5.88764e+15
0.365 0.14 4.18889e+15
0.365 0.145 2.92241e+15
0.365 0.15 1.9968e+15
0.365 0.155 1.3343e+15
0.365 0.16 8.70368e+14
0.365 0.165 5.52869e+14
0.365 0.17 3.40767e+14
0.365 0.175 2.02649e+14
0.365 0.18 1.15142e+14
0.365 0.185 6.13468e+13
0.365 0.19 2.94133e+13
0.365 0.195 1.12711e+13
0.365 0.2 20935.1
0.37 0 3.0805e+17
0.37 0.005 3.32639e+17
0.37 0.01 3.46141e+17
0.37 0.015 3.48601e+17
0.37 0.02 3.41496e+17
0.37 0.025 3.26987e+17
0.37 0.03 3.07285e+17
0.37 0.035 2.8431e+17
0.37 0.04 2.59591e+17
0.37 0.045 2.3428e+17
0.37 0.05 2.09219e+17
0.37 0.055 1.85003e+17
0.37 0.06 1.62041e+17
0.37 0.065 1.40602e+17
0.37 0.07 1.20851e+17
0.37 0.075 1.02875e+17
0.37 0.08 8.67021e+16
0.37 0.085 7.23137e+16
0.37 0.09 5.9658e+16
0.37 0.095 4.86553e+16
0.37 0.1 3.92047e+16
0.37 0.105 3.11895e+16
0.37 0.11 2.44815e+16
0.37 0.115 1.89457e+16
0.37 0.12 1.44442e+16
0.37 0.125 1.08402e+16
0.37 0.13 8.00143e+15
0.37 0.135 5.80358e+15
0.37 0.14 4.13232e+15
0.37 0.145 2.8853e+15
0.37 0.15 1.97312e+15
0.37 0.155 1.31961e+15
0.37 0.16 8.61519e+14
0.37 0.165 5.477e+14
0.37 0.17 3.37844e+14
0.37 0.175 2.01058e+14
0.37 0.18 1.14317e+14
0.37 0.185 6.09536e+13
0.37 0.19 2.92567e+13
0.37 0.195 1.12383e+13
0.37 0.2 20935.1
0.375 0 2.86951e+17
0.375 0.005 3.1341e+17
0.375 0.01 3.2887e+17
0.375 0.015 3.32918e+17
0.375 0.02 3.27092e+17
0.375 0.025 3.13783e+17
0.375 0.03 2.95329e+17
0.375 0.035 2.73655e+17
0.375 0.04 2.50236e+17
0.375 0.045 2.26172e+17
0.375 0.05 2.02262e+17
0.375 0.055 1.79084e+17
0.375 0.06 1.57041e+17
0.375 0.065 1.36406e+17
0.375 0.07 1.17352e+17
0.375 0.075 9.99769e+16
0.375 0.08 8.43189e+16
0.375 0.085 7.03705e+16
0.375 0.09 5.80883e+16
0.375 0.095 4.74006e+16
0.375 0.1 3.82136e+16
0.375 0.105 3.04168e+16
0.375 0.11 2.38877e+16
0.375 0.115 1.84965e+16
0.375 0.12 1.411e+16
0.375 0.125 1.0596e+16
0.375 0.13 7.82654e+15
0.375 0.135 5.68083e+15
0.375 0.14 4.04803e+15
0.375 0.145 2.82873e+15
0.375 0.15 1.93605e+15
0.375 0.155 1.29592e+15
0.375 0.16 8.46775e+14
0.375 0.165 5.38776e+14
0.375 0.17 3.32606e+14
0.375 0.175 1.98091e+14
0.375 0.18 1.12713e+14
0.375 0.185 6.01458e+13
0.375 0.19 2.89005e+13
0.375 0.195 1.11275e+13
0.375 0.2 20935.1
0.38 0 2.65526e+17
0.38 0.005 2.94864e+17
0.38 0.01 3.1228e+17
0.38 0.015 3.16858e+17
0.38 0.02 3.11131e+17
0.38 0.025 2.98296e+17
0.38 0.03 2.80844e+17
0.38 0.035 2.60537e+17
0.38 0.04 2.38639e+17
0.38 0.045 2.16094e+17
0.38 0.05 1.93613e+17
0.38 0.055 1.7173e+17
0.38 0.06 1.50833e+17
0.38 0.065 1.312e+17
0.38 0.07 1.13014e+17
0.38 0.075 9.63854e+16
0.38 0.08 8.13665e+16
0.38 0.085 6.79625e+16
0.38 0.09 5.61417e+16
0.38 0.095 4.58427e+16
0.38 0.1 3.69805e+16
0.38 0.105 2.94527e+16
0.38 0.11 2.31441e+16
0.38 0.115 1.79314e+16
0.38 0.12 1.36873e+16
0.38 0.125 1.02852e+16
0.38 0.13 7.60215e+15
0.38 0.135 5.52195e+15
0.38 0.14 3.93781e+15
0.38 0.145 2.75392e+15
0.38 0.15 1.88642e+15
0.38 0.155 1.26377e+15
0.38 0.16 8.26485e+14
0.38 0.165 5.26315e+14
0.38 0.17 3.25182e+14
0.38 0.175 1.93824e+14
0.38 0.18 1.10371e+14
0.38 0.185 5.89444e+13
0.38 0.19 2.83543e+13
0.38 0.195 1.09417e+13
0.38 0.2 20935.1
0.385 0 2.51976e+17
0.385 0.005 2.90588e+17
0.385 0.01 3.0804e+17
0.385 0.015 3.06819e+17
0.385 0.02 2.96287e+17
0.385 0.025 2.81492e+17
0.385 0.03 2.64191e+17
0.385 0.035 2.45139e+17
0.385 0.04 2.24939e+17
0.385 0.045 2.04177e+17
0.385 0.05 1.83393e+17
0.385 0.055 1.63049e+17
0.385 0.06 1.43516e+17
0.385 0.065 1.2507e+17
0.385 0.07 1.0791e+17
0.385 0.075 9.21619e+16
0.385 0.08 7.78954e+16
0.385 0.085 6.51315e+16
0.385 0.09 5.38524e+16
0.385 0.095 4.4009e+16
0.385 0.1 3.55275e+16
0.385 0.105 2.83149e+16
0.385 0.11 2.22647e+16
0.385 0.115 1.72611e+16
0.385 0.12 1.31843e+16
0.385 0.125 9.9139e+15
0.385 0.13 7.33279e+15
0.385 0.135 5.33019e+15
0.385 0.14 3.804e+15
0.385 0.145 2.66248e+15
0.385 0.15 1.82531e+15
0.385 0.155 1.2239e+15
0.385 0.16 8.01109e+14
0.385 0.165 5.10603e+14
0.385 0.17 3.15747e+14
0.385 0.175 1.88358e+14
0.385 0.18 1.07346e+14
0.385 0.185 5.73782e+13
0.385 0.19 2.76315e+13
0.385 0.195 1.06859e+13
0.385 0.2 20935.1
0.39 0 2.99566e+17
0.39 0.005 4.02291e+17
0.39 0.01 3.77578e+17
0.39 0.015 3.24747e+17
0.39 0.02 2.88846e+17
0.39 0.025 2.65103e+17
0.39 0.03 2.45975e+17
0.39 0.035 2.27815e+17
0.39 0.04 2.09423e+17
0.39 0.045 1.9067e+17
0.39 0.05 1.71818e+17
0.39 0.055 1.53227e+17
0.39 0.06 1.35241e+17
0.39 0.065 1.18142e+17
0.39 0.07 1.02143e+17
0.39 0.075 8.73904e+16
0.39 0.08 7.39739e+16
0.39 0.085 6.19325e+16
0.39 0.09 5.12645e+16
0.39 0.095 4.1935e+16
0.39 0.1 3.38826e+16
0.39 0.105 2.70253e+16
0.39 0.11 2.12663e+16
0.39 0.115 1.64988e+16
0.39 0.12 1.26109e+16
0.39 0.125 9.48943e+15
0.39 0.13 7.02392e+15
0.39 0.135 5.10952e+15
0.39 0.14 3.64937e+15
0.39 0.145 2.55635e+15
0.39 0.15 1.75405e+15
0.39 0.155 1.17715e+15
0.39 0.16 7.71206e+14
0.39 0.165 4.9199e+14
0.39 0.17 3.0451e+14
0.39 0.175 1.81814e+14
0.39 0.18 1.03707e+14
0.39 0.185 5.54832e+13
0.39 0.19 2.6749e+13
0.39 0.195 1.03662e+13
0.39 0.2 20935.1
0.395 0 1.23272e+18
0.395 0.005 2.77947e+18
0.395 0.01 1.03661e+18
0.395 0.015 4.4295e+17
0.395 0.02 2.98522e+17
0.395 0.025 2.50535e+17
0.395 0.03 2.26689e+17
0.395 0.035 2.09001e+17
0.395 0.04 1.92506e+17
0.395 0.045 1.7594e+17
0.395 0.05 1.59195e+17
0.395 0.055 1.42514e+17
0.395 0.06 1.26212e+17
0.395 0.065 1.10578e+17
0.395 0.07 9.58427e+16
0.395 0.075 8.2175e+16
0.395 0.08 6.9685e+16
0.395 0.085 5.84315e+16
0.395 0.09 4.84304e+16
0.395 0.095 3.9662e+16
0.395 0.1 3.20782e+16
0.395 0.105 2.56092e+16
0.395 0.11 2.01687e+16
0.395 0.115 1.56595e+16
0.395 0.12 1.19784e+16
0.395 0.125 9.02023e+15
0.395 0.13 6.6817e+15
0.395 0.135 4.86436e+15
0.395 0.14 3.47708e+15
0.395 0.145 2.43771e+15
0.395 0.15 1.67411e+15
0.395 0.155 1.12452e+15
0.395 0.16 7.37412e+14
0.395 0.165 4.70874e+14
0.395 0.17 2.91716e+14
0.395 0.175 1.74337e+14
0.395 0.18 9.95331e+13
0.395 0.185 5.33008e+13
0.395 0.19 2.57262e+13
0.395 0.195 9.98999e+12
0.395 0.2 20935.1
0.4 0 9.999e+19
0.4 0.005 5.83434e+19
0.4 0.01 8.23959e+18
0.4 0.015 8.05954e+17
0.4 0.02 3.22817e+17
0.4 0.025 2.35842e+17
0.4 0.03 2.06271e+17
0.4 0.035 1.89162e+17
0.4 0.04 1.7471e+17
0.4 0.045 1.60445e+17
0.4 0.05 1.459e+17
0.4 0.055 1.31211e+17
0.4 0.06 1.16668e+17
0.4 0.065 1.02568e+17
0.4 0.07 8.91596e+16
0.4 0.075 7.66341e+16
0.4 0.08 6.51223e+16
0.4 0.085 5.47026e+16
0.4 0.09 4.54084e+16
0.4 0.095 3.72357e+16
0.4 0.1 3.01502e+16
0.4 0.105 2.40943e+16
0.4 0.11 1.8993e+16
0.4 0.115 1.47593e+16
0.4 0.12 1.1299e+16
0.4 0.125 8.51544e+15
0.4 0.13 6.31281e+15
0.4 0.135 4.59953e+15
0.4 0.14 3.29053e+15
0.4 0.145 2.30893e+15
0.4 0.15 1.58711e+15
0.4 0.155 1.06708e+15
0.4 0.16 7.00417e+14
0.4 0.165 4.47691e+14
0.4 0.17 2.77627e+14
0.4 0.175 1.66081e+14
0.4 0.18 9.49117e+13
0.4 0.185 5.08769e+13
0.4 0.19 2.4585e+13
0.4 0.195 9.56558e+12
0.4 0.2 20935.1
0.405 0 9.999e+19
0.405 0.005 7.44673e+19
0.405 0.01 2.13623e+19
0.405 0.015 1.28368e+18
0.405 0.02 3.38422e+17
0.405 0.025 2.1782e+17
0.405 0.03 1.84836e+17
0.405 0.035 1.68922e+17
0.405 0.04 1.5665e+17
0.405 0.045 1.44698e+17
0.405 0.05 1.32345e+17
0.405 0.055 1.19642e+17
0.405 0.06 1.06864e+17
0.405 0.065 9.43121e+16
0.405 0.07 8.22522e+16
0.405 0.075 7.08931e+16
0.405 0.08 6.03849e+16
0.405 0.085 5.08239e+16
0.405 0.09 4.22601e+16
0.405 0.095 3.47043e+16
0.405 0.1 2.8136e+16
0.405 0.105 2.25098e+16
0.405 0.11 1.77618e+16
0.405 0.115 1.38153e+16
0.405 0.12 1.05856e+16
0.405 0.125 7.98455e+15
0.405 0.13 5.92421e+15
0.405 0.135 4.32007e+15
0.405 0.14 3.09329e+15
0.405 0.145 2.17248e+15
0.405 0.15 1.49471e+15
0.405 0.155 1.00593e+15
0.405 0.16 6.60946e+14
0.405 0.165 4.22896e+14
0.405 0.17 2.62524e+14
0.405 0.175 1.57209e+14
0.405 0.18 8.99347e+13
0.405 0.185 4.82598e+13
0.405 0.19 2.33484e+13
0.405 0.195 9.1018e+12
0.405 0.2 20935.1
0.41 0 9.999e+19
0.41 0.005 7.57789e+19
0.41 0.01 2.6791e+19
0.41 0.015 1.69126e+18
0.41 0.02 3.39831e+17
0.41 0.025 1.97111e+17
0.41 0.03 1.63277e+17
0.41 0.035 1.49057e+17
0.41 0.04 1.38957e+17
0.41 0.045 1.29204e+17
0.41 0.05 1.18927e+17
0.41 0.055 1.08124e+17
0.41 0.06 9.705e+16
0.41 0.065 8.60097e+16
0.41 0.07 7.52779e+16
0.41 0.075 6.50769e+16
0.41 0.08 5.55717e+16
0.41 0.085 4.68738e+16
0.41 0.09 3.90472e+16
0.41 0.095 3.21165e+16
0.41 0.1 2.60736e+16
0.41 0.105 2.0885e+16
0.41 0.11 1.64976e+16
0.41 0.115 1.28447e+16
0.41 0.12 9.85106e+15
0.41 0.125 7.43714e+15
0.41 0.13 5.52293e+15
0.41 0.135 4.03102e+15
0.41 0.14 2.88894e+15
0.41 0.145 2.03086e+15
0.41 0.15 1.39863e+15
0.41 0.155 9.42223e+14
0.41 0.16 6.19733e+14
0.41 0.165 3.96954e+14
0.41 0.17 2.4669e+14
0.41 0.175 1.47889e+14
0.41 0.18 8.46962e+13
0.41 0.185 4.54993e+13
0.41 0.19 2.20401e+13
0.41 0.195 8.60786e+12
0.41 0.2 20935.1
0.415 0 9.999e+19
0.415 0.005 7.61566e+19
0.415 0.01 2.90721e+19
0.415 0.015 1.99854e+18
0.415 0.02 3.28075e+17
0.415 0.025 1.75188e+17
0.415 0.03 1.42531e+17
0.415 0.035 1.30245e+17
0.415 0.04 1.22161e+17
0.415 0.045 1.14387e+17
0.415 0.05 1.0599e+17
0.415 0.055 9.69326e+16
0.415 0.06 8.74508e+16
0.415 0.065 7.78418e+16
0.415 0.07 6.83826e+16
0.415 0.075 5.93027e+16
0.415 0.08 5.07766e+16
0.415 0.085 4.29268e+16
0.415 0.09 3.58289e+16
0.415 0.095 2.95188e+16
0.415 0.1 2.39995e+16
0.415 0.105 1.92483e+16
0.415 0.11 1.52221e+16
0.415 0.115 1.18641e+16
0.415 0.12 9.10792e+15
0.415 0.125 6.88256e+15
0.415 0.13 5.11581e+15
0.415 0.135 3.73732e+15
0.415 0.14 2.68098e+15
0.415 0.145 1.8865e+15
0.415 0.15 1.30053e+15
0.415 0.155 8.77057e+14
0.415 0.16 5.77503e+14
0.415 0.165 3.70323e+14
0.415 0.17 2.30406e+14
0.415 0.175 1.38288e+14
0.415 0.18 7.92898e+13
0.415 0.185 4.2645e+13
0.415 0.19 2.06838e+13
0.415 0.195 8.09302e+12
0.415 0.2 20935.1
0.42 0 9.999e+19
0.42 0.005 7.63654e+19
0.42 0.01 3.04424e+19
0.42 0.015 2.23177e+18
0.42 0.02 3.07736e+17
0.42 0.025 1.5354e+17
0.42 0.03 1.2329e+17
0.42 0.035 1.12945e+17
0.42 0.04 1.06626e+17
0.42 0.045 1.00554e+17
0.42 0.05 9.37967e+16
0.42 0.055 8.62911e+16
0.42 0.06 7.82519e+16
0.42 0.065 6.99623e+16
0.42 0.07 6.16933e+16
0.42 0.075 5.36742e+16
0.42 0.08 4.60838e+16
0.42 0.085 3.9051e+16
0.42 0.09 3.26596e+16
0.42 0.095 2.69544e+16
0.42 0.1 2.19478e+16
0.42 0.105 1.76262e+16
0.42 0.11 1.3956e+16
0.42 0.115 1.08891e+16
0.42 0.12 8.36802e+15
0.42 0.125 6.32964e+15
0.42 0.13 4.70934e+15
0.42 0.135 3.44369e+15
0.42 0.14 2.47276e+15
0.42 0.145 1.74175e+15
0.42 0.15 1.202e+15
0.42 0.155 8.11501e+14
0.42 0.16 5.3495e+14
0.42 0.165 3.43443e+14
0.42 0.17 2.13942e+14
0.42 0.175 1.28566e+14
0.42 0.18 7.38064e+13
0.42 0.185 3.97451e+13
0.42 0.19 1.93028e+13
0.42 0.195 7.56636e+12
0.42 0.2 20935.1
0.425 0 9.999e+19
0.425 0.005 7.65008e+19
0.425 0.01 3.13999e+19
0.425 0.015 2.41829e+18
0.425 0.02 2.83197e+17
0.425 0.025 1.33242e+17
0.425 0.03 1.05948e+17
0.425 0.035 9.73936e+16
0.425 0.04 9.25542e+16
0.425 0.045 8.78936e+16
0.425 0.05 8.25207e+16
0.425 0.055 7.63571e+16
0.425 0.06 6.95931e+16
0.425 0.065 6.24922e+16
0.425 0.07 5.53128e+16
0.425 0.075 4.82778e+16
0.425 0.08 4.15648e+16
0.425 0.085 3.5305e+16
0.425 0.09 2.95868e+16
0.425 0.095 2.44615e+16
0.425 0.1 1.99487e+16
0.425 0.105 1.60426e+16
0.425 0.11 1.27177e+16
0.425 0.115 9.93418e+15
0.425 0.12 7.6422e+15
0.425 0.125 5.78647e+15
0.425 0.13 4.30948e+15
0.425 0.135 3.15443e+15
0.425 0.14 2.26735e+15
0.425 0.145 1.59874e+15
0.425 0.15 1.10452e+15
0.425 0.155 7.46545e+14
0.425 0.16 4.92722e+14
0.425 0.165 3.16728e+14
0.425 0.17 1.97554e+14
0.425 0.175 1.18873e+14
0.425 0.18 6.83314e+13
0.425 0.185 3.68451e+13
0.425 0.19 1.79189e+13
0.425 0.195 7.03653e+12
0.425 0.2 20935.1
0.43 0 9.999e+19
0.43 0.005 7.65947e+19
0.43 0.01 3.21131e+19
0.43 0.015 2.57667e+18
0.43 0.02 2.57444e+17
0.43 0.025 1.14877e+17
0.43 0.03 9.06451e+16
0.43 0.035 8.36541e+16
0.43 0.04 8.00124e+16
0.43 0.045 7.64896e+16
0.43 0.05 7.22572e+16
0.43 0.055 6.72284e+16
0.43 0.06 6.15691e+16
0.43 0.065 5.5519e+16
0.43 0.07 4.93191e+16
0.43 0.075 4.31813e+16
0.43 0.08 3.72774e+16
0.43 0.085 3.17371e+16
0.43 0.09 2.66506e+16
0.43 0.095 2.20727e+16
0.43 0.1 1.80284e+16
0.43 0.105 1.45182e+16
0.43 0.11 1.15236e+16
0.43 0.115 9.0117e+15
0.43 0.12 6.94001e+15
0.43 0.125 5.26022e+15
0.43 0.13 3.92155e+15
0.43 0.135 2.87342e+15
0.43 0.14 2.06754e+15
0.43 0.145 1.45944e+15
0.43 0.15 1.00943e+15
0.43 0.155 6.8309e+14
0.43 0.16 4.51409e+14
0.43 0.165 2.90552e+14
0.43 0.17 1.81474e+14
0.43 0.175 1.09348e+14
0.43 0.18 6.29439e+13
0.43 0.185 3.39872e+13
0.43 0.19 1.65526e+13
0.43 0.195 6.51165e+12
0.43 0.2 20935.1
0.435 0 9.999e+19
0.435 0.005 7.66625e+19
0.435 0.01 3.26631e+19
0.435 0.015 2.71792e+18
0.435 0.02 2.32227e+17
0.435 0.025 9.86534e+16
0.435 0.03 7.73477e+16
0.435 0.035 7.16728e+16
0.435 0.04 6.89753e+16
0.435 0.045 6.63492e+16
0.435 0.05 6.30383e+16
0.435 0.055 5.89525e+16
0.435 0.06 5.42342e+16
0.435 0.065 4.90985e+16
0.435 0.07 4.37659e+16
0.435 0.075 3.84338e+16
0.435 0.08 3.32651e+16
0.435 0.085 2.83851e+16
0.435 0.09 2.38826e+16
0.435 0.095 1.98142e+16
0.435 0.1 1.62084e+16
0.435 0.105 1.30704e+16
0.435 0.11 1.03872e+16
0.435 0.115 8.13233e+15
0.435 0.12 6.26959e+15
0.435 0.125 4.75707e+15
0.435 0.13 3.55014e+15
0.435 0.135 2.60401e+15
0.435 0.14 1.87572e+15
0.435 0.145 1.32553e+15
0.435 0.15 9.17895e+14
0.435 0.155 6.21929e+14
0.435 0.16 4.11533e+14
0.435 0.165 2.65253e+14
0.435 0.17 1.6591e+14
0.435 0.175 1.00116e+14
0.435 0.18 5.77149e+13
0.435 0.185 3.12094e+13
0.435 0.19 1.52224e+13
0.435 0.195 5.99908e+12
0.435 0.2 20935.1
0.44 0 9.999e+19
0.44 0.005 7.67126e+19
0.44 0.01 3.30962e+19
0.44 0.015 2.84789e+18
0.44 0.02 2.08481e+17
0.44 0.025 8.45507e+16
0.44 0.03 6.59203e+16
0.44 0.035 6.13279e+16
0.44 0.04 5.93599e+16
0.44 0.045 5.74277e+16
0.44 0.05 5.48499e+16
0.44 0.055 5.1537e+16
0.44 0.06 4.76102e+16
0.44 0.065 4.32598e+16
0.44 0.07 3.86852e+16
0.44 0.075 3.40674e+16
0.44 0.08 2.95582e+16
0.44 0.085 2.52759e+16
0.44 0.09 2.13066e+16
0.44 0.095 1.77063e+16
0.44 0.1 1.45054e+16
0.44 0.105 1.17126e+16
0.44 0.11 9.31955e+15
0.44 0.115 7.30473e+15
0.44 0.12 5.63766e+15
0.44 0.125 4.28212e+15
0.44 0.13 3.19907e+15
0.44 0.135 2.34903e+15
0.44 0.14 1.69393e+15
0.44 0.145 1.19846e+15
0.44 0.15 8.30929e+14
0.44 0.155 5.63739e+14
0.44 0.16 3.73545e+14
0.44 0.165 2.41118e+14
0.44 0.17 1.51042e+14
0.44 0.175 9.12862e+13
0.44 0.18 5.27067e+13
0.44 0.185 2.85454e+13
0.44 0.19 1.39447e+13
0.44 0.195 5.50541e+12
0.44 0.2 20935.1
0.445 0 9.999e+19
0.445 0.005 7.67505e+19
0.445 0.01 3.34415e+19
0.445 0.015 2.96924e+18
0.445 0.02 1.86655e+17
0.445 0.025 7.24271e+16
0.445 0.03 5.61813e+16
0.445 0.035 5.24663e+16
0.445 0.04 5.10529e+16
0.445 0.045 4.96498e+16
0.445 0.05 4.76483e+16
0.445 0.055 4.49622e+16
0.445 0.06 4.1694e+16
0.445 0.065 3.80111e+16
0.445 0.07 3.40915e+16
0.445 0.075 3.00997e+16
0.445 0.08 2.61749e+16
0.445 0.085 2.24275e+16
0.445 0.09 1.89388e+16
0.445 0.095 1.57633e+16
0.445 0.1 1.29318e+16
0.445 0.105 1.04554e+16
0.445 0.11 8.32898e+15
0.445 0.115 6.53559e+15
0.445 0.12 5.04948e+15
0.445 0.125 3.83943e+15
0.445 0.13 2.8714e+15
0.445 0.135 2.11074e+15
0.445 0.14 1.52384e+15
0.445 0.145 1.07942e+15
0.445 0.15 7.49352e+14
0.445 0.155 5.09087e+14
0.445 0.16 3.3782e+14
0.445 0.165 2.18391e+14
0.445 0.17 1.37024e+14
0.445 0.175 8.29498e+13
0.445 0.18 4.79726e+13
0.445 0.185 2.6024e+13
0.445 0.19 1.27336e+13
0.445 0.195 5.03637e+12
0.445 0.2 20935.1
0.45 0 9.999e+19
0.45 0.005 7.67795e+19
0.45 0.01 3.37188e+19
0.45 0.015 3.08274e+18
0.45 0.02 1.66928e+17
0.45 0.025 6.20914e+16
0.45 0.03 4.79367e+16
0.45 0.035 4.49268e+16
0.45 0.04 4.39296e+16
0.45 0.045 4.29249e+16
0.45 0.05 4.13721e+16
0.45 0.055 3.919e+16
0.45 0.06 3.64652e+16
0.45 0.065 3.33442e+16
0.45 0.07 2.99854e+16
0.45 0.075 2.65364e+16
0.45 0.08 2.3124e+16
0.45 0.085 1.98497e+16
0.45 0.09 1.67892e+16
0.45 0.095 1.39945e+16
0.45 0.1 1.14959e+16
0.45 0.105 9.3057e+15
0.45 0.11 7.42153e+15
0.45 0.115 5.82983e+15
0.45 0.12 4.50895e+15
0.45 0.125 3.43204e+15
0.45 0.13 2.56948e+15
0.45 0.135 1.8909e+15
0.45 0.14 1.36672e+15
0.45 0.145 9.69332e+14
0.45 0.15 6.73821e+14
0.45 0.155 4.58425e+14
0.45 0.16 3.04663e+14
0.45 0.165 1.97272e+14
0.45 0.17 1.23981e+14
0.45 0.175 7.51837e+13
0.45 0.18 4.3557e+13
0.45 0.185 2.36693e+13
0.45 0.19 1.16011e+13
0.45 0.195 4.59681e+12
0.45 0.2 20935.1
0.455 0 9.999e+19
0.455 0.005 7.68019e+19
0.455 0.01 3.39421e+19
0.455 0.015 3.18814e+18
0.455 0.02 1.49328e+17
0.455 0.025 5.33427e+16
0.455 0.03 4.10006e+16
0.455 0.035 3.85541e+16
0.455 0.04 3.78661e+16
0.455 0.045 3.71581e+16
0.455 0.05 3.59518e+16
0.455 0.055 3.41719e+16
0.455 0.06 3.18922e+16
0.455 0.065 2.92405e+16
0.455 0.07 2.63572e+16
0.455 0.075 2.33743e+16
0.455 0.08 2.04062e+16
0.455 0.085 1.75456e+16
0.455 0.09 1.48623e+16
0.455 0.095 1.24049e+16
0.455 0.1 1.02025e+16
0.455 0.105 8.2681e+15
0.455 0.11 6.6011e+15
0.455 0.115 5.19075e+15
0.455 0.12 4.01879e+15
0.455 0.125 3.06213e+15
0.455 0.13 2.295e+15
0.455 0.135 1.6908e+15
0.455 0.14 1.22355e+15
0.455 0.145 8.68901e+14
0.455 0.15 6.04837e+14
0.455 0.155 4.121e+14
0.455 0.16 2.74309e+14
0.455 0.165 1.77916e+14
0.455 0.17 1.12013e+14
0.455 0.175 6.80492e+13
0.455 0.18 3.94959e+13
0.455 0.185 2.15012e+13
0.455 0.19 1.05569e+13
0.455 0.195 4.19078e+12
0.455 0.2 20935.1
0.46 0 9.999e+19
0.46 0.005 7.68193e+19
0.46 0.01 3.4122e+19
0.46 0.015 3.28478e+18
0.46 0.02 1.33809e+17
0.46 0.025 4.59907e+16
0.46 0.03 3.52047e+16
0.46 0.035 3.32066e+16
0.46 0.04 3.27462e+16
0.46 0.045 3.22569e+16
0.46 0.05 3.13163e+16
0.46 0.055 2.98555e+16
0.46 0.06 2.79375e+16
0.46 0.065 2.56744e+16
0.46 0.07 2.31905e+16
0.46 0.075 2.06037e+16
0.46 0.08 1.80168e+16
0.46 0.085 1.55137e+16
0.46 0.09 1.31584e+16
0.46 0.095 1.09959e+16
0.46 0.1 9.05371e+15
0.46 0.105 7.34476e+15
0.46 0.11 5.86982e+15
0.46 0.115 4.62026e+15
0.46 0.12 3.58066e+15
0.46 0.125 2.73108e+15
0.46 0.13 2.04906e+15
0.46 0.135 1.51132e+15
0.46 0.14 1.095e+15
0.46 0.145 7.78622e+14
0.46 0.15 5.42761e+14
0.46 0.155 3.70369e+14
0.46 0.16 2.46935e+14
0.46 0.165 1.60441e+14
0.46 0.17 1.01196e+14
0.46 0.175 6.15937e+13
0.46 0.18 3.58172e+13
0.46 0.185 1.95351e+13
0.46 0.19 9.60898e+12
0.46 0.195 3.82153e+12
0.46 0.2 20935.1
0.465 0 9.999e+19
0.465 0.005 7.68328e+19
0.465 0.01 3.42665e+19
0.465 0.015 3.37184e+18
0.465 0.02 1.20295e+17
0.465 0.025 3.9866e+16
0.465 0.03 3.0402e+16
0.465 0.035 2.87597e+16
0.465 0.04 2.84652e+16
0.465 0.045 2.81357e+16
0.465 0.05 2.73972e+16
0.465 0.055 2.61876e+16
0.465 0.06 2.45613e+16
0.465 0.065 2.26171e+16
0.465 0.07 2.04652e+16
0.465 0.075 1.8211e+16
0.465 0.08 1.59468e+16
0.465 0.085 1.37487e+16
0.465 0.09 1.16747e+16
0.465 0.095 9.76635e+15
0.465 0.1 8.04931e+15
0.465 0.105 6.53613e+15
0.465 0.11 5.22841e+15
0.465 0.115 4.11921e+15
0.465 0.12 3.19538e+15
0.465 0.125 2.43962e+15
0.465 0.13 1.83231e+15
0.465 0.135 1.35298e+15
0.465 0.14 9.81465e+14
0.465 0.145 6.98818e+14
0.465 0.15 4.87833e+14
0.465 0.155 3.33407e+14
0.465 0.16 2.22665e+14
0.465 0.165 1.44931e+14
0.465 0.17 9.15852e+13
0.465 0.175 5.58524e+13
0.465 0.18 3.25421e+13
0.465 0.185 1.7783e+13
0.465 0.19 8.7633e+12
0.465 0.195 3.49161e+12
0.465 0.2 20935.1
0.47 0 9.999e+19
0.47 0.005 7.68434e+19
0.47 0.01 3.43818e+19
0.47 0.015 3.44857e+18
0.47 0.02 1.08705e+17
0.47 0.025 3.4823e+16
0.47 0.03 2.64679e+16
0.47 0.035 2.51062e+16
0.47 0.04 2.49318e+16
0.47 0.045 2.47176e+16
0.47 0.05 2.41317e+16
0.47 0.055 2.31181e+16
0.47 0.06 2.17246e+16
0.47 0.065 2.00389e+16
0.47 0.07 1.81594e+16
0.47 0.075 1.61804e+16
0.47 0.08 1.41854e+16
0.47 0.085 1.22431e+16
0.47 0.09 1.04064e+16
0.47 0.095 8.7133e+15
0.47 0.1 7.18762e+15
0.47 0.105 5.84135e+15
0.47 0.11 4.67657e+15
0.47 0.115 3.6876e+15
0.47 0.12 2.86312e+15
0.47 0.125 2.18802e+15
0.47 0.13 1.64501e+15
0.47 0.135 1.21602e+15
0.47 0.14 8.83182e+14
0.47 0.145 6.2967e+14
0.47 0.15 4.40196e+14
0.47 0.155 3.01323e+14
0.47 0.16 2.01579e+14
0.47 0.165 1.31443e+14
0.47 0.17 8.32195e+13
0.47 0.175 5.08501e+13
0.47 0.18 2.9686e+13
0.47 0.185 1.62536e+13
0.47 0.19 8.02442e+12
0.47 0.195 3.20298e+12
0.47 0.2 20935.1
0.475 0 9.999e+19
0.475 0.005 7.68515e+19
0.475 0.01 3.44726e+19
0.475 0.015 3.51433e+18
0.475 0.02 9.89674e+16
0.475 0.025 3.07406e+16
0.475 0.03 2.32992e+16
0.475 0.035 2.21566e+16
0.475 0.04 2.20681e+16
0.475 0.045 2.19361e+16
0.475 0.05 2.1464e+16
0.475 0.055 2.06014e+16
0.475 0.06 1.9391e+16
0.475 0.065 1.79114e+16
0.475 0.07 1.62511e+16
0.475 0.075 1.44957e+16
0.475 0.08 1.27207e+16
0.475 0.085 1.09885e+16
0.475 0.09 9.3476e+15
0.475 0.095 7.8327e+15
0.475 0.1 6.46598e+15
0.475 0.105 5.25873e+15
0.475 0.11 4.21325e+15
0.475 0.115 3.32484e+15
0.475 0.12 2.58359e+15
0.475 0.125 1.97615e+15
0.475 0.13 1.48717e+15
0.475 0.135 1.1005e+15
0.475 0.14 8.00218e+14
0.475 0.145 5.71254e+14
0.475 0.15 3.99922e+14
0.475 0.155 2.74175e+14
0.475 0.16 1.83722e+14
0.475 0.165 1.20011e+14
0.475 0.17 7.61233e+13
0.475 0.175 4.66033e+13
0.475 0.18 2.72593e+13
0.475 0.185 1.49531e+13
0.475 0.19 7.39557e+12
0.475 0.195 2.95705e+12
0.475 0.2 20935.1
0.48 0 9.999e+19
0.48 0.005 7.68576e+19
0.48 0.01 3.45426e+19
0.48 0.015 3.56869e+18
0.48 0.02 9.1028e+16
0.48 0.025 2.75208e+16
0.48 0.03 2.08121e+16
0.48 0.035 1.98376e+16
0.48 0.04 1.98096e+16
0.48 0.045 1.97353e+16
0.48 0.05 1.93466e+16
0.48 0.055 1.85979e+16
0.48 0.06 1.7528e+16
0.48 0.065 1.62085e+16
0.48 0.07 1.47203e+16
0.48 0.075 1.31414e+16
0.48 0.08 1.15409e+16
0.48 0.085 9.97623e+15
0.48 0.09 8.49195e+15
0.48 0.095 7.1201e+15
0.48 0.1 5.88129e+15
0.48 0.105 4.78614e+15
0.48 0.11 3.83707e+15
0.48 0.115 3.03003e+15
0.48 0.12 2.35624e+15
0.48 0.125 1.8037e+15
0.48 0.13 1.35859e+15
0.48 0.135 1.00634e+15
0.48 0.14 7.32544e+14
0.48 0.145 5.23571e+14
0.48 0.15 3.67025e+14
0.48 0.155 2.51984e+14
0.48 0.16 1.69115e+14
0.48 0.165 1.10654e+14
0.48 0.17 7.03107e+13
0.48 0.175 4.31222e+13
0.48 0.18 2.52686e+13
0.48 0.185 1.38855e+13
0.48 0.19 6.879e+12
0.48 0.195 2.75484e+12
0.48 0.2 20935.1
0.485 0 9.999e+19
0.485 0.005 7.68621e+19
0.485 0.01 3.45944e+19
0.485 0.015 3.61131e+18
0.485 0.02 8.48514e+16
0.485 0.025 2.50868e+16
0.485 0.03 1.89411e+16
0.485 0.035 1.80912e+16
0.485 0.04 1.81049e+16
0.485 0.045 1.80699e+16
0.485 0.05 1.77403e+16
0.485 0.055 1.70743e+16
0.485 0.06 1.61082e+16
0.485 0.065 1.49083e+16
0.485 0.07 1.35492e+16
0.485 0.075 1.21035e+16
0.485 0.08 1.06354e+16
0.485 0.085 9.19826e+15
0.485 0.09 7.83353e+15
0.485 0.095 6.57115e+15
0.485 0.1 5.43041e+15
0.485 0.105 4.42139e+15
0.485 0.11 3.54649e+15
0.485 0.115 2.80214e+15
0.485 0.12 2.18037e+15
0.485 0.125 1.67022e+15
0.485 0.13 1.259e+15
0.485 0.135 9.33371e+14
0.485 0.14 6.80072e+14
0.485 0.145 4.8658e+14
0.485 0.15 3.41489e+14
0.485 0.155 2.3475e+14
0.485 0.16 1.57765e+14
0.485 0.165 1.03378e+14
0.485 0.17 6.57883e+13
0.485 0.175 4.04121e+13
0.485 0.18 2.3718e+13
0.485 0.185 1.30534e+13
0.485 0.19 6.47616e+12
0.485 0.195 2.59702e+12
0.485 0.2 20935.1
0.49 0 9.999e+19
0.49 0.005 7.68651e+19
0.49 0.01 3.46301e+19
0.49 0.015 3.64197e+18
0.49 0.02 8.04212e+16
0.49 0.025 2.3382e+16
0.49 0.03 1.76371e+16
0.49 0.035 1.68737e+16
0.49 0.04 1.69147e+16
0.49 0.045 1.6905e+16
0.49 0.05 1.66146e+16
0.49 0.055 1.60048e+16
0.49 0.06 1.511e+16
0.49 0.065 1.39926e+16
0.49 0.07 1.27234e+16
0.49 0.075 1.13708e+16
0.49 0.08 9.9954e+15
0.49 0.085 8.64778e+15
0.49 0.09 7.3672e+15
0.49 0.095 6.18202e+15
0.49 0.1 5.11058e+15
0.49 0.105 4.16247e+15
0.49 0.11 3.34009e+15
0.49 0.115 2.64018e+15
0.49 0.12 2.05532e+15
0.49 0.125 1.57525e+15
0.49 0.13 1.18813e+15
0.49 0.135 8.81414e+14
0.49 0.14 6.42694e+14
0.49 0.145 4.60218e+14
0.49 0.15 3.23284e+14
0.49 0.155 2.22458e+14
0.49 0.16 1.49666e+14
0.49 0.165 9.81839e+13
0.49 0.17 6.25584e+13
0.49 0.175 3.84758e+13
0.49 0.18 2.26096e+13
0.49 0.185 1.24584e+13
0.49 0.19 6.18793e+12
0.49 0.195 2.48403e+12
0.49 0.2 20935.1
0.495 0 9.999e+19
0.495 0.005 7.68669e+19
0.495 0.01 3.4651e+19
0.495 0.015 3.66054e+18
0.495 0.02 7.77398e+16
0.495 0.025 2.23693e+16
0.495 0.03 1.68667e+16
0.495 0.035 1.61548e+16
0.495 0.04 1.62113e+16
0.495 0.045 1.62158e+16
0.495 0.05 1.59478e+16
0.495 0.055 1.53707e+16
0.495 0.06 1.45174e+16
0.495 0.065 1.34485e+16
0.495 0.07 1.22323e+16
0.495 0.075 1.09346e+16
0.495 0.08 9.61413e+15
0.495 0.085 8.31963e+15
0.495 0.09 7.08905e+15
0.495 0.095 5.94979e+15
0.495 0.1 4.91959e+15
0.495 0.105 4.00779e+15
0.495 0.11 3.21674e+15
0.495 0.115 2.54335e+15
0.495 0.12 1.98053e+15
0.495 0.125 1.51844e+15
0.495 0.13 1.14571e+15
0.495 0.135 8.50312e+14
0.495 0.14 6.20313e+14
0.495 0.145 4.44429e+14
0.495 0.15 3.12377e+14
0.495 0.155 2.15091e+14
0.495 0.16 1.4481e+14
0.495 0.165 9.50692e+13
0.495 0.17 6.06209e+13
0.495 0.175 3.73138e+13
0.495 0.18 2.19443e+13
0.495 0.185 1.21011e+13
0.495 0.19 6.01482e+12
0.495 0.195 2.41614e+12
0.495 0.2 20935.1
0.5 0 9.999e+19
0.5 0.005 7.68675e+19
0.5 0.01 3.46578e+19
0.5 0.015 3.6668e+18
0.5 0.02 7.68362e+16
0.5 0.025 2.20324e+16
0.5 0.03 1.66117e+16
0.5 0.035 1.59171e+16
0.5 0.04 1.59787e+16
0.5 0.045 1.59877e+16
0.5 0.05 1.5727e+16
0.5 0.055 1.51605e+16
0.5 0.06 1.43209e+16
0.5 0.065 1.32681e+16
0.5 0.07 1.20693e+16
0.5 0.075 1.07898e+16
0.5 0.08 9.4875e+15
0.5 0.085 8.21061e+15
0.5 0.09 6.9966e+15
0.5 0.095 5.87259e+15
0.5 0.1 4.85609e+15
0.5 0.105 3.95634e+15
0.5 0.11 3.1757e+15
0.5 0.115 2.51113e+15
0.5 0.12 1.95564e+15
0.5 0.125 1.49953e+15
0.5 0.13 1.13159e+15
0.5 0.135 8.39957e+14
0.5 0.14 6.1286e+14
0.5 0.145 4.3917e+14
0.5 0.15 3.08744e+14
0.5 0.155 2.12637e+14
0.5 0.16 1.43193e+14
0.5 0.165 9.40313e+13
0.5 0.17 5.99752e+13
0.5 0.175 3.69265e+13
0.5 0.18 2.17225e+13
0.5 0.185 1.1982e+13
0.5 0.19 5.9571e+12
0.5 0.195 2.3935e+12
0.5 0.2 20935.1
