0 0 60.2512
0 0.005 62.52
0 0.01 69.5331
0 0.015 88.3362
0 0.02 150.174
0 0.025 370.622
0 0.03 717.157
0 0.035 767.474
0 0.04 777.604
0 0.045 782.197
0 0.05 785.218
0 0.055 787.655
0 0.06 789.783
0 0.065 791.449
0 0.07 791.727
0 0.075 787.485
0 0.08 769.193
0 0.085 737.454
0 0.09 700.738
0 0.095 652.901
0 0.1 599.116
0 0.105 546.677
0 0.11 501.538
0 0.115 466.402
0 0.12 441.219
0 0.125 424.611
0 0.13 414.94
0 0.135 410.809
0 0.14 411.18
0 0.145 415.366
0 0.15 422.977
0 0.155 433.877
0 0.16 448.16
0 0.165 466.158
0 0.17 488.468
0 0.175 516.026
0 0.18 550.235
0 0.185 593.183
0 0.19 648.07
0 0.195 720.286
0 0.2 856.769
0.005 0 60.2512
0.005 0.005 62.5198
0.005 0.01 69.533
0.005 0.015 88.3359
0.005 0.02 150.173
0.005 0.025 370.611
0.005 0.03 717.157
0.005 0.035 767.474
0.005 0.04 777.604
0.005 0.045 782.197
0.005 0.05 785.218
0.005 0.055 787.655
0.005 0.06 789.783
0.005 0.065 791.449
0.005 0.07 791.727
0.005 0.075 787.485
0.005 0.08 769.193
0.005 0.085 737.454
0.005 0.09 700.738
0.005 0.095 652.901
0.005 0.1 599.116
0.005 0.105 546.677
0.005 0.11 501.538
0.005 0.115 466.402
0.005 0.12 441.219
0.005 0.125 424.611
0.005 0.13 414.94
0.005 0.135 410.809
0.005 0.14 411.18
0.005 0.145 415.366
0.005 0.15 422.977
0.005 0.155 433.877
0.005 0.16 448.16
0.005 0.165 466.158
0.005 0.17 488.468
0.005 0.175 516.026
0.005 0.18 550.235
0.005 0.185 593.183
0.005 0.19 648.07
0.005 0.195 720.286
0.005 0.2 856.769
0.01 0 60.251
0.01 0.005 62.5194
0.01 0.01 69.5324
0.01 0.015 88.3348
0.01 0.02 150.17
0.01 0.025 370.585
0.01 0.03 717.174
0.01 0.035 767.507
0.01 0.04 777.644
0.01 0.045 782.242
0.01 0.05 785.263
0.01 0.055 787.697
0.01 0.06 789.808
0.01 0.065 791.405
0.01 0.07 791.453
0.01 0.075 786.487
0.01 0.08 766.086
0.01 0.085 734.726
0.01 0.09 697.168
0.01 0.095 648.91
0.01 0.1 595.352
0.01 0.105 543.698
0.01 0.11 499.578
0.01 0.115 465.4
0.01 0.12 440.974
0.01 0.125 424.902
0.01 0.13 415.587
0.01 0.135 411.674
0.01 0.14 412.168
0.01 0.145 416.412
0.01 0.15 424.037
0.01 0.155 434.923
0.01 0.16 449.176
0.01 0.165 467.135
0.01 0.17 489.404
0.01 0.175 516.926
0.01 0.18 551.109
0.01 0.185 594.049
0.01 0.19 648.952
0.01 0.195 721.205
0.01 0.2 856.661
0.015 0 60.2506
0.015 0.005 62.5188
0.015 0.01 69.5315
0.015 0.015 88.333
0.015 0.02 150.165
0.015 0.025 370.552
0.015 0.03 717.199
0.015 0.035 767.559
0.015 0.04 777.709
0.015 0.045 782.313
0.015 0.05 785.336
0.015 0.055 787.761
0.015 0.06 789.83
0.015 0.065 791.274
0.015 0.07 790.81
0.015 0.075 784.26
0.015 0.08 759.298
0.015 0.085 729.321
0.015 0.09 690.246
0.015 0.095 641.33
0.015 0.1 588.341
0.015 0.105 538.238
0.015 0.11 496.036
0.015 0.115 463.626
0.015 0.12 440.583
0.015 0.125 425.491
0.015 0.13 416.822
0.015 0.135 413.308
0.015 0.14 414.027
0.015 0.145 418.375
0.015 0.15 426.025
0.015 0.155 436.883
0.015 0.16 451.078
0.015 0.165 468.963
0.015 0.17 491.157
0.015 0.175 518.612
0.015 0.18 552.747
0.015 0.185 595.672
0.015 0.19 650.606
0.015 0.195 722.933
0.015 0.2 856.479
0.02 0 60.2499
0.02 0.005 62.5179
0.02 0.01 69.5302
0.02 0.015 88.3305
0.02 0.02 150.159
0.02 0.025 370.513
0.02 0.03 717.232
0.02 0.035 767.629
0.02 0.04 777.796
0.02 0.045 782.41
0.02 0.05 785.434
0.02 0.055 787.844
0.02 0.06 789.837
0.02 0.065 791.005
0.02 0.07 789.635
0.02 0.075 780.348
0.02 0.08 750.874
0.02 0.085 721.378
0.02 0.09 680.397
0.02 0.095 630.888
0.02 0.1 578.964
0.02 0.105 531.117
0.02 0.11 491.526
0.02 0.115 461.45
0.02 0.12 440.208
0.02 0.125 426.386
0.02 0.13 418.554
0.02 0.135 415.556
0.02 0.14 416.563
0.02 0.145 421.042
0.02 0.15 428.718
0.02 0.155 439.534
0.02 0.16 453.645
0.02 0.165 471.427
0.02 0.17 493.513
0.02 0.175 520.873
0.02 0.18 554.94
0.02 0.185 597.843
0.02 0.19 652.819
0.02 0.195 725.249
0.02 0.2 856.223
0.025 0 60.249
0.025 0.005 62.5167
0.025 0.01 69.5286
0.025 0.015 88.3275
0.025 0.02 150.15
0.025 0.025 370.466
0.025 0.03 717.273
0.025 0.035 767.717
0.025 0.04 777.907
0.025 0.045 782.532
0.025 0.05 785.558
0.025 0.055 787.938
0.025 0.06 789.799
0.025 0.065 790.499
0.025 0.07 787.639
0.025 0.075 773.987
0.025 0.08 743.374
0.025 0.085 711.128
0.025 0.09 668.202
0.025 0.095 618.483
0.025 0.1 568.235
0.025 0.105 523.232
0.025 0.11 486.7
0.025 0.115 459.262
0.025 0.12 440.024
0.025 0.125 427.603
0.025 0.13 420.689
0.025 0.135 418.253
0.025 0.14 419.569
0.025 0.145 424.182
0.025 0.15 431.872
0.025 0.155 442.626
0.025 0.16 456.629
0.025 0.165 474.279
0.025 0.17 496.231
0.025 0.175 523.471
0.025 0.18 557.453
0.025 0.185 600.324
0.025 0.19 655.347
0.025 0.195 727.901
0.025 0.2 855.89
0.03 0 60.248
0.03 0.005 62.5153
0.03 0.01 69.5267
0.03 0.015 88.3238
0.03 0.02 150.139
0.03 0.025 370.411
0.03 0.03 717.32
0.03 0.035 767.821
0.03 0.04 778.039
0.03 0.045 782.679
0.03 0.05 785.703
0.03 0.055 788.03
0.03 0.06 789.667
0.03 0.065 789.597
0.03 0.07 784.361
0.03 0.075 763.978
0.03 0.08 734.041
0.03 0.085 698.907
0.03 0.09 654.347
0.03 0.095 605.044
0.03 0.1 557.103
0.03 0.105 515.371
0.03 0.11 482.107
0.03 0.115 457.388
0.03 0.12 440.175
0.03 0.125 429.154
0.03 0.13 423.149
0.03 0.135 421.261
0.03 0.14 422.867
0.03 0.145 427.592
0.03 0.15 435.273
0.03 0.155 445.939
0.03 0.16 459.806
0.03 0.165 477.299
0.03 0.17 499.091
0.03 0.175 526.189
0.03 0.18 560.067
0.03 0.185 602.895
0.03 0.19 657.963
0.03 0.195 730.655
0.03 0.2 855.478
0.035 0 60.2466
0.035 0.005 62.5137
0.035 0.01 69.5244
0.035 0.015 88.3195
0.035 0.02 150.125
0.035 0.025 370.348
0.035 0.03 717.373
0.035 0.035 767.94
0.035 0.04 778.191
0.035 0.045 782.849
0.035 0.05 785.864
0.035 0.055 788.097
0.035 0.06 789.354
0.035 0.065 788.034
0.035 0.07 779.091
0.035 0.075 750.531
0.035 0.08 722.979
0.035 0.085 685.137
0.035 0.09 639.555
0.035 0.095 591.425
0.035 0.1 546.345
0.035 0.105 508.122
0.035 0.11 478.138
0.035 0.115 456.052
0.035 0.12 440.76
0.035 0.125 431.047
0.035 0.13 425.878
0.035 0.135 424.478
0.035 0.14 426.326
0.035 0.145 431.121
0.035 0.15 438.756
0.035 0.155 449.301
0.035 0.16 463.002
0.035 0.165 480.31
0.035 0.17 501.918
0.035 0.175 528.852
0.035 0.18 562.606
0.035 0.185 605.377
0.035 0.19 660.485
0.035 0.195 733.322
0.035 0.2 854.985
0.04 0 60.2451
0.04 0.005 62.5119
0.04 0.01 69.5219
0.04 0.015 88.3147
0.04 0.02 150.109
0.04 0.025 370.275
0.04 0.03 717.43
0.04 0.035 768.069
0.04 0.04 778.36
0.04 0.045 783.039
0.04 0.05 786.031
0.04 0.055 788.095
0.04 0.06 788.716
0.04 0.065 785.389
0.04 0.07 770.774
0.04 0.075 741.135
0.04 0.08 710.359
0.04 0.085 670.313
0.04 0.09 624.533
0.04 0.095 578.331
0.04 0.1 536.522
0.04 0.105 501.867
0.04 0.11 475.028
0.04 0.115 455.383
0.04 0.12 441.833
0.04 0.125 433.282
0.04 0.13 428.834
0.04 0.135 427.834
0.04 0.14 429.855
0.04 0.145 434.665
0.04 0.15 442.208
0.04 0.155 452.593
0.04 0.16 466.096
0.04 0.165 483.189
0.04 0.17 504.586
0.04 0.175 531.334
0.04 0.18 564.946
0.04 0.185 607.644
0.04 0.19 662.78
0.04 0.195 735.765
0.04 0.2 854.406
0.045 0 60.2433
0.045 0.005 62.5098
0.045 0.01 69.519
0.045 0.015 88.3091
0.045 0.02 150.091
0.045 0.025 370.191
0.045 0.03 717.487
0.045 0.035 768.204
0.045 0.04 778.541
0.045 0.045 783.242
0.045 0.05 786.183
0.045 0.055 787.947
0.045 0.06 787.509
0.045 0.065 781.009
0.045 0.07 757.846
0.045 0.075 730.21
0.045 0.08 696.491
0.045 0.085 654.994
0.045 0.09 609.921
0.045 0.095 566.301
0.045 0.1 527.994
0.045 0.105 496.817
0.045 0.11 472.89
0.045 0.115 455.434
0.045 0.12 443.408
0.045 0.125 435.846
0.045 0.13 431.986
0.045 0.135 431.283
0.045 0.14 433.396
0.045 0.145 438.157
0.045 0.15 445.557
0.045 0.155 455.739
0.045 0.16 469.008
0.045 0.165 485.855
0.045 0.17 507.016
0.045 0.175 533.554
0.045 0.18 567.002
0.045 0.185 609.609
0.045 0.19 664.761
0.045 0.195 737.892
0.045 0.2 853.738
0.05 0 60.2413
0.05 0.005 62.5075
0.05 0.01 69.516
0.05 0.015 88.3018
0.05 0.02 150.068
0.05 0.025 370.095
0.05 0.03 717.537
0.05 0.035 768.337
0.05 0.04 778.728
0.05 0.045 783.448
0.05 0.05 786.279
0.05 0.055 787.516
0.05 0.06 785.334
0.05 0.065 773.91
0.05 0.07 745.34
0.05 0.075 717.888
0.05 0.08 681.789
0.05 0.085 639.757
0.05 0.09 596.26
0.05 0.095 555.703
0.05 0.1 520.956
0.05 0.105 493.054
0.05 0.11 471.749
0.05 0.115 456.204
0.05 0.12 445.469
0.05 0.125 438.715
0.05 0.13 435.302
0.05 0.135 434.788
0.05 0.14 436.908
0.05 0.145 441.552
0.05 0.15 448.755
0.05 0.155 458.691
0.05 0.16 471.688
0.05 0.165 488.259
0.05 0.17 509.156
0.05 0.175 535.459
0.05 0.18 568.722
0.05 0.185 611.22
0.05 0.19 666.372
0.05 0.195 739.646
0.05 0.2 852.976
0.055 0 60.2391
0.055 0.005 62.505
0.055 0.01 69.5125
0.055 0.015 88.2933
0.055 0.02 150.042
0.055 0.025 369.986
0.055 0.03 717.572
0.055 0.035 768.455
0.055 0.04 778.909
0.055 0.045 783.634
0.055 0.05 786.246
0.055 0.055 786.562
0.055 0.06 781.549
0.055 0.065 762.609
0.055 0.07 734.774
0.055 0.075 704.415
0.055 0.08 666.741
0.055 0.085 625.155
0.055 0.09 583.969
0.055 0.095 546.759
0.055 0.1 515.479
0.055 0.105 490.573
0.055 0.11 471.572
0.055 0.115 457.653
0.055 0.12 447.981
0.055 0.125 441.854
0.055 0.13 438.749
0.055 0.135 438.316
0.055 0.14 440.359
0.055 0.145 444.82
0.055 0.15 451.771
0.055 0.155 461.416
0.055 0.16 474.105
0.055 0.165 490.369
0.055 0.17 510.975
0.055 0.175 537.019
0.055 0.18 570.075
0.055 0.185 612.443
0.055 0.19 667.58
0.055 0.195 740.992
0.055 0.2 852.115
0.06 0 60.2367
0.06 0.005 62.5023
0.06 0.01 69.5078
0.06 0.015 88.2831
0.06 0.02 150.01
0.06 0.025 369.863
0.06 0.03 717.574
0.06 0.035 768.538
0.06 0.04 779.065
0.06 0.045 783.76
0.06 0.05 785.945
0.06 0.055 784.68
0.06 0.06 775.162
0.06 0.065 747.748
0.06 0.07 722.863
0.06 0.075 690.182
0.06 0.08 651.888
0.06 0.085 611.671
0.06 0.09 573.336
0.06 0.095 539.565
0.06 0.1 511.544
0.06 0.105 489.31
0.06 0.11 472.288
0.06 0.115 459.719
0.06 0.12 450.888
0.06 0.125 445.217
0.06 0.13 442.288
0.06 0.135 441.833
0.06 0.14 443.718
0.06 0.145 447.932
0.06 0.15 454.581
0.06 0.155 463.892
0.06 0.16 476.238
0.06 0.165 492.164
0.06 0.17 512.452
0.06 0.175 538.213
0.06 0.18 571.04
0.06 0.185 613.257
0.06 0.19 668.362
0.06 0.195 741.907
0.06 0.2 851.15
0.065 0 60.234
0.065 0.005 62.4992
0.065 0.01 69.5022
0.065 0.015 88.2707
0.065 0.02 149.972
0.065 0.025 369.73
0.065 0.03 717.518
0.065 0.035 768.557
0.065 0.04 779.166
0.065 0.045 783.746
0.065 0.05 785.122
0.065 0.055 781.191
0.065 0.06 764.672
0.065 0.065 737.446
0.065 0.07 709.831
0.065 0.075 675.671
0.065 0.08 637.765
0.065 0.085 599.689
0.065 0.09 564.526
0.065 0.095 534.118
0.065 0.1 509.069
0.065 0.105 489.161
0.065 0.11 473.801
0.065 0.115 462.32
0.065 0.12 454.124
0.065 0.125 448.75
0.065 0.13 445.875
0.065 0.135 445.304
0.065 0.14 446.956
0.065 0.145 450.863
0.065 0.15 457.161
0.065 0.155 466.1
0.065 0.16 478.068
0.065 0.165 493.627
0.065 0.17 513.572
0.065 0.175 539.026
0.065 0.18 571.6
0.065 0.185 613.646
0.065 0.19 668.703
0.065 0.195 742.375
0.065 0.2 850.074
0.07 0 60.2311
0.07 0.005 62.495
0.07 0.01 69.4954
0.07 0.015 88.2554
0.07 0.02 149.926
0.07 0.025 369.597
0.07 0.03 717.357
0.07 0.035 768.469
0.07 0.04 779.157
0.07 0.045 783.437
0.07 0.05 783.32
0.07 0.055 775.005
0.07 0.06 748.649
0.07 0.065 725.792
0.07 0.07 696.09
0.07 0.075 661.433
0.07 0.08 624.852
0.07 0.085 589.473
0.07 0.09 557.591
0.07 0.095 530.343
0.07 0.1 507.928
0.07 0.105 489.999
0.07 0.11 475.998
0.07 0.115 465.362
0.07 0.12 457.613
0.07 0.125 452.393
0.07 0.13 449.461
0.07 0.135 448.686
0.07 0.14 450.04
0.07 0.145 453.586
0.07 0.15 459.489
0.07 0.155 468.019
0.07 0.16 479.58
0.07 0.165 494.745
0.07 0.17 514.32
0.07 0.175 539.443
0.07 0.18 571.743
0.07 0.185 613.598
0.07 0.19 668.587
0.07 0.195 742.38
0.07 0.2 848.882
0.075 0 60.2281
0.075 0.005 62.49
0.075 0.01 69.4866
0.075 0.015 88.2357
0.075 0.02 149.869
0.075 0.025 369.495
0.075 0.03 717.02
0.075 0.035 768.206
0.075 0.04 778.939
0.075 0.045 782.53
0.075 0.05 779.739
0.075 0.055 764.427
0.075 0.06 738.37
0.075 0.065 713.07
0.075 0.07 682.163
0.075 0.075 648.02
0.075 0.08 613.525
0.075 0.085 581.162
0.075 0.09 552.486
0.075 0.095 528.103
0.075 0.1 507.962
0.075 0.105 491.674
0.075 0.11 478.753
0.075 0.115 468.742
0.075 0.12 461.272
0.075 0.125 456.076
0.075 0.13 452.989
0.075 0.135 451.936
0.075 0.14 452.932
0.075 0.145 456.071
0.075 0.15 461.542
0.075 0.155 469.631
0.075 0.16 480.756
0.075 0.165 495.501
0.075 0.17 514.683
0.075 0.175 539.453
0.075 0.18 571.456
0.075 0.185 613.096
0.075 0.19 668.001
0.075 0.195 741.909
0.075 0.2 847.567
0.08 0 60.225
0.08 0.005 62.4834
0.08 0.01 69.4749
0.08 0.015 88.2098
0.08 0.02 149.803
0.08 0.025 369.512
0.08 0.03 716.395
0.08 0.035 767.674
0.08 0.04 778.321
0.08 0.045 780.443
0.08 0.05 773.01
0.08 0.055 747.876
0.08 0.06 726.74
0.08 0.065 699.736
0.08 0.07 668.632
0.08 0.075 635.913
0.08 0.08 604.027
0.08 0.085 574.768
0.08 0.09 549.084
0.08 0.095 527.218
0.08 0.1 508.989
0.08 0.105 494.026
0.08 0.11 481.929
0.08 0.115 472.347
0.08 0.12 465.007
0.08 0.125 459.725
0.08 0.13 456.399
0.08 0.135 455.006
0.08 0.14 455.594
0.08 0.145 458.288
0.08 0.15 463.293
0.08 0.155 470.914
0.08 0.16 481.579
0.08 0.165 495.881
0.08 0.17 514.647
0.08 0.175 539.04
0.08 0.18 570.723
0.08 0.185 612.128
0.08 0.19 666.929
0.08 0.195 740.945
0.08 0.2 846.121
0.085 0 60.2219
0.085 0.005 62.4744
0.085 0.01 69.4584
0.085 0.015 88.1754
0.085 0.02 149.735
0.085 0.025 369.593
0.085 0.03 715.326
0.085 0.035 766.746
0.085 0.04 776.922
0.085 0.045 776.083
0.085 0.05 760.883
0.085 0.055 737.261
0.085 0.06 714.127
0.085 0.065 686.366
0.085 0.07 656.058
0.085 0.075 625.464
0.085 0.08 596.451
0.085 0.085 570.193
0.085 0.09 547.191
0.085 0.095 527.469
0.085 0.1 510.803
0.085 0.105 496.876
0.085 0.11 485.379
0.085 0.115 476.055
0.085 0.12 468.72
0.085 0.125 463.26
0.085 0.13 459.628
0.085 0.135 457.842
0.085 0.14 457.984
0.085 0.145 460.201
0.085 0.15 464.715
0.085 0.155 471.845
0.085 0.16 482.027
0.085 0.165 495.865
0.085 0.17 514.195
0.085 0.175 538.189
0.085 0.18 569.528
0.085 0.185 610.674
0.085 0.19 665.352
0.085 0.195 739.468
0.085 0.2 844.537
0.09 0 60.219
0.09 0.005 62.4605
0.09 0.01 69.4344
0.09 0.015 88.1312
0.09 0.02 149.715
0.09 0.025 368.031
0.09 0.03 713.661
0.09 0.035 765.282
0.09 0.04 773.978
0.09 0.045 767.467
0.09 0.05 744.589
0.09 0.055 725.328
0.09 0.06 701.062
0.09 0.065 673.566
0.09 0.07 644.888
0.09 0.075 616.851
0.09 0.08 590.739
0.09 0.085 567.235
0.09 0.09 546.551
0.09 0.095 528.605
0.09 0.1 513.182
0.09 0.105 500.036
0.09 0.11 488.944
0.09 0.115 479.739
0.09 0.12 472.307
0.09 0.125 466.596
0.09 0.13 462.606
0.09 0.135 460.39
0.09 0.14 460.057
0.09 0.145 461.774
0.09 0.15 465.778
0.09 0.155 472.399
0.09 0.16 482.081
0.09 0.165 495.436
0.09 0.17 513.308
0.09 0.175 536.881
0.09 0.18 567.854
0.09 0.185 608.718
0.09 0.19 663.25
0.09 0.195 737.459
0.09 0.2 842.808
0.095 0 60.2171
0.095 0.005 62.4378
0.095 0.01 69.4017
0.095 0.015 88.0929
0.095 0.02 149.651
0.095 0.025 364.574
0.095 0.03 711.625
0.095 0.035 763.152
0.095 0.04 767.889
0.095 0.045 751.13
0.095 0.05 733.249
0.095 0.055 712.578
0.095 0.06 688.168
0.095 0.065 661.853
0.095 0.07 635.38
0.095 0.075 610.06
0.095 0.08 586.685
0.095 0.085 565.603
0.095 0.09 546.861
0.095 0.095 530.345
0.095 0.1 515.883
0.095 0.105 503.301
0.095 0.11 492.458
0.095 0.115 483.26
0.095 0.12 475.656
0.095 0.125 469.642
0.095 0.13 465.259
0.095 0.135 462.589
0.095 0.14 461.764
0.095 0.145 462.967
0.095 0.15 466.449
0.095 0.155 472.547
0.095 0.16 481.715
0.095 0.165 494.571
0.095 0.17 511.967
0.095 0.175 535.098
0.095 0.18 565.681
0.095 0.185 606.237
0.095 0.19 660.603
0.095 0.195 734.895
0.095 0.2 840.926
0.1 0 60.2174
0.1 0.005 62.4418
0.1 0.01 69.4317
0.1 0.015 88.0528
0.1 0.02 148.386
0.1 0.025 358.053
0.1 0.03 711.123
0.1 0.035 760.003
0.1 0.04 755.215
0.1 0.045 738.194
0.1 0.05 720.85
0.1 0.055 699.644
0.1 0.06 676.008
0.1 0.065 651.542
0.1 0.07 627.553
0.1 0.075 604.88
0.1 0.08 583.955
0.1 0.085 564.926
0.1 0.09 547.768
0.1 0.095 532.38
0.1 0.1 518.643
0.1 0.105 506.454
0.1 0.11 495.742
0.1 0.115 486.472
0.1 0.12 478.646
0.1 0.125 472.3
0.1 0.13 467.507
0.1 0.135 464.375
0.1 0.14 463.053
0.1 0.145 463.738
0.1 0.15 466.692
0.1 0.155 472.26
0.1 0.16 480.904
0.1 0.165 493.248
0.1 0.17 510.15
0.1 0.175 532.819
0.1 0.18 562.987
0.1 0.185 603.211
0.1 0.19 657.386
0.1 0.195 731.75
0.1 0.2 838.884
0.105 0 64.9908
0.105 0.005 68.3288
0.105 0.01 80.056
0.105 0.015 107.421
0.105 0.02 195.483
0.105 0.025 455.8
0.105 0.03 727.285
0.105 0.035 753.656
0.105 0.04 740.958
0.105 0.045 726.469
0.105 0.05 707.929
0.105 0.055 687.075
0.105 0.06 664.908
0.105 0.065 642.66
0.105 0.07 621.173
0.105 0.075 600.918
0.105 0.08 582.102
0.105 0.085 564.771
0.105 0.09 548.886
0.105 0.095 534.378
0.105 0.1 521.185
0.105 0.105 509.266
0.105 0.11 498.606
0.105 0.115 489.22
0.105 0.12 481.15
0.105 0.125 474.467
0.105 0.13 469.267
0.105 0.135 465.678
0.105 0.14 463.865
0.105 0.145 464.038
0.105 0.15 466.467
0.105 0.155 471.505
0.105 0.16 479.619
0.105 0.165 491.439
0.105 0.17 507.834
0.105 0.175 530.02
0.105 0.18 559.751
0.105 0.185 599.615
0.105 0.19 653.574
0.105 0.195 727.999
0.105 0.2 836.674
0.11 0 89.5993
0.11 0.005 95.9044
0.11 0.01 124.397
0.11 0.015 206.777
0.11 0.02 412.818
0.11 0.025 666.411
0.11 0.03 747.6
0.11 0.035 743.833
0.11 0.04 730.588
0.11 0.045 713.577
0.11 0.05 694.851
0.11 0.055 675.072
0.11 0.06 654.829
0.11 0.065 634.908
0.11 0.07 615.765
0.11 0.075 597.631
0.11 0.08 580.591
0.11 0.085 564.653
0.11 0.09 549.793
0.11 0.095 535.984
0.11 0.1 523.215
0.11 0.105 511.493
0.11 0.11 500.85
0.11 0.115 491.339
0.11 0.12 483.034
0.11 0.125 476.03
0.11 0.13 470.444
0.11 0.135 466.421
0.11 0.14 464.138
0.11 0.145 463.815
0.11 0.15 465.73
0.11 0.155 470.243
0.11 0.16 477.827
0.11 0.165 489.119
0.11 0.17 504.993
0.11 0.175 526.679
0.11 0.18 555.948
0.11 0.185 595.427
0.11 0.19 649.144
0.11 0.195 723.614
0.11 0.2 834.287
0.115 0 252.087
0.115 0.005 274.278
0.115 0.01 380.224
0.115 0.015 549.373
0.115 0.02 693.889
0.115 0.025 746.442
0.115 0.03 747.712
0.115 0.035 733.365
0.115 0.04 716.695
0.115 0.045 699.252
0.115 0.05 681.52
0.115 0.055 663.413
0.115 0.06 645.343
0.115 0.065 627.691
0.115 0.07 610.667
0.115 0.075 594.368
0.115 0.08 578.828
0.115 0.085 564.056
0.115 0.09 550.054
0.115 0.095 536.835
0.115 0.1 524.43
0.115 0.105 512.885
0.115 0.11 502.267
0.115 0.115 492.657
0.115 0.12 484.153
0.115 0.125 476.87
0.115 0.13 470.941
0.115 0.135 466.523
0.115 0.14 463.804
0.115 0.145 463.012
0.115 0.15 464.434
0.115 0.155 468.435
0.115 0.16 475.495
0.115 0.165 486.256
0.115 0.17 501.601
0.115 0.175 522.771
0.115 0.18 551.557
0.115 0.185 590.622
0.115 0.19 644.068
0.115 0.195 718.57
0.115 0.2 831.719
0.12 0 543.419
0.12 0.005 542.233
0.12 0.01 647.697
0.12 0.015 717.835
0.12 0.02 744.704
0.12 0.025 741.831
0.12 0.03 729.298
0.12 0.035 714.411
0.12 0.04 698.849
0.12 0.045 683.19
0.12 0.05 667.403
0.12 0.055 651.488
0.12 0.06 635.705
0.12 0.065 620.213
0.12 0.07 605.102
0.12 0.075 590.422
0.12 0.08 576.198
0.12 0.085 562.456
0.12 0.09 549.229
0.12 0.095 536.565
0.12 0.1 524.525
0.12 0.105 513.188
0.12 0.11 502.643
0.12 0.115 492.995
0.12 0.12 484.357
0.12 0.125 476.861
0.12 0.13 470.651
0.12 0.135 465.894
0.12 0.14 462.787
0.12 0.145 461.568
0.12 0.15 462.527
0.12 0.155 466.039
0.12 0.16 472.587
0.12 0.165 482.821
0.12 0.17 497.632
0.12 0.175 518.272
0.12 0.18 546.554
0.12 0.185 585.178
0.12 0.19 638.323
0.12 0.195 712.838
0.12 0.2 828.96
0.125 0 541.158
0.125 0.005 537.69
0.125 0.01 627.271
0.125 0.015 678.388
0.125 0.02 700.491
0.125 0.025 704.306
0.125 0.03 698.808
0.125 0.035 689.034
0.125 0.04 677.371
0.125 0.045 664.868
0.125 0.05 651.795
0.125 0.055 638.451
0.125 0.06 625.018
0.125 0.065 611.605
0.125 0.07 598.284
0.125 0.075 585.104
0.125 0.08 572.11
0.125 0.085 559.355
0.125 0.09 546.901
0.125 0.095 534.822
0.125 0.1 523.205
0.125 0.105 512.151
0.125 0.11 501.767
0.125 0.115 492.172
0.125 0.12 483.494
0.125 0.125 475.873
0.125 0.13 469.463
0.125 0.135 464.441
0.125 0.14 461.011
0.125 0.145 459.416
0.125 0.15 459.955
0.125 0.155 463.008
0.125 0.16 469.065
0.125 0.165 478.782
0.125 0.17 493.059
0.125 0.175 513.159
0.125 0.18 540.916
0.125 0.185 579.072
0.125 0.19 631.885
0.125 0.195 706.393
0.125 0.2 826.006
0.13 0 499.315
0.13 0.005 499.635
0.13 0.01 574.841
0.13 0.015 621.825
0.13 0.02 648.841
0.13 0.025 660.843
0.13 0.03 663.02
0.13 0.035 659.442
0.13 0.04 652.625
0.13 0.045 643.917
0.13 0.05 634.064
0.13 0.055 623.493
0.13 0.06 612.45
0.13 0.065 601.09
0.13 0.07 589.516
0.13 0.075 577.81
0.13 0.08 566.05
0.13 0.085 554.315
0.13 0.09 542.694
0.13 0.095 531.286
0.13 0.1 520.196
0.13 0.105 509.538
0.13 0.11 499.434
0.13 0.115 490.013
0.13 0.12 481.41
0.13 0.125 473.774
0.13 0.13 467.266
0.13 0.135 462.069
0.13 0.14 458.393
0.13 0.145 456.489
0.13 0.15 456.662
0.13 0.155 459.296
0.13 0.16 464.891
0.13 0.165 474.108
0.13 0.17 487.855
0.13 0.175 507.41
0.13 0.18 534.626
0.13 0.185 572.286
0.13 0.19 624.734
0.13 0.195 699.214
0.13 0.2 822.85
0.135 0 463.643
0.135 0.005 465.836
0.135 0.01 530.447
0.135 0.015 572.827
0.135 0.02 600.962
0.135 0.025 617.582
0.135 0.03 625.469
0.135 0.035 627.305
0.135 0.04 625.142
0.135 0.045 620.356
0.135 0.05 613.813
0.135 0.055 606.05
0.135 0.06 597.405
0.135 0.065 588.096
0.135 0.07 578.28
0.135 0.075 568.082
0.135 0.08 557.614
0.135 0.085 546.984
0.135 0.09 536.304
0.135 0.095 525.689
0.135 0.1 515.26
0.135 0.105 505.14
0.135 0.11 495.46
0.135 0.115 486.353
0.135 0.12 477.962
0.135 0.125 470.439
0.135 0.13 463.95
0.135 0.135 458.683
0.135 0.14 454.854
0.135 0.145 452.719
0.135 0.15 452.59
0.135 0.155 454.858
0.135 0.16 460.028
0.135 0.165 468.769
0.135 0.17 481.998
0.135 0.175 501.005
0.135 0.18 527.665
0.135 0.185 564.803
0.135 0.19 616.853
0.135 0.195 691.28
0.135 0.2 819.487
0.14 0 432.355
0.14 0.005 435.437
0.14 0.01 491.568
0.14 0.015 529.755
0.14 0.02 557.369
0.14 0.025 576.245
0.14 0.03 587.868
0.14 0.035 593.845
0.14 0.04 595.64
0.14 0.045 594.406
0.14 0.05 590.97
0.14 0.055 585.903
0.14 0.06 579.595
0.14 0.065 572.319
0.14 0.07 564.28
0.14 0.075 555.642
0.14 0.08 546.547
0.14 0.085 537.128
0.14 0.09 527.514
0.14 0.095 517.833
0.14 0.1 508.215
0.14 0.105 498.79
0.14 0.11 489.69
0.14 0.115 481.052
0.14 0.12 473.021
0.14 0.125 465.751
0.14 0.13 459.412
0.14 0.135 454.193
0.14 0.14 450.316
0.14 0.145 448.041
0.14 0.15 447.686
0.14 0.155 449.649
0.14 0.16 454.441
0.14 0.165 462.739
0.14 0.17 475.467
0.14 0.175 493.929
0.14 0.18 520.022
0.14 0.185 556.613
0.14 0.19 608.229
0.14 0.195 682.575
0.14 0.2 815.913
0.145 0 404.313
0.145 0.005 407.794
0.145 0.01 456.76
0.145 0.015 491.127
0.145 0.02 517.476
0.145 0.025 537.177
0.145 0.03 551.013
0.145 0.035 559.886
0.145 0.04 564.751
0.145 0.045 566.475
0.145 0.05 565.761
0.145 0.055 563.147
0.145 0.06 559.034
0.145 0.065 553.723
0.145 0.07 547.448
0.145 0.075 540.402
0.145 0.08 532.749
0.145 0.085 524.639
0.145 0.09 516.213
0.145 0.095 507.604
0.145 0.1 498.947
0.145 0.105 490.372
0.145 0.11 482.011
0.145 0.115 474.001
0.145 0.12 466.485
0.145 0.125 459.616
0.145 0.13 453.564
0.145 0.135 448.521
0.145 0.14 444.71
0.145 0.145 442.396
0.145 0.15 441.902
0.145 0.155 443.631
0.145 0.16 448.1
0.145 0.165 455.994
0.145 0.17 468.246
0.145 0.175 486.171
0.145 0.18 511.689
0.145 0.185 547.709
0.145 0.19 598.856
0.145 0.195 673.091
0.145 0.2 812.125
0.15 0 378.848
0.15 0.005 382.464
0.15 0.01 425.219
0.15 0.015 456.069
0.15 0.02 480.768
0.15 0.025 500.384
0.15 0.03 515.314
0.15 0.035 526.019
0.15 0.04 533.075
0.15 0.045 537.088
0.15 0.05 538.613
0.15 0.055 538.115
0.15 0.06 535.975
0.15 0.065 532.495
0.15 0.07 527.92
0.15 0.075 522.456
0.15 0.08 516.28
0.15 0.085 509.547
0.15 0.09 502.403
0.15 0.095 494.984
0.15 0.1 487.42
0.15 0.105 479.838
0.15 0.11 472.366
0.15 0.115 465.136
0.15 0.12 458.286
0.15 0.125 451.966
0.15 0.13 446.342
0.15 0.135 441.606
0.15 0.14 437.983
0.15 0.145 435.737
0.15 0.15 435.197
0.15 0.155 436.771
0.15 0.16 440.981
0.15 0.165 448.518
0.15 0.17 460.325
0.15 0.175 477.727
0.15 0.18 502.665
0.15 0.185 538.093
0.15 0.19 588.732
0.15 0.195 662.823
0.15 0.2 808.12
0.155 0 355.509
0.155 0.005 359.111
0.155 0.01 396.424
0.155 0.015 424.019
0.155 0.02 446.867
0.155 0.025 465.808
0.155 0.03 481.021
0.155 0.035 492.7
0.155 0.04 501.164
0.155 0.045 506.812
0.155 0.05 510.058
0.155 0.055 511.287
0.155 0.06 510.837
0.155 0.065 508.993
0.155 0.07 505.997
0.155 0.075 502.053
0.155 0.08 497.337
0.155 0.085 492.007
0.155 0.09 486.203
0.155 0.095 480.054
0.155 0.1 473.685
0.155 0.105 467.213
0.155 0.11 460.759
0.155 0.115 454.444
0.155 0.12 448.399
0.155 0.125 442.766
0.155 0.13 437.707
0.155 0.135 433.41
0.155 0.14 430.095
0.155 0.145 428.031
0.155 0.15 427.544
0.155 0.155 429.047
0.155 0.16 433.068
0.155 0.165 440.302
0.155 0.17 451.7
0.155 0.175 468.597
0.155 0.18 492.956
0.155 0.185 527.77
0.155 0.19 577.863
0.155 0.195 651.774
0.155 0.2 803.895
0.16 0 333.971
0.16 0.005 337.47
0.16 0.01 369.994
0.16 0.015 394.584
0.16 0.02 415.49
0.16 0.025 433.377
0.16 0.03 448.295
0.16 0.035 460.234
0.16 0.04 469.502
0.16 0.045 476.192
0.16 0.05 480.659
0.16 0.055 483.209
0.16 0.06 484.132
0.16 0.065 483.687
0.16 0.07 482.098
0.16 0.075 479.56
0.16 0.08 476.241
0.16 0.085 472.288
0.16 0.09 467.832
0.16 0.095 462.993
0.16 0.1 457.88
0.16 0.105 452.601
0.16 0.11 447.261
0.16 0.115 441.971
0.16 0.12 436.848
0.16 0.125 432.026
0.16 0.13 427.657
0.16 0.135 423.921
0.16 0.14 421.034
0.16 0.145 419.261
0.16 0.15 418.929
0.16 0.155 420.45
0.16 0.16 424.356
0.16 0.165 431.346
0.16 0.17 442.376
0.16 0.175 458.793
0.16 0.18 482.574
0.16 0.185 516.756
0.16 0.19 566.264
0.16 0.195 639.954
0.16 0.2 799.452
0.165 0 313.983
0.165 0.005 317.326
0.165 0.01 345.63
0.165 0.015 367.457
0.165 0.02 386.409
0.165 0.025 401.072
0.165 0.03 413.041
0.165 0.035 423.699
0.165 0.04 432.84
0.165 0.045 440.411
0.165 0.05 446.467
0.165 0.055 451.125
0.165 0.06 454.529
0.165 0.065 456.834
0.165 0.07 456.715
0.165 0.075 455.429
0.165 0.08 453.395
0.165 0.085 450.747
0.165 0.09 447.601
0.165 0.095 444.062
0.165 0.1 440.224
0.165 0.105 436.177
0.165 0.11 432.012
0.165 0.115 427.823
0.165 0.12 423.713
0.165 0.125 419.801
0.165 0.13 416.227
0.165 0.135 413.162
0.165 0.14 410.812
0.165 0.145 409.435
0.165 0.15 409.356
0.165 0.155 410.985
0.165 0.16 414.852
0.165 0.165 421.661
0.165 0.17 432.369
0.165 0.175 448.332
0.165 0.18 471.542
0.165 0.185 505.074
0.165 0.19 553.957
0.165 0.195 627.381
0.165 0.2 794.79
0.17 0 295.347
0.17 0.005 298.503
0.17 0.01 323.086
0.17 0.015 342.385
0.17 0.02 358.009
0.17 0.025 369.545
0.17 0.03 380.431
0.17 0.035 390.282
0.17 0.04 398.904
0.17 0.045 406.241
0.17 0.05 412.327
0.17 0.055 417.251
0.17 0.06 421.132
0.17 0.065 424.096
0.17 0.07 426.268
0.17 0.075 427.762
0.17 0.08 428.68
0.17 0.085 427.803
0.17 0.09 425.886
0.17 0.095 423.593
0.17 0.1 421.002
0.17 0.105 418.185
0.17 0.11 415.213
0.17 0.115 412.164
0.17 0.12 409.122
0.17 0.125 406.191
0.17 0.13 403.495
0.17 0.135 401.189
0.17 0.14 399.47
0.17 0.145 398.585
0.17 0.15 398.851
0.17 0.155 400.672
0.17 0.16 404.577
0.17 0.165 411.267
0.17 0.17 421.703
0.17 0.175 437.242
0.17 0.18 459.89
0.17 0.185 492.756
0.17 0.19 540.973
0.17 0.195 614.081
0.17 0.2 789.91
0.175 0 277.904
0.175 0.005 280.854
0.175 0.01 302.157
0.175 0.015 319.155
0.175 0.02 330.649
0.175 0.025 340.928
0.175 0.03 350.706
0.175 0.035 359.648
0.175 0.04 367.585
0.175 0.045 374.469
0.175 0.05 380.33
0.175 0.055 385.243
0.175 0.06 389.312
0.175 0.065 392.645
0.175 0.07 395.35
0.175 0.075 397.523
0.175 0.08 399.25
0.175 0.085 400.602
0.175 0.09 401.637
0.175 0.095 401.964
0.175 0.1 400.552
0.175 0.105 398.919
0.175 0.11 397.119
0.175 0.115 395.208
0.175 0.12 393.255
0.175 0.125 391.342
0.175 0.13 389.576
0.175 0.135 388.096
0.175 0.14 387.082
0.175 0.145 386.768
0.175 0.15 387.459
0.175 0.155 389.551
0.175 0.16 393.566
0.175 0.165 400.2
0.175 0.17 410.412
0.175 0.175 425.559
0.175 0.18 447.656
0.175 0.185 479.843
0.175 0.19 527.35
0.175 0.195 600.09
0.175 0.2 784.816
0.18 0 261.52
0.18 0.005 264.255
0.18 0.01 282.669
0.18 0.015 296.756
0.18 0.02 305.749
0.18 0.025 314.838
0.18 0.03 323.524
0.18 0.035 331.52
0.18 0.04 338.686
0.18 0.045 344.989
0.18 0.05 350.461
0.18 0.055 355.174
0.18 0.06 359.223
0.18 0.065 362.706
0.18 0.07 365.716
0.18 0.075 368.339
0.18 0.08 370.645
0.18 0.085 372.693
0.18 0.09 374.528
0.18 0.095 376.184
0.18 0.1 377.686
0.18 0.105 378.71
0.18 0.11 378.021
0.18 0.115 377.212
0.18 0.12 376.329
0.18 0.125 375.437
0.18 0.13 374.623
0.18 0.135 374.006
0.18 0.14 373.748
0.18 0.145 374.066
0.18 0.15 375.249
0.18 0.155 377.68
0.18 0.16 381.87
0.18 0.165 388.507
0.18 0.17 398.542
0.18 0.175 413.33
0.18 0.18 434.889
0.18 0.185 466.383
0.18 0.19 513.136
0.18 0.195 585.448
0.18 0.2 779.511
0.185 0 246.086
0.185 0.005 248.604
0.185 0.01 264.474
0.185 0.015 275.106
0.185 0.02 282.987
0.185 0.025 290.964
0.185 0.03 298.602
0.185 0.035 305.658
0.185 0.04 312.023
0.185 0.045 317.681
0.185 0.05 322.671
0.185 0.055 327.066
0.185 0.06 330.955
0.185 0.065 334.428
0.185 0.07 337.571
0.185 0.075 340.459
0.185 0.08 343.152
0.185 0.085 345.7
0.185 0.09 348.137
0.185 0.095 350.488
0.185 0.1 352.766
0.185 0.105 354.979
0.185 0.11 357.132
0.185 0.115 358.454
0.185 0.12 358.591
0.185 0.125 358.69
0.185 0.13 358.818
0.185 0.135 359.073
0.185 0.14 359.597
0.185 0.145 360.586
0.185 0.15 362.309
0.185 0.155 365.134
0.185 0.16 369.555
0.185 0.165 376.247
0.185 0.17 386.15
0.185 0.175 400.61
0.185 0.18 421.644
0.185 0.185 452.432
0.185 0.19 498.388
0.185 0.195 570.206
0.185 0.2 773.999
0.19 0 231.511
0.19 0.005 233.812
0.19 0.01 247.444
0.19 0.015 255.23
0.19 0.02 262.1
0.19 0.025 269.048
0.19 0.03 275.698
0.19 0.035 281.851
0.19 0.04 287.425
0.19 0.045 292.421
0.19 0.05 296.887
0.19 0.055 300.897
0.19 0.06 304.538
0.19 0.065 307.894
0.19 0.07 311.045
0.19 0.075 314.056
0.19 0.08 316.983
0.19 0.085 319.866
0.19 0.09 322.734
0.19 0.095 325.603
0.19 0.1 328.48
0.19 0.105 331.364
0.19 0.11 334.251
0.19 0.115 337.136
0.19 0.12 340.018
0.19 0.125 341.336
0.19 0.13 342.367
0.19 0.135 343.474
0.19 0.14 344.779
0.19 0.145 346.454
0.19 0.15 348.747
0.19 0.155 352.004
0.19 0.16 356.699
0.19 0.165 363.491
0.19 0.17 373.301
0.19 0.175 387.464
0.19 0.18 407.984
0.19 0.185 438.055
0.19 0.19 483.168
0.19 0.195 554.422
0.19 0.2 768.286
0.195 0 217.715
0.195 0.005 219.803
0.195 0.01 231.469
0.195 0.015 236.914
0.195 0.02 242.867
0.195 0.025 248.872
0.195 0.03 254.607
0.195 0.035 259.911
0.195 0.04 264.73
0.195 0.045 269.079
0.195 0.05 273.015
0.195 0.055 276.614
0.195 0.06 279.959
0.195 0.065 283.132
0.195 0.07 286.204
0.195 0.075 289.236
0.195 0.08 292.278
0.195 0.085 295.365
0.195 0.09 298.52
0.195 0.095 301.755
0.195 0.1 305.072
0.195 0.105 308.467
0.195 0.11 311.928
0.195 0.115 315.443
0.195 0.12 319.002
0.195 0.125 322.603
0.195 0.13 325.483
0.195 0.135 327.399
0.195 0.14 329.458
0.195 0.145 331.812
0.195 0.15 334.684
0.195 0.155 338.395
0.195 0.16 343.395
0.195 0.165 350.32
0.195 0.17 360.072
0.195 0.175 373.962
0.195 0.18 393.981
0.195 0.185 423.322
0.195 0.19 467.546
0.195 0.195 538.159
0.195 0.2 762.379
0.2 0 204.634
0.2 0.005 206.515
0.2 0.01 215.347
0.2 0.015 219.978
0.2 0.02 225.104
0.2 0.025 230.251
0.2 0.03 235.148
0.2 0.035 239.671
0.2 0.04 243.787
0.2 0.045 247.527
0.2 0.05 250.952
0.2 0.055 254.141
0.2 0.06 257.173
0.2 0.065 260.125
0.2 0.07 263.065
0.2 0.075 266.047
0.2 0.08 269.116
0.2 0.085 272.303
0.2 0.09 275.629
0.2 0.095 279.103
0.2 0.1 282.725
0.2 0.105 286.488
0.2 0.11 290.377
0.2 0.115 294.376
0.2 0.12 298.469
0.2 0.125 302.646
0.2 0.13 306.908
0.2 0.135 311.041
0.2 0.14 313.809
0.2 0.145 316.814
0.2 0.15 320.253
0.2 0.155 324.421
0.2 0.16 329.743
0.2 0.165 336.825
0.2 0.17 346.542
0.2 0.175 360.182
0.2 0.18 379.71
0.2 0.185 408.309
0.2 0.19 451.598
0.2 0.195 521.487
0.2 0.2 756.284
0.205 0 192.213
0.205 0.005 193.893
0.205 0.01 200.299
0.205 0.015 204.274
0.205 0.02 208.655
0.205 0.025 213.027
0.205 0.03 217.168
0.205 0.035 220.981
0.205 0.04 224.458
0.205 0.045 227.638
0.205 0.05 230.589
0.205 0.055 233.386
0.205 0.06 236.109
0.205 0.065 238.828
0.205 0.07 241.604
0.205 0.075 244.49
0.205 0.08 247.524
0.205 0.085 250.735
0.205 0.09 254.142
0.205 0.095 257.752
0.205 0.1 261.565
0.205 0.105 265.573
0.205 0.11 269.762
0.205 0.115 274.114
0.205 0.12 278.608
0.205 0.125 283.23
0.205 0.13 287.973
0.205 0.135 292.849
0.205 0.14 297.899
0.205 0.145 301.614
0.205 0.15 305.592
0.205 0.155 310.205
0.205 0.16 315.849
0.205 0.165 323.1
0.205 0.17 332.8
0.205 0.175 346.205
0.205 0.18 365.25
0.205 0.185 393.097
0.205 0.19 435.405
0.205 0.195 504.481
0.205 0.2 750.01
0.21 0 180.402
0.21 0.005 181.89
0.21 0.01 186.287
0.21 0.015 189.676
0.21 0.02 193.388
0.21 0.025 197.067
0.21 0.03 200.529
0.21 0.035 203.709
0.21 0.04 206.614
0.21 0.045 209.292
0.21 0.05 211.812
0.21 0.055 214.251
0.21 0.06 216.681
0.21 0.065 219.168
0.21 0.07 221.77
0.21 0.075 224.532
0.21 0.08 227.49
0.21 0.085 230.67
0.21 0.09 234.09
0.21 0.095 237.756
0.21 0.1 241.669
0.21 0.105 245.822
0.21 0.11 250.201
0.21 0.115 254.788
0.21 0.12 259.565
0.21 0.125 264.513
0.21 0.13 269.619
0.21 0.135 274.887
0.21 0.14 280.345
0.21 0.145 286.06
0.21 0.15 290.84
0.21 0.155 295.871
0.21 0.16 301.825
0.21 0.165 309.244
0.21 0.17 318.936
0.21 0.175 332.117
0.21 0.18 350.683
0.21 0.185 377.766
0.21 0.19 419.049
0.21 0.195 487.218
0.21 0.2 743.566
0.215 0 169.164
0.215 0.005 170.469
0.215 0.01 173.211
0.215 0.015 176.076
0.215 0.02 179.192
0.215 0.025 182.254
0.215 0.03 185.116
0.215 0.035 187.737
0.215 0.04 190.138
0.215 0.045 192.373
0.215 0.05 194.513
0.215 0.055 196.631
0.215 0.06 198.794
0.215 0.065 201.063
0.215 0.07 203.49
0.215 0.075 206.115
0.215 0.08 208.972
0.215 0.085 212.084
0.215 0.09 215.467
0.215 0.095 219.129
0.215 0.1 223.07
0.215 0.105 227.286
0.215 0.11 231.765
0.215 0.115 236.491
0.215 0.12 241.446
0.215 0.125 246.612
0.215 0.13 251.974
0.215 0.135 257.529
0.215 0.14 263.295
0.215 0.145 269.324
0.215 0.15 275.726
0.215 0.155 281.539
0.215 0.16 287.779
0.215 0.165 295.357
0.215 0.17 305.04
0.215 0.175 318.002
0.215 0.18 336.092
0.215 0.185 362.4
0.215 0.19 402.614
0.215 0.195 469.78
0.215 0.2 736.961
0.22 0 158.465
0.22 0.005 159.244
0.22 0.01 160.987
0.22 0.015 163.385
0.22 0.02 165.972
0.22 0.025 168.489
0.22 0.03 170.824
0.22 0.035 172.958
0.22 0.04 174.922
0.22 0.045 176.775
0.22 0.05 178.586
0.22 0.055 180.423
0.22 0.06 182.349
0.22 0.065 184.419
0.22 0.07 186.678
0.22 0.075 189.165
0.22 0.08 191.908
0.22 0.085 194.928
0.22 0.09 198.24
0.22 0.095 201.853
0.22 0.1 205.769
0.22 0.105 209.984
0.22 0.11 214.49
0.22 0.115 219.275
0.22 0.12 224.321
0.22 0.125 229.613
0.22 0.13 235.135
0.22 0.135 240.881
0.22 0.14 246.862
0.22 0.145 253.118
0.22 0.15 259.74
0.22 0.155 266.893
0.22 0.16 273.818
0.22 0.165 281.534
0.22 0.17 291.201
0.22 0.175 303.944
0.22 0.18 321.559
0.22 0.185 347.081
0.22 0.19 386.187
0.22 0.195 452.249
0.22 0.2 730.205
0.225 0 148.105
0.225 0.005 148.105
0.225 0.01 149.543
0.225 0.015 151.527
0.225 0.02 153.646
0.225 0.025 155.686
0.225 0.03 157.565
0.225 0.035 159.28
0.225 0.04 160.871
0.225 0.045 162.398
0.225 0.05 163.929
0.225 0.055 165.525
0.225 0.06 167.246
0.225 0.065 169.138
0.225 0.07 171.244
0.225 0.075 173.596
0.225 0.08 176.219
0.225 0.085 179.134
0.225 0.09 182.354
0.225 0.095 185.887
0.225 0.1 189.738
0.225 0.105 193.905
0.225 0.11 198.382
0.225 0.115 203.16
0.225 0.12 208.227
0.225 0.125 213.567
0.225 0.13 219.167
0.225 0.135 225.02
0.225 0.14 231.132
0.225 0.145 237.534
0.225 0.15 244.301
0.225 0.155 251.577
0.225 0.16 259.616
0.225 0.165 267.869
0.225 0.17 277.505
0.225 0.175 290.023
0.225 0.18 307.161
0.225 0.185 331.888
0.225 0.19 369.85
0.225 0.195 434.706
0.225 0.2 723.307
0.23 0 137.649
0.23 0.005 137.649
0.23 0.01 138.819
0.23 0.015 140.437
0.23 0.02 142.146
0.23 0.025 143.772
0.23 0.03 145.259
0.23 0.035 146.618
0.23 0.04 147.895
0.23 0.045 149.15
0.23 0.05 150.446
0.23 0.055 151.841
0.23 0.06 153.387
0.23 0.065 155.125
0.23 0.07 157.092
0.23 0.075 159.317
0.23 0.08 161.822
0.23 0.085 164.625
0.23 0.09 167.739
0.23 0.095 171.173
0.23 0.1 174.931
0.23 0.105 179.015
0.23 0.11 183.421
0.23 0.115 188.144
0.23 0.12 193.174
0.23 0.125 198.5
0.23 0.13 204.11
0.23 0.135 209.997
0.23 0.14 216.166
0.23 0.145 222.641
0.23 0.15 229.484
0.23 0.155 236.821
0.23 0.16 244.875
0.23 0.165 254.032
0.23 0.17 264.03
0.23 0.175 276.315
0.23 0.18 292.972
0.23 0.185 316.898
0.23 0.19 353.684
0.23 0.195 417.236
0.23 0.2 716.279
0.235 0 127.827
0.235 0.005 127.827
0.235 0.01 128.762
0.235 0.015 130.059
0.235 0.02 131.412
0.235 0.025 132.682
0.235 0.03 133.837
0.235 0.035 134.898
0.235 0.04 135.915
0.235 0.045 136.946
0.235 0.05 138.05
0.235 0.055 139.279
0.235 0.06 140.678
0.235 0.065 142.284
0.235 0.07 144.129
0.235 0.075 146.238
0.235 0.08 148.629
0.235 0.085 151.319
0.235 0.09 154.321
0.235 0.095 157.642
0.235 0.1 161.29
0.235 0.105 165.266
0.235 0.11 169.571
0.235 0.115 174.202
0.235 0.12 179.152
0.235 0.125 184.413
0.235 0.13 189.978
0.235 0.135 195.84
0.235 0.14 202.003
0.235 0.145 208.487
0.235 0.15 215.345
0.235 0.155 222.685
0.235 0.16 230.706
0.235 0.165 239.755
0.235 0.17 250.418
0.235 0.175 262.888
0.235 0.18 279.06
0.235 0.185 302.179
0.235 0.19 337.766
0.235 0.195 399.918
0.235 0.2 709.131
0.24 0 118.598
0.24 0.005 118.598
0.24 0.01 119.329
0.24 0.015 120.346
0.24 0.02 121.391
0.24 0.025 122.36
0.24 0.03 123.236
0.24 0.035 124.052
0.24 0.04 124.857
0.24 0.045 125.707
0.24 0.05 126.656
0.24 0.055 127.751
0.24 0.06 129.03
0.24 0.065 130.525
0.24 0.07 132.264
0.24 0.075 134.267
0.24 0.08 136.551
0.24 0.085 139.131
0.24 0.09 142.018
0.24 0.095 145.221
0.24 0.1 148.747
0.24 0.105 152.6
0.24 0.11 156.783
0.24 0.115 161.294
0.24 0.12 166.132
0.24 0.125 171.291
0.24 0.13 176.767
0.24 0.135 182.556
0.24 0.14 188.661
0.24 0.145 195.1
0.24 0.15 201.92
0.24 0.155 209.213
0.24 0.16 217.158
0.24 0.165 226.065
0.24 0.17 236.47
0.24 0.175 249.284
0.24 0.18 265.486
0.24 0.185 287.796
0.24 0.19 322.166
0.24 0.195 382.836
0.24 0.2 690.35
0.245 0 109.926
0.245 0.005 109.926
0.245 0.01 110.481
0.245 0.015 111.256
0.245 0.02 112.039
0.245 0.025 112.754
0.245 0.03 113.401
0.245 0.035 114.018
0.245 0.04 114.654
0.245 0.045 115.362
0.245 0.05 116.189
0.245 0.055 117.177
0.245 0.06 118.358
0.245 0.065 119.761
0.245 0.07 121.408
0.245 0.075 123.317
0.245 0.08 125.502
0.245 0.085 127.976
0.245 0.09 130.75
0.245 0.095 133.833
0.245 0.1 137.232
0.245 0.105 140.953
0.245 0.11 144.999
0.245 0.115 149.374
0.245 0.12 154.076
0.245 0.125 159.106
0.245 0.13 164.46
0.245 0.135 170.137
0.245 0.14 176.143
0.245 0.145 182.493
0.245 0.15 189.228
0.245 0.155 196.432
0.245 0.16 204.261
0.245 0.165 212.996
0.245 0.17 223.125
0.245 0.175 235.49
0.245 0.18 251.571
0.245 0.185 273.804
0.245 0.19 306.949
0.245 0.195 366.08
0.245 0.2 665.882
0.25 0 101.78
0.25 0.005 101.78
0.25 0.01 102.185
0.25 0.015 102.753
0.25 0.02 103.315
0.25 0.025 103.82
0.25 0.03 104.282
0.25 0.035 104.741
0.25 0.04 105.245
0.25 0.045 105.842
0.25 0.05 106.576
0.25 0.055 107.481
0.25 0.06 108.585
0.25 0.065 109.912
0.25 0.07 111.481
0.25 0.075 113.306
0.25 0.08 115.4
0.25 0.085 117.774
0.25 0.09 120.438
0.25 0.095 123.402
0.25 0.1 126.672
0.25 0.105 130.256
0.25 0.11 134.158
0.25 0.115 138.385
0.25 0.12 142.937
0.25 0.125 147.817
0.25 0.13 153.025
0.25 0.135 158.563
0.25 0.14 164.437
0.25 0.145 170.663
0.25 0.15 177.277
0.25 0.155 184.354
0.25 0.16 192.034
0.25 0.165 200.571
0.25 0.17 210.41
0.25 0.175 222.324
0.25 0.18 237.69
0.25 0.185 259.099
0.25 0.19 292.04
0.25 0.195 349.774
0.25 0.2 641.561
0.255 0 94.1623
0.255 0.005 94.1623
0.255 0.01 94.4172
0.255 0.015 94.8027
0.255 0.02 95.1786
0.255 0.025 95.5137
0.255 0.03 95.8284
0.255 0.035 96.1643
0.255 0.04 96.5679
0.255 0.045 97.0825
0.255 0.05 97.7449
0.255 0.055 98.5852
0.255 0.06 99.6272
0.255 0.065 100.89
0.255 0.07 102.389
0.255 0.075 104.136
0.255 0.08 106.143
0.255 0.085 108.419
0.255 0.09 110.973
0.255 0.095 113.814
0.255 0.1 116.949
0.255 0.105 120.387
0.255 0.11 124.133
0.255 0.115 128.194
0.255 0.12 132.573
0.255 0.125 137.275
0.255 0.13 142.303
0.255 0.135 147.659
0.255 0.14 153.351
0.255 0.145 159.394
0.255 0.15 165.821
0.255 0.155 172.698
0.255 0.16 180.147
0.255 0.165 188.395
0.255 0.17 197.837
0.255 0.175 209.172
0.255 0.18 223.647
0.255 0.185 243.608
0.255 0.19 274.024
0.255 0.195 328.638
0.255 0.2 592.953
0.26 0 86.9891
0.26 0.005 86.9891
0.26 0.01 87.1415
0.26 0.015 87.3813
0.26 0.02 87.607
0.26 0.025 87.8061
0.26 0.03 88.0065
0.26 0.035 88.2502
0.26 0.04 88.5806
0.26 0.045 89.036
0.26 0.05 89.6482
0.26 0.055 90.4423
0.26 0.06 91.438
0.26 0.065 92.6507
0.26 0.07 94.093
0.26 0.075 95.7752
0.26 0.08 97.7066
0.26 0.085 99.8959
0.26 0.09 102.351
0.26 0.095 105.081
0.26 0.1 108.094
0.26 0.105 111.396
0.26 0.11 114.997
0.26 0.115 118.904
0.26 0.12 123.121
0.26 0.125 127.656
0.26 0.13 132.514
0.26 0.135 137.7
0.26 0.14 143.222
0.26 0.145 149.098
0.26 0.15 155.357
0.26 0.155 162.06
0.26 0.16 169.319
0.26 0.165 177.337
0.26 0.17 186.478
0.26 0.175 197.383
0.26 0.18 211.207
0.26 0.185 230.144
0.26 0.19 258.875
0.26 0.195 310.533
0.26 0.2 569.603
0.265 0 80.2665
0.265 0.005 80.2665
0.265 0.01 80.3351
0.265 0.015 80.456
0.265 0.02 80.5617
0.265 0.025 80.6556
0.265 0.03 80.7708
0.265 0.035 80.9484
0.265 0.04 81.2282
0.265 0.045 81.6437
0.265 0.05 82.2218
0.265 0.055 82.9833
0.265 0.06 83.944
0.265 0.065 85.1165
0.265 0.07 86.5108
0.265 0.075 88.1354
0.265 0.08 89.9982
0.265 0.085 92.1069
0.265 0.09 94.4691
0.265 0.095 97.0929
0.265 0.1 99.9864
0.265 0.105 103.158
0.265 0.11 106.616
0.265 0.115 110.368
0.265 0.12 114.423
0.265 0.125 118.788
0.265 0.13 123.47
0.265 0.135 128.476
0.265 0.14 133.818
0.265 0.145 139.511
0.265 0.15 145.586
0.265 0.155 152.098
0.265 0.16 159.149
0.265 0.165 166.925
0.265 0.17 175.757
0.265 0.175 186.236
0.265 0.18 199.433
0.265 0.185 217.396
0.265 0.19 244.533
0.265 0.195 293.377
0.265 0.2 546.645
0.27 0 73.9737
0.27 0.005 73.9737
0.27 0.01 73.9749
0.27 0.015 74.0008
0.27 0.02 74.0135
0.27 0.025 74.0291
0.27 0.03 74.0837
0.27 0.035 74.2171
0.27 0.04 74.4648
0.27 0.045 74.856
0.27 0.05 75.4129
0.27 0.055 76.1526
0.27 0.06 77.0876
0.27 0.065 78.2278
0.27 0.07 79.5811
0.27 0.075 81.1545
0.27 0.08 82.9547
0.27 0.085 84.9886
0.27 0.09 87.2633
0.27 0.095 89.7864
0.27 0.1 92.5661
0.27 0.105 95.6108
0.27 0.11 98.9296
0.27 0.115 102.531
0.27 0.12 106.425
0.27 0.125 110.619
0.27 0.13 115.123
0.27 0.135 119.946
0.27 0.14 125.1
0.27 0.145 130.603
0.27 0.15 136.482
0.27 0.155 142.79
0.27 0.16 149.622
0.27 0.165 157.146
0.27 0.17 165.666
0.27 0.175 175.726
0.27 0.18 188.319
0.27 0.185 205.356
0.27 0.19 230.985
0.27 0.195 277.143
0.27 0.2 524.114
0.275 0 68.0905
0.275 0.005 68.0905
0.275 0.01 68.0391
0.275 0.015 67.9914
0.275 0.02 67.9346
0.275 0.025 67.8946
0.275 0.03 67.9095
0.275 0.035 68.0165
0.275 0.04 68.2473
0.275 0.045 68.6266
0.275 0.05 69.1727
0.275 0.055 69.899
0.275 0.06 70.8155
0.275 0.065 71.9297
0.275 0.07 73.2479
0.275 0.075 74.7756
0.275 0.08 76.5188
0.275 0.085 78.4833
0.275 0.09 80.6759
0.275 0.095 83.1038
0.275 0.1 85.7751
0.275 0.105 88.6985
0.275 0.11 91.8832
0.275 0.115 95.3387
0.275 0.12 99.0748
0.275 0.125 103.101
0.275 0.13 107.429
0.275 0.135 112.067
0.275 0.14 117.031
0.275 0.145 122.337
0.275 0.15 128.014
0.275 0.155 134.111
0.275 0.16 140.715
0.275 0.165 147.982
0.275 0.17 156.189
0.275 0.175 165.839
0.275 0.18 177.852
0.275 0.185 194.011
0.275 0.19 218.215
0.275 0.195 261.816
0.275 0.2 502.08
0.28 0 62.5975
0.28 0.005 62.5975
0.28 0.01 62.5066
0.28 0.015 62.404
0.28 0.02 62.298
0.28 0.025 62.2219
0.28 0.03 62.2142
0.28 0.035 62.3095
0.28 0.04 62.5353
0.28 0.045 62.9124
0.28 0.05 63.4555
0.28 0.055 64.1751
0.28 0.06 65.0787
0.28 0.065 66.172
0.28 0.07 67.4598
0.28 0.075 68.9467
0.28 0.08 70.6375
0.28 0.085 72.5377
0.28 0.09 74.6534
0.28 0.095 76.9917
0.28 0.1 79.5605
0.28 0.105 82.3683
0.28 0.11 85.4246
0.28 0.115 88.7393
0.28 0.12 92.3228
0.28 0.125 96.1858
0.28 0.13 100.339
0.28 0.135 104.796
0.28 0.14 109.569
0.28 0.145 114.677
0.28 0.15 120.149
0.28 0.155 126.031
0.28 0.16 132.404
0.28 0.165 139.41
0.28 0.17 147.307
0.28 0.175 156.558
0.28 0.18 168.014
0.28 0.185 183.342
0.28 0.19 206.203
0.28 0.195 247.378
0.28 0.2 480.616
0.285 0 57.4757
0.285 0.005 57.4757
0.285 0.01 57.3564
0.285 0.015 57.2153
0.285 0.02 57.0774
0.285 0.025 56.9815
0.285 0.03 56.9653
0.285 0.035 57.0605
0.285 0.04 57.2907
0.285 0.045 57.6731
0.285 0.05 58.2193
0.285 0.055 58.9371
0.285 0.06 59.8322
0.285 0.065 60.9085
0.285 0.07 62.1699
0.285 0.075 63.6199
0.285 0.08 65.2627
0.285 0.085 67.1032
0.285 0.09 69.1471
0.285 0.095 71.4011
0.285 0.1 73.873
0.285 0.105 76.5713
0.285 0.11 79.5055
0.285 0.115 82.6856
0.285 0.12 86.1225
0.285 0.125 89.8273
0.285 0.13 93.8121
0.285 0.135 98.0897
0.285 0.14 102.675
0.285 0.145 107.587
0.285 0.15 112.854
0.285 0.155 118.52
0.285 0.16 124.66
0.285 0.165 131.407
0.285 0.17 138.998
0.285 0.175 147.86
0.285 0.18 158.785
0.285 0.185 173.327
0.285 0.19 194.925
0.285 0.195 233.806
0.285 0.2 459.789
0.29 0 52.706
0.29 0.005 52.706
0.29 0.01 52.5682
0.29 0.015 52.4026
0.29 0.02 52.2476
0.29 0.025 52.1452
0.29 0.03 52.132
0.29 0.035 52.2361
0.29 0.04 52.478
0.29 0.045 52.8713
0.29 0.05 53.425
0.29 0.055 54.1448
0.29 0.06 55.0345
0.29 0.065 56.0971
0.29 0.07 57.3352
0.29 0.075 58.7518
0.29 0.08 60.3504
0.29 0.085 62.1354
0.29 0.09 64.1122
0.29 0.095 66.2872
0.29 0.1 68.668
0.29 0.105 71.2628
0.29 0.11 74.0811
0.29 0.115 77.1332
0.29 0.12 80.4299
0.29 0.125 83.983
0.29 0.13 87.8048
0.29 0.135 91.909
0.29 0.14 96.311
0.29 0.145 101.03
0.29 0.15 106.094
0.29 0.155 111.546
0.29 0.16 117.455
0.29 0.165 123.946
0.29 0.17 131.237
0.29 0.175 139.723
0.29 0.18 150.142
0.29 0.185 163.942
0.29 0.19 184.356
0.29 0.195 221.073
0.29 0.2 439.655
0.295 0 48.27
0.295 0.005 48.27
0.295 0.01 48.1219
0.295 0.015 47.9438
0.295 0.02 47.7839
0.295 0.025 47.6859
0.295 0.03 47.6845
0.295 0.035 47.8048
0.295 0.04 48.0637
0.295 0.045 48.4721
0.295 0.05 49.0365
0.295 0.055 49.7609
0.295 0.06 50.6478
0.295 0.065 51.6991
0.295 0.07 52.9166
0.295 0.075 54.3027
0.295 0.08 55.8605
0.295 0.085 57.594
0.295 0.09 59.5081
0.295 0.095 61.6091
0.295 0.1 63.9041
0.295 0.105 66.4014
0.295 0.11 69.1103
0.295 0.115 72.0409
0.295 0.12 75.2044
0.295 0.125 78.6126
0.295 0.13 82.2781
0.295 0.135 86.2151
0.295 0.14 90.4395
0.295 0.145 94.971
0.295 0.15 99.8366
0.295 0.155 105.077
0.295 0.16 110.759
0.295 0.165 116.998
0.295 0.17 123.997
0.295 0.175 132.122
0.295 0.18 142.058
0.295 0.185 155.16
0.295 0.19 174.463
0.295 0.195 209.147
0.295 0.2 420.262
0.3 0 44.1491
0.3 0.005 44.1491
0.3 0.01 43.9977
0.3 0.015 43.8171
0.3 0.02 43.6624
0.3 0.025 43.5776
0.3 0.03 43.5951
0.3 0.035 43.7368
0.3 0.04 44.0167
0.3 0.045 44.443
0.3 0.05 45.0205
0.3 0.055 45.7515
0.3 0.06 46.6374
0.3 0.065 47.6794
0.3 0.07 48.8785
0.3 0.075 50.2367
0.3 0.08 51.7568
0.3 0.085 53.4422
0.3 0.09 55.2978
0.3 0.095 57.3294
0.3 0.1 59.544
0.3 0.105 61.9496
0.3 0.11 64.5553
0.3 0.115 67.3712
0.3 0.12 70.4084
0.3 0.125 73.6787
0.3 0.13 77.1951
0.3 0.135 80.9718
0.3 0.14 85.0251
0.3 0.145 89.3748
0.3 0.15 94.0474
0.3 0.155 99.0824
0.3 0.16 104.543
0.3 0.165 110.536
0.3 0.17 117.251
0.3 0.175 125.029
0.3 0.18 134.507
0.3 0.185 146.953
0.3 0.19 165.218
0.3 0.195 197.993
0.3 0.2 401.646
0.305 0 40.3253
0.305 0.005 40.3253
0.305 0.01 40.1764
0.305 0.015 40.0016
0.305 0.02 39.8601
0.305 0.025 39.7955
0.305 0.03 39.8372
0.305 0.035 40.0043
0.305 0.04 40.308
0.305 0.045 40.7543
0.305 0.05 41.3464
0.305 0.055 42.0853
0.305 0.06 42.9717
0.305 0.065 44.0057
0.305 0.07 45.1884
0.305 0.075 46.521
0.305 0.08 48.006
0.305 0.085 49.6468
0.305 0.09 51.4477
0.305 0.095 53.4144
0.305 0.1 55.5536
0.305 0.105 57.873
0.305 0.11 60.3816
0.305 0.115 63.0893
0.305 0.12 66.0071
0.305 0.125 69.1467
0.305 0.13 72.5213
0.305 0.135 76.1451
0.305 0.14 80.0344
0.305 0.145 84.2091
0.305 0.15 88.6954
0.305 0.155 93.5311
0.305 0.16 98.7763
0.305 0.165 104.532
0.305 0.17 110.973
0.305 0.175 118.418
0.305 0.18 127.462
0.305 0.185 139.291
0.305 0.19 156.587
0.305 0.195 187.577
0.305 0.2 383.834
0.31 0 36.7811
0.31 0.005 36.7811
0.31 0.01 36.6393
0.31 0.015 36.4769
0.31 0.02 36.3553
0.31 0.025 36.3161
0.31 0.03 36.3861
0.31 0.035 36.5813
0.31 0.04 36.9107
0.31 0.045 37.3784
0.31 0.05 37.9861
0.31 0.055 38.7339
0.31 0.06 39.6216
0.31 0.065 40.6491
0.31 0.07 41.8169
0.31 0.075 43.1259
0.31 0.08 44.5785
0.31 0.085 46.1775
0.31 0.09 47.9274
0.31 0.095 49.8333
0.31 0.1 51.9018
0.31 0.105 54.1404
0.31 0.11 56.5577
0.31 0.115 59.1636
0.31 0.12 61.9686
0.31 0.125 64.9847
0.31 0.13 68.2248
0.31 0.135 71.7031
0.31 0.14 75.436
0.31 0.145 79.4431
0.31 0.15 83.7502
0.31 0.155 88.3938
0.31 0.16 93.4311
0.31 0.165 98.9565
0.31 0.17 105.135
0.31 0.175 112.263
0.31 0.18 120.896
0.31 0.185 132.146
0.31 0.19 148.537
0.31 0.195 177.859
0.31 0.2 366.843
0.315 0 33.4993
0.315 0.005 33.4993
0.315 0.01 33.3683
0.315 0.015 33.2238
0.315 0.02 33.127
0.315 0.025 33.1173
0.315 0.03 33.2184
0.315 0.035 33.4438
0.315 0.04 33.8002
0.315 0.045 34.29
0.315 0.05 34.9139
0.315 0.055 35.6712
0.315 0.06 36.5611
0.315 0.065 37.5831
0.315 0.07 38.7373
0.315 0.075 40.0246
0.315 0.08 41.4469
0.315 0.085 43.0071
0.315 0.09 44.7092
0.315 0.095 46.5583
0.315 0.1 48.5605
0.315 0.105 50.7233
0.315 0.11 53.0549
0.315 0.115 55.565
0.315 0.12 58.2639
0.315 0.125 61.1634
0.315 0.13 64.2761
0.315 0.135 67.6164
0.315 0.14 71.2004
0.315 0.145 75.0476
0.315 0.15 79.1832
0.315 0.155 83.6424
0.315 0.16 88.4797
0.315 0.165 93.7843
0.315 0.17 99.7107
0.315 0.175 106.536
0.315 0.18 114.782
0.315 0.185 125.489
0.315 0.19 141.037
0.315 0.195 168.803
0.315 0.2 350.679
0.32 0 30.4636
0.32 0.005 30.4636
0.32 0.01 30.3465
0.32 0.015 30.224
0.32 0.02 30.1559
0.32 0.025 30.1786
0.32 0.03 30.3129
0.32 0.035 30.5697
0.32 0.04 30.9537
0.32 0.045 31.4662
0.32 0.05 32.1067
0.32 0.055 32.8739
0.32 0.06 33.7665
0.32 0.065 34.7838
0.32 0.07 35.9257
0.32 0.075 37.1929
0.32 0.08 38.587
0.32 0.085 40.1109
0.32 0.09 41.7683
0.32 0.095 43.5641
0.32 0.1 45.5043
0.32 0.105 47.5959
0.32 0.11 49.8471
0.32 0.115 52.2671
0.32 0.12 54.8662
0.32 0.125 57.6557
0.32 0.13 60.6482
0.32 0.135 63.8579
0.32 0.14 67.3006
0.32 0.145 70.9955
0.32 0.15 74.9673
0.32 0.155 79.2502
0.32 0.16 83.8959
0.32 0.165 88.989
0.32 0.17 94.6745
0.32 0.175 101.213
0.32 0.18 109.092
0.32 0.185 119.291
0.32 0.19 134.054
0.32 0.195 160.371
0.32 0.2 335.343
0.325 0 27.6589
0.325 0.005 27.6589
0.325 0.01 27.5576
0.325 0.015 27.4603
0.325 0.02 27.4237
0.325 0.025 27.4809
0.325 0.03 27.6498
0.325 0.035 27.9387
0.325 0.04 28.3508
0.325 0.045 28.8861
0.325 0.05 29.5433
0.325 0.055 30.3206
0.325 0.06 31.2164
0.325 0.065 32.2298
0.325 0.07 33.3604
0.325 0.075 34.6088
0.325 0.08 35.9767
0.325 0.085 37.4666
0.325 0.09 39.0821
0.325 0.095 40.828
0.325 0.1 42.71
0.325 0.105 44.7349
0.325 0.11 46.9105
0.325 0.115 49.2459
0.325 0.12 51.751
0.325 0.125 54.437
0.325 0.13 57.3161
0.325 0.135 60.4022
0.325 0.14 63.7111
0.325 0.145 67.2615
0.325 0.15 71.0774
0.325 0.155 75.192
0.325 0.16 79.6547
0.325 0.165 84.5457
0.325 0.17 90.0017
0.325 0.175 96.2672
0.325 0.18 103.801
0.325 0.185 113.525
0.325 0.19 127.558
0.325 0.195 152.526
0.325 0.2 320.827
0.33 0 25.0706
0.33 0.005 25.0706
0.33 0.01 24.9869
0.33 0.015 24.917
0.33 0.02 24.9139
0.33 0.025 25.007
0.33 0.03 25.2112
0.33 0.035 25.5326
0.33 0.04 25.9729
0.33 0.045 26.5309
0.33 0.05 27.2048
0.33 0.055 27.9923
0.33 0.06 28.8917
0.33 0.065 29.9016
0.33 0.07 31.0219
0.33 0.075 32.2529
0.33 0.08 33.5962
0.33 0.085 35.0542
0.33 0.09 36.6304
0.33 0.095 38.3294
0.33 0.1 40.1567
0.33 0.105 42.1189
0.33 0.11 44.2236
0.33 0.115 46.4794
0.33 0.12 48.8962
0.33 0.125 51.4846
0.33 0.13 54.2568
0.33 0.135 57.2263
0.33 0.14 60.4085
0.33 0.145 63.8219
0.33 0.15 67.4898
0.33 0.155 71.4442
0.33 0.16 75.7326
0.33 0.165 80.431
0.33 0.17 85.6686
0.33 0.175 91.6758
0.33 0.18 98.8844
0.33 0.185 108.164
0.33 0.19 121.517
0.33 0.195 145.232
0.33 0.2 307.118
0.335 0 22.686
0.335 0.005 22.686
0.335 0.01 22.6206
0.335 0.015 22.5797
0.335 0.02 22.6114
0.335 0.025 22.7412
0.335 0.03 22.9811
0.335 0.035 23.3352
0.335 0.04 23.8034
0.335 0.045 24.3841
0.335 0.05 25.0745
0.335 0.055 25.8722
0.335 0.06 26.7752
0.335 0.065 27.7822
0.335 0.07 28.8928
0.335 0.075 30.1075
0.335 0.08 31.4276
0.335 0.085 32.8556
0.335 0.09 34.3949
0.335 0.095 36.0497
0.335 0.1 37.8256
0.335 0.105 39.7288
0.335 0.11 41.7668
0.335 0.115 43.9478
0.335 0.12 46.2814
0.335 0.125 48.778
0.335 0.13 51.4494
0.335 0.135 54.3088
0.335 0.14 57.3714
0.335 0.145 60.655
0.335 0.15 64.1825
0.335 0.155 67.9848
0.335 0.16 72.1073
0.335 0.165 76.6226
0.335 0.17 81.6529
0.335 0.175 87.4156
0.335 0.18 94.3183
0.335 0.185 103.183
0.335 0.19 115.904
0.335 0.195 138.456
0.335 0.2 294.198
0.34 0 20.493
0.34 0.005 20.493
0.34 0.01 20.4467
0.34 0.015 20.4356
0.34 0.02 20.5029
0.34 0.025 20.6699
0.34 0.03 20.9456
0.34 0.035 21.332
0.34 0.04 21.828
0.34 0.045 22.4309
0.34 0.05 23.1376
0.34 0.055 23.9453
0.34 0.06 24.852
0.34 0.065 25.8563
0.34 0.07 26.9578
0.34 0.075 28.1569
0.34 0.08 29.4551
0.34 0.085 30.8547
0.34 0.09 32.359
0.34 0.095 33.9722
0.34 0.1 35.6996
0.34 0.105 37.5472
0.34 0.11 39.5223
0.34 0.115 41.6328
0.34 0.12 43.8881
0.34 0.125 46.2982
0.34 0.13 48.8747
0.34 0.135 51.6302
0.34 0.14 54.5797
0.34 0.145 57.7406
0.34 0.15 61.1351
0.34 0.155 64.793
0.34 0.16 68.7582
0.34 0.165 73.0995
0.34 0.17 77.9331
0.34 0.175 83.4649
0.34 0.18 90.0801
0.34 0.185 98.556
0.34 0.19 110.69
0.34 0.195 132.163
0.34 0.2 282.043
0.345 0 18.4812
0.345 0.005 18.4812
0.345 0.01 18.4544
0.345 0.015 18.4738
0.345 0.02 18.577
0.345 0.025 18.7813
0.345 0.03 19.0925
0.345 0.035 19.511
0.345 0.04 20.0343
0.345 0.045 20.6588
0.345 0.05 21.3812
0.345 0.055 22.1986
0.345 0.06 23.1087
0.345 0.065 24.1103
0.345 0.07 25.2029
0.345 0.075 26.3872
0.345 0.08 27.6644
0.345 0.085 29.0369
0.345 0.09 30.5079
0.345 0.095 32.0817
0.345 0.1 33.7631
0.345 0.105 35.5582
0.345 0.11 37.4739
0.345 0.115 39.5181
0.345 0.12 41.6995
0.345 0.125 44.028
0.345 0.13 46.5149
0.345 0.135 49.1725
0.345 0.14 52.0152
0.345 0.145 55.0601
0.345 0.15 58.3287
0.345 0.155 61.8498
0.345 0.16 65.6656
0.345 0.165 69.842
0.345 0.17 74.4895
0.345 0.175 79.8031
0.345 0.18 86.1481
0.345 0.185 94.2614
0.345 0.19 105.85
0.345 0.195 126.322
0.345 0.2 270.628
0.35 0 16.6428
0.35 0.005 16.6428
0.35 0.01 16.6354
0.35 0.015 16.6856
0.35 0.02 16.8247
0.35 0.025 17.066
0.35 0.03 17.4124
0.35 0.035 17.8622
0.35 0.04 18.4119
0.35 0.045 19.0572
0.35 0.05 19.7946
0.35 0.055 20.6208
0.35 0.06 21.5338
0.35 0.065 22.5324
0.35 0.07 23.6162
0.35 0.075 24.7858
0.35 0.08 26.0427
0.35 0.085 27.3892
0.35 0.09 28.8284
0.35 0.095 30.3645
0.35 0.1 32.0022
0.35 0.105 33.7476
0.35 0.11 35.6071
0.35 0.115 37.5884
0.35 0.12 39.7001
0.35 0.125 41.9517
0.35 0.13 44.354
0.35 0.135 46.919
0.35 0.14 49.6609
0.35 0.145 52.5961
0.35 0.15 55.7456
0.35 0.155 59.1373
0.35 0.16 62.8116
0.35 0.165 66.8318
0.35 0.17 71.303
0.35 0.175 76.4109
0.35 0.18 82.5022
0.35 0.185 90.2769
0.35 0.19 101.359
0.35 0.195 120.904
0.35 0.2 259.925
0.355 0 14.9725
0.355 0.005 14.9725
0.355 0.01 14.9844
0.355 0.015 15.065
0.355 0.02 15.2398
0.355 0.025 15.5175
0.355 0.03 15.8981
0.355 0.035 16.3782
0.355 0.04 16.9529
0.355 0.045 17.6177
0.355 0.05 18.3686
0.355 0.055 19.2026
0.355 0.06 20.1175
0.355 0.065 21.1124
0.355 0.07 22.1869
0.355 0.075 23.3418
0.355 0.08 24.5787
0.355 0.085 25.8998
0.355 0.09 27.3083
0.355 0.095 28.8082
0.355 0.1 30.4043
0.355 0.105 32.1022
0.355 0.11 33.9083
0.355 0.115 35.8301
0.355 0.12 37.8758
0.355 0.125 40.0546
0.355 0.13 42.377
0.355 0.135 44.8548
0.355 0.14 47.5013
0.355 0.145 50.3329
0.355 0.15 53.3697
0.355 0.155 56.6388
0.355 0.16 60.1792
0.355 0.165 64.0515
0.355 0.17 68.3562
0.355 0.175 73.2701
0.355 0.18 79.1232
0.355 0.185 86.5819
0.355 0.19 97.1934
0.355 0.195 115.879
0.355 0.2 249.904
0.36 0 13.4696
0.36 0.005 13.4696
0.36 0.01 13.5002
0.36 0.015 13.6107
0.36 0.02 13.8203
0.36 0.025 14.133
0.36 0.03 14.5461
0.36 0.035 15.0543
0.36 0.04 15.6519
0.36 0.045 16.3339
0.36 0.05 17.0963
0.36 0.055 17.9361
0.36 0.06 18.8513
0.36 0.065 19.8412
0.36 0.07 20.9056
0.36 0.075 22.0454
0.36 0.08 23.2621
0.36 0.085 24.5581
0.36 0.09 25.9367
0.36 0.095 27.4016
0.36 0.1 28.9576
0.36 0.105 30.6101
0.36 0.11 32.3655
0.36 0.115 34.2307
0.36 0.12 36.2138
0.36 0.125 38.3237
0.36 0.13 40.5705
0.36 0.135 42.9656
0.36 0.14 45.5221
0.36 0.145 48.2557
0.36 0.15 51.186
0.36 0.155 54.3391
0.36 0.16 57.7527
0.36 0.165 61.4851
0.36 0.17 65.6324
0.36 0.175 70.3636
0.36 0.18 75.9933
0.36 0.185 83.1569
0.36 0.19 93.3316
0.36 0.195 111.222
0.36 0.2 240.535
0.365 0 12.1411
0.365 0.005 12.1411
0.365 0.01 12.1894
0.365 0.015 12.3285
0.365 0.02 12.5706
0.365 0.025 12.9154
0.365 0.03 13.3573
0.365 0.035 13.8896
0.365 0.04 14.5062
0.365 0.045 15.2017
0.365 0.05 15.9722
0.365 0.055 16.815
0.365 0.06 17.7282
0.365 0.065 18.7111
0.365 0.07 19.7639
0.365 0.075 20.8875
0.365 0.08 22.0836
0.365 0.085 23.3546
0.365 0.09 24.7036
0.365 0.095 26.1344
0.365 0.1 27.6517
0.365 0.105 29.2606
0.365 0.11 30.9673
0.365 0.115 32.7786
0.365 0.12 34.7022
0.365 0.125 36.7467
0.365 0.13 38.9219
0.365 0.135 41.2388
0.365 0.14 43.7101
0.365 0.145 46.351
0.365 0.15 49.1805
0.365 0.155 52.2239
0.365 0.16 55.5176
0.365 0.165 59.1176
0.365 0.17 63.1164
0.365 0.175 67.6754
0.365 0.18 73.0955
0.365 0.185 79.9838
0.365 0.19 89.753
0.365 0.195 106.907
0.365 0.2 231.787
0.37 0 11.0101
0.37 0.005 11.0101
0.37 0.01 11.0748
0.37 0.015 11.2388
0.37 0.02 11.5073
0.37 0.025 11.8764
0.37 0.03 12.339
0.37 0.035 12.8878
0.37 0.04 13.5163
0.37 0.045 14.2193
0.37 0.05 14.9929
0.37 0.055 15.8343
0.37 0.06 16.742
0.37 0.065 17.7153
0.37 0.07 18.7544
0.37 0.075 19.8604
0.37 0.08 21.0349
0.37 0.085 22.2804
0.37 0.09 23.5999
0.37 0.095 24.9972
0.37 0.1 26.4767
0.37 0.105 28.0435
0.37 0.11 29.7034
0.37 0.115 31.4631
0.37 0.12 33.33
0.37 0.125 35.3124
0.37 0.13 37.4197
0.37 0.135 39.6625
0.37 0.14 42.0531
0.37 0.145 44.6062
0.37 0.15 47.3403
0.37 0.155 50.28
0.37 0.16 53.4602
0.37 0.165 56.9352
0.37 0.17 60.7937
0.37 0.175 65.1906
0.37 0.18 70.4141
0.37 0.185 77.0456
0.37 0.19 86.4384
0.37 0.195 102.911
0.37 0.2 223.628
0.375 0 10.1404
0.375 0.005 10.1404
0.375 0.01 10.2183
0.375 0.015 10.3951
0.375 0.02 10.671
0.375 0.025 11.044
0.375 0.03 11.5086
0.375 0.035 12.0584
0.375 0.04 12.6864
0.375 0.045 13.3871
0.375 0.05 14.156
0.375 0.055 14.99
0.375 0.06 15.8874
0.375 0.065 16.8474
0.375 0.07 17.8701
0.375 0.075 18.9564
0.375 0.08 20.1081
0.375 0.085 21.3273
0.375 0.09 22.6171
0.375 0.095 23.9812
0.375 0.1 25.4237
0.375 0.105 26.9495
0.375 0.11 28.5644
0.375 0.115 30.2746
0.375 0.12 32.0873
0.375 0.125 34.0105
0.375 0.13 36.0532
0.375 0.135 38.2256
0.375 0.14 40.5398
0.375 0.145 43.0099
0.375 0.15 45.6537
0.375 0.155 48.4951
0.375 0.16 51.5681
0.375 0.165 54.9248
0.375 0.17 58.6509
0.375 0.175 62.8953
0.375 0.18 67.9345
0.375 0.185 74.3264
0.375 0.19 83.3699
0.375 0.195 99.2127
0.375 0.2 216.027
0.38 0 9.71917
0.38 0.005 9.71917
0.38 0.01 9.80089
0.38 0.015 9.94075
0.38 0.02 10.1585
0.38 0.025 10.4768
0.38 0.03 10.8994
0.38 0.035 11.4186
0.38 0.04 12.0243
0.38 0.045 12.707
0.38 0.05 13.46
0.38 0.055 14.2785
0.38 0.06 15.1595
0.38 0.065 16.1015
0.38 0.07 17.1044
0.38 0.075 18.1686
0.38 0.08 19.2956
0.38 0.085 20.4876
0.38 0.09 21.7473
0.38 0.095 23.0781
0.38 0.1 24.4841
0.38 0.105 25.9701
0.38 0.11 27.5413
0.38 0.115 29.2038
0.38 0.12 30.9646
0.38 0.125 32.8313
0.38 0.13 34.8125
0.38 0.135 36.9182
0.38 0.14 39.1598
0.38 0.145 41.5511
0.38 0.15 44.1094
0.38 0.155 46.8579
0.38 0.16 49.8294
0.38 0.165 53.0744
0.38 0.17 56.6756
0.38 0.175 60.7764
0.38 0.18 65.6428
0.38 0.185 71.8113
0.38 0.19 80.5306
0.38 0.195 95.7909
0.38 0.2 208.955
0.385 0 10.0416
0.385 0.005 10.1788
0.385 0.01 10.1764
0.385 0.015 10.1585
0.385 0.02 10.208
0.385 0.025 10.2937
0.385 0.03 10.5675
0.385 0.035 10.994
0.385 0.04 11.54
0.385 0.045 12.1816
0.385 0.05 12.9034
0.385 0.055 13.6957
0.385 0.06 14.5528
0.385 0.065 15.4715
0.385 0.07 16.4506
0.385 0.075 17.4898
0.385 0.08 18.5903
0.385 0.085 19.7537
0.385 0.09 20.9826
0.385 0.095 22.2801
0.385 0.1 23.6501
0.385 0.105 25.0969
0.385 0.11 26.6258
0.385 0.115 28.2424
0.385 0.12 29.9533
0.385 0.125 31.7659
0.385 0.13 33.6886
0.385 0.135 35.7307
0.385 0.14 37.9034
0.385 0.145 40.2201
0.385 0.15 42.6974
0.385 0.155 45.3578
0.385 0.16 48.2333
0.385 0.165 51.3728
0.385 0.17 54.8561
0.385 0.175 58.8218
0.385 0.18 63.5264
0.385 0.185 69.4864
0.385 0.19 77.905
0.385 0.195 92.627
0.385 0.2 202.381
0.39 0 12.3629
0.39 0.005 13.0813
0.39 0.01 12.1574
0.39 0.015 11.1047
0.39 0.02 10.5698
0.39 0.025 10.4874
0.39 0.03 10.5973
0.39 0.035 10.8144
0.39 0.04 11.2424
0.39 0.045 11.8109
0.39 0.05 12.4824
0.39 0.055 13.2363
0.39 0.06 14.0611
0.39 0.065 14.9507
0.39 0.07 15.9017
0.39 0.075 16.913
0.39 0.08 17.9848
0.39 0.085 19.1183
0.39 0.09 20.3157
0.39 0.095 21.5798
0.39 0.1 22.914
0.39 0.105 24.3225
0.39 0.11 25.8101
0.39 0.115 27.3823
0.39 0.12 29.0453
0.39 0.125 30.8062
0.39 0.13 32.6728
0.39 0.135 34.6545
0.39 0.14 36.7618
0.39 0.145 39.0076
0.39 0.15 41.4082
0.39 0.155 43.9852
0.39 0.16 46.7699
0.39 0.165 49.8096
0.39 0.17 53.1817
0.39 0.175 57.0204
0.39 0.18 61.5732
0.39 0.185 67.339
0.39 0.19 75.4786
0.39 0.195 89.7033
0.39 0.2 196.279
0.395 0 22.4977
0.395 0.005 25.1222
0.395 0.01 19.8452
0.395 0.015 14.5394
0.395 0.02 11.9133
0.395 0.025 10.9332
0.395 0.03 10.7527
0.395 0.035 10.8999
0.395 0.04 11.1317
0.395 0.045 11.5893
0.395 0.05 12.1896
0.395 0.055 12.8924
0.395 0.06 13.6766
0.395 0.065 14.5312
0.395 0.07 15.4501
0.395 0.075 16.4306
0.395 0.08 17.4718
0.395 0.085 18.5742
0.395 0.09 19.7394
0.395 0.095 20.9698
0.395 0.1 22.2685
0.395 0.105 23.6393
0.395 0.11 25.0867
0.395 0.115 26.616
0.395 0.12 28.2329
0.395 0.125 29.9442
0.395 0.13 31.7575
0.395 0.135 33.6815
0.395 0.14 35.7265
0.395 0.145 37.9051
0.395 0.15 40.2328
0.395 0.155 42.731
0.395 0.16 45.4297
0.395 0.165 48.3751
0.395 0.17 51.6424
0.395 0.175 55.3615
0.395 0.18 59.7722
0.395 0.185 65.3569
0.395 0.19 73.2379
0.395 0.195 87.0034
0.395 0.2 190.62
0.4 0 44.8162
0.4 0.005 47.1846
0.4 0.01 37.9084
0.4 0.015 22.8355
0.4 0.02 14.8863
0.4 0.025 11.9893
0.4 0.03 11.1042
0.4 0.035 11.0172
0.4 0.04 11.1897
0.4 0.045 11.5018
0.4 0.05 12.0126
0.4 0.055 12.6532
0.4 0.06 13.3896
0.4 0.065 14.2042
0.4 0.07 15.0876
0.4 0.075 16.0348
0.4 0.08 17.0437
0.4 0.085 18.1139
0.4 0.09 19.2465
0.4 0.095 20.4431
0.4 0.1 21.7066
0.4 0.105 23.0405
0.4 0.11 24.4489
0.4 0.115 25.9365
0.4 0.12 27.509
0.4 0.125 29.1728
0.4 0.13 30.935
0.4 0.135 32.8041
0.4 0.14 34.79
0.4 0.145 36.9046
0.4 0.15 39.1634
0.4 0.155 41.5867
0.4 0.16 44.2041
0.4 0.165 47.0604
0.4 0.17 50.2288
0.4 0.175 53.8355
0.4 0.18 58.1131
0.4 0.185 63.529
0.4 0.19 71.1703
0.4 0.195 84.5122
0.4 0.2 185.379
0.405 0 59.2711
0.405 0.005 57.3967
0.405 0.01 55.3826
0.405 0.015 35.4134
0.405 0.02 19.6594
0.405 0.025 13.6094
0.405 0.03 11.716
0.405 0.035 11.2305
0.405 0.04 11.3206
0.405 0.045 11.5246
0.405 0.05 11.9343
0.405 0.055 12.5053
0.405 0.06 13.1888
0.405 0.065 13.96
0.405 0.07 14.8053
0.405 0.075 15.7174
0.405 0.08 16.6929
0.405 0.085 17.7303
0.405 0.09 18.8299
0.405 0.095 19.9929
0.405 0.1 21.2217
0.405 0.105 22.5194
0.405 0.11 23.8897
0.405 0.115 25.3372
0.405 0.12 26.867
0.405 0.125 28.4852
0.405 0.13 30.1986
0.405 0.135 32.0154
0.405 0.14 33.945
0.405 0.145 35.9989
0.405 0.15 38.1922
0.405 0.155 40.5447
0.405 0.16 43.085
0.405 0.165 45.8572
0.405 0.17 48.9323
0.405 0.175 52.4333
0.405 0.18 56.5863
0.405 0.185 61.8449
0.405 0.19 69.2643
0.405 0.195 82.2155
0.405 0.2 180.53
0.41 0 59.4013
0.41 0.005 59.2844
0.41 0.01 62.0262
0.41 0.015 48.3024
0.41 0.02 25.6426
0.41 0.025 15.5917
0.41 0.03 12.4987
0.41 0.035 11.565
0.41 0.04 11.4411
0.41 0.045 11.6305
0.41 0.05 11.9354
0.41 0.055 12.4338
0.41 0.06 13.0623
0.41 0.065 13.7882
0.41 0.07 14.5941
0.41 0.075 15.4703
0.41 0.08 16.4118
0.41 0.085 17.4161
0.41 0.09 18.4827
0.41 0.095 19.6125
0.41 0.1 20.8073
0.41 0.105 22.0697
0.41 0.11 23.4031
0.41 0.115 24.8118
0.41 0.12 26.3006
0.41 0.125 27.8751
0.41 0.13 29.5419
0.41 0.135 31.3088
0.41 0.14 33.1848
0.41 0.145 35.1812
0.41 0.15 37.3123
0.41 0.155 39.5976
0.41 0.16 42.0651
0.41 0.165 44.7577
0.41 0.17 47.7449
0.41 0.175 51.1466
0.41 0.18 55.1829
0.41 0.185 60.2951
0.41 0.19 67.5089
0.41 0.195 80.1002
0.41 0.2 176.052
0.415 0 59.402
0.415 0.005 60.2186
0.415 0.01 64.0031
0.415 0.015 58.0587
0.415 0.02 32.0229
0.415 0.025 17.728
0.415 0.03 13.3645
0.415 0.035 11.9734
0.415 0.04 11.6336
0.415 0.045 11.765
0.415 0.05 11.9971
0.415 0.055 12.4242
0.415 0.06 12.9978
0.415 0.065 13.6785
0.415 0.07 14.4449
0.415 0.075 15.2852
0.415 0.08 16.1927
0.415 0.085 17.1642
0.415 0.09 18.1985
0.415 0.095 19.2956
0.415 0.1 20.4572
0.415 0.105 21.6853
0.415 0.11 22.9831
0.415 0.115 24.3544
0.415 0.12 25.8038
0.415 0.125 27.3366
0.415 0.13 28.959
0.415 0.135 30.6784
0.415 0.14 32.5034
0.415 0.145 34.4451
0.415 0.15 36.5173
0.415 0.155 38.739
0.415 0.16 41.1375
0.415 0.165 43.755
0.415 0.17 46.6593
0.415 0.175 49.9675
0.415 0.18 53.8946
0.415 0.185 58.8707
0.415 0.19 65.8943
0.415 0.195 78.1542
0.415 0.2 171.92
0.42 0 59.4153
0.42 0.005 60.7502
0.42 0.01 65.0123
0.42 0.015 65.4209
0.42 0.02 38.3834
0.42 0.025 19.8812
0.42 0.03 14.2484
0.42 0.035 12.4172
0.42 0.04 11.8721
0.42 0.045 11.8851
0.42 0.05 12.1031
0.42 0.055 12.4628
0.42 0.06 12.984
0.42 0.065 13.621
0.42 0.07 14.349
0.42 0.075 15.1542
0.42 0.08 16.0286
0.42 0.085 16.9681
0.42 0.09 17.9707
0.42 0.095 19.0362
0.42 0.1 20.1655
0.42 0.105 21.3606
0.42 0.11 22.6241
0.42 0.115 23.9597
0.42 0.12 25.3714
0.42 0.125 26.8643
0.42 0.13 28.4443
0.42 0.135 30.1184
0.42 0.14 31.8951
0.42 0.145 33.7848
0.42 0.15 35.8011
0.42 0.155 37.9625
0.42 0.16 40.2959
0.42 0.165 42.8423
0.42 0.17 45.6684
0.42 0.175 48.889
0.42 0.18 52.714
0.42 0.185 57.5633
0.42 0.19 64.4111
0.42 0.195 76.3664
0.42 0.2 168.116
0.425 0 59.4345
0.425 0.005 60.9784
0.425 0.01 65.7136
0.425 0.015 71.2172
0.425 0.02 44.5645
0.425 0.025 21.9792
0.425 0.03 15.1103
0.425 0.035 12.8693
0.425 0.04 12.1362
0.425 0.045 12.0406
0.425 0.05 12.24
0.425 0.055 12.5382
0.425 0.06 13.0108
0.425 0.065 13.6067
0.425 0.07 14.2983
0.425 0.075 15.0699
0.425 0.08 15.9126
0.425 0.085 16.8213
0.425 0.09 17.7935
0.425 0.095 18.8285
0.425 0.1 19.9269
0.425 0.105 21.0903
0.425 0.11 22.3211
0.425 0.115 23.6223
0.425 0.12 24.9981
0.425 0.125 26.453
0.425 0.13 27.9928
0.425 0.135 29.6239
0.425 0.14 31.3546
0.425 0.145 33.1951
0.425 0.15 35.1584
0.425 0.155 37.2627
0.425 0.16 39.5343
0.425 0.165 42.0136
0.425 0.17 44.7661
0.425 0.175 47.9043
0.425 0.18 51.6338
0.425 0.185 56.3653
0.425 0.19 63.0508
0.425 0.195 74.7263
0.425 0.2 164.619
0.43 0 59.4556
0.43 0.005 61.1511
0.43 0.01 66.2529
0.43 0.015 75.7882
0.43 0.02 50.5165
0.43 0.025 23.9921
0.43 0.03 15.9297
0.43 0.035 13.3127
0.43 0.04 12.4113
0.43 0.045 12.2188
0.43 0.05 12.3865
0.43 0.055 12.6409
0.43 0.06 13.0696
0.43 0.065 13.6279
0.43 0.07 14.2857
0.43 0.075 15.0259
0.43 0.08 15.8385
0.43 0.085 16.718
0.43 0.09 17.6614
0.43 0.095 18.6674
0.43 0.1 19.7364
0.43 0.105 20.8696
0.43 0.11 22.0691
0.43 0.115 23.3378
0.43 0.12 24.6794
0.43 0.125 26.0983
0.43 0.13 27.5997
0.43 0.135 29.1901
0.43 0.14 30.8772
0.43 0.145 32.6709
0.43 0.15 34.584
0.43 0.155 36.6342
0.43 0.16 38.8475
0.43 0.165 41.2634
0.43 0.17 43.9465
0.43 0.175 47.0073
0.43 0.18 50.6475
0.43 0.185 55.2697
0.43 0.19 61.8055
0.43 0.195 73.2246
0.43 0.2 161.411
0.435 0 59.4769
0.435 0.005 61.2907
0.435 0.01 66.6853
0.435 0.015 77.5451
0.435 0.02 56.221
0.435 0.025 25.9114
0.435 0.03 16.6979
0.435 0.035 13.738
0.435 0.04 12.6877
0.435 0.045 12.4102
0.435 0.05 12.5196
0.435 0.055 12.7633
0.435 0.06 13.1531
0.435 0.065 13.6777
0.435 0.07 14.3047
0.435 0.075 15.016
0.435 0.08 15.8009
0.435 0.085 16.6531
0.435 0.09 17.5693
0.435 0.095 18.5481
0.435 0.1 19.5893
0.435 0.105 20.694
0.435 0.11 21.864
0.435 0.115 23.1019
0.435 0.12 24.4111
0.435 0.125 25.7958
0.435 0.13 27.261
0.435 0.135 28.8127
0.435 0.14 30.4585
0.435 0.145 32.2079
0.435 0.15 34.0734
0.435 0.155 36.0725
0.435 0.16 38.2305
0.435 0.165 40.5865
0.435 0.17 43.2042
0.435 0.175 46.1924
0.435 0.18 49.7493
0.435 0.185 54.2701
0.435 0.19 60.668
0.435 0.195 71.8524
0.435 0.2 158.476
0.44 0 59.4973
0.44 0.005 61.4641
0.44 0.01 67.0329
0.44 0.015 78.9933
0.44 0.02 61.6652
0.44 0.025 27.7375
0.44 0.03 17.4133
0.44 0.035 14.1406
0.44 0.04 12.9592
0.44 0.045 12.6081
0.44 0.05 12.6671
0.44 0.055 12.8996
0.44 0.06 13.2557
0.44 0.065 13.7505
0.44 0.07 14.3501
0.44 0.075 15.0353
0.44 0.08 15.7947
0.44 0.085 16.6219
0.44 0.09 17.513
0.44 0.095 18.4663
0.44 0.1 19.4816
0.44 0.105 20.5595
0.44 0.11 21.7017
0.44 0.115 22.9106
0.44 0.12 24.1893
0.44 0.125 25.5417
0.44 0.13 26.9726
0.44 0.135 28.4878
0.44 0.14 30.0945
0.44 0.145 31.8019
0.44 0.15 33.6224
0.44 0.155 35.573
0.44 0.16 37.6787
0.44 0.165 39.9783
0.44 0.17 42.5344
0.44 0.175 45.4544
0.44 0.18 48.9336
0.44 0.185 53.3604
0.44 0.19 59.6316
0.44 0.195 70.6018
0.44 0.2 155.798
0.445 0 59.5164
0.445 0.005 61.5748
0.445 0.01 67.313
0.445 0.015 80.1931
0.445 0.02 66.8357
0.445 0.025 29.4729
0.445 0.03 18.077
0.445 0.035 14.5186
0.445 0.04 13.2221
0.445 0.045 12.8078
0.445 0.05 12.8238
0.445 0.055 13.0455
0.445 0.06 13.3727
0.445 0.065 13.8417
0.445 0.07 14.4173
0.445 0.075 15.0792
0.445 0.08 15.8159
0.445 0.085 16.6202
0.445 0.09 17.4883
0.445 0.095 18.4182
0.445 0.1 19.4094
0.445 0.105 20.4624
0.445 0.11 21.5787
0.445 0.115 22.7604
0.445 0.12 24.0105
0.445 0.125 25.3325
0.445 0.13 26.7311
0.445 0.135 28.2118
0.445 0.14 29.7815
0.445 0.145 31.4493
0.445 0.15 33.2272
0.445 0.155 35.1319
0.445 0.16 37.1882
0.445 0.165 39.4344
0.445 0.17 41.9326
0.445 0.175 44.7887
0.445 0.18 48.1955
0.445 0.185 52.5353
0.445 0.19 58.6903
0.445 0.195 69.4656
0.445 0.2 153.362
0.45 0 59.534
0.45 0.005 61.6482
0.45 0.01 67.5391
0.45 0.015 81.1889
0.45 0.02 71.7182
0.45 0.025 31.1196
0.45 0.03 18.6913
0.45 0.035 14.8718
0.45 0.04 13.4743
0.45 0.045 13.0061
0.45 0.05 12.9858
0.45 0.055 13.1975
0.45 0.06 13.5005
0.45 0.065 13.9477
0.45 0.07 14.5024
0.45 0.075 15.1441
0.45 0.08 15.8606
0.45 0.085 16.6445
0.45 0.09 17.4919
0.45 0.095 18.4004
0.45 0.1 19.3696
0.45 0.105 20.3996
0.45 0.11 21.4918
0.45 0.115 22.6482
0.45 0.12 23.8715
0.45 0.125 25.1651
0.45 0.13 26.5333
0.45 0.135 27.9815
0.45 0.14 29.5163
0.45 0.145 31.1466
0.45 0.15 32.8842
0.45 0.155 34.7455
0.45 0.16 36.7552
0.45 0.165 38.9511
0.45 0.17 41.3947
0.45 0.175 44.191
0.45 0.18 47.5305
0.45 0.185 51.7901
0.45 0.19 57.8387
0.45 0.195 68.4374
0.45 0.2 151.157
0.455 0 59.55
0.455 0.005 61.6989
0.455 0.01 67.7216
0.455 0.015 82.0145
0.455 0.02 76.2982
0.455 0.025 32.6779
0.455 0.03 19.2584
0.455 0.035 15.2005
0.455 0.04 13.7146
0.455 0.045 13.2008
0.455 0.05 13.1503
0.455 0.055 13.353
0.455 0.06 13.6361
0.455 0.065 14.0651
0.455 0.07 14.6024
0.455 0.075 15.2267
0.455 0.08 15.9256
0.455 0.085 16.6916
0.455 0.09 17.5204
0.455 0.095 18.4098
0.455 0.1 19.3589
0.455 0.105 20.368
0.455 0.11 21.4381
0.455 0.115 22.571
0.455 0.12 23.7694
0.455 0.125 25.0364
0.455 0.13 26.3761
0.455 0.135 27.7938
0.455 0.14 29.2958
0.455 0.145 30.8907
0.455 0.15 32.5902
0.455 0.155 34.4106
0.455 0.16 36.3762
0.455 0.165 38.5247
0.455 0.17 40.9172
0.455 0.175 43.6576
0.455 0.18 46.9346
0.455 0.185 51.1205
0.455 0.19 57.0724
0.455 0.195 67.5116
0.455 0.2 149.171
0.46 0 59.5644
0.46 0.005 61.735
0.46 0.01 67.8689
0.46 0.015 82.6969
0.46 0.02 80.5595
0.46 0.025 34.1451
0.46 0.03 19.7797
0.46 0.035 15.5051
0.46 0.04 13.9423
0.46 0.045 13.3902
0.46 0.05 13.3151
0.46 0.055 13.5068
0.46 0.06 13.777
0.46 0.065 14.1913
0.46 0.07 14.7142
0.46 0.075 15.3239
0.46 0.08 16.0079
0.46 0.085 16.7583
0.46 0.09 17.5709
0.46 0.095 18.4433
0.46 0.1 19.3744
0.46 0.105 20.3645
0.46 0.11 21.4144
0.46 0.115 22.5258
0.46 0.12 23.7012
0.46 0.125 24.9435
0.46 0.13 26.2567
0.46 0.135 27.6457
0.46 0.14 29.1169
0.46 0.145 30.6786
0.46 0.15 32.3422
0.46 0.155 34.1241
0.46 0.16 36.0482
0.46 0.165 38.1522
0.46 0.17 40.4968
0.46 0.175 43.1853
0.46 0.18 46.4046
0.46 0.185 50.5231
0.46 0.19 56.3874
0.46 0.195 66.6838
0.46 0.2 147.396
0.465 0 59.5771
0.465 0.005 61.7617
0.465 0.01 67.9875
0.465 0.015 83.2579
0.465 0.02 84.4836
0.465 0.025 35.5151
0.465 0.03 20.2557
0.465 0.035 15.7856
0.465 0.04 14.1564
0.465 0.045 13.5728
0.465 0.05 13.478
0.465 0.055 13.6546
0.465 0.06 13.9205
0.465 0.065 14.3233
0.465 0.07 14.8347
0.465 0.075 15.4327
0.465 0.08 16.1042
0.465 0.085 16.8415
0.465 0.09 17.6401
0.465 0.095 18.4976
0.465 0.1 19.4128
0.465 0.105 20.3859
0.465 0.11 21.4175
0.465 0.115 22.5094
0.465 0.12 23.6636
0.465 0.125 24.8831
0.465 0.13 26.1717
0.465 0.135 27.5341
0.465 0.14 28.9765
0.465 0.145 30.5071
0.465 0.15 32.1372
0.465 0.155 33.8829
0.465 0.16 35.7683
0.465 0.165 37.8308
0.465 0.17 40.1309
0.465 0.175 42.7714
0.465 0.18 45.9378
0.465 0.185 49.9951
0.465 0.19 55.781
0.465 0.195 65.9506
0.465 0.2 145.825
0.47 0 59.5881
0.47 0.005 61.7817
0.47 0.01 68.1021
0.47 0.015 83.715
0.47 0.02 88.0481
0.47 0.025 36.7781
0.47 0.03 20.6855
0.47 0.035 16.0414
0.47 0.04 14.3559
0.47 0.045 13.7469
0.47 0.05 13.6369
0.47 0.055 13.802
0.47 0.06 14.0637
0.47 0.065 14.458
0.47 0.07 14.9606
0.47 0.075 15.5493
0.47 0.08 16.2107
0.47 0.085 16.9372
0.47 0.09 17.724
0.47 0.095 18.5687
0.47 0.1 19.4702
0.47 0.105 20.4282
0.47 0.11 21.4437
0.47 0.115 22.5179
0.47 0.12 23.6529
0.47 0.125 24.8517
0.47 0.13 26.1176
0.47 0.135 27.4555
0.47 0.14 28.8713
0.47 0.145 30.373
0.47 0.15 31.972
0.47 0.155 33.6842
0.47 0.16 35.5338
0.47 0.165 37.5579
0.47 0.17 39.8172
0.47 0.175 42.4139
0.47 0.18 45.5325
0.47 0.185 49.5351
0.47 0.19 55.2514
0.47 0.195 65.3102
0.47 0.2 144.454
0.475 0 59.5975
0.475 0.005 61.7969
0.475 0.01 68.2254
0.475 0.015 84.0825
0.475 0.02 91.2245
0.475 0.025 37.9198
0.475 0.03 21.0669
0.475 0.035 16.2711
0.475 0.04 14.5389
0.475 0.045 13.9101
0.475 0.05 13.7889
0.475 0.055 13.9458
0.475 0.06 14.2028
0.475 0.065 14.5911
0.475 0.07 15.0874
0.475 0.075 15.669
0.475 0.08 16.3227
0.475 0.085 17.0405
0.475 0.09 17.8177
0.475 0.095 18.6517
0.475 0.1 19.5414
0.475 0.105 20.4865
0.475 0.11 21.4877
0.475 0.115 22.5463
0.475 0.12 23.6643
0.475 0.125 24.8444
0.475 0.13 26.0899
0.475 0.135 27.4056
0.475 0.14 28.7971
0.475 0.145 30.2727
0.475 0.15 31.8433
0.475 0.155 33.5251
0.475 0.16 35.342
0.475 0.165 37.3315
0.475 0.17 39.554
0.475 0.175 42.1115
0.475 0.18 45.1877
0.475 0.185 49.1422
0.475 0.19 54.7983
0.475 0.195 64.7621
0.475 0.2 143.285
0.48 0 59.6053
0.48 0.005 61.8085
0.48 0.01 68.3091
0.48 0.015 84.3716
0.48 0.02 93.9785
0.48 0.025 38.9221
0.48 0.03 21.3964
0.48 0.035 16.4723
0.48 0.04 14.7027
0.48 0.045 14.0591
0.48 0.05 13.9302
0.48 0.055 14.0816
0.48 0.06 14.3325
0.48 0.065 14.7169
0.48 0.07 15.209
0.48 0.075 15.7857
0.48 0.08 16.4336
0.48 0.085 17.1447
0.48 0.09 17.9143
0.48 0.095 18.7397
0.48 0.1 19.6196
0.48 0.105 20.5539
0.48 0.11 21.543
0.48 0.115 22.5883
0.48 0.12 23.6915
0.48 0.125 24.8553
0.48 0.13 26.083
0.48 0.135 27.3791
0.48 0.14 28.7493
0.48 0.145 30.2017
0.48 0.15 31.7473
0.48 0.155 33.4022
0.48 0.16 35.1906
0.48 0.165 37.1497
0.48 0.17 39.34
0.48 0.175 41.8637
0.48 0.18 44.9035
0.48 0.185 48.8173
0.48 0.19 54.4228
0.48 0.195 64.3077
0.48 0.2 142.319
0.485 0 59.6116
0.485 0.005 61.817
0.485 0.01 68.3651
0.485 0.015 84.591
0.485 0.02 96.2702
0.485 0.025 39.7636
0.485 0.03 21.6691
0.485 0.035 16.6414
0.485 0.04 14.8432
0.485 0.045 14.1892
0.485 0.05 14.0554
0.485 0.055 14.2037
0.485 0.06 14.446
0.485 0.065 14.8284
0.485 0.07 15.318
0.485 0.075 15.8914
0.485 0.08 16.5353
0.485 0.085 17.2416
0.485 0.09 18.0054
0.485 0.095 18.8242
0.485 0.1 19.6965
0.485 0.105 20.6221
0.485 0.11 21.6015
0.485 0.115 22.6358
0.485 0.12 23.7269
0.485 0.125 24.8772
0.485 0.13 26.0901
0.485 0.135 27.3698
0.485 0.14 28.7223
0.485 0.145 30.1553
0.485 0.15 31.68
0.485 0.155 33.3125
0.485 0.16 35.077
0.485 0.165 37.0109
0.485 0.17 39.1748
0.485 0.175 41.6707
0.485 0.18 44.6808
0.485 0.185 48.5618
0.485 0.19 54.127
0.485 0.195 63.9498
0.485 0.2 141.564
0.49 0 59.6162
0.49 0.005 61.823
0.49 0.01 68.4011
0.49 0.015 84.7473
0.49 0.02 98.0562
0.49 0.025 40.4214
0.49 0.03 21.8796
0.49 0.035 16.774
0.49 0.04 14.9555
0.49 0.045 14.2947
0.49 0.05 14.1583
0.49 0.055 14.3028
0.49 0.06 14.5357
0.49 0.065 14.9172
0.49 0.07 15.4054
0.49 0.075 15.9769
0.49 0.08 16.6183
0.49 0.085 17.3214
0.49 0.09 18.0813
0.49 0.095 18.8953
0.49 0.1 19.7621
0.49 0.105 20.6814
0.49 0.11 21.6536
0.49 0.115 22.6798
0.49 0.12 23.7618
0.49 0.125 24.902
0.49 0.13 26.1036
0.49 0.135 27.371
0.49 0.14 28.7099
0.49 0.145 30.1283
0.49 0.15 31.6371
0.49 0.155 33.2527
0.49 0.16 34.9991
0.49 0.165 36.9141
0.49 0.17 39.0581
0.49 0.175 41.5333
0.49 0.18 44.5215
0.49 0.185 48.3783
0.49 0.19 53.9142
0.49 0.195 63.6922
0.49 0.2 141.029
0.495 0 59.6193
0.495 0.005 61.8267
0.495 0.01 68.4217
0.495 0.015 84.8451
0.495 0.02 99.2943
0.495 0.025 40.8747
0.495 0.03 22.0229
0.495 0.035 16.8656
0.495 0.04 15.0342
0.495 0.045 14.3697
0.495 0.05 14.2321
0.495 0.055 14.3609
0.495 0.06 14.5937
0.495 0.065 14.9749
0.495 0.07 15.4626
0.495 0.075 16.0333
0.495 0.08 16.6733
0.495 0.085 17.3746
0.495 0.09 18.1322
0.495 0.095 18.9435
0.495 0.1 19.8071
0.495 0.105 20.7226
0.495 0.11 21.6904
0.495 0.115 22.7117
0.495 0.12 23.788
0.495 0.125 24.922
0.495 0.13 26.1166
0.495 0.135 27.3764
0.495 0.14 28.7069
0.495 0.145 30.116
0.495 0.15 31.615
0.495 0.155 33.22
0.495 0.16 34.9553
0.495 0.165 36.8585
0.495 0.17 38.9903
0.495 0.175 41.4526
0.495 0.18 44.4274
0.495 0.185 48.2695
0.495 0.19 53.7877
0.495 0.195 63.5391
0.495 0.2 140.723
0.5 0 59.6208
0.5 0.005 61.8282
0.5 0.01 68.4293
0.5 0.015 84.888
0.5 0.02 99.9431
0.5 0.025 41.1071
0.5 0.03 22.0954
0.5 0.035 16.9125
0.5 0.04 15.075
0.5 0.045 14.4088
0.5 0.05 14.2708
0.5 0.055 14.3815
0.5 0.06 14.6143
0.5 0.065 14.9956
0.5 0.07 15.4832
0.5 0.075 16.0537
0.5 0.08 16.6934
0.5 0.085 17.3942
0.5 0.09 18.1512
0.5 0.095 18.9617
0.5 0.1 19.8244
0.5 0.105 20.7387
0.5 0.11 21.7052
0.5 0.115 22.725
0.5 0.12 23.7996
0.5 0.125 24.9316
0.5 0.13 26.1241
0.5 0.135 27.3814
0.5 0.14 28.7092
0.5 0.145 30.1155
0.5 0.15 31.6113
0.5 0.155 33.2129
0.5 0.16 34.9446
0.5 0.165 36.844
0.5 0.17 38.9718
0.5 0.175 41.43
0.5 0.18 44.4005
0.5 0.185 48.2378
0.5 0.19 53.7504
0.5 0.195 63.4935
0.5 0.2 140.654
