0 0 1.46911
0 0.005 1.46912
0 0.01 1.46915
0 0.015 1.46919
0 0.02 1.46925
0 0.025 1.46933
0 0.03 1.46942
0 0.035 1.46953
0 0.04 1.46966
0 0.045 1.4698
0 0.05 1.46996
0 0.055 1.47014
0 0.06 1.47033
0 0.065 1.47053
0 0.07 1.47075
0 0.075 1.47098
0 0.08 1.47123
0 0.085 1.47149
0 0.09 1.47176
0 0.095 1.47205
0 0.1 1.47235
0 0.105 1.47266
0 0.11 1.47298
0 0.115 1.47331
0 0.12 1.47365
0 0.125 1.474
0 0.13 1.47436
0 0.135 1.47473
0 0.14 1.4751
0 0.145 1.47548
0 0.15 1.47587
0 0.155 1.47627
0 0.16 1.47667
0 0.165 1.47707
0 0.17 1.47748
0 0.175 1.4779
0 0.18 1.47831
0 0.185 1.47873
0 0.19 1.47915
0 0.195 1.47958
0 0.2 1.48
0.005 0 1.46911
0.005 0.005 1.46911
0.005 0.01 1.46914
0.005 0.015 1.46918
0.005 0.02 1.46924
0.005 0.025 1.46932
0.005 0.03 1.46942
0.005 0.035 1.46953
0.005 0.04 1.46965
0.005 0.045 1.4698
0.005 0.05 1.46995
0.005 0.055 1.47013
0.005 0.06 1.47032
0.005 0.065 1.47052
0.005 0.07 1.47074
0.005 0.075 1.47098
0.005 0.08 1.47122
0.005 0.085 1.47148
0.005 0.09 1.47176
0.005 0.095 1.47204
0.005 0.1 1.47234
0.005 0.105 1.47265
0.005 0.11 1.47297
0.005 0.115 1.4733
0.005 0.12 1.47364
0.005 0.125 1.47399
0.005 0.13 1.47435
0.005 0.135 1.47472
0.005 0.14 1.4751
0.005 0.145 1.47548
0.005 0.15 1.47587
0.005 0.155 1.47626
0.005 0.16 1.47667
0.005 0.165 1.47707
0.005 0.17 1.47748
0.005 0.175 1.4779
0.005 0.18 1.47831
0.005 0.185 1.47873
0.005 0.19 1.47915
0.005 0.195 1.47958
0.005 0.2 1.48
0.01 0 1.46908
0.01 0.005 1.46909
0.01 0.01 1.46912
0.01 0.015 1.46916
0.01 0.02 1.46922
0.01 0.025 1.4693
0.01 0.03 1.46939
0.01 0.035 1.4695
0.01 0.04 1.46963
0.01 0.045 1.46977
0.01 0.05 1.46993
0.01 0.055 1.47011
0.01 0.06 1.4703
0.01 0.065 1.4705
0.01 0.07 1.47072
0.01 0.075 1.47096
0.01 0.08 1.4712
0.01 0.085 1.47146
0.01 0.09 1.47174
0.01 0.095 1.47203
0.01 0.1 1.47232
0.01 0.105 1.47263
0.01 0.11 1.47296
0.01 0.115 1.47329
0.01 0.12 1.47363
0.01 0.125 1.47398
0.01 0.13 1.47434
0.01 0.135 1.47471
0.01 0.14 1.47509
0.01 0.145 1.47547
0.01 0.15 1.47586
0.01 0.155 1.47626
0.01 0.16 1.47666
0.01 0.165 1.47707
0.01 0.17 1.47748
0.01 0.175 1.47789
0.01 0.18 1.47831
0.01 0.185 1.47873
0.01 0.19 1.47915
0.01 0.195 1.47958
0.01 0.2 1.48
0.015 0 1.46904
0.015 0.005 1.46905
0.015 0.01 1.46907
0.015 0.015 1.46912
0.015 0.02 1.46918
0.015 0.025 1.46925
0.015 0.03 1.46935
0.015 0.035 1.46946
0.015 0.04 1.46959
0.015 0.045 1.46973
0.015 0.05 1.46989
0.015 0.055 1.47007
0.015 0.06 1.47026
0.015 0.065 1.47047
0.015 0.07 1.47069
0.015 0.075 1.47092
0.015 0.08 1.47117
0.015 0.085 1.47143
0.015 0.09 1.47171
0.015 0.095 1.472
0.015 0.1 1.4723
0.015 0.105 1.47261
0.015 0.11 1.47293
0.015 0.115 1.47326
0.015 0.12 1.47361
0.015 0.125 1.47396
0.015 0.13 1.47432
0.015 0.135 1.47469
0.015 0.14 1.47507
0.015 0.145 1.47545
0.015 0.15 1.47585
0.015 0.155 1.47624
0.015 0.16 1.47665
0.015 0.165 1.47705
0.015 0.17 1.47747
0.015 0.175 1.47788
0.015 0.18 1.4783
0.015 0.185 1.47873
0.015 0.19 1.47915
0.015 0.195 1.47957
0.015 0.2 1.48
0.02 0 1.46898
0.02 0.005 1.46899
0.02 0.01 1.46901
0.02 0.015 1.46906
0.02 0.02 1.46912
0.02 0.025 1.4692
0.02 0.03 1.46929
0.02 0.035 1.4694
0.02 0.04 1.46953
0.02 0.045 1.46968
0.02 0.05 1.46984
0.02 0.055 1.47001
0.02 0.06 1.47021
0.02 0.065 1.47041
0.02 0.07 1.47064
0.02 0.075 1.47087
0.02 0.08 1.47112
0.02 0.085 1.47139
0.02 0.09 1.47166
0.02 0.095 1.47195
0.02 0.1 1.47226
0.02 0.105 1.47257
0.02 0.11 1.47289
0.02 0.115 1.47323
0.02 0.12 1.47357
0.02 0.125 1.47393
0.02 0.13 1.47429
0.02 0.135 1.47466
0.02 0.14 1.47504
0.02 0.145 1.47543
0.02 0.15 1.47582
0.02 0.155 1.47622
0.02 0.16 1.47663
0.02 0.165 1.47704
0.02 0.17 1.47745
0.02 0.175 1.47787
0.02 0.18 1.47829
0.02 0.185 1.47872
0.02 0.19 1.47914
0.02 0.195 1.47957
0.02 0.2 1.48
0.025 0 1.4689
0.025 0.005 1.46891
0.025 0.01 1.46894
0.025 0.015 1.46898
0.025 0.02 1.46904
0.025 0.025 1.46912
0.025 0.03 1.46922
0.025 0.035 1.46933
0.025 0.04 1.46946
0.025 0.045 1.4696
0.025 0.05 1.46977
0.025 0.055 1.46995
0.025 0.06 1.47014
0.025 0.065 1.47035
0.025 0.07 1.47057
0.025 0.075 1.47081
0.025 0.08 1.47106
0.025 0.085 1.47133
0.025 0.09 1.47161
0.025 0.095 1.4719
0.025 0.1 1.4722
0.025 0.105 1.47252
0.025 0.11 1.47285
0.025 0.115 1.47318
0.025 0.12 1.47353
0.025 0.125 1.47389
0.025 0.13 1.47425
0.025 0.135 1.47463
0.025 0.14 1.47501
0.025 0.145 1.4754
0.025 0.15 1.4758
0.025 0.155 1.4762
0.025 0.16 1.47661
0.025 0.165 1.47702
0.025 0.17 1.47744
0.025 0.175 1.47786
0.025 0.18 1.47828
0.025 0.185 1.47871
0.025 0.19 1.47914
0.025 0.195 1.47957
0.025 0.2 1.48
0.03 0 1.4688
0.03 0.005 1.46881
0.03 0.01 1.46884
0.03 0.015 1.46889
0.03 0.02 1.46895
0.03 0.025 1.46903
0.03 0.03 1.46912
0.03 0.035 1.46924
0.03 0.04 1.46937
0.03 0.045 1.46952
0.03 0.05 1.46968
0.03 0.055 1.46986
0.03 0.06 1.47006
0.03 0.065 1.47027
0.03 0.07 1.47049
0.03 0.075 1.47073
0.03 0.08 1.47099
0.03 0.085 1.47126
0.03 0.09 1.47154
0.03 0.095 1.47183
0.03 0.1 1.47214
0.03 0.105 1.47246
0.03 0.11 1.47279
0.03 0.115 1.47313
0.03 0.12 1.47348
0.03 0.125 1.47384
0.03 0.13 1.47421
0.03 0.135 1.47459
0.03 0.14 1.47497
0.03 0.145 1.47536
0.03 0.15 1.47576
0.03 0.155 1.47617
0.03 0.16 1.47658
0.03 0.165 1.477
0.03 0.17 1.47742
0.03 0.175 1.47784
0.03 0.18 1.47827
0.03 0.185 1.4787
0.03 0.19 1.47913
0.03 0.195 1.47957
0.03 0.2 1.48
0.035 0 1.46869
0.035 0.005 1.4687
0.035 0.01 1.46873
0.035 0.015 1.46877
0.035 0.02 1.46884
0.035 0.025 1.46892
0.035 0.03 1.46902
0.035 0.035 1.46913
0.035 0.04 1.46926
0.035 0.045 1.46941
0.035 0.05 1.46958
0.035 0.055 1.46976
0.035 0.06 1.46996
0.035 0.065 1.47017
0.035 0.07 1.4704
0.035 0.075 1.47064
0.035 0.08 1.4709
0.035 0.085 1.47117
0.035 0.09 1.47146
0.035 0.095 1.47175
0.035 0.1 1.47206
0.035 0.105 1.47239
0.035 0.11 1.47272
0.035 0.115 1.47306
0.035 0.12 1.47342
0.035 0.125 1.47378
0.035 0.13 1.47415
0.035 0.135 1.47454
0.035 0.14 1.47492
0.035 0.145 1.47532
0.035 0.15 1.47572
0.035 0.155 1.47613
0.035 0.16 1.47655
0.035 0.165 1.47697
0.035 0.17 1.47739
0.035 0.175 1.47782
0.035 0.18 1.47825
0.035 0.185 1.47869
0.035 0.19 1.47912
0.035 0.195 1.47956
0.035 0.2 1.48
0.04 0 1.46856
0.04 0.005 1.46857
0.04 0.01 1.4686
0.04 0.015 1.46865
0.04 0.02 1.46871
0.04 0.025 1.46879
0.04 0.03 1.46889
0.04 0.035 1.46901
0.04 0.04 1.46914
0.04 0.045 1.46929
0.04 0.05 1.46946
0.04 0.055 1.46964
0.04 0.06 1.46984
0.04 0.065 1.47006
0.04 0.07 1.47029
0.04 0.075 1.47054
0.04 0.08 1.4708
0.04 0.085 1.47107
0.04 0.09 1.47136
0.04 0.095 1.47166
0.04 0.1 1.47198
0.04 0.105 1.4723
0.04 0.11 1.47264
0.04 0.115 1.47299
0.04 0.12 1.47335
0.04 0.125 1.47371
0.04 0.13 1.47409
0.04 0.135 1.47448
0.04 0.14 1.47487
0.04 0.145 1.47527
0.04 0.15 1.47568
0.04 0.155 1.47609
0.04 0.16 1.47651
0.04 0.165 1.47694
0.04 0.17 1.47737
0.04 0.175 1.4778
0.04 0.18 1.47824
0.04 0.185 1.47867
0.04 0.19 1.47912
0.04 0.195 1.47956
0.04 0.2 1.48
0.045 0 1.46841
0.045 0.005 1.46842
0.045 0.01 1.46845
0.045 0.015 1.4685
0.045 0.02 1.46856
0.045 0.025 1.46865
0.045 0.03 1.46875
0.045 0.035 1.46886
0.045 0.04 1.469
0.045 0.045 1.46915
0.045 0.05 1.46932
0.045 0.055 1.46951
0.045 0.06 1.46972
0.045 0.065 1.46994
0.045 0.07 1.47017
0.045 0.075 1.47042
0.045 0.08 1.47068
0.045 0.085 1.47096
0.045 0.09 1.47126
0.045 0.095 1.47156
0.045 0.1 1.47188
0.045 0.105 1.47221
0.045 0.11 1.47255
0.045 0.115 1.4729
0.045 0.12 1.47327
0.045 0.125 1.47364
0.045 0.13 1.47402
0.045 0.135 1.47441
0.045 0.14 1.47481
0.045 0.145 1.47522
0.045 0.15 1.47563
0.045 0.155 1.47605
0.045 0.16 1.47647
0.045 0.165 1.4769
0.045 0.17 1.47734
0.045 0.175 1.47777
0.045 0.18 1.47822
0.045 0.185 1.47866
0.045 0.19 1.4791
0.045 0.195 1.47955
0.045 0.2 1.48
0.05 0 1.46825
0.05 0.005 1.46826
0.05 0.01 1.46829
0.05 0.015 1.46833
0.05 0.02 1.4684
0.05 0.025 1.46848
0.05 0.03 1.46858
0.05 0.035 1.46871
0.05 0.04 1.46884
0.05 0.045 1.469
0.05 0.05 1.46917
0.05 0.055 1.46936
0.05 0.06 1.46957
0.05 0.065 1.46979
0.05 0.07 1.47003
0.05 0.075 1.47029
0.05 0.08 1.47056
0.05 0.085 1.47084
0.05 0.09 1.47114
0.05 0.095 1.47145
0.05 0.1 1.47177
0.05 0.105 1.4721
0.05 0.11 1.47245
0.05 0.115 1.47281
0.05 0.12 1.47318
0.05 0.125 1.47355
0.05 0.13 1.47394
0.05 0.135 1.47434
0.05 0.14 1.47474
0.05 0.145 1.47515
0.05 0.15 1.47557
0.05 0.155 1.476
0.05 0.16 1.47643
0.05 0.165 1.47686
0.05 0.17 1.4773
0.05 0.175 1.47774
0.05 0.18 1.47819
0.05 0.185 1.47864
0.05 0.19 1.47909
0.05 0.195 1.47955
0.05 0.2 1.48
0.055 0 1.46806
0.055 0.005 1.46807
0.055 0.01 1.4681
0.055 0.015 1.46815
0.055 0.02 1.46822
0.055 0.025 1.4683
0.055 0.03 1.4684
0.055 0.035 1.46853
0.055 0.04 1.46867
0.055 0.045 1.46883
0.055 0.05 1.469
0.055 0.055 1.4692
0.055 0.06 1.46941
0.055 0.065 1.46964
0.055 0.07 1.46988
0.055 0.075 1.47014
0.055 0.08 1.47041
0.055 0.085 1.4707
0.055 0.09 1.471
0.055 0.095 1.47132
0.055 0.1 1.47165
0.055 0.105 1.47199
0.055 0.11 1.47234
0.055 0.115 1.4727
0.055 0.12 1.47307
0.055 0.125 1.47346
0.055 0.13 1.47385
0.055 0.135 1.47425
0.055 0.14 1.47466
0.055 0.145 1.47508
0.055 0.15 1.47551
0.055 0.155 1.47594
0.055 0.16 1.47637
0.055 0.165 1.47682
0.055 0.17 1.47726
0.055 0.175 1.47771
0.055 0.18 1.47817
0.055 0.185 1.47862
0.055 0.19 1.47908
0.055 0.195 1.47954
0.055 0.2 1.48
0.06 0 1.46786
0.06 0.005 1.46787
0.06 0.01 1.4679
0.06 0.015 1.46795
0.06 0.02 1.46801
0.06 0.025 1.4681
0.06 0.03 1.46821
0.06 0.035 1.46833
0.06 0.04 1.46848
0.06 0.045 1.46864
0.06 0.05 1.46882
0.06 0.055 1.46902
0.06 0.06 1.46923
0.06 0.065 1.46946
0.06 0.07 1.46971
0.06 0.075 1.46997
0.06 0.08 1.47025
0.06 0.085 1.47055
0.06 0.09 1.47085
0.06 0.095 1.47118
0.06 0.1 1.47151
0.06 0.105 1.47186
0.06 0.11 1.47221
0.06 0.115 1.47258
0.06 0.12 1.47296
0.06 0.125 1.47335
0.06 0.13 1.47375
0.06 0.135 1.47416
0.06 0.14 1.47458
0.06 0.145 1.475
0.06 0.15 1.47544
0.06 0.155 1.47587
0.06 0.16 1.47632
0.06 0.165 1.47677
0.06 0.17 1.47722
0.06 0.175 1.47768
0.06 0.18 1.47814
0.06 0.185 1.4786
0.06 0.19 1.47907
0.06 0.195 1.47953
0.06 0.2 1.48
0.065 0 1.46763
0.065 0.005 1.46764
0.065 0.01 1.46767
0.065 0.015 1.46772
0.065 0.02 1.46779
0.065 0.025 1.46788
0.065 0.03 1.46799
0.065 0.035 1.46812
0.065 0.04 1.46826
0.065 0.045 1.46843
0.065 0.05 1.46862
0.065 0.055 1.46882
0.065 0.06 1.46904
0.065 0.065 1.46927
0.065 0.07 1.46953
0.065 0.075 1.4698
0.065 0.08 1.47008
0.065 0.085 1.47038
0.065 0.09 1.47069
0.065 0.095 1.47102
0.065 0.1 1.47136
0.065 0.105 1.47172
0.065 0.11 1.47208
0.065 0.115 1.47246
0.065 0.12 1.47284
0.065 0.125 1.47324
0.065 0.13 1.47365
0.065 0.135 1.47406
0.065 0.14 1.47449
0.065 0.145 1.47492
0.065 0.15 1.47536
0.065 0.155 1.4758
0.065 0.16 1.47626
0.065 0.165 1.47671
0.065 0.17 1.47717
0.065 0.175 1.47764
0.065 0.18 1.47811
0.065 0.185 1.47858
0.065 0.19 1.47905
0.065 0.195 1.47952
0.065 0.2 1.48
0.07 0 1.46739
0.07 0.005 1.4674
0.07 0.01 1.46743
0.07 0.015 1.46748
0.07 0.02 1.46755
0.07 0.025 1.46764
0.07 0.03 1.46775
0.07 0.035 1.46788
0.07 0.04 1.46803
0.07 0.045 1.4682
0.07 0.05 1.46839
0.07 0.055 1.4686
0.07 0.06 1.46883
0.07 0.065 1.46907
0.07 0.07 1.46933
0.07 0.075 1.4696
0.07 0.08 1.46989
0.07 0.085 1.4702
0.07 0.09 1.47052
0.07 0.095 1.47085
0.07 0.1 1.4712
0.07 0.105 1.47156
0.07 0.11 1.47194
0.07 0.115 1.47232
0.07 0.12 1.47271
0.07 0.125 1.47312
0.07 0.13 1.47353
0.07 0.135 1.47396
0.07 0.14 1.47439
0.07 0.145 1.47483
0.07 0.15 1.47528
0.07 0.155 1.47573
0.07 0.16 1.47619
0.07 0.165 1.47665
0.07 0.17 1.47712
0.07 0.175 1.4776
0.07 0.18 1.47807
0.07 0.185 1.47855
0.07 0.19 1.47903
0.07 0.195 1.47952
0.07 0.2 1.48
0.075 0 1.46712
0.075 0.005 1.46714
0.075 0.01 1.46717
0.075 0.015 1.46722
0.075 0.02 1.46729
0.075 0.025 1.46738
0.075 0.03 1.4675
0.075 0.035 1.46763
0.075 0.04 1.46779
0.075 0.045 1.46796
0.075 0.05 1.46815
0.075 0.055 1.46837
0.075 0.06 1.4686
0.075 0.065 1.46885
0.075 0.07 1.46911
0.075 0.075 1.46939
0.075 0.08 1.46969
0.075 0.085 1.47
0.075 0.09 1.47033
0.075 0.095 1.47067
0.075 0.1 1.47103
0.075 0.105 1.4714
0.075 0.11 1.47178
0.075 0.115 1.47217
0.075 0.12 1.47257
0.075 0.125 1.47299
0.075 0.13 1.47341
0.075 0.135 1.47384
0.075 0.14 1.47428
0.075 0.145 1.47473
0.075 0.15 1.47519
0.075 0.155 1.47565
0.075 0.16 1.47612
0.075 0.165 1.47659
0.075 0.17 1.47707
0.075 0.175 1.47755
0.075 0.18 1.47804
0.075 0.185 1.47853
0.075 0.19 1.47902
0.075 0.195 1.47951
0.075 0.2 1.48
0.08 0 1.46684
0.08 0.005 1.46685
0.08 0.01 1.46688
0.08 0.015 1.46693
0.08 0.02 1.46701
0.08 0.025 1.4671
0.08 0.03 1.46722
0.08 0.035 1.46736
0.08 0.04 1.46752
0.08 0.045 1.4677
0.08 0.05 1.4679
0.08 0.055 1.46811
0.08 0.06 1.46835
0.08 0.065 1.46861
0.08 0.07 1.46888
0.08 0.075 1.46917
0.08 0.08 1.46947
0.08 0.085 1.46979
0.08 0.09 1.47013
0.08 0.095 1.47048
0.08 0.1 1.47084
0.08 0.105 1.47122
0.08 0.11 1.47161
0.08 0.115 1.47201
0.08 0.12 1.47242
0.08 0.125 1.47284
0.08 0.13 1.47328
0.08 0.135 1.47372
0.08 0.14 1.47417
0.08 0.145 1.47463
0.08 0.15 1.47509
0.08 0.155 1.47556
0.08 0.16 1.47604
0.08 0.165 1.47652
0.08 0.17 1.47701
0.08 0.175 1.4775
0.08 0.18 1.478
0.08 0.185 1.4785
0.08 0.19 1.479
0.08 0.195 1.4795
0.08 0.2 1.48
0.085 0 1.46653
0.085 0.005 1.46654
0.085 0.01 1.46658
0.085 0.015 1.46663
0.085 0.02 1.4667
0.085 0.025 1.4668
0.085 0.03 1.46692
0.085 0.035 1.46706
0.085 0.04 1.46723
0.085 0.045 1.46741
0.085 0.05 1.46762
0.085 0.055 1.46784
0.085 0.06 1.46809
0.085 0.065 1.46835
0.085 0.07 1.46863
0.085 0.075 1.46893
0.085 0.08 1.46924
0.085 0.085 1.46957
0.085 0.09 1.46991
0.085 0.095 1.47027
0.085 0.1 1.47065
0.085 0.105 1.47103
0.085 0.11 1.47143
0.085 0.115 1.47184
0.085 0.12 1.47226
0.085 0.125 1.47269
0.085 0.13 1.47314
0.085 0.135 1.47359
0.085 0.14 1.47405
0.085 0.145 1.47451
0.085 0.15 1.47499
0.085 0.155 1.47547
0.085 0.16 1.47596
0.085 0.165 1.47645
0.085 0.17 1.47695
0.085 0.175 1.47745
0.085 0.18 1.47796
0.085 0.185 1.47847
0.085 0.19 1.47898
0.085 0.195 1.47949
0.085 0.2 1.48
0.09 0 1.4662
0.09 0.005 1.46621
0.09 0.01 1.46625
0.09 0.015 1.4663
0.09 0.02 1.46637
0.09 0.025 1.46647
0.09 0.03 1.4666
0.09 0.035 1.46675
0.09 0.04 1.46692
0.09 0.045 1.46711
0.09 0.05 1.46732
0.09 0.055 1.46755
0.09 0.06 1.46781
0.09 0.065 1.46808
0.09 0.07 1.46836
0.09 0.075 1.46867
0.09 0.08 1.46899
0.09 0.085 1.46933
0.09 0.09 1.46968
0.09 0.095 1.47005
0.09 0.1 1.47043
0.09 0.105 1.47083
0.09 0.11 1.47124
0.09 0.115 1.47166
0.09 0.12 1.47209
0.09 0.125 1.47253
0.09 0.13 1.47298
0.09 0.135 1.47345
0.09 0.14 1.47392
0.09 0.145 1.47439
0.09 0.15 1.47488
0.09 0.155 1.47537
0.09 0.16 1.47587
0.09 0.165 1.47638
0.09 0.17 1.47688
0.09 0.175 1.4774
0.09 0.18 1.47791
0.09 0.185 1.47843
0.09 0.19 1.47895
0.09 0.195 1.47948
0.09 0.2 1.48
0.095 0 1.46584
0.095 0.005 1.46586
0.095 0.01 1.46589
0.095 0.015 1.46594
0.095 0.02 1.46602
0.095 0.025 1.46613
0.095 0.03 1.46626
0.095 0.035 1.46641
0.095 0.04 1.46659
0.095 0.045 1.46678
0.095 0.05 1.467
0.095 0.055 1.46724
0.095 0.06 1.4675
0.095 0.065 1.46778
0.095 0.07 1.46808
0.095 0.075 1.4684
0.095 0.08 1.46873
0.095 0.085 1.46908
0.095 0.09 1.46944
0.095 0.095 1.46982
0.095 0.1 1.47021
0.095 0.105 1.47062
0.095 0.11 1.47103
0.095 0.115 1.47146
0.095 0.12 1.47191
0.095 0.125 1.47236
0.095 0.13 1.47282
0.095 0.135 1.4733
0.095 0.14 1.47378
0.095 0.145 1.47427
0.095 0.15 1.47476
0.095 0.155 1.47527
0.095 0.16 1.47578
0.095 0.165 1.47629
0.095 0.17 1.47681
0.095 0.175 1.47734
0.095 0.18 1.47787
0.095 0.185 1.4784
0.095 0.19 1.47893
0.095 0.195 1.47946
0.095 0.2 1.48
0.1 0 1.46546
0.1 0.005 1.46548
0.1 0.01 1.46551
0.1 0.015 1.46556
0.1 0.02 1.46564
0.1 0.025 1.46575
0.1 0.03 1.46589
0.1 0.035 1.46605
0.1 0.04 1.46623
0.1 0.045 1.46644
0.1 0.05 1.46667
0.1 0.055 1.46692
0.1 0.06 1.46719
0.1 0.065 1.46747
0.1 0.07 1.46778
0.1 0.075 1.46811
0.1 0.08 1.46845
0.1 0.085 1.46881
0.1 0.09 1.46918
0.1 0.095 1.46957
0.1 0.1 1.46997
0.1 0.105 1.47039
0.1 0.11 1.47082
0.1 0.115 1.47126
0.1 0.12 1.47171
0.1 0.125 1.47218
0.1 0.13 1.47265
0.1 0.135 1.47314
0.1 0.14 1.47363
0.1 0.145 1.47413
0.1 0.15 1.47464
0.1 0.155 1.47516
0.1 0.16 1.47568
0.1 0.165 1.47621
0.1 0.17 1.47674
0.1 0.175 1.47728
0.1 0.18 1.47782
0.1 0.185 1.47836
0.1 0.19 1.47891
0.1 0.195 1.47945
0.1 0.2 1.48
0.105 0 1.46504
0.105 0.005 1.46505
0.105 0.01 1.46509
0.105 0.015 1.46514
0.105 0.02 1.46523
0.105 0.025 1.46535
0.105 0.03 1.46549
0.105 0.035 1.46566
0.105 0.04 1.46586
0.105 0.045 1.46607
0.105 0.05 1.46631
0.105 0.055 1.46657
0.105 0.06 1.46685
0.105 0.065 1.46715
0.105 0.07 1.46746
0.105 0.075 1.4678
0.105 0.08 1.46815
0.105 0.085 1.46852
0.105 0.09 1.4689
0.105 0.095 1.4693
0.105 0.1 1.46972
0.105 0.105 1.47015
0.105 0.11 1.47059
0.105 0.115 1.47104
0.105 0.12 1.47151
0.105 0.125 1.47199
0.105 0.13 1.47247
0.105 0.135 1.47297
0.105 0.14 1.47348
0.105 0.145 1.47399
0.105 0.15 1.47451
0.105 0.155 1.47504
0.105 0.16 1.47558
0.105 0.165 1.47612
0.105 0.17 1.47666
0.105 0.175 1.47721
0.105 0.18 1.47777
0.105 0.185 1.47832
0.105 0.19 1.47888
0.105 0.195 1.47944
0.105 0.2 1.48
0.11 0 1.46456
0.11 0.005 1.46458
0.11 0.01 1.46463
0.11 0.015 1.4647
0.11 0.02 1.4648
0.11 0.025 1.46492
0.11 0.03 1.46508
0.11 0.035 1.46526
0.11 0.04 1.46546
0.11 0.045 1.46568
0.11 0.05 1.46593
0.11 0.055 1.4662
0.11 0.06 1.46649
0.11 0.065 1.4668
0.11 0.07 1.46713
0.11 0.075 1.46747
0.11 0.08 1.46784
0.11 0.085 1.46822
0.11 0.09 1.46861
0.11 0.095 1.46903
0.11 0.1 1.46945
0.11 0.105 1.4699
0.11 0.11 1.47035
0.11 0.115 1.47082
0.11 0.12 1.4713
0.11 0.125 1.47179
0.11 0.13 1.47229
0.11 0.135 1.4728
0.11 0.14 1.47332
0.11 0.145 1.47384
0.11 0.15 1.47438
0.11 0.155 1.47492
0.11 0.16 1.47547
0.11 0.165 1.47602
0.11 0.17 1.47658
0.11 0.175 1.47714
0.11 0.18 1.47771
0.11 0.185 1.47828
0.11 0.19 1.47885
0.11 0.195 1.47943
0.11 0.2 1.48
0.115 0 1.46406
0.115 0.005 1.46408
0.115 0.01 1.46414
0.115 0.015 1.46422
0.115 0.02 1.46433
0.115 0.025 1.46447
0.115 0.03 1.46463
0.115 0.035 1.46482
0.115 0.04 1.46504
0.115 0.045 1.46527
0.115 0.05 1.46553
0.115 0.055 1.46581
0.115 0.06 1.46611
0.115 0.065 1.46643
0.115 0.07 1.46677
0.115 0.075 1.46713
0.115 0.08 1.46751
0.115 0.085 1.4679
0.115 0.09 1.46831
0.115 0.095 1.46873
0.115 0.1 1.46918
0.115 0.105 1.46963
0.115 0.11 1.4701
0.115 0.115 1.47058
0.115 0.12 1.47107
0.115 0.125 1.47157
0.115 0.13 1.47209
0.115 0.135 1.47261
0.115 0.14 1.47314
0.115 0.145 1.47369
0.115 0.15 1.47424
0.115 0.155 1.47479
0.115 0.16 1.47535
0.115 0.165 1.47592
0.115 0.17 1.4765
0.115 0.175 1.47707
0.115 0.18 1.47765
0.115 0.185 1.47824
0.115 0.19 1.47882
0.115 0.195 1.47941
0.115 0.2 1.48
0.12 0 1.46352
0.12 0.005 1.46356
0.12 0.01 1.46363
0.12 0.015 1.46372
0.12 0.02 1.46384
0.12 0.025 1.46399
0.12 0.03 1.46417
0.12 0.035 1.46437
0.12 0.04 1.46459
0.12 0.045 1.46484
0.12 0.05 1.46511
0.12 0.055 1.4654
0.12 0.06 1.46571
0.12 0.065 1.46605
0.12 0.07 1.4664
0.12 0.075 1.46677
0.12 0.08 1.46716
0.12 0.085 1.46757
0.12 0.09 1.46799
0.12 0.095 1.46843
0.12 0.1 1.46888
0.12 0.105 1.46935
0.12 0.11 1.46983
0.12 0.115 1.47033
0.12 0.12 1.47083
0.12 0.125 1.47135
0.12 0.13 1.47188
0.12 0.135 1.47242
0.12 0.14 1.47297
0.12 0.145 1.47352
0.12 0.15 1.47409
0.12 0.155 1.47466
0.12 0.16 1.47523
0.12 0.165 1.47582
0.12 0.17 1.47641
0.12 0.175 1.477
0.12 0.18 1.47759
0.12 0.185 1.47819
0.12 0.19 1.47879
0.12 0.195 1.4794
0.12 0.2 1.48
0.125 0 1.46297
0.125 0.005 1.46301
0.125 0.01 1.46309
0.125 0.015 1.46319
0.125 0.02 1.46333
0.125 0.025 1.46349
0.125 0.03 1.46368
0.125 0.035 1.46389
0.125 0.04 1.46412
0.125 0.045 1.46438
0.125 0.05 1.46466
0.125 0.055 1.46497
0.125 0.06 1.4653
0.125 0.065 1.46564
0.125 0.07 1.46601
0.125 0.075 1.46639
0.125 0.08 1.4668
0.125 0.085 1.46722
0.125 0.09 1.46765
0.125 0.095 1.46811
0.125 0.1 1.46857
0.125 0.105 1.46906
0.125 0.11 1.46955
0.125 0.115 1.47006
0.125 0.12 1.47058
0.125 0.125 1.47112
0.125 0.13 1.47166
0.125 0.135 1.47222
0.125 0.14 1.47278
0.125 0.145 1.47335
0.125 0.15 1.47393
0.125 0.155 1.47452
0.125 0.16 1.47511
0.125 0.165 1.47571
0.125 0.17 1.47631
0.125 0.175 1.47692
0.125 0.18 1.47753
0.125 0.185 1.47815
0.125 0.19 1.47876
0.125 0.195 1.47938
0.125 0.2 1.48
0.13 0 1.46238
0.13 0.005 1.46243
0.13 0.01 1.46252
0.13 0.015 1.46264
0.13 0.02 1.46279
0.13 0.025 1.46296
0.13 0.03 1.46316
0.13 0.035 1.46338
0.13 0.04 1.46363
0.13 0.045 1.4639
0.13 0.05 1.4642
0.13 0.055 1.46452
0.13 0.06 1.46486
0.13 0.065 1.46522
0.13 0.07 1.4656
0.13 0.075 1.466
0.13 0.08 1.46641
0.13 0.085 1.46685
0.13 0.09 1.4673
0.13 0.095 1.46777
0.13 0.1 1.46825
0.13 0.105 1.46875
0.13 0.11 1.46926
0.13 0.115 1.46979
0.13 0.12 1.47032
0.13 0.125 1.47087
0.13 0.13 1.47143
0.13 0.135 1.472
0.13 0.14 1.47258
0.13 0.145 1.47317
0.13 0.15 1.47377
0.13 0.155 1.47437
0.13 0.16 1.47498
0.13 0.165 1.47559
0.13 0.17 1.47621
0.13 0.175 1.47684
0.13 0.18 1.47747
0.13 0.185 1.4781
0.13 0.19 1.47873
0.13 0.195 1.47936
0.13 0.2 1.48
0.135 0 1.46177
0.135 0.005 1.46183
0.135 0.01 1.46193
0.135 0.015 1.46206
0.135 0.02 1.46222
0.135 0.025 1.46241
0.135 0.03 1.46262
0.135 0.035 1.46285
0.135 0.04 1.46312
0.135 0.045 1.4634
0.135 0.05 1.46371
0.135 0.055 1.46404
0.135 0.06 1.4644
0.135 0.065 1.46477
0.135 0.07 1.46517
0.135 0.075 1.46558
0.135 0.08 1.46601
0.135 0.085 1.46647
0.135 0.09 1.46693
0.135 0.095 1.46742
0.135 0.1 1.46792
0.135 0.105 1.46843
0.135 0.11 1.46896
0.135 0.115 1.4695
0.135 0.12 1.47005
0.135 0.125 1.47062
0.135 0.13 1.4712
0.135 0.135 1.47178
0.135 0.14 1.47238
0.135 0.145 1.47298
0.135 0.15 1.4736
0.135 0.155 1.47421
0.135 0.16 1.47484
0.135 0.165 1.47547
0.135 0.17 1.47611
0.135 0.175 1.47675
0.135 0.18 1.4774
0.135 0.185 1.47804
0.135 0.19 1.4787
0.135 0.195 1.47935
0.135 0.2 1.48
0.14 0 1.46114
0.14 0.005 1.46121
0.14 0.01 1.46131
0.14 0.015 1.46146
0.14 0.02 1.46163
0.14 0.025 1.46183
0.14 0.03 1.46205
0.14 0.035 1.4623
0.14 0.04 1.46258
0.14 0.045 1.46288
0.14 0.05 1.4632
0.14 0.055 1.46355
0.14 0.06 1.46392
0.14 0.065 1.46431
0.14 0.07 1.46472
0.14 0.075 1.46515
0.14 0.08 1.4656
0.14 0.085 1.46606
0.14 0.09 1.46655
0.14 0.095 1.46705
0.14 0.1 1.46757
0.14 0.105 1.4681
0.14 0.11 1.46864
0.14 0.115 1.4692
0.14 0.12 1.46977
0.14 0.125 1.47035
0.14 0.13 1.47095
0.14 0.135 1.47155
0.14 0.14 1.47217
0.14 0.145 1.47279
0.14 0.15 1.47342
0.14 0.155 1.47406
0.14 0.16 1.4747
0.14 0.165 1.47535
0.14 0.17 1.476
0.14 0.175 1.47666
0.14 0.18 1.47733
0.14 0.185 1.47799
0.14 0.19 1.47866
0.14 0.195 1.47933
0.14 0.2 1.48
0.145 0 1.46048
0.145 0.005 1.46055
0.145 0.01 1.46067
0.145 0.015 1.46083
0.145 0.02 1.46101
0.145 0.025 1.46122
0.145 0.03 1.46146
0.145 0.035 1.46173
0.145 0.04 1.46202
0.145 0.045 1.46233
0.145 0.05 1.46267
0.145 0.055 1.46303
0.145 0.06 1.46342
0.145 0.065 1.46382
0.145 0.07 1.46425
0.145 0.075 1.4647
0.145 0.08 1.46516
0.145 0.085 1.46565
0.145 0.09 1.46615
0.145 0.095 1.46667
0.145 0.1 1.4672
0.145 0.105 1.46775
0.145 0.11 1.46831
0.145 0.115 1.46889
0.145 0.12 1.46948
0.145 0.125 1.47008
0.145 0.13 1.47069
0.145 0.135 1.47131
0.145 0.14 1.47194
0.145 0.145 1.47258
0.145 0.15 1.47323
0.145 0.155 1.47389
0.145 0.16 1.47455
0.145 0.165 1.47522
0.145 0.17 1.47589
0.145 0.175 1.47657
0.145 0.18 1.47725
0.145 0.185 1.47794
0.145 0.19 1.47862
0.145 0.195 1.47931
0.145 0.2 1.48
0.15 0 1.4598
0.15 0.005 1.45987
0.15 0.01 1.46
0.15 0.015 1.46017
0.15 0.02 1.46036
0.15 0.025 1.46059
0.15 0.03 1.46084
0.15 0.035 1.46112
0.15 0.04 1.46143
0.15 0.045 1.46176
0.15 0.05 1.46212
0.15 0.055 1.46249
0.15 0.06 1.4629
0.15 0.065 1.46332
0.15 0.07 1.46376
0.15 0.075 1.46423
0.15 0.08 1.46471
0.15 0.085 1.46521
0.15 0.09 1.46573
0.15 0.095 1.46627
0.15 0.1 1.46682
0.15 0.105 1.46739
0.15 0.11 1.46797
0.15 0.115 1.46856
0.15 0.12 1.46917
0.15 0.125 1.46979
0.15 0.13 1.47042
0.15 0.135 1.47106
0.15 0.14 1.47171
0.15 0.145 1.47237
0.15 0.15 1.47304
0.15 0.155 1.47372
0.15 0.16 1.4744
0.15 0.165 1.47508
0.15 0.17 1.47578
0.15 0.175 1.47647
0.15 0.18 1.47717
0.15 0.185 1.47788
0.15 0.19 1.47858
0.15 0.195 1.47929
0.15 0.2 1.48
0.155 0 1.45909
0.155 0.005 1.45917
0.155 0.01 1.45931
0.155 0.015 1.45948
0.155 0.02 1.45969
0.155 0.025 1.45993
0.155 0.03 1.4602
0.155 0.035 1.4605
0.155 0.04 1.46082
0.155 0.045 1.46117
0.155 0.05 1.46154
0.155 0.055 1.46193
0.155 0.06 1.46235
0.155 0.065 1.46279
0.155 0.07 1.46326
0.155 0.075 1.46374
0.155 0.08 1.46424
0.155 0.085 1.46476
0.155 0.09 1.4653
0.155 0.095 1.46585
0.155 0.1 1.46642
0.155 0.105 1.46701
0.155 0.11 1.46761
0.155 0.115 1.46823
0.155 0.12 1.46885
0.155 0.125 1.46949
0.155 0.13 1.47014
0.155 0.135 1.47081
0.155 0.14 1.47148
0.155 0.145 1.47216
0.155 0.15 1.47284
0.155 0.155 1.47354
0.155 0.16 1.47424
0.155 0.165 1.47495
0.155 0.17 1.47566
0.155 0.175 1.47637
0.155 0.18 1.4771
0.155 0.185 1.47782
0.155 0.19 1.47854
0.155 0.195 1.47927
0.155 0.2 1.48
0.16 0 1.45835
0.16 0.005 1.45844
0.16 0.01 1.45858
0.16 0.015 1.45877
0.16 0.02 1.459
0.16 0.025 1.45925
0.16 0.03 1.45953
0.16 0.035 1.45984
0.16 0.04 1.46018
0.16 0.045 1.46055
0.16 0.05 1.46094
0.16 0.055 1.46135
0.16 0.06 1.46179
0.16 0.065 1.46225
0.16 0.07 1.46273
0.16 0.075 1.46323
0.16 0.08 1.46375
0.16 0.085 1.46429
0.16 0.09 1.46485
0.16 0.095 1.46542
0.16 0.1 1.46601
0.16 0.105 1.46662
0.16 0.11 1.46724
0.16 0.115 1.46788
0.16 0.12 1.46853
0.16 0.125 1.46919
0.16 0.13 1.46986
0.16 0.135 1.47054
0.16 0.14 1.47123
0.16 0.145 1.47193
0.16 0.15 1.47264
0.16 0.155 1.47335
0.16 0.16 1.47407
0.16 0.165 1.4748
0.16 0.17 1.47553
0.16 0.175 1.47627
0.16 0.18 1.47701
0.16 0.185 1.47776
0.16 0.19 1.4785
0.16 0.195 1.47925
0.16 0.2 1.48
0.165 0 1.45759
0.165 0.005 1.45768
0.165 0.01 1.45783
0.165 0.015 1.45804
0.165 0.02 1.45827
0.165 0.025 1.45854
0.165 0.03 1.45884
0.165 0.035 1.45917
0.165 0.04 1.45952
0.165 0.045 1.4599
0.165 0.05 1.46031
0.165 0.055 1.46074
0.165 0.06 1.4612
0.165 0.065 1.46168
0.165 0.07 1.46218
0.165 0.075 1.4627
0.165 0.08 1.46324
0.165 0.085 1.4638
0.165 0.09 1.46438
0.165 0.095 1.46498
0.165 0.1 1.46559
0.165 0.105 1.46622
0.165 0.11 1.46686
0.165 0.115 1.46752
0.165 0.12 1.46818
0.165 0.125 1.46887
0.165 0.13 1.46956
0.165 0.135 1.47026
0.165 0.14 1.47097
0.165 0.145 1.47169
0.165 0.15 1.47242
0.165 0.155 1.47316
0.165 0.16 1.4739
0.165 0.165 1.47465
0.165 0.17 1.47541
0.165 0.175 1.47617
0.165 0.18 1.47693
0.165 0.185 1.47769
0.165 0.19 1.47846
0.165 0.195 1.47923
0.165 0.2 1.48
0.17 0 1.45679
0.17 0.005 1.45689
0.17 0.01 1.45706
0.17 0.015 1.45727
0.17 0.02 1.45752
0.17 0.025 1.4578
0.17 0.03 1.45812
0.17 0.035 1.45846
0.17 0.04 1.45884
0.17 0.045 1.45924
0.17 0.05 1.45966
0.17 0.055 1.46011
0.17 0.06 1.46059
0.17 0.065 1.46109
0.17 0.07 1.46161
0.17 0.075 1.46215
0.17 0.08 1.46272
0.17 0.085 1.4633
0.17 0.09 1.4639
0.17 0.095 1.46451
0.17 0.1 1.46515
0.17 0.105 1.4658
0.17 0.11 1.46646
0.17 0.115 1.46714
0.17 0.12 1.46783
0.17 0.125 1.46854
0.17 0.13 1.46925
0.17 0.135 1.46997
0.17 0.14 1.47071
0.17 0.145 1.47145
0.17 0.15 1.4722
0.17 0.155 1.47296
0.17 0.16 1.47373
0.17 0.165 1.4745
0.17 0.17 1.47527
0.17 0.175 1.47606
0.17 0.18 1.47684
0.17 0.185 1.47763
0.17 0.19 1.47842
0.17 0.195 1.47921
0.17 0.2 1.48
0.175 0 1.45597
0.175 0.005 1.45608
0.175 0.01 1.45625
0.175 0.015 1.45648
0.175 0.02 1.45674
0.175 0.025 1.45704
0.175 0.03 1.45737
0.175 0.035 1.45773
0.175 0.04 1.45812
0.175 0.045 1.45854
0.175 0.05 1.45899
0.175 0.055 1.45946
0.175 0.06 1.45996
0.175 0.065 1.46048
0.175 0.07 1.46102
0.175 0.075 1.46159
0.175 0.08 1.46217
0.175 0.085 1.46277
0.175 0.09 1.4634
0.175 0.095 1.46404
0.175 0.1 1.46469
0.175 0.105 1.46537
0.175 0.11 1.46605
0.175 0.115 1.46675
0.175 0.12 1.46747
0.175 0.125 1.46819
0.175 0.13 1.46893
0.175 0.135 1.46968
0.175 0.14 1.47044
0.175 0.145 1.4712
0.175 0.15 1.47198
0.175 0.155 1.47276
0.175 0.16 1.47355
0.175 0.165 1.47434
0.175 0.17 1.47514
0.175 0.175 1.47594
0.175 0.18 1.47675
0.175 0.185 1.47756
0.175 0.19 1.47837
0.175 0.195 1.47919
0.175 0.2 1.48
0.18 0 1.45513
0.18 0.005 1.45523
0.18 0.01 1.45542
0.18 0.015 1.45565
0.18 0.02 1.45593
0.18 0.025 1.45625
0.18 0.03 1.45659
0.18 0.035 1.45698
0.18 0.04 1.45739
0.18 0.045 1.45783
0.18 0.05 1.45829
0.18 0.055 1.45879
0.18 0.06 1.4593
0.18 0.065 1.45985
0.18 0.07 1.46041
0.18 0.075 1.461
0.18 0.08 1.4616
0.18 0.085 1.46223
0.18 0.09 1.46288
0.18 0.095 1.46354
0.18 0.1 1.46422
0.18 0.105 1.46492
0.18 0.11 1.46563
0.18 0.115 1.46635
0.18 0.12 1.46709
0.18 0.125 1.46784
0.18 0.13 1.4686
0.18 0.135 1.46937
0.18 0.14 1.47015
0.18 0.145 1.47094
0.18 0.15 1.47174
0.18 0.155 1.47255
0.18 0.16 1.47336
0.18 0.165 1.47418
0.18 0.17 1.475
0.18 0.175 1.47583
0.18 0.18 1.47666
0.18 0.185 1.47749
0.18 0.19 1.47832
0.18 0.195 1.47916
0.18 0.2 1.48
0.185 0 1.45425
0.185 0.005 1.45436
0.185 0.01 1.45455
0.185 0.015 1.4548
0.185 0.02 1.45509
0.185 0.025 1.45543
0.185 0.03 1.45579
0.185 0.035 1.45619
0.185 0.04 1.45662
0.185 0.045 1.45708
0.185 0.05 1.45757
0.185 0.055 1.45808
0.185 0.06 1.45863
0.185 0.065 1.45919
0.185 0.07 1.45978
0.185 0.075 1.46039
0.185 0.08 1.46102
0.185 0.085 1.46167
0.185 0.09 1.46234
0.185 0.095 1.46303
0.185 0.1 1.46374
0.185 0.105 1.46446
0.185 0.11 1.46519
0.185 0.115 1.46594
0.185 0.12 1.4667
0.185 0.125 1.46748
0.185 0.13 1.46826
0.185 0.135 1.46906
0.185 0.14 1.46986
0.185 0.145 1.47068
0.185 0.15 1.4715
0.185 0.155 1.47233
0.185 0.16 1.47317
0.185 0.165 1.47401
0.185 0.17 1.47485
0.185 0.175 1.4757
0.185 0.18 1.47656
0.185 0.185 1.47742
0.185 0.19 1.47828
0.185 0.195 1.47914
0.185 0.2 1.48
0.19 0 1.45334
0.19 0.005 1.45346
0.19 0.01 1.45366
0.19 0.015 1.45392
0.19 0.02 1.45423
0.19 0.025 1.45458
0.19 0.03 1.45496
0.19 0.035 1.45538
0.19 0.04 1.45583
0.19 0.045 1.45631
0.19 0.05 1.45682
0.19 0.055 1.45736
0.19 0.06 1.45792
0.19 0.065 1.45851
0.19 0.07 1.45913
0.19 0.075 1.45976
0.19 0.08 1.46042
0.19 0.085 1.46109
0.19 0.09 1.46179
0.19 0.095 1.4625
0.19 0.1 1.46323
0.19 0.105 1.46398
0.19 0.11 1.46474
0.19 0.115 1.46552
0.19 0.12 1.4663
0.19 0.125 1.4671
0.19 0.13 1.46791
0.19 0.135 1.46874
0.19 0.14 1.46957
0.19 0.145 1.47041
0.19 0.15 1.47125
0.19 0.155 1.47211
0.19 0.16 1.47297
0.19 0.165 1.47383
0.19 0.17 1.47471
0.19 0.175 1.47558
0.19 0.18 1.47646
0.19 0.185 1.47734
0.19 0.19 1.47823
0.19 0.195 1.47911
0.19 0.2 1.48
0.195 0 1.45241
0.195 0.005 1.45252
0.195 0.01 1.45273
0.195 0.015 1.45301
0.195 0.02 1.45333
0.195 0.025 1.4537
0.195 0.03 1.4541
0.195 0.035 1.45454
0.195 0.04 1.45501
0.195 0.045 1.45551
0.195 0.05 1.45605
0.195 0.055 1.45661
0.195 0.06 1.4572
0.195 0.065 1.45781
0.195 0.07 1.45845
0.195 0.075 1.45911
0.195 0.08 1.45979
0.195 0.085 1.4605
0.195 0.09 1.46122
0.195 0.095 1.46196
0.195 0.1 1.46272
0.195 0.105 1.46349
0.195 0.11 1.46428
0.195 0.115 1.46508
0.195 0.12 1.46589
0.195 0.125 1.46672
0.195 0.13 1.46756
0.195 0.135 1.4684
0.195 0.14 1.46926
0.195 0.145 1.47013
0.195 0.15 1.471
0.195 0.155 1.47188
0.195 0.16 1.47276
0.195 0.165 1.47366
0.195 0.17 1.47455
0.195 0.175 1.47545
0.195 0.18 1.47636
0.195 0.185 1.47727
0.195 0.19 1.47818
0.195 0.195 1.47909
0.195 0.2 1.48
0.2 0 1.45144
0.2 0.005 1.45156
0.2 0.01 1.45178
0.2 0.015 1.45207
0.2 0.02 1.4524
0.2 0.025 1.45279
0.2 0.03 1.45321
0.2 0.035 1.45367
0.2 0.04 1.45416
0.2 0.045 1.45469
0.2 0.05 1.45525
0.2 0.055 1.45583
0.2 0.06 1.45645
0.2 0.065 1.45709
0.2 0.07 1.45775
0.2 0.075 1.45844
0.2 0.08 1.45915
0.2 0.085 1.45988
0.2 0.09 1.46063
0.2 0.095 1.4614
0.2 0.1 1.46218
0.2 0.105 1.46298
0.2 0.11 1.4638
0.2 0.115 1.46463
0.2 0.12 1.46547
0.2 0.125 1.46632
0.2 0.13 1.46719
0.2 0.135 1.46806
0.2 0.14 1.46894
0.2 0.145 1.46984
0.2 0.15 1.47074
0.2 0.155 1.47164
0.2 0.16 1.47256
0.2 0.165 1.47347
0.2 0.17 1.4744
0.2 0.175 1.47532
0.2 0.18 1.47626
0.2 0.185 1.47719
0.2 0.19 1.47812
0.2 0.195 1.47906
0.2 0.2 1.48
0.205 0 1.45045
0.205 0.005 1.45057
0.205 0.01 1.45079
0.205 0.015 1.45109
0.205 0.02 1.45145
0.205 0.025 1.45185
0.205 0.03 1.45229
0.205 0.035 1.45277
0.205 0.04 1.45329
0.205 0.045 1.45384
0.205 0.05 1.45442
0.205 0.055 1.45503
0.205 0.06 1.45568
0.205 0.065 1.45634
0.205 0.07 1.45703
0.205 0.075 1.45775
0.205 0.08 1.45849
0.205 0.085 1.45925
0.205 0.09 1.46002
0.205 0.095 1.46082
0.205 0.1 1.46163
0.205 0.105 1.46246
0.205 0.11 1.46331
0.205 0.115 1.46416
0.205 0.12 1.46503
0.205 0.125 1.46592
0.205 0.13 1.46681
0.205 0.135 1.46771
0.205 0.14 1.46862
0.205 0.145 1.46954
0.205 0.15 1.47047
0.205 0.155 1.4714
0.205 0.16 1.47234
0.205 0.165 1.47329
0.205 0.17 1.47424
0.205 0.175 1.47519
0.205 0.18 1.47615
0.205 0.185 1.47711
0.205 0.19 1.47807
0.205 0.195 1.47904
0.205 0.2 1.48
0.21 0 1.44942
0.21 0.005 1.44954
0.21 0.01 1.44978
0.21 0.015 1.45009
0.21 0.02 1.45046
0.21 0.025 1.45088
0.21 0.03 1.45134
0.21 0.035 1.45184
0.21 0.04 1.45238
0.21 0.045 1.45296
0.21 0.05 1.45357
0.21 0.055 1.45421
0.21 0.06 1.45488
0.21 0.065 1.45557
0.21 0.07 1.45629
0.21 0.075 1.45704
0.21 0.08 1.45781
0.21 0.085 1.45859
0.21 0.09 1.4594
0.21 0.095 1.46023
0.21 0.1 1.46107
0.21 0.105 1.46193
0.21 0.11 1.4628
0.21 0.115 1.46369
0.21 0.12 1.46459
0.21 0.125 1.4655
0.21 0.13 1.46642
0.21 0.135 1.46735
0.21 0.14 1.46829
0.21 0.145 1.46924
0.21 0.15 1.47019
0.21 0.155 1.47116
0.21 0.16 1.47212
0.21 0.165 1.4731
0.21 0.17 1.47407
0.21 0.175 1.47506
0.21 0.18 1.47604
0.21 0.185 1.47703
0.21 0.19 1.47802
0.21 0.195 1.47901
0.21 0.2 1.48
0.215 0 1.44836
0.215 0.005 1.44848
0.215 0.01 1.44873
0.215 0.015 1.44905
0.215 0.02 1.44943
0.215 0.025 1.44987
0.215 0.03 1.45036
0.215 0.035 1.45088
0.215 0.04 1.45145
0.215 0.045 1.45205
0.215 0.05 1.45269
0.215 0.055 1.45336
0.215 0.06 1.45405
0.215 0.065 1.45478
0.215 0.07 1.45553
0.215 0.075 1.45631
0.215 0.08 1.4571
0.215 0.085 1.45792
0.215 0.09 1.45876
0.215 0.095 1.45962
0.215 0.1 1.46049
0.215 0.105 1.46138
0.215 0.11 1.46228
0.215 0.115 1.4632
0.215 0.12 1.46413
0.215 0.125 1.46507
0.215 0.13 1.46602
0.215 0.135 1.46698
0.215 0.14 1.46795
0.215 0.145 1.46893
0.215 0.15 1.46991
0.215 0.155 1.4709
0.215 0.16 1.4719
0.215 0.165 1.4729
0.215 0.17 1.47391
0.215 0.175 1.47492
0.215 0.18 1.47593
0.215 0.185 1.47694
0.215 0.19 1.47796
0.215 0.195 1.47898
0.215 0.2 1.48
0.22 0 1.44727
0.22 0.005 1.44739
0.22 0.01 1.44764
0.22 0.015 1.44798
0.22 0.02 1.44838
0.22 0.025 1.44884
0.22 0.03 1.44934
0.22 0.035 1.4499
0.22 0.04 1.45049
0.22 0.045 1.45112
0.22 0.05 1.45178
0.22 0.055 1.45248
0.22 0.06 1.45321
0.22 0.065 1.45396
0.22 0.07 1.45474
0.22 0.075 1.45555
0.22 0.08 1.45638
0.22 0.085 1.45723
0.22 0.09 1.4581
0.22 0.095 1.45899
0.22 0.1 1.4599
0.22 0.105 1.46082
0.22 0.11 1.46175
0.22 0.115 1.4627
0.22 0.12 1.46366
0.22 0.125 1.46464
0.22 0.13 1.46562
0.22 0.135 1.46661
0.22 0.14 1.46761
0.22 0.145 1.46861
0.22 0.15 1.46963
0.22 0.155 1.47065
0.22 0.16 1.47167
0.22 0.165 1.4727
0.22 0.17 1.47374
0.22 0.175 1.47477
0.22 0.18 1.47582
0.22 0.185 1.47686
0.22 0.19 1.47791
0.22 0.195 1.47895
0.22 0.2 1.48
0.225 0 1.44614
0.225 0.005 1.44627
0.225 0.01 1.44653
0.225 0.015 1.44688
0.225 0.02 1.44729
0.225 0.025 1.44777
0.225 0.03 1.4483
0.225 0.035 1.44888
0.225 0.04 1.44949
0.225 0.045 1.45015
0.225 0.05 1.45085
0.225 0.055 1.45157
0.225 0.06 1.45233
0.225 0.065 1.45312
0.225 0.07 1.45394
0.225 0.075 1.45478
0.225 0.08 1.45564
0.225 0.085 1.45652
0.225 0.09 1.45743
0.225 0.095 1.45835
0.225 0.1 1.45929
0.225 0.105 1.46024
0.225 0.11 1.46121
0.225 0.115 1.46219
0.225 0.12 1.46319
0.225 0.125 1.46419
0.225 0.13 1.4652
0.225 0.135 1.46622
0.225 0.14 1.46725
0.225 0.145 1.46829
0.225 0.15 1.46934
0.225 0.155 1.47039
0.225 0.16 1.47144
0.225 0.165 1.4725
0.225 0.17 1.47356
0.225 0.175 1.47463
0.225 0.18 1.4757
0.225 0.185 1.47677
0.225 0.19 1.47785
0.225 0.195 1.47892
0.225 0.2 1.48
0.23 0 1.44498
0.23 0.005 1.44511
0.23 0.01 1.44538
0.23 0.015 1.44574
0.23 0.02 1.44618
0.23 0.025 1.44667
0.23 0.03 1.44723
0.23 0.035 1.44783
0.23 0.04 1.44847
0.23 0.045 1.44916
0.23 0.05 1.44988
0.23 0.055 1.45064
0.23 0.06 1.45144
0.23 0.065 1.45226
0.23 0.07 1.45311
0.23 0.075 1.45398
0.23 0.08 1.45488
0.23 0.085 1.4558
0.23 0.09 1.45674
0.23 0.095 1.45769
0.23 0.1 1.45867
0.23 0.105 1.45965
0.23 0.11 1.46066
0.23 0.115 1.46167
0.23 0.12 1.4627
0.23 0.125 1.46373
0.23 0.13 1.46478
0.23 0.135 1.46583
0.23 0.14 1.46689
0.23 0.145 1.46796
0.23 0.15 1.46904
0.23 0.155 1.47012
0.23 0.16 1.4712
0.23 0.165 1.47229
0.23 0.17 1.47339
0.23 0.175 1.47448
0.23 0.18 1.47558
0.23 0.185 1.47669
0.23 0.19 1.47779
0.23 0.195 1.47889
0.23 0.2 1.48
0.235 0 1.44379
0.235 0.005 1.44392
0.235 0.01 1.4442
0.235 0.015 1.44457
0.235 0.02 1.44502
0.235 0.025 1.44554
0.235 0.03 1.44612
0.235 0.035 1.44675
0.235 0.04 1.44742
0.235 0.045 1.44814
0.235 0.05 1.44889
0.235 0.055 1.44969
0.235 0.06 1.45051
0.235 0.065 1.45137
0.235 0.07 1.45225
0.235 0.075 1.45316
0.235 0.08 1.4541
0.235 0.085 1.45505
0.235 0.09 1.45603
0.235 0.095 1.45702
0.235 0.1 1.45803
0.235 0.105 1.45905
0.235 0.11 1.46009
0.235 0.115 1.46114
0.235 0.12 1.4622
0.235 0.125 1.46327
0.235 0.13 1.46435
0.235 0.135 1.46543
0.235 0.14 1.46653
0.235 0.145 1.46763
0.235 0.15 1.46874
0.235 0.155 1.46985
0.235 0.16 1.47096
0.235 0.165 1.47208
0.235 0.17 1.47321
0.235 0.175 1.47433
0.235 0.18 1.47546
0.235 0.185 1.4766
0.235 0.19 1.47773
0.235 0.195 1.47886
0.235 0.2 1.48
0.24 0 1.44257
0.24 0.005 1.4427
0.24 0.01 1.44298
0.24 0.015 1.44337
0.24 0.02 1.44384
0.24 0.025 1.44438
0.24 0.03 1.44498
0.24 0.035 1.44563
0.24 0.04 1.44634
0.24 0.045 1.44709
0.24 0.05 1.44788
0.24 0.055 1.4487
0.24 0.06 1.44956
0.24 0.065 1.45046
0.24 0.07 1.45138
0.24 0.075 1.45233
0.24 0.08 1.4533
0.24 0.085 1.45429
0.24 0.09 1.4553
0.24 0.095 1.45633
0.24 0.1 1.45738
0.24 0.105 1.45844
0.24 0.11 1.45951
0.24 0.115 1.4606
0.24 0.12 1.46169
0.24 0.125 1.4628
0.24 0.13 1.46391
0.24 0.135 1.46503
0.24 0.14 1.46616
0.24 0.145 1.46729
0.24 0.15 1.46843
0.24 0.155 1.46957
0.24 0.16 1.47072
0.24 0.165 1.47187
0.24 0.17 1.47303
0.24 0.175 1.47418
0.24 0.18 1.47534
0.24 0.185 1.47651
0.24 0.19 1.47767
0.24 0.195 1.47883
0.24 0.2 1.48
0.245 0 1.44132
0.245 0.005 1.44145
0.245 0.01 1.44173
0.245 0.015 1.44213
0.245 0.02 1.44262
0.245 0.025 1.44318
0.245 0.03 1.44381
0.245 0.035 1.44449
0.245 0.04 1.44522
0.245 0.045 1.44601
0.245 0.05 1.44683
0.245 0.055 1.44769
0.245 0.06 1.44859
0.245 0.065 1.44952
0.245 0.07 1.45048
0.245 0.075 1.45147
0.245 0.08 1.45248
0.245 0.085 1.45351
0.245 0.09 1.45456
0.245 0.095 1.45563
0.245 0.1 1.45672
0.245 0.105 1.45781
0.245 0.11 1.45892
0.245 0.115 1.46005
0.245 0.12 1.46118
0.245 0.125 1.46232
0.245 0.13 1.46346
0.245 0.135 1.46462
0.245 0.14 1.46578
0.245 0.145 1.46695
0.245 0.15 1.46812
0.245 0.155 1.46929
0.245 0.16 1.47047
0.245 0.165 1.47166
0.245 0.17 1.47284
0.245 0.175 1.47403
0.245 0.18 1.47522
0.245 0.185 1.47641
0.245 0.19 1.47761
0.245 0.195 1.4788
0.245 0.2 1.48
0.25 0 1.44003
0.25 0.005 1.44016
0.25 0.01 1.44045
0.25 0.015 1.44086
0.25 0.02 1.44137
0.25 0.025 1.44195
0.25 0.03 1.4426
0.25 0.035 1.44331
0.25 0.04 1.44408
0.25 0.045 1.4449
0.25 0.05 1.44576
0.25 0.055 1.44666
0.25 0.06 1.4476
0.25 0.065 1.44857
0.25 0.07 1.44957
0.25 0.075 1.45059
0.25 0.08 1.45165
0.25 0.085 1.45272
0.25 0.09 1.45381
0.25 0.095 1.45492
0.25 0.1 1.45604
0.25 0.105 1.45718
0.25 0.11 1.45833
0.25 0.115 1.45948
0.25 0.12 1.46065
0.25 0.125 1.46183
0.25 0.13 1.46301
0.25 0.135 1.4642
0.25 0.14 1.4654
0.25 0.145 1.4666
0.25 0.15 1.4678
0.25 0.155 1.46901
0.25 0.16 1.47022
0.25 0.165 1.47144
0.25 0.17 1.47266
0.25 0.175 1.47388
0.25 0.18 1.4751
0.25 0.185 1.47632
0.25 0.19 1.47755
0.25 0.195 1.47877
0.25 0.2 1.48
0.255 0 1.43871
0.255 0.005 1.43884
0.255 0.01 1.43914
0.255 0.015 1.43956
0.255 0.02 1.44008
0.255 0.025 1.44069
0.255 0.03 1.44137
0.255 0.035 1.44211
0.255 0.04 1.44291
0.255 0.045 1.44376
0.255 0.05 1.44466
0.255 0.055 1.4456
0.255 0.06 1.44658
0.255 0.065 1.44759
0.255 0.07 1.44863
0.255 0.075 1.4497
0.255 0.08 1.45079
0.255 0.085 1.45191
0.255 0.09 1.45304
0.255 0.095 1.45419
0.255 0.1 1.45535
0.255 0.105 1.45653
0.255 0.11 1.45772
0.255 0.115 1.45892
0.255 0.12 1.46012
0.255 0.125 1.46134
0.255 0.13 1.46255
0.255 0.135 1.46378
0.255 0.14 1.46501
0.255 0.145 1.46625
0.255 0.15 1.46748
0.255 0.155 1.46873
0.255 0.16 1.46997
0.255 0.165 1.47122
0.255 0.17 1.47247
0.255 0.175 1.47372
0.255 0.18 1.47497
0.255 0.185 1.47623
0.255 0.19 1.47748
0.255 0.195 1.47874
0.255 0.2 1.48
0.26 0 1.43736
0.26 0.005 1.43749
0.26 0.01 1.43779
0.26 0.015 1.43823
0.26 0.02 1.43877
0.26 0.025 1.4394
0.26 0.03 1.4401
0.26 0.035 1.44087
0.26 0.04 1.44171
0.26 0.045 1.4426
0.26 0.05 1.44353
0.26 0.055 1.44452
0.26 0.06 1.44554
0.26 0.065 1.44659
0.26 0.07 1.44768
0.26 0.075 1.44879
0.26 0.08 1.44993
0.26 0.085 1.45108
0.26 0.09 1.45226
0.26 0.095 1.45345
0.26 0.1 1.45466
0.26 0.105 1.45588
0.26 0.11 1.4571
0.26 0.115 1.45834
0.26 0.12 1.45958
0.26 0.125 1.46084
0.26 0.13 1.46209
0.26 0.135 1.46335
0.26 0.14 1.46462
0.26 0.145 1.46589
0.26 0.15 1.46716
0.26 0.155 1.46844
0.26 0.16 1.46972
0.26 0.165 1.471
0.26 0.17 1.47228
0.26 0.175 1.47356
0.26 0.18 1.47485
0.26 0.185 1.47613
0.26 0.19 1.47742
0.26 0.195 1.47871
0.26 0.2 1.48
0.265 0 1.43598
0.265 0.005 1.43611
0.265 0.01 1.43642
0.265 0.015 1.43686
0.265 0.02 1.43742
0.265 0.025 1.43807
0.265 0.03 1.43881
0.265 0.035 1.43961
0.265 0.04 1.44048
0.265 0.045 1.44141
0.265 0.05 1.44239
0.265 0.055 1.44341
0.265 0.06 1.44447
0.265 0.065 1.44557
0.265 0.07 1.4467
0.265 0.075 1.44786
0.265 0.08 1.44904
0.265 0.085 1.45025
0.265 0.09 1.45147
0.265 0.095 1.4527
0.265 0.1 1.45395
0.265 0.105 1.45521
0.265 0.11 1.45648
0.265 0.115 1.45776
0.265 0.12 1.45904
0.265 0.125 1.46033
0.265 0.13 1.46163
0.265 0.135 1.46293
0.265 0.14 1.46423
0.265 0.145 1.46553
0.265 0.15 1.46684
0.265 0.155 1.46815
0.265 0.16 1.46946
0.265 0.165 1.47077
0.265 0.17 1.47209
0.265 0.175 1.47341
0.265 0.18 1.47472
0.265 0.185 1.47604
0.265 0.19 1.47736
0.265 0.195 1.47868
0.265 0.2 1.48
0.27 0 1.43457
0.27 0.005 1.4347
0.27 0.01 1.43501
0.27 0.015 1.43547
0.27 0.02 1.43604
0.27 0.025 1.43672
0.27 0.03 1.43748
0.27 0.035 1.43832
0.27 0.04 1.43923
0.27 0.045 1.44019
0.27 0.05 1.44121
0.27 0.055 1.44228
0.27 0.06 1.44339
0.27 0.065 1.44453
0.27 0.07 1.44571
0.27 0.075 1.44692
0.27 0.08 1.44815
0.27 0.085 1.4494
0.27 0.09 1.45066
0.27 0.095 1.45194
0.27 0.1 1.45324
0.27 0.105 1.45454
0.27 0.11 1.45585
0.27 0.115 1.45717
0.27 0.12 1.4585
0.27 0.125 1.45982
0.27 0.13 1.46116
0.27 0.135 1.46249
0.27 0.14 1.46383
0.27 0.145 1.46517
0.27 0.15 1.46652
0.27 0.155 1.46786
0.27 0.16 1.46921
0.27 0.165 1.47055
0.27 0.17 1.4719
0.27 0.175 1.47325
0.27 0.18 1.4746
0.27 0.185 1.47595
0.27 0.19 1.4773
0.27 0.195 1.47865
0.27 0.2 1.48
0.275 0 1.43313
0.275 0.005 1.43326
0.275 0.01 1.43358
0.275 0.015 1.43405
0.275 0.02 1.43464
0.275 0.025 1.43534
0.275 0.03 1.43613
0.275 0.035 1.437
0.275 0.04 1.43795
0.275 0.045 1.43895
0.275 0.05 1.44002
0.275 0.055 1.44113
0.275 0.06 1.44229
0.275 0.065 1.44348
0.275 0.07 1.44471
0.275 0.075 1.44596
0.275 0.08 1.44724
0.275 0.085 1.44854
0.275 0.09 1.44985
0.275 0.095 1.45118
0.275 0.1 1.45252
0.275 0.105 1.45386
0.275 0.11 1.45522
0.275 0.115 1.45658
0.275 0.12 1.45795
0.275 0.125 1.45932
0.275 0.13 1.46069
0.275 0.135 1.46206
0.275 0.14 1.46344
0.275 0.145 1.46481
0.275 0.15 1.46619
0.275 0.155 1.46757
0.275 0.16 1.46895
0.275 0.165 1.47033
0.275 0.17 1.47171
0.275 0.175 1.47309
0.275 0.18 1.47447
0.275 0.185 1.47585
0.275 0.19 1.47723
0.275 0.195 1.47862
0.275 0.2 1.48
0.28 0 1.43166
0.28 0.005 1.43179
0.28 0.01 1.43212
0.28 0.015 1.4326
0.28 0.02 1.43321
0.28 0.025 1.43393
0.28 0.03 1.43475
0.28 0.035 1.43566
0.28 0.04 1.43664
0.28 0.045 1.43769
0.28 0.05 1.4388
0.28 0.055 1.43996
0.28 0.06 1.44117
0.28 0.065 1.44241
0.28 0.07 1.44369
0.28 0.075 1.44499
0.28 0.08 1.44632
0.28 0.085 1.44767
0.28 0.09 1.44903
0.28 0.095 1.4504
0.28 0.1 1.45179
0.28 0.105 1.45318
0.28 0.11 1.45458
0.28 0.115 1.45599
0.28 0.12 1.45739
0.28 0.125 1.4588
0.28 0.13 1.46022
0.28 0.135 1.46163
0.28 0.14 1.46304
0.28 0.145 1.46445
0.28 0.15 1.46587
0.28 0.155 1.46728
0.28 0.16 1.46869
0.28 0.165 1.47011
0.28 0.17 1.47152
0.28 0.175 1.47293
0.28 0.18 1.47434
0.28 0.185 1.47576
0.28 0.19 1.47717
0.28 0.195 1.47859
0.28 0.2 1.48
0.285 0 1.43017
0.285 0.005 1.4303
0.285 0.01 1.43063
0.285 0.015 1.43112
0.285 0.02 1.43175
0.285 0.025 1.4325
0.285 0.03 1.43335
0.285 0.035 1.43429
0.285 0.04 1.43532
0.285 0.045 1.43641
0.285 0.05 1.43757
0.285 0.055 1.43878
0.285 0.06 1.44003
0.285 0.065 1.44133
0.285 0.07 1.44266
0.285 0.075 1.44401
0.285 0.08 1.44539
0.285 0.085 1.44679
0.285 0.09 1.4482
0.285 0.095 1.44963
0.285 0.1 1.45106
0.285 0.105 1.4525
0.285 0.11 1.45395
0.285 0.115 1.45539
0.285 0.12 1.45684
0.285 0.125 1.45829
0.285 0.13 1.45974
0.285 0.135 1.46119
0.285 0.14 1.46264
0.285 0.145 1.46409
0.285 0.15 1.46554
0.285 0.155 1.46699
0.285 0.16 1.46844
0.285 0.165 1.46988
0.285 0.17 1.47133
0.285 0.175 1.47277
0.285 0.18 1.47422
0.285 0.185 1.47566
0.285 0.19 1.47711
0.285 0.195 1.47855
0.285 0.2 1.48
0.29 0 1.42866
0.29 0.005 1.42879
0.29 0.01 1.42912
0.29 0.015 1.42962
0.29 0.02 1.43027
0.29 0.025 1.43104
0.29 0.03 1.43193
0.29 0.035 1.43291
0.29 0.04 1.43397
0.29 0.045 1.43511
0.29 0.05 1.43632
0.29 0.055 1.43758
0.29 0.06 1.43889
0.29 0.065 1.44024
0.29 0.07 1.44162
0.29 0.075 1.44303
0.29 0.08 1.44446
0.29 0.085 1.44591
0.29 0.09 1.44738
0.29 0.095 1.44885
0.29 0.1 1.45033
0.29 0.105 1.45182
0.29 0.11 1.45331
0.29 0.115 1.4548
0.29 0.12 1.45629
0.29 0.125 1.45778
0.29 0.13 1.45927
0.29 0.135 1.46076
0.29 0.14 1.46225
0.29 0.145 1.46374
0.29 0.15 1.46522
0.29 0.155 1.4667
0.29 0.16 1.46818
0.29 0.165 1.46966
0.29 0.17 1.47114
0.29 0.175 1.47262
0.29 0.18 1.47409
0.29 0.185 1.47557
0.29 0.19 1.47705
0.29 0.195 1.47852
0.29 0.2 1.48
0.295 0 1.42714
0.295 0.005 1.42726
0.295 0.01 1.4276
0.295 0.015 1.42811
0.295 0.02 1.42877
0.295 0.025 1.42957
0.295 0.03 1.43049
0.295 0.035 1.4315
0.295 0.04 1.43261
0.295 0.045 1.4338
0.295 0.05 1.43505
0.295 0.055 1.43637
0.295 0.06 1.43773
0.295 0.065 1.43914
0.295 0.07 1.44057
0.295 0.075 1.44204
0.295 0.08 1.44353
0.295 0.085 1.44503
0.295 0.09 1.44655
0.295 0.095 1.44807
0.295 0.1 1.4496
0.295 0.105 1.45114
0.295 0.11 1.45267
0.295 0.115 1.45421
0.295 0.12 1.45574
0.295 0.125 1.45728
0.295 0.13 1.45881
0.295 0.135 1.46034
0.295 0.14 1.46186
0.295 0.145 1.46338
0.295 0.15 1.4649
0.295 0.155 1.46642
0.295 0.16 1.46793
0.295 0.165 1.46944
0.295 0.17 1.47096
0.295 0.175 1.47246
0.295 0.18 1.47397
0.295 0.185 1.47548
0.295 0.19 1.47699
0.295 0.195 1.47849
0.295 0.2 1.48
0.3 0 1.42559
0.3 0.005 1.42572
0.3 0.01 1.42606
0.3 0.015 1.42658
0.3 0.02 1.42726
0.3 0.025 1.42808
0.3 0.03 1.42903
0.3 0.035 1.43009
0.3 0.04 1.43124
0.3 0.045 1.43248
0.3 0.05 1.43378
0.3 0.055 1.43515
0.3 0.06 1.43657
0.3 0.065 1.43803
0.3 0.07 1.43953
0.3 0.075 1.44105
0.3 0.08 1.44259
0.3 0.085 1.44415
0.3 0.09 1.44572
0.3 0.095 1.4473
0.3 0.1 1.44888
0.3 0.105 1.45046
0.3 0.11 1.45204
0.3 0.115 1.45362
0.3 0.12 1.4552
0.3 0.125 1.45678
0.3 0.13 1.45835
0.3 0.135 1.45991
0.3 0.14 1.46147
0.3 0.145 1.46303
0.3 0.15 1.46459
0.3 0.155 1.46614
0.3 0.16 1.46768
0.3 0.165 1.46923
0.3 0.17 1.47077
0.3 0.175 1.47231
0.3 0.18 1.47385
0.3 0.185 1.47539
0.3 0.19 1.47693
0.3 0.195 1.47846
0.3 0.2 1.48
0.305 0 1.42404
0.305 0.005 1.42416
0.305 0.01 1.4245
0.305 0.015 1.42503
0.305 0.02 1.42573
0.305 0.025 1.42658
0.305 0.03 1.42757
0.305 0.035 1.42866
0.305 0.04 1.42986
0.305 0.045 1.43115
0.305 0.05 1.43251
0.305 0.055 1.43393
0.305 0.06 1.43541
0.305 0.065 1.43693
0.305 0.07 1.43848
0.305 0.075 1.44006
0.305 0.08 1.44166
0.305 0.085 1.44328
0.305 0.09 1.4449
0.305 0.095 1.44653
0.305 0.1 1.44816
0.305 0.105 1.44979
0.305 0.11 1.45142
0.305 0.115 1.45304
0.305 0.12 1.45466
0.305 0.125 1.45628
0.305 0.13 1.45789
0.305 0.135 1.45949
0.305 0.14 1.46109
0.305 0.145 1.46269
0.305 0.15 1.46428
0.305 0.155 1.46586
0.305 0.16 1.46744
0.305 0.165 1.46902
0.305 0.17 1.47059
0.305 0.175 1.47216
0.305 0.18 1.47373
0.305 0.185 1.4753
0.305 0.19 1.47687
0.305 0.195 1.47843
0.305 0.2 1.48
0.31 0 1.42247
0.31 0.005 1.4226
0.31 0.01 1.42294
0.31 0.015 1.42348
0.31 0.02 1.4242
0.31 0.025 1.42508
0.31 0.03 1.4261
0.31 0.035 1.42723
0.31 0.04 1.42848
0.31 0.045 1.42982
0.31 0.05 1.43123
0.31 0.055 1.43272
0.31 0.06 1.43425
0.31 0.065 1.43583
0.31 0.07 1.43744
0.31 0.075 1.43908
0.31 0.08 1.44074
0.31 0.085 1.44241
0.31 0.09 1.44409
0.31 0.095 1.44577
0.31 0.1 1.44745
0.31 0.105 1.44913
0.31 0.11 1.4508
0.31 0.115 1.45247
0.31 0.12 1.45414
0.31 0.125 1.45579
0.31 0.13 1.45744
0.31 0.135 1.45908
0.31 0.14 1.46072
0.31 0.145 1.46235
0.31 0.15 1.46397
0.31 0.155 1.46559
0.31 0.16 1.4672
0.31 0.165 1.46881
0.31 0.17 1.47041
0.31 0.175 1.47202
0.31 0.18 1.47361
0.31 0.185 1.47521
0.31 0.19 1.47681
0.31 0.195 1.4784
0.31 0.2 1.48
0.315 0 1.42091
0.315 0.005 1.42103
0.315 0.01 1.42138
0.315 0.015 1.42193
0.315 0.02 1.42267
0.315 0.025 1.42357
0.315 0.03 1.42463
0.315 0.035 1.42581
0.315 0.04 1.4271
0.315 0.045 1.42849
0.315 0.05 1.42996
0.315 0.055 1.43151
0.315 0.06 1.4331
0.315 0.065 1.43474
0.315 0.07 1.43641
0.315 0.075 1.43811
0.315 0.08 1.43983
0.315 0.085 1.44155
0.315 0.09 1.44329
0.315 0.095 1.44502
0.315 0.1 1.44675
0.315 0.105 1.44848
0.315 0.11 1.4502
0.315 0.115 1.45191
0.315 0.12 1.45362
0.315 0.125 1.45532
0.315 0.13 1.457
0.315 0.135 1.45868
0.315 0.14 1.46035
0.315 0.145 1.46202
0.315 0.15 1.46367
0.315 0.155 1.46532
0.315 0.16 1.46697
0.315 0.165 1.46861
0.315 0.17 1.47024
0.315 0.175 1.47187
0.315 0.18 1.4735
0.315 0.185 1.47513
0.315 0.19 1.47675
0.315 0.195 1.47838
0.315 0.2 1.48
0.32 0 1.41935
0.32 0.005 1.41947
0.32 0.01 1.41982
0.32 0.015 1.42039
0.32 0.02 1.42114
0.32 0.025 1.42207
0.32 0.03 1.42316
0.32 0.035 1.42439
0.32 0.04 1.42573
0.32 0.045 1.42718
0.32 0.05 1.42871
0.32 0.055 1.43031
0.32 0.06 1.43197
0.32 0.065 1.43367
0.32 0.07 1.4354
0.32 0.075 1.43716
0.32 0.08 1.43893
0.32 0.085 1.44072
0.32 0.09 1.4425
0.32 0.095 1.44429
0.32 0.1 1.44607
0.32 0.105 1.44785
0.32 0.11 1.44961
0.32 0.115 1.45137
0.32 0.12 1.45312
0.32 0.125 1.45485
0.32 0.13 1.45658
0.32 0.135 1.45829
0.32 0.14 1.46
0.32 0.145 1.4617
0.32 0.15 1.46338
0.32 0.155 1.46507
0.32 0.16 1.46674
0.32 0.165 1.46841
0.32 0.17 1.47007
0.32 0.175 1.47173
0.32 0.18 1.47339
0.32 0.185 1.47504
0.32 0.19 1.4767
0.32 0.195 1.47835
0.32 0.2 1.48
0.325 0 1.4178
0.325 0.005 1.41792
0.325 0.01 1.41828
0.325 0.015 1.41885
0.325 0.02 1.41963
0.325 0.025 1.42059
0.325 0.03 1.42171
0.325 0.035 1.42298
0.325 0.04 1.42438
0.325 0.045 1.42588
0.325 0.05 1.42747
0.325 0.055 1.42913
0.325 0.06 1.43085
0.325 0.065 1.43262
0.325 0.07 1.43441
0.325 0.075 1.43623
0.325 0.08 1.43806
0.325 0.085 1.4399
0.325 0.09 1.44174
0.325 0.095 1.44358
0.325 0.1 1.44541
0.325 0.105 1.44723
0.325 0.11 1.44904
0.325 0.115 1.45084
0.325 0.12 1.45263
0.325 0.125 1.4544
0.325 0.13 1.45616
0.325 0.135 1.45791
0.325 0.14 1.45965
0.325 0.145 1.46138
0.325 0.15 1.4631
0.325 0.155 1.46482
0.325 0.16 1.46652
0.325 0.165 1.46822
0.325 0.17 1.46991
0.325 0.175 1.4716
0.325 0.18 1.47328
0.325 0.185 1.47496
0.325 0.19 1.47664
0.325 0.195 1.47832
0.325 0.2 1.48
0.33 0 1.41627
0.33 0.005 1.41639
0.33 0.01 1.41675
0.33 0.015 1.41734
0.33 0.02 1.41813
0.33 0.025 1.41912
0.33 0.03 1.42029
0.33 0.035 1.4216
0.33 0.04 1.42305
0.33 0.045 1.42461
0.33 0.05 1.42626
0.33 0.055 1.42798
0.33 0.06 1.42977
0.33 0.065 1.43159
0.33 0.07 1.43345
0.33 0.075 1.43533
0.33 0.08 1.43722
0.33 0.085 1.43911
0.33 0.09 1.441
0.33 0.095 1.44289
0.33 0.1 1.44477
0.33 0.105 1.44663
0.33 0.11 1.44849
0.33 0.115 1.45033
0.33 0.12 1.45215
0.33 0.125 1.45397
0.33 0.13 1.45576
0.33 0.135 1.45755
0.33 0.14 1.45932
0.33 0.145 1.46108
0.33 0.15 1.46283
0.33 0.155 1.46457
0.33 0.16 1.46631
0.33 0.165 1.46803
0.33 0.17 1.46975
0.33 0.175 1.47147
0.33 0.18 1.47318
0.33 0.185 1.47488
0.33 0.19 1.47659
0.33 0.195 1.4783
0.33 0.2 1.48
0.335 0 1.41477
0.335 0.005 1.41489
0.335 0.01 1.41525
0.335 0.015 1.41585
0.335 0.02 1.41667
0.335 0.025 1.41769
0.335 0.03 1.4189
0.335 0.035 1.42026
0.335 0.04 1.42176
0.335 0.045 1.42338
0.335 0.05 1.42509
0.335 0.055 1.42687
0.335 0.06 1.42872
0.335 0.065 1.4306
0.335 0.07 1.43252
0.335 0.075 1.43446
0.335 0.08 1.4364
0.335 0.085 1.43835
0.335 0.09 1.44029
0.335 0.095 1.44223
0.335 0.1 1.44415
0.335 0.105 1.44606
0.335 0.11 1.44796
0.335 0.115 1.44984
0.335 0.12 1.4517
0.335 0.125 1.45355
0.335 0.13 1.45538
0.335 0.135 1.4572
0.335 0.14 1.459
0.335 0.145 1.46079
0.335 0.15 1.46257
0.335 0.155 1.46434
0.335 0.16 1.4661
0.335 0.165 1.46786
0.335 0.17 1.4696
0.335 0.175 1.47134
0.335 0.18 1.47308
0.335 0.185 1.47481
0.335 0.19 1.47654
0.335 0.195 1.47827
0.335 0.2 1.48
0.34 0 1.41331
0.34 0.005 1.41343
0.34 0.01 1.4138
0.34 0.015 1.41441
0.34 0.02 1.41525
0.34 0.025 1.4163
0.34 0.03 1.41755
0.34 0.035 1.41896
0.34 0.04 1.42051
0.34 0.045 1.42219
0.34 0.05 1.42396
0.34 0.055 1.42581
0.34 0.06 1.42771
0.34 0.065 1.42966
0.34 0.07 1.43163
0.34 0.075 1.43363
0.34 0.08 1.43563
0.34 0.085 1.43763
0.34 0.09 1.43962
0.34 0.095 1.4416
0.34 0.1 1.44357
0.34 0.105 1.44552
0.34 0.11 1.44746
0.34 0.115 1.44937
0.34 0.12 1.45127
0.34 0.125 1.45315
0.34 0.13 1.45502
0.34 0.135 1.45687
0.34 0.14 1.4587
0.34 0.145 1.46052
0.34 0.15 1.46233
0.34 0.155 1.46412
0.34 0.16 1.46591
0.34 0.165 1.46769
0.34 0.17 1.46946
0.34 0.175 1.47122
0.34 0.18 1.47298
0.34 0.185 1.47474
0.34 0.19 1.47649
0.34 0.195 1.47825
0.34 0.2 1.48
0.345 0 1.4119
0.345 0.005 1.41202
0.345 0.01 1.41239
0.345 0.015 1.41302
0.345 0.02 1.41388
0.345 0.025 1.41497
0.345 0.03 1.41626
0.345 0.035 1.41772
0.345 0.04 1.41933
0.345 0.045 1.42106
0.345 0.05 1.42289
0.345 0.055 1.4248
0.345 0.06 1.42676
0.345 0.065 1.42877
0.345 0.07 1.4308
0.345 0.075 1.43284
0.345 0.08 1.43489
0.345 0.085 1.43694
0.345 0.09 1.43898
0.345 0.095 1.44101
0.345 0.1 1.44302
0.345 0.105 1.44501
0.345 0.11 1.44698
0.345 0.115 1.44893
0.345 0.12 1.45087
0.345 0.125 1.45278
0.345 0.13 1.45467
0.345 0.135 1.45655
0.345 0.14 1.45841
0.345 0.145 1.46026
0.345 0.15 1.46209
0.345 0.155 1.46391
0.345 0.16 1.46572
0.345 0.165 1.46753
0.345 0.17 1.46932
0.345 0.175 1.47111
0.345 0.18 1.47289
0.345 0.185 1.47467
0.345 0.19 1.47645
0.345 0.195 1.47822
0.345 0.2 1.48
0.35 0 1.41055
0.35 0.005 1.41067
0.35 0.01 1.41105
0.35 0.015 1.41169
0.35 0.02 1.41258
0.35 0.025 1.4137
0.35 0.03 1.41503
0.35 0.035 1.41655
0.35 0.04 1.41821
0.35 0.045 1.42
0.35 0.05 1.42189
0.35 0.055 1.42385
0.35 0.06 1.42587
0.35 0.065 1.42793
0.35 0.07 1.43002
0.35 0.075 1.43211
0.35 0.08 1.43421
0.35 0.085 1.43631
0.35 0.09 1.43839
0.35 0.095 1.44046
0.35 0.1 1.4425
0.35 0.105 1.44453
0.35 0.11 1.44654
0.35 0.115 1.44852
0.35 0.12 1.45048
0.35 0.125 1.45243
0.35 0.13 1.45435
0.35 0.135 1.45625
0.35 0.14 1.45814
0.35 0.145 1.46001
0.35 0.15 1.46187
0.35 0.155 1.46372
0.35 0.16 1.46555
0.35 0.165 1.46737
0.35 0.17 1.46919
0.35 0.175 1.471
0.35 0.18 1.47281
0.35 0.185 1.47461
0.35 0.19 1.47641
0.35 0.195 1.4782
0.35 0.2 1.48
0.355 0 1.40928
0.355 0.005 1.4094
0.355 0.01 1.40979
0.355 0.015 1.41045
0.355 0.02 1.41137
0.355 0.025 1.41253
0.355 0.03 1.4139
0.355 0.035 1.41546
0.355 0.04 1.41718
0.355 0.045 1.41902
0.355 0.05 1.42096
0.355 0.055 1.42298
0.355 0.06 1.42506
0.355 0.065 1.42717
0.355 0.07 1.4293
0.355 0.075 1.43145
0.355 0.08 1.43359
0.355 0.085 1.43572
0.355 0.09 1.43784
0.355 0.095 1.43995
0.355 0.1 1.44203
0.355 0.105 1.44409
0.355 0.11 1.44613
0.355 0.115 1.44814
0.355 0.12 1.45013
0.355 0.125 1.4521
0.355 0.13 1.45405
0.355 0.135 1.45598
0.355 0.14 1.45789
0.355 0.145 1.45978
0.355 0.15 1.46166
0.355 0.155 1.46353
0.355 0.16 1.46539
0.355 0.165 1.46723
0.355 0.17 1.46907
0.355 0.175 1.4709
0.355 0.18 1.47273
0.355 0.185 1.47455
0.355 0.19 1.47637
0.355 0.195 1.47818
0.355 0.2 1.48
0.36 0 1.40811
0.36 0.005 1.40823
0.36 0.01 1.40863
0.36 0.015 1.4093
0.36 0.02 1.41025
0.36 0.025 1.41145
0.36 0.03 1.41287
0.36 0.035 1.41447
0.36 0.04 1.41624
0.36 0.045 1.41814
0.36 0.05 1.42013
0.36 0.055 1.4222
0.36 0.06 1.42433
0.36 0.065 1.42648
0.36 0.07 1.42866
0.36 0.075 1.43084
0.36 0.08 1.43302
0.36 0.085 1.43519
0.36 0.09 1.43735
0.36 0.095 1.43948
0.36 0.1 1.4416
0.36 0.105 1.44369
0.36 0.11 1.44575
0.36 0.115 1.44779
0.36 0.12 1.44981
0.36 0.125 1.4518
0.36 0.13 1.45377
0.36 0.135 1.45572
0.36 0.14 1.45766
0.36 0.145 1.45957
0.36 0.15 1.46147
0.36 0.155 1.46336
0.36 0.16 1.46523
0.36 0.165 1.4671
0.36 0.17 1.46896
0.36 0.175 1.47081
0.36 0.18 1.47265
0.36 0.185 1.47449
0.36 0.19 1.47633
0.36 0.195 1.47816
0.36 0.2 1.48
0.365 0 1.40704
0.365 0.005 1.40717
0.365 0.01 1.40758
0.365 0.015 1.40827
0.365 0.02 1.40925
0.365 0.025 1.41049
0.365 0.03 1.41195
0.365 0.035 1.41361
0.365 0.04 1.41542
0.365 0.045 1.41737
0.365 0.05 1.41941
0.365 0.055 1.42152
0.365 0.06 1.42368
0.365 0.065 1.42588
0.365 0.07 1.42809
0.365 0.075 1.43031
0.365 0.08 1.43252
0.365 0.085 1.43473
0.365 0.09 1.43691
0.365 0.095 1.43907
0.365 0.1 1.44121
0.365 0.105 1.44332
0.365 0.11 1.44541
0.365 0.115 1.44748
0.365 0.12 1.44951
0.365 0.125 1.45153
0.365 0.13 1.45352
0.365 0.135 1.45549
0.365 0.14 1.45744
0.365 0.145 1.45938
0.365 0.15 1.4613
0.365 0.155 1.4632
0.365 0.16 1.4651
0.365 0.165 1.46698
0.365 0.17 1.46885
0.365 0.175 1.47072
0.365 0.18 1.47258
0.365 0.185 1.47444
0.365 0.19 1.47629
0.365 0.195 1.47815
0.365 0.2 1.48
0.37 0 1.4061
0.37 0.005 1.40622
0.37 0.01 1.40665
0.37 0.015 1.40737
0.37 0.02 1.40839
0.37 0.025 1.40967
0.37 0.03 1.41117
0.37 0.035 1.41287
0.37 0.04 1.41473
0.37 0.045 1.41671
0.37 0.05 1.41879
0.37 0.055 1.42094
0.37 0.06 1.42314
0.37 0.065 1.42537
0.37 0.07 1.42761
0.37 0.075 1.42986
0.37 0.08 1.43209
0.37 0.085 1.43432
0.37 0.09 1.43653
0.37 0.095 1.43871
0.37 0.1 1.44087
0.37 0.105 1.44301
0.37 0.11 1.44511
0.37 0.115 1.44719
0.37 0.12 1.44925
0.37 0.125 1.45128
0.37 0.13 1.45329
0.37 0.135 1.45528
0.37 0.14 1.45725
0.37 0.145 1.4592
0.37 0.15 1.46114
0.37 0.155 1.46306
0.37 0.16 1.46497
0.37 0.165 1.46687
0.37 0.17 1.46876
0.37 0.175 1.47064
0.37 0.18 1.47252
0.37 0.185 1.47439
0.37 0.19 1.47626
0.37 0.195 1.47813
0.37 0.2 1.48
0.375 0 1.40528
0.375 0.005 1.40541
0.375 0.01 1.40586
0.375 0.015 1.40662
0.375 0.02 1.40767
0.375 0.025 1.40899
0.375 0.03 1.41054
0.375 0.035 1.41229
0.375 0.04 1.41418
0.375 0.045 1.4162
0.375 0.05 1.41831
0.375 0.055 1.42048
0.375 0.06 1.4227
0.375 0.065 1.42495
0.375 0.07 1.42722
0.375 0.075 1.42948
0.375 0.08 1.43174
0.375 0.085 1.43398
0.375 0.09 1.43621
0.375 0.095 1.43841
0.375 0.1 1.44058
0.375 0.105 1.44273
0.375 0.11 1.44485
0.375 0.115 1.44695
0.375 0.12 1.44902
0.375 0.125 1.45107
0.375 0.13 1.45309
0.375 0.135 1.45509
0.375 0.14 1.45708
0.375 0.145 1.45904
0.375 0.15 1.46099
0.375 0.155 1.46293
0.375 0.16 1.46485
0.375 0.165 1.46677
0.375 0.17 1.46867
0.375 0.175 1.47057
0.375 0.18 1.47246
0.375 0.185 1.47435
0.375 0.19 1.47623
0.375 0.195 1.47812
0.375 0.2 1.48
0.38 0 1.40457
0.38 0.005 1.40472
0.38 0.01 1.4052
0.38 0.015 1.406
0.38 0.02 1.40711
0.38 0.025 1.40849
0.38 0.03 1.41008
0.38 0.035 1.41186
0.38 0.04 1.41378
0.38 0.045 1.41582
0.38 0.05 1.41795
0.38 0.055 1.42014
0.38 0.06 1.42238
0.38 0.065 1.42464
0.38 0.07 1.42691
0.38 0.075 1.42919
0.38 0.08 1.43146
0.38 0.085 1.43371
0.38 0.09 1.43594
0.38 0.095 1.43815
0.38 0.1 1.44034
0.38 0.105 1.4425
0.38 0.11 1.44463
0.38 0.115 1.44674
0.38 0.12 1.44882
0.38 0.125 1.45088
0.38 0.13 1.45291
0.38 0.135 1.45493
0.38 0.14 1.45692
0.38 0.145 1.4589
0.38 0.15 1.46086
0.38 0.155 1.46281
0.38 0.16 1.46475
0.38 0.165 1.46667
0.38 0.17 1.46859
0.38 0.175 1.4705
0.38 0.18 1.47241
0.38 0.185 1.47431
0.38 0.19 1.47621
0.38 0.195 1.4781
0.38 0.2 1.48
0.385 0 1.40396
0.385 0.005 1.40412
0.385 0.01 1.40465
0.385 0.015 1.40553
0.385 0.02 1.40672
0.385 0.025 1.40815
0.385 0.03 1.40979
0.385 0.035 1.41159
0.385 0.04 1.41354
0.385 0.045 1.41559
0.385 0.05 1.41773
0.385 0.055 1.41992
0.385 0.06 1.42216
0.385 0.065 1.42443
0.385 0.07 1.4267
0.385 0.075 1.42898
0.385 0.08 1.43125
0.385 0.085 1.43351
0.385 0.09 1.43574
0.385 0.095 1.43796
0.385 0.1 1.44015
0.385 0.105 1.44231
0.385 0.11 1.44445
0.385 0.115 1.44657
0.385 0.12 1.44866
0.385 0.125 1.45072
0.385 0.13 1.45276
0.385 0.135 1.45479
0.385 0.14 1.45679
0.385 0.145 1.45878
0.385 0.15 1.46075
0.385 0.155 1.46271
0.385 0.16 1.46466
0.385 0.165 1.46659
0.385 0.17 1.46852
0.385 0.175 1.47044
0.385 0.18 1.47236
0.385 0.185 1.47427
0.385 0.19 1.47618
0.385 0.195 1.47809
0.385 0.2 1.48
0.39 0 1.40336
0.39 0.005 1.40352
0.39 0.01 1.40416
0.39 0.015 1.40518
0.39 0.02 1.40648
0.39 0.025 1.40799
0.39 0.03 1.40967
0.39 0.035 1.4115
0.39 0.04 1.41346
0.39 0.045 1.41551
0.39 0.05 1.41764
0.39 0.055 1.41983
0.39 0.06 1.42206
0.39 0.065 1.42431
0.39 0.07 1.42658
0.39 0.075 1.42885
0.39 0.08 1.43112
0.39 0.085 1.43337
0.39 0.09 1.4356
0.39 0.095 1.43782
0.39 0.1 1.44001
0.39 0.105 1.44217
0.39 0.11 1.44431
0.39 0.115 1.44643
0.39 0.12 1.44852
0.39 0.125 1.45059
0.39 0.13 1.45264
0.39 0.135 1.45467
0.39 0.14 1.45668
0.39 0.145 1.45867
0.39 0.15 1.46065
0.39 0.155 1.46262
0.39 0.16 1.46458
0.39 0.165 1.46652
0.39 0.17 1.46846
0.39 0.175 1.47039
0.39 0.18 1.47232
0.39 0.185 1.47424
0.39 0.19 1.47616
0.39 0.195 1.47808
0.39 0.2 1.48
0.395 0 1.40271
0.395 0.005 1.40279
0.395 0.01 1.40365
0.395 0.015 1.40494
0.395 0.02 1.40641
0.395 0.025 1.40801
0.395 0.03 1.40974
0.395 0.035 1.41158
0.395 0.04 1.41353
0.395 0.045 1.41557
0.395 0.05 1.41769
0.395 0.055 1.41985
0.395 0.06 1.42206
0.395 0.065 1.4243
0.395 0.07 1.42655
0.395 0.075 1.42881
0.395 0.08 1.43106
0.395 0.085 1.4333
0.395 0.09 1.43552
0.395 0.095 1.43772
0.395 0.1 1.43991
0.395 0.105 1.44207
0.395 0.11 1.44421
0.395 0.115 1.44632
0.395 0.12 1.44842
0.395 0.125 1.45049
0.395 0.13 1.45254
0.395 0.135 1.45457
0.395 0.14 1.45659
0.395 0.145 1.45859
0.395 0.15 1.46057
0.395 0.155 1.46255
0.395 0.16 1.46451
0.395 0.165 1.46646
0.395 0.17 1.46841
0.395 0.175 1.47035
0.395 0.18 1.47228
0.395 0.185 1.47422
0.395 0.19 1.47614
0.395 0.195 1.47807
0.395 0.2 1.48
0.4 0 1.40219
0.4 0.005 1.40185
0.4 0.01 1.40313
0.4 0.015 1.40484
0.4 0.02 1.40652
0.4 0.025 1.40822
0.4 0.03 1.40998
0.4 0.035 1.41183
0.4 0.04 1.41376
0.4 0.045 1.41577
0.4 0.05 1.41786
0.4 0.055 1.41999
0.4 0.06 1.42217
0.4 0.065 1.42438
0.4 0.07 1.4266
0.4 0.075 1.42883
0.4 0.08 1.43106
0.4 0.085 1.43328
0.4 0.09 1.43549
0.4 0.095 1.43768
0.4 0.1 1.43986
0.4 0.105 1.44201
0.4 0.11 1.44414
0.4 0.115 1.44625
0.4 0.12 1.44834
0.4 0.125 1.45041
0.4 0.13 1.45246
0.4 0.135 1.4545
0.4 0.14 1.45651
0.4 0.145 1.45852
0.4 0.15 1.46051
0.4 0.155 1.46249
0.4 0.16 1.46445
0.4 0.165 1.46641
0.4 0.17 1.46837
0.4 0.175 1.47031
0.4 0.18 1.47225
0.4 0.185 1.47419
0.4 0.19 1.47613
0.4 0.195 1.47806
0.4 0.2 1.48
0.405 0 1.40231
0.405 0.005 1.40199
0.405 0.01 1.40316
0.405 0.015 1.40507
0.405 0.02 1.40688
0.405 0.025 1.40863
0.405 0.03 1.4104
0.405 0.035 1.41223
0.405 0.04 1.41413
0.405 0.045 1.4161
0.405 0.05 1.41814
0.405 0.055 1.42024
0.405 0.06 1.42238
0.405 0.065 1.42455
0.405 0.07 1.42673
0.405 0.075 1.42893
0.405 0.08 1.43113
0.405 0.085 1.43333
0.405 0.09 1.43552
0.405 0.095 1.43769
0.405 0.1 1.43985
0.405 0.105 1.44199
0.405 0.11 1.44411
0.405 0.115 1.44621
0.405 0.12 1.44829
0.405 0.125 1.45036
0.405 0.13 1.45241
0.405 0.135 1.45444
0.405 0.14 1.45646
0.405 0.145 1.45846
0.405 0.15 1.46045
0.405 0.155 1.46244
0.405 0.16 1.46441
0.405 0.165 1.46637
0.405 0.17 1.46833
0.405 0.175 1.47028
0.405 0.18 1.47223
0.405 0.185 1.47417
0.405 0.19 1.47612
0.405 0.195 1.47806
0.405 0.2 1.48
0.41 0 1.40304
0.41 0.005 1.40283
0.41 0.01 1.40384
0.41 0.015 1.40568
0.41 0.02 1.40749
0.41 0.025 1.40923
0.41 0.03 1.41097
0.41 0.035 1.41276
0.41 0.04 1.41462
0.41 0.045 1.41654
0.41 0.05 1.41853
0.41 0.055 1.42057
0.41 0.06 1.42266
0.41 0.065 1.42479
0.41 0.07 1.42693
0.41 0.075 1.42909
0.41 0.08 1.43126
0.41 0.085 1.43343
0.41 0.09 1.43559
0.41 0.095 1.43774
0.41 0.1 1.43987
0.41 0.105 1.442
0.41 0.11 1.4441
0.41 0.115 1.4462
0.41 0.12 1.44827
0.41 0.125 1.45033
0.41 0.13 1.45237
0.41 0.135 1.4544
0.41 0.14 1.45642
0.41 0.145 1.45842
0.41 0.15 1.46041
0.41 0.155 1.4624
0.41 0.16 1.46437
0.41 0.165 1.46634
0.41 0.17 1.4683
0.41 0.175 1.47026
0.41 0.18 1.47221
0.41 0.185 1.47416
0.41 0.19 1.4761
0.41 0.195 1.47805
0.41 0.2 1.48
0.415 0 1.40416
0.415 0.005 1.40404
0.415 0.01 1.40492
0.415 0.015 1.40659
0.415 0.02 1.40831
0.415 0.025 1.40999
0.415 0.03 1.41168
0.415 0.035 1.41341
0.415 0.04 1.41521
0.415 0.045 1.41707
0.415 0.05 1.419
0.415 0.055 1.42098
0.415 0.06 1.42302
0.415 0.065 1.42509
0.415 0.07 1.42719
0.415 0.075 1.42931
0.415 0.08 1.43144
0.415 0.085 1.43357
0.415 0.09 1.4357
0.415 0.095 1.43782
0.415 0.1 1.43994
0.415 0.105 1.44204
0.415 0.11 1.44413
0.415 0.115 1.44621
0.415 0.12 1.44827
0.415 0.125 1.45032
0.415 0.13 1.45236
0.415 0.135 1.45438
0.415 0.14 1.45639
0.415 0.145 1.45839
0.415 0.15 1.46039
0.415 0.155 1.46237
0.415 0.16 1.46434
0.415 0.165 1.46631
0.415 0.17 1.46828
0.415 0.175 1.47024
0.415 0.18 1.47219
0.415 0.185 1.47414
0.415 0.19 1.4761
0.415 0.195 1.47805
0.415 0.2 1.48
0.42 0 1.40549
0.42 0.005 1.40544
0.42 0.01 1.40621
0.42 0.015 1.4077
0.42 0.02 1.40929
0.42 0.025 1.41088
0.42 0.03 1.41249
0.42 0.035 1.41415
0.42 0.04 1.41588
0.42 0.045 1.41767
0.42 0.05 1.41953
0.42 0.055 1.42146
0.42 0.06 1.42343
0.42 0.065 1.42545
0.42 0.07 1.4275
0.42 0.075 1.42957
0.42 0.08 1.43165
0.42 0.085 1.43375
0.42 0.09 1.43584
0.42 0.095 1.43794
0.42 0.1 1.44003
0.42 0.105 1.44211
0.42 0.11 1.44418
0.42 0.115 1.44624
0.42 0.12 1.44829
0.42 0.125 1.45033
0.42 0.13 1.45236
0.42 0.135 1.45437
0.42 0.14 1.45638
0.42 0.145 1.45838
0.42 0.15 1.46037
0.42 0.155 1.46235
0.42 0.16 1.46432
0.42 0.165 1.46629
0.42 0.17 1.46826
0.42 0.175 1.47022
0.42 0.18 1.47218
0.42 0.185 1.47413
0.42 0.19 1.47609
0.42 0.195 1.47804
0.42 0.2 1.48
0.425 0 1.40693
0.425 0.005 1.40692
0.425 0.01 1.40759
0.425 0.015 1.40891
0.425 0.02 1.41037
0.425 0.025 1.41185
0.425 0.03 1.41338
0.425 0.035 1.41496
0.425 0.04 1.4166
0.425 0.045 1.41833
0.425 0.05 1.42012
0.425 0.055 1.42198
0.425 0.06 1.42389
0.425 0.065 1.42585
0.425 0.07 1.42784
0.425 0.075 1.42986
0.425 0.08 1.43191
0.425 0.085 1.43396
0.425 0.09 1.43602
0.425 0.095 1.43808
0.425 0.1 1.44014
0.425 0.105 1.4422
0.425 0.11 1.44425
0.425 0.115 1.44629
0.425 0.12 1.44833
0.425 0.125 1.45036
0.425 0.13 1.45237
0.425 0.135 1.45438
0.425 0.14 1.45638
0.425 0.145 1.45837
0.425 0.15 1.46036
0.425 0.155 1.46234
0.425 0.16 1.46431
0.425 0.165 1.46628
0.425 0.17 1.46825
0.425 0.175 1.47021
0.425 0.18 1.47217
0.425 0.185 1.47413
0.425 0.19 1.47608
0.425 0.195 1.47804
0.425 0.2 1.48
0.43 0 1.40839
0.43 0.005 1.40841
0.43 0.01 1.409
0.43 0.015 1.41017
0.43 0.02 1.41149
0.43 0.025 1.41287
0.43 0.03 1.4143
0.43 0.035 1.4158
0.43 0.04 1.41737
0.43 0.045 1.41902
0.43 0.05 1.42074
0.43 0.055 1.42253
0.43 0.06 1.42438
0.43 0.065 1.42628
0.43 0.07 1.42822
0.43 0.075 1.43019
0.43 0.08 1.43218
0.43 0.085 1.43419
0.43 0.09 1.43622
0.43 0.095 1.43825
0.43 0.1 1.44028
0.43 0.105 1.44231
0.43 0.11 1.44434
0.43 0.115 1.44636
0.43 0.12 1.44838
0.43 0.125 1.45039
0.43 0.13 1.4524
0.43 0.135 1.4544
0.43 0.14 1.45639
0.43 0.145 1.45838
0.43 0.15 1.46036
0.43 0.155 1.46234
0.43 0.16 1.46431
0.43 0.165 1.46628
0.43 0.17 1.46824
0.43 0.175 1.4702
0.43 0.18 1.47216
0.43 0.185 1.47412
0.43 0.19 1.47608
0.43 0.195 1.47804
0.43 0.2 1.48
0.435 0 1.40983
0.435 0.005 1.40986
0.435 0.01 1.41039
0.435 0.015 1.41142
0.435 0.02 1.41262
0.435 0.025 1.4139
0.435 0.03 1.41523
0.435 0.035 1.41665
0.435 0.04 1.41814
0.435 0.045 1.41972
0.435 0.05 1.42137
0.435 0.055 1.4231
0.435 0.06 1.42488
0.435 0.065 1.42672
0.435 0.07 1.42861
0.435 0.075 1.43053
0.435 0.08 1.43248
0.435 0.085 1.43445
0.435 0.09 1.43643
0.435 0.095 1.43843
0.435 0.1 1.44043
0.435 0.105 1.44244
0.435 0.11 1.44444
0.435 0.115 1.44645
0.435 0.12 1.44845
0.435 0.125 1.45044
0.435 0.13 1.45244
0.435 0.135 1.45443
0.435 0.14 1.45641
0.435 0.145 1.45839
0.435 0.15 1.46037
0.435 0.155 1.46234
0.435 0.16 1.46431
0.435 0.165 1.46628
0.435 0.17 1.46824
0.435 0.175 1.4702
0.435 0.18 1.47216
0.435 0.185 1.47412
0.435 0.19 1.47608
0.435 0.195 1.47804
0.435 0.2 1.48
0.44 0 1.41121
0.44 0.005 1.41125
0.44 0.01 1.41172
0.44 0.015 1.41264
0.44 0.02 1.41373
0.44 0.025 1.41491
0.44 0.03 1.41616
0.44 0.035 1.4175
0.44 0.04 1.41892
0.44 0.045 1.42042
0.44 0.05 1.42201
0.44 0.055 1.42367
0.44 0.06 1.42539
0.44 0.065 1.42718
0.44 0.07 1.42901
0.44 0.075 1.43088
0.44 0.08 1.43278
0.44 0.085 1.43471
0.44 0.09 1.43666
0.44 0.095 1.43862
0.44 0.1 1.44059
0.44 0.105 1.44257
0.44 0.11 1.44455
0.44 0.115 1.44654
0.44 0.12 1.44852
0.44 0.125 1.4505
0.44 0.13 1.45248
0.44 0.135 1.45446
0.44 0.14 1.45644
0.44 0.145 1.45841
0.44 0.15 1.46038
0.44 0.155 1.46235
0.44 0.16 1.46431
0.44 0.165 1.46628
0.44 0.17 1.46824
0.44 0.175 1.4702
0.44 0.18 1.47216
0.44 0.185 1.47412
0.44 0.19 1.47608
0.44 0.195 1.47804
0.44 0.2 1.48
0.445 0 1.41251
0.445 0.005 1.41256
0.445 0.01 1.41298
0.445 0.015 1.4138
0.445 0.02 1.41479
0.445 0.025 1.41588
0.445 0.03 1.41706
0.445 0.035 1.41832
0.445 0.04 1.41967
0.445 0.045 1.42111
0.445 0.05 1.42263
0.445 0.055 1.42423
0.445 0.06 1.4259
0.445 0.065 1.42763
0.445 0.07 1.42941
0.445 0.075 1.43123
0.445 0.08 1.43309
0.445 0.085 1.43498
0.445 0.09 1.43689
0.445 0.095 1.43882
0.445 0.1 1.44076
0.445 0.105 1.44271
0.445 0.11 1.44467
0.445 0.115 1.44663
0.445 0.12 1.4486
0.445 0.125 1.45057
0.445 0.13 1.45254
0.445 0.135 1.4545
0.445 0.14 1.45647
0.445 0.145 1.45844
0.445 0.15 1.4604
0.445 0.155 1.46236
0.445 0.16 1.46432
0.445 0.165 1.46628
0.445 0.17 1.46824
0.445 0.175 1.4702
0.445 0.18 1.47216
0.445 0.185 1.47412
0.445 0.19 1.47608
0.445 0.195 1.47804
0.445 0.2 1.48
0.45 0 1.41371
0.45 0.005 1.41376
0.45 0.01 1.41415
0.45 0.015 1.41489
0.45 0.02 1.4158
0.45 0.025 1.41681
0.45 0.03 1.41791
0.45 0.035 1.4191
0.45 0.04 1.42039
0.45 0.045 1.42177
0.45 0.05 1.42323
0.45 0.055 1.42477
0.45 0.06 1.42639
0.45 0.065 1.42806
0.45 0.07 1.4298
0.45 0.075 1.43157
0.45 0.08 1.43339
0.45 0.085 1.43524
0.45 0.09 1.43712
0.45 0.095 1.43901
0.45 0.1 1.44093
0.45 0.105 1.44285
0.45 0.11 1.44479
0.45 0.115 1.44673
0.45 0.12 1.44868
0.45 0.125 1.45064
0.45 0.13 1.45259
0.45 0.135 1.45455
0.45 0.14 1.45651
0.45 0.145 1.45846
0.45 0.15 1.46042
0.45 0.155 1.46238
0.45 0.16 1.46434
0.45 0.165 1.46629
0.45 0.17 1.46825
0.45 0.175 1.47021
0.45 0.18 1.47216
0.45 0.185 1.47412
0.45 0.19 1.47608
0.45 0.195 1.47804
0.45 0.2 1.48
0.455 0 1.41481
0.455 0.005 1.41486
0.455 0.01 1.41522
0.455 0.015 1.41588
0.455 0.02 1.41672
0.455 0.025 1.41767
0.455 0.03 1.4187
0.455 0.035 1.41984
0.455 0.04 1.42107
0.455 0.045 1.42239
0.455 0.05 1.4238
0.455 0.055 1.42529
0.455 0.06 1.42685
0.455 0.065 1.42848
0.455 0.07 1.43017
0.455 0.075 1.4319
0.455 0.08 1.43368
0.455 0.085 1.4355
0.455 0.09 1.43734
0.455 0.095 1.43921
0.455 0.1 1.44109
0.455 0.105 1.443
0.455 0.11 1.44491
0.455 0.115 1.44684
0.455 0.12 1.44877
0.455 0.125 1.45071
0.455 0.13 1.45265
0.455 0.135 1.45459
0.455 0.14 1.45654
0.455 0.145 1.45849
0.455 0.15 1.46044
0.455 0.155 1.4624
0.455 0.16 1.46435
0.455 0.165 1.4663
0.455 0.17 1.46826
0.455 0.175 1.47021
0.455 0.18 1.47217
0.455 0.185 1.47412
0.455 0.19 1.47608
0.455 0.195 1.47804
0.455 0.2 1.48
0.46 0 1.41579
0.46 0.005 1.41585
0.46 0.01 1.41618
0.46 0.015 1.41679
0.46 0.02 1.41757
0.46 0.025 1.41845
0.46 0.03 1.41943
0.46 0.035 1.42052
0.46 0.04 1.42169
0.46 0.045 1.42297
0.46 0.05 1.42433
0.46 0.055 1.42577
0.46 0.06 1.42729
0.46 0.065 1.42887
0.46 0.07 1.43052
0.46 0.075 1.43222
0.46 0.08 1.43396
0.46 0.085 1.43574
0.46 0.09 1.43755
0.46 0.095 1.43939
0.46 0.1 1.44125
0.46 0.105 1.44313
0.46 0.11 1.44503
0.46 0.115 1.44693
0.46 0.12 1.44885
0.46 0.125 1.45077
0.46 0.13 1.45271
0.46 0.135 1.45464
0.46 0.14 1.45658
0.46 0.145 1.45852
0.46 0.15 1.46047
0.46 0.155 1.46242
0.46 0.16 1.46436
0.46 0.165 1.46631
0.46 0.17 1.46827
0.46 0.175 1.47022
0.46 0.18 1.47217
0.46 0.185 1.47413
0.46 0.19 1.47608
0.46 0.195 1.47804
0.46 0.2 1.48
0.465 0 1.41667
0.465 0.005 1.41673
0.465 0.01 1.41703
0.465 0.015 1.4176
0.465 0.02 1.41832
0.465 0.025 1.41916
0.465 0.03 1.42009
0.465 0.035 1.42113
0.465 0.04 1.42226
0.465 0.045 1.42349
0.465 0.05 1.42481
0.465 0.055 1.42621
0.465 0.06 1.42769
0.465 0.065 1.42923
0.465 0.07 1.43084
0.465 0.075 1.4325
0.465 0.08 1.43421
0.465 0.085 1.43596
0.465 0.09 1.43775
0.465 0.095 1.43956
0.465 0.1 1.4414
0.465 0.105 1.44326
0.465 0.11 1.44513
0.465 0.115 1.44703
0.465 0.12 1.44893
0.465 0.125 1.45084
0.465 0.13 1.45276
0.465 0.135 1.45469
0.465 0.14 1.45662
0.465 0.145 1.45855
0.465 0.15 1.46049
0.465 0.155 1.46243
0.465 0.16 1.46438
0.465 0.165 1.46633
0.465 0.17 1.46827
0.465 0.175 1.47023
0.465 0.18 1.47218
0.465 0.185 1.47413
0.465 0.19 1.47609
0.465 0.195 1.47804
0.465 0.2 1.48
0.47 0 1.41743
0.47 0.005 1.41749
0.47 0.01 1.41778
0.47 0.015 1.4183
0.47 0.02 1.41898
0.47 0.025 1.41977
0.47 0.03 1.42067
0.47 0.035 1.42166
0.47 0.04 1.42276
0.47 0.045 1.42395
0.47 0.05 1.42523
0.47 0.055 1.4266
0.47 0.06 1.42804
0.47 0.065 1.42955
0.47 0.07 1.43113
0.47 0.075 1.43276
0.47 0.08 1.43444
0.47 0.085 1.43616
0.47 0.09 1.43792
0.47 0.095 1.43971
0.47 0.1 1.44153
0.47 0.105 1.44337
0.47 0.11 1.44523
0.47 0.115 1.44711
0.47 0.12 1.449
0.47 0.125 1.4509
0.47 0.13 1.45281
0.47 0.135 1.45473
0.47 0.14 1.45665
0.47 0.145 1.45858
0.47 0.15 1.46052
0.47 0.155 1.46245
0.47 0.16 1.46439
0.47 0.165 1.46634
0.47 0.17 1.46828
0.47 0.175 1.47023
0.47 0.18 1.47218
0.47 0.185 1.47413
0.47 0.19 1.47609
0.47 0.195 1.47804
0.47 0.2 1.48
0.475 0 1.41807
0.475 0.005 1.41813
0.475 0.01 1.4184
0.475 0.015 1.4189
0.475 0.02 1.41954
0.475 0.025 1.4203
0.475 0.03 1.42116
0.475 0.035 1.42213
0.475 0.04 1.42319
0.475 0.045 1.42435
0.475 0.05 1.4256
0.475 0.055 1.42693
0.475 0.06 1.42835
0.475 0.065 1.42983
0.475 0.07 1.43138
0.475 0.075 1.43298
0.475 0.08 1.43464
0.475 0.085 1.43634
0.475 0.09 1.43808
0.475 0.095 1.43985
0.475 0.1 1.44165
0.475 0.105 1.44348
0.475 0.11 1.44532
0.475 0.115 1.44719
0.475 0.12 1.44906
0.475 0.125 1.45095
0.475 0.13 1.45286
0.475 0.135 1.45477
0.475 0.14 1.45668
0.475 0.145 1.45861
0.475 0.15 1.46054
0.475 0.155 1.46247
0.475 0.16 1.46441
0.475 0.165 1.46635
0.475 0.17 1.46829
0.475 0.175 1.47024
0.475 0.18 1.47219
0.475 0.185 1.47414
0.475 0.19 1.47609
0.475 0.195 1.47804
0.475 0.2 1.48
0.48 0 1.4186
0.48 0.005 1.41866
0.48 0.01 1.41892
0.48 0.015 1.41939
0.48 0.02 1.42001
0.48 0.025 1.42074
0.48 0.03 1.42157
0.48 0.035 1.42251
0.48 0.04 1.42355
0.48 0.045 1.42468
0.48 0.05 1.4259
0.48 0.055 1.42721
0.48 0.06 1.4286
0.48 0.065 1.43006
0.48 0.07 1.43159
0.48 0.075 1.43317
0.48 0.08 1.43481
0.48 0.085 1.43649
0.48 0.09 1.43821
0.48 0.095 1.43996
0.48 0.1 1.44175
0.48 0.105 1.44356
0.48 0.11 1.4454
0.48 0.115 1.44725
0.48 0.12 1.44912
0.48 0.125 1.451
0.48 0.13 1.45289
0.48 0.135 1.4548
0.48 0.14 1.45671
0.48 0.145 1.45863
0.48 0.15 1.46055
0.48 0.155 1.46249
0.48 0.16 1.46442
0.48 0.165 1.46636
0.48 0.17 1.4683
0.48 0.175 1.47024
0.48 0.18 1.47219
0.48 0.185 1.47414
0.48 0.19 1.47609
0.48 0.195 1.47805
0.48 0.2 1.48
0.485 0 1.419
0.485 0.005 1.41907
0.485 0.01 1.41932
0.485 0.015 1.41977
0.485 0.02 1.42037
0.485 0.025 1.42108
0.485 0.03 1.42189
0.485 0.035 1.42281
0.485 0.04 1.42382
0.485 0.045 1.42494
0.485 0.05 1.42614
0.485 0.055 1.42743
0.485 0.06 1.4288
0.485 0.065 1.43024
0.485 0.07 1.43175
0.485 0.075 1.43332
0.485 0.08 1.43494
0.485 0.085 1.4366
0.485 0.09 1.43831
0.485 0.095 1.44006
0.485 0.1 1.44183
0.485 0.105 1.44363
0.485 0.11 1.44546
0.485 0.115 1.4473
0.485 0.12 1.44916
0.485 0.125 1.45104
0.485 0.13 1.45293
0.485 0.135 1.45482
0.485 0.14 1.45673
0.485 0.145 1.45865
0.485 0.15 1.46057
0.485 0.155 1.4625
0.485 0.16 1.46443
0.485 0.165 1.46637
0.485 0.17 1.46831
0.485 0.175 1.47025
0.485 0.18 1.47219
0.485 0.185 1.47414
0.485 0.19 1.47609
0.485 0.195 1.47805
0.485 0.2 1.48
0.49 0 1.4193
0.49 0.005 1.41936
0.49 0.01 1.4196
0.49 0.015 1.42004
0.49 0.02 1.42063
0.49 0.025 1.42132
0.49 0.03 1.42212
0.49 0.035 1.42302
0.49 0.04 1.42403
0.49 0.045 1.42512
0.49 0.05 1.42632
0.49 0.055 1.42759
0.49 0.06 1.42895
0.49 0.065 1.43038
0.49 0.07 1.43187
0.49 0.075 1.43343
0.49 0.08 1.43503
0.49 0.085 1.43669
0.49 0.09 1.43839
0.49 0.095 1.44012
0.49 0.1 1.44189
0.49 0.105 1.44368
0.49 0.11 1.4455
0.49 0.115 1.44734
0.49 0.12 1.44919
0.49 0.125 1.45106
0.49 0.13 1.45295
0.49 0.135 1.45484
0.49 0.14 1.45675
0.49 0.145 1.45866
0.49 0.15 1.46058
0.49 0.155 1.46251
0.49 0.16 1.46444
0.49 0.165 1.46637
0.49 0.17 1.46831
0.49 0.175 1.47025
0.49 0.18 1.4722
0.49 0.185 1.47414
0.49 0.19 1.47609
0.49 0.195 1.47805
0.49 0.2 1.48
0.495 0 1.41947
0.495 0.005 1.41953
0.495 0.01 1.41978
0.495 0.015 1.42021
0.495 0.02 1.42078
0.495 0.025 1.42147
0.495 0.03 1.42226
0.495 0.035 1.42315
0.495 0.04 1.42415
0.495 0.045 1.42524
0.495 0.05 1.42642
0.495 0.055 1.42769
0.495 0.06 1.42903
0.495 0.065 1.43046
0.495 0.07 1.43194
0.495 0.075 1.43349
0.495 0.08 1.43509
0.495 0.085 1.43674
0.495 0.09 1.43843
0.495 0.095 1.44016
0.495 0.1 1.44192
0.495 0.105 1.44371
0.495 0.11 1.44553
0.495 0.115 1.44736
0.495 0.12 1.44921
0.495 0.125 1.45108
0.495 0.13 1.45296
0.495 0.135 1.45486
0.495 0.14 1.45676
0.495 0.145 1.45867
0.495 0.15 1.46059
0.495 0.155 1.46251
0.495 0.16 1.46444
0.495 0.165 1.46638
0.495 0.17 1.46831
0.495 0.175 1.47025
0.495 0.18 1.4722
0.495 0.185 1.47415
0.495 0.19 1.4761
0.495 0.195 1.47805
0.495 0.2 1.48
0.5 0 1.41953
0.5 0.005 1.41959
0.5 0.01 1.41983
0.5 0.015 1.42026
0.5 0.02 1.42083
0.5 0.025 1.42152
0.5 0.03 1.4223
0.5 0.035 1.4232
0.5 0.04 1.42419
0.5 0.045 1.42527
0.5 0.05 1.42645
0.5 0.055 1.42772
0.5 0.06 1.42906
0.5 0.065 1.43048
0.5 0.07 1.43197
0.5 0.075 1.43351
0.5 0.08 1.43511
0.5 0.085 1.43676
0.5 0.09 1.43845
0.5 0.095 1.44018
0.5 0.1 1.44193
0.5 0.105 1.44372
0.5 0.11 1.44553
0.5 0.115 1.44737
0.5 0.12 1.44922
0.5 0.125 1.45109
0.5 0.13 1.45297
0.5 0.135 1.45486
0.5 0.14 1.45676
0.5 0.145 1.45867
0.5 0.15 1.46059
0.5 0.155 1.46251
0.5 0.16 1.46444
0.5 0.165 1.46638
0.5 0.17 1.46831
0.5 0.175 1.47026
0.5 0.18 1.4722
0.5 0.185 1.47415
0.5 0.19 1.4761
0.5 0.195 1.47805
0.5 0.2 1.48
