0 0 0
0 0.005 1.4634e+07
0 0.01 1.34377e+07
0 0.015 5.5925e+06
0 0.02 1.38903e+06
0 0.025 419441
0 0.03 191558
0 0.035 108572
0 0.04 70731.1
0 0.045 50039
0 0.05 36679.6
0 0.055 27180.4
0 0.06 20170.1
0 0.065 14964.7
0 0.07 11122.7
0 0.075 8318.72
0 0.08 6313.07
0 0.085 4935.57
0 0.09 3940.19
0 0.095 3223.19
0 0.1 2695.48
0 0.105 2286.9
0 0.11 1948.5
0 0.115 1651.53
0 0.12 1382.73
0 0.125 1137.97
0 0.13 916.722
0 0.135 718.129
0 0.14 538.328
0 0.145 367.892
0 0.15 188.166
0 0.155 -34.8449
0 0.16 -360.351
0 0.165 -886.815
0 0.17 -1767.16
0 0.175 -3212.05
0 0.18 -5442.44
0 0.185 -8491.99
0 0.19 -11623.2
0 0.195 -11810.6
0 0.2 0
0.005 0 0
0.005 0.005 1.41639e+07
0.005 0.01 1.29207e+07
0.005 0.015 5.26626e+06
0.005 0.02 1.26139e+06
0.005 0.025 381184
0.005 0.03 180188
0.005 0.035 105722
0.005 0.04 70771.4
0.005 0.045 50942.4
0.005 0.05 37688.4
0.005 0.055 28045.3
0.005 0.06 20841.8
0.005 0.065 15464.1
0.005 0.07 11488.3
0.005 0.075 8587.37
0.005 0.08 6516.03
0.005 0.085 5092.62
0.005 0.09 4064.42
0.005 0.095 3323.43
0.005 0.1 2777.19
0.005 0.105 2353.39
0.005 0.11 2002.04
0.005 0.115 1693.98
0.005 0.12 1415.81
0.005 0.125 1163.32
0.005 0.13 935.84
0.005 0.135 732.33
0.005 0.14 548.727
0.005 0.145 375.406
0.005 0.15 193.539
0.005 0.155 -31.0176
0.005 0.16 -357.601
0.005 0.165 -884.799
0.005 0.17 -1765.69
0.005 0.175 -3211.19
0.005 0.18 -5442.63
0.005 0.185 -8494.17
0.005 0.19 -11628.4
0.005 0.195 -11818
0.005 0.2 0
0.01 0 0
0.01 0.005 1.26964e+07
0.01 0.01 1.13094e+07
0.01 0.015 4.25293e+06
0.01 0.02 866599
0.01 0.025 263356
0.01 0.03 145349
0.01 0.035 97095.5
0.01 0.04 71001.5
0.01 0.045 53789.9
0.01 0.05 40831.2
0.01 0.055 30726.6
0.01 0.06 22918.1
0.01 0.065 17004.7
0.01 0.07 12614.3
0.01 0.075 9414.7
0.01 0.08 7142.36
0.01 0.085 5576.83
0.01 0.09 4447.13
0.01 0.095 3631.87
0.01 0.1 3028.14
0.01 0.105 2557.15
0.01 0.11 2165.69
0.01 0.115 1823.42
0.01 0.12 1516.5
0.01 0.125 1240.37
0.01 0.13 993.883
0.01 0.135 775.409
0.01 0.14 580.248
0.01 0.145 398.168
0.01 0.15 209.8
0.01 0.155 -19.4536
0.01 0.16 -349.321
0.01 0.165 -878.77
0.01 0.17 -1761.36
0.01 0.175 -3208.72
0.01 0.18 -5443.33
0.01 0.185 -8500.75
0.01 0.19 -11643.9
0.01 0.195 -11840
0.01 0.2 0
0.015 0 0
0.015 0.005 1.00508e+07
0.015 0.01 8.4154e+06
0.015 0.015 2.44449e+06
0.015 0.02 167867
0.015 0.025 56614.4
0.015 0.03 84842.5
0.015 0.035 82493.1
0.015 0.04 71775
0.015 0.045 59012.5
0.015 0.05 46470.2
0.015 0.055 35492.7
0.015 0.06 26587.5
0.015 0.065 19716.6
0.015 0.07 14591.6
0.015 0.075 10867.2
0.015 0.08 8247.5
0.015 0.085 6428.8
0.015 0.09 5119.44
0.015 0.095 4172.42
0.015 0.1 3466.29
0.015 0.105 2911.24
0.015 0.11 2448.75
0.015 0.115 2046.34
0.015 0.12 1689.28
0.015 0.125 1372.19
0.015 0.13 1092.96
0.015 0.135 848.818
0.015 0.14 633.893
0.015 0.145 436.862
0.015 0.15 237.409
0.015 0.155 0.140355
0.015 0.16 -335.346
0.015 0.165 -868.664
0.015 0.17 -1754.16
0.015 0.175 -3204.69
0.015 0.18 -5444.6
0.015 0.185 -8511.76
0.015 0.19 -11669.7
0.015 0.195 -11876.4
0.015 0.2 0
0.02 0 0
0.02 0.005 5.8954e+06
0.02 0.01 3.89402e+06
0.02 0.015 -354085
0.02 0.02 -899961
0.02 0.025 -255195
0.02 0.03 -4982.95
0.02 0.035 61689.6
0.02 0.04 73782.7
0.02 0.045 67402.8
0.02 0.05 55258.1
0.02 0.055 42822.2
0.02 0.06 32184.3
0.02 0.065 23830.3
0.02 0.07 17581.2
0.02 0.075 13063.2
0.02 0.08 9928.89
0.02 0.085 7719.91
0.02 0.09 6136.08
0.02 0.095 4986.8
0.02 0.1 4122.68
0.02 0.105 3438.11
0.02 0.11 2867.04
0.02 0.115 2373.74
0.02 0.12 1941.72
0.02 0.125 1564.01
0.02 0.13 1236.68
0.02 0.135 955.046
0.02 0.14 711.381
0.02 0.145 492.676
0.02 0.15 277.181
0.02 0.155 28.317
0.02 0.16 -315.305
0.02 0.165 -854.233
0.02 0.17 -1743.94
0.02 0.175 -3198.98
0.02 0.18 -5446.29
0.02 0.185 -8526.99
0.02 0.19 -11705.5
0.02 0.195 -11927
0.02 0.2 0
0.025 0 0
0.025 0.005 -306640
0.025 0.01 -2.80682e+06
0.025 0.015 -4.44964e+06
0.025 0.02 -2.43653e+06
0.025 0.025 -695834
0.025 0.03 -129139
0.025 0.035 34647.4
0.025 0.04 78235.8
0.025 0.045 80244.5
0.025 0.05 68222.4
0.025 0.055 53457.4
0.025 0.06 40223.2
0.025 0.065 29700.6
0.025 0.07 21834.7
0.025 0.075 16193.6
0.025 0.08 12322.8
0.025 0.085 9556.69
0.025 0.09 7578.91
0.025 0.095 6136.69
0.025 0.1 5042.58
0.025 0.105 4170.17
0.025 0.11 3443.32
0.025 0.115 2821.41
0.025 0.12 2284.73
0.025 0.125 1823.33
0.025 0.13 1430.22
0.025 0.135 1097.69
0.025 0.14 815.214
0.025 0.145 567.345
0.025 0.15 330.313
0.025 0.155 65.9
0.025 0.16 -288.631
0.025 0.165 -835.076
0.025 0.17 -1730.38
0.025 0.175 -3191.27
0.025 0.18 -5448.07
0.025 0.185 -8546.09
0.025 0.19 -11750.9
0.025 0.195 -11991.8
0.025 0.2 0
0.03 0 0
0.03 0.005 -9.3866e+06
0.03 0.01 -1.25322e+07
0.03 0.015 -1.03009e+07
0.03 0.02 -4.58516e+06
0.03 0.025 -1.29765e+06
0.03 0.03 -293725
0.03 0.035 1900.69
0.03 0.04 87170.1
0.03 0.045 99518.3
0.03 0.05 86896
0.03 0.055 68485.2
0.03 0.06 51450.4
0.03 0.065 37841.8
0.03 0.07 27722.9
0.03 0.075 20560.6
0.03 0.08 15619.1
0.03 0.085 12090
0.03 0.09 9562.57
0.03 0.095 7706.96
0.03 0.1 6287.32
0.03 0.105 5150.82
0.03 0.11 4207.88
0.03 0.115 3410.33
0.03 0.12 2732.81
0.03 0.125 2160.21
0.03 0.13 1680.57
0.03 0.135 1281.61
0.03 0.14 948.769
0.03 0.145 663.22
0.03 0.15 398.436
0.03 0.155 114.016
0.03 0.16 -254.542
0.03 0.165 -810.628
0.03 0.17 -1713.03
0.03 0.175 -3181.16
0.03 0.18 -5449.5
0.03 0.185 -8568.57
0.03 0.19 -11805.7
0.03 0.195 -12070.5
0.03 0.2 0
0.035 0 0
0.035 0.005 -2.26162e+07
0.035 0.01 -2.65567e+07
0.035 0.015 -1.85798e+07
0.035 0.02 -7.54578e+06
0.035 0.025 -2.10244e+06
0.035 0.03 -505277
0.035 0.035 -34777
0.035 0.04 103930
0.035 0.045 128215
0.035 0.05 113510
0.035 0.055 89455.2
0.035 0.06 66917.5
0.035 0.065 48974.3
0.035 0.07 35760.5
0.035 0.075 26564.5
0.035 0.08 20113.6
0.035 0.085 15531.8
0.035 0.09 12242.4
0.035 0.095 9809.98
0.035 0.1 7936.71
0.035 0.105 6435.91
0.035 0.11 5199.48
0.035 0.115 4167.3
0.035 0.12 3304.5
0.035 0.125 2587.5
0.035 0.13 1996.69
0.035 0.135 1513.07
0.035 0.14 1116.44
0.035 0.145 783.368
0.035 0.15 483.684
0.035 0.155 174.143
0.035 0.16 -212.009
0.035 0.165 -780.149
0.035 0.17 -1691.3
0.035 0.175 -3168.09
0.035 0.18 -5449.98
0.035 0.185 -8593.8
0.035 0.19 -11869.1
0.035 0.195 -12162.9
0.035 0.2 0
0.04 0 0
0.04 0.005 -4.19425e+07
0.04 0.01 -4.67996e+07
0.04 0.015 -3.02645e+07
0.04 0.02 -1.1592e+07
0.04 0.025 -3.1617e+06
0.04 0.03 -769390
0.04 0.035 -71242
0.04 0.04 133918
0.04 0.045 170796
0.04 0.05 151270
0.04 0.055 118548
0.04 0.06 88091.9
0.04 0.065 64112.4
0.04 0.07 46702.6
0.04 0.075 34701.9
0.04 0.08 26191.7
0.04 0.085 20165.4
0.04 0.09 15822.9
0.04 0.095 12591
0.04 0.1 10092.3
0.04 0.105 8095.76
0.04 0.11 6466.63
0.04 0.115 5125.83
0.04 0.12 4023.06
0.04 0.125 3121.42
0.04 0.13 2389.92
0.04 0.135 1800.03
0.04 0.14 1323.82
0.04 0.145 931.718
0.04 0.15 588.796
0.04 0.155 248.18
0.04 0.16 -159.712
0.04 0.165 -742.691
0.04 0.17 -1664.44
0.04 0.175 -3151.38
0.04 0.18 -5448.79
0.04 0.185 -8621.02
0.04 0.19 -11940.6
0.04 0.195 -12268.8
0.04 0.2 0
0.045 0 0
0.045 0.005 -7.03667e+07
0.045 0.01 -7.61646e+07
0.045 0.015 -4.67761e+07
0.045 0.02 -1.70928e+07
0.045 0.025 -4.53508e+06
0.045 0.03 -1.08802e+06
0.045 0.035 -99108.4
0.045 0.04 185743
0.045 0.045 233865
0.045 0.05 204742
0.045 0.055 158808
0.045 0.06 117009
0.045 0.065 84679.7
0.045 0.07 61670.2
0.045 0.075 45673.6
0.045 0.08 34371.4
0.045 0.085 26364.8
0.045 0.09 20569
0.045 0.095 16234.4
0.045 0.1 12881.2
0.045 0.105 10217.7
0.045 0.11 8069.43
0.045 0.115 6327.45
0.045 0.12 4917.34
0.045 0.125 3782.16
0.045 0.13 2874.47
0.045 0.135 2152.54
0.045 0.14 1578
0.045 0.145 1113.24
0.045 0.15 717.249
0.045 0.155 338.539
0.045 0.16 -95.9771
0.045 0.165 -697.063
0.045 0.17 -1631.54
0.045 0.175 -3130.2
0.045 0.18 -5445.07
0.045 0.185 -8649.3
0.045 0.19 -12019.4
0.045 0.195 -12387.9
0.045 0.2 0
0.05 0 0
0.05 0.005 -1.12561e+08
0.05 0.01 -1.19076e+08
0.05 0.015 -7.01824e+07
0.05 0.02 -2.45369e+07
0.05 0.025 -6.2852e+06
0.05 0.03 -1.45453e+06
0.05 0.035 -102714
0.05 0.04 272942
0.05 0.045 327119
0.05 0.05 280399
0.05 0.055 214467
0.05 0.06 156480
0.05 0.065 112620
0.05 0.07 82071.4
0.05 0.075 60489.6
0.05 0.08 45351.7
0.05 0.085 34618.8
0.05 0.09 26818.8
0.05 0.095 20971.9
0.05 0.1 16461.4
0.05 0.105 12909.7
0.05 0.11 10081.9
0.05 0.115 7823.37
0.05 0.12 6023.07
0.05 0.125 4594.83
0.05 0.13 3468.1
0.05 0.135 2583.16
0.05 0.14 1887.87
0.05 0.145 1334.23
0.05 0.15 873.44
0.05 0.155 448.273
0.05 0.16 -18.6942
0.05 0.165 -641.779
0.05 0.17 -1591.47
0.05 0.175 -3103.56
0.05 0.18 -5437.81
0.05 0.185 -8677.56
0.05 0.19 -12104.6
0.05 0.195 -12519.7
0.05 0.2 0
0.055 0 0
0.055 0.005 -1.75879e+08
0.055 0.01 -1.82326e+08
0.055 0.015 -1.03491e+08
0.055 0.02 -3.45559e+07
0.055 0.025 -8.46488e+06
0.055 0.03 -1.84487e+06
0.055 0.035 -54323
0.055 0.04 416508
0.055 0.045 464697
0.055 0.05 387359
0.055 0.055 291421
0.055 0.06 210499
0.055 0.065 150984
0.055 0.07 109582
0.055 0.075 80445
0.055 0.08 60045.8
0.055 0.085 45555.9
0.055 0.09 34999.6
0.055 0.095 27092.2
0.055 0.1 21028.3
0.055 0.105 16304.5
0.055 0.11 12595.3
0.055 0.115 9676.91
0.055 0.12 7384.61
0.055 0.125 5590.76
0.055 0.13 4193.04
0.055 0.135 3107.71
0.055 0.14 2264.68
0.055 0.145 1602.61
0.055 0.15 1062.93
0.055 0.155 581.236
0.055 0.16 74.7932
0.055 0.165 -574.985
0.055 0.17 -1542.84
0.055 0.175 -3070.29
0.055 0.18 -5425.82
0.055 0.185 -8704.58
0.055 0.19 -12194.9
0.055 0.195 -12663.7
0.055 0.2 0
0.06 0 0
0.06 0.005 -2.72054e+08
0.06 0.01 -2.76432e+08
0.06 0.015 -1.51064e+08
0.06 0.02 -4.79348e+07
0.06 0.025 -1.10907e+07
0.06 0.03 -2.20268e+06
0.06 0.035 93252.3
0.06 0.04 648534
0.06 0.045 667021
0.06 0.05 538389
0.06 0.055 397800
0.06 0.06 284504
0.06 0.065 203655
0.06 0.07 146869
0.06 0.075 107297
0.06 0.08 79642.3
0.06 0.085 59975.9
0.06 0.09 45646.5
0.06 0.095 34953.3
0.06 0.1 26822.7
0.06 0.105 20566.1
0.06 0.11 15722.6
0.06 0.115 11966.7
0.06 0.12 9057.33
0.06 0.125 6809.2
0.06 0.13 5077.25
0.06 0.135 3746.15
0.06 0.14 2722.62
0.06 0.145 1928.44
0.06 0.15 1292.76
0.06 0.155 742.306
0.06 0.16 187.833
0.06 0.165 -494.367
0.06 0.17 -1483.98
0.06 0.175 -3028.98
0.06 0.18 -5407.75
0.06 0.185 -8728.93
0.06 0.19 -12289.2
0.06 0.195 -12819.5
0.06 0.2 0
0.065 0 0
0.065 0.005 -4.20108e+08
0.065 0.01 -4.17807e+08
0.065 0.015 -2.19182e+08
0.065 0.02 -6.55822e+07
0.065 0.025 -1.4092e+07
0.065 0.03 -2.41513e+06
0.065 0.035 417561
0.065 0.04 1.01733e+06
0.065 0.045 963343
0.065 0.05 751322
0.065 0.055 545005
0.065 0.06 386531
0.065 0.065 275279
0.065 0.07 197307
0.065 0.075 143329
0.065 0.08 105663
0.065 0.085 78886
0.065 0.09 59425.4
0.065 0.095 44998.4
0.065 0.1 34143.2
0.065 0.105 25898.2
0.065 0.11 19604.5
0.065 0.115 14791.4
0.065 0.12 11110.9
0.065 0.125 8299.8
0.065 0.13 6156.21
0.065 0.135 4523.82
0.065 0.14 3279.75
0.065 0.145 2324.49
0.065 0.15 1571.88
0.065 0.155 937.672
0.065 0.16 324.653
0.065 0.165 -397.033
0.065 0.17 -1412.83
0.065 0.175 -2978.01
0.065 0.18 -5382.04
0.065 0.185 -8749.01
0.065 0.19 -12386.1
0.065 0.195 -12986.3
0.065 0.2 0
0.07 0 0
0.07 0.005 -6.5163e+08
0.07 0.01 -6.32335e+08
0.07 0.015 -3.16764e+08
0.07 0.02 -8.84105e+07
0.07 0.025 -1.72209e+07
0.07 0.03 -2.27618e+06
0.07 0.035 1.04179e+06
0.07 0.04 1.59447e+06
0.07 0.045 1.39524e+06
0.07 0.05 1.05097e+06
0.07 0.055 748916
0.07 0.06 527838
0.07 0.065 372644
0.07 0.07 265357
0.07 0.075 191482
0.07 0.08 140035
0.07 0.085 103545
0.07 0.09 77164.2
0.07 0.095 57778.6
0.07 0.1 43361.8
0.07 0.105 32555.9
0.07 0.11 24418.6
0.07 0.115 18275.9
0.07 0.12 13634.1
0.07 0.125 10125.8
0.07 0.13 7475.2
0.07 0.135 5473.11
0.07 0.14 3959.15
0.07 0.145 2807.09
0.07 0.15 1911.71
0.07 0.155 1175.22
0.07 0.16 490.617
0.07 0.165 -279.355
0.07 0.17 -1326.86
0.07 0.175 -2915.41
0.07 0.18 -5346.91
0.07 0.185 -8763.01
0.07 0.19 -12483.8
0.07 0.195 -13163.3
0.07 0.2 0
0.075 0 0
0.075 0.005 -1.02111e+09
0.075 0.01 -9.61541e+08
0.075 0.015 -4.56203e+08
0.075 0.02 -1.17036e+08
0.075 0.025 -1.99041e+07
0.075 0.03 -1.43688e+06
0.075 0.035 2.15415e+06
0.075 0.04 2.48465e+06
0.075 0.045 2.02189e+06
0.075 0.05 1.472e+06
0.075 0.055 1.03223e+06
0.075 0.06 721172
0.075 0.065 504709
0.075 0.07 356814
0.075 0.075 255499
0.075 0.08 185172
0.075 0.085 135523
0.075 0.09 99896
0.075 0.095 73984.2
0.075 0.1 54947.9
0.075 0.105 40863.2
0.075 0.11 30391.5
0.075 0.115 22580.4
0.075 0.12 16740.8
0.075 0.125 12368.8
0.075 0.13 9092.55
0.075 0.135 6635.71
0.075 0.14 4790.5
0.075 0.145 3397.19
0.075 0.15 2326.9
0.075 0.155 1465.02
0.075 0.16 692.555
0.075 0.165 -136.752
0.075 0.17 -1222.95
0.075 0.175 -2838.86
0.075 0.18 -5300.32
0.075 0.185 -8768.91
0.075 0.19 -12580.6
0.075 0.195 -13349.7
0.075 0.2 0
0.08 0 0
0.08 0.005 -1.62867e+09
0.08 0.01 -1.47436e+09
0.08 0.015 -6.54382e+08
0.08 0.02 -1.51193e+08
0.08 0.025 -2.10287e+07
0.08 0.03 661386
0.08 0.035 4.03712e+06
0.08 0.04 3.83367e+06
0.08 0.045 2.92362e+06
0.08 0.05 2.06353e+06
0.08 0.055 1.42732e+06
0.08 0.06 984525
0.08 0.065 682992
0.08 0.07 479042
0.08 0.075 340082
0.08 0.08 244099
0.08 0.085 176787
0.08 0.09 128922
0.08 0.095 94492.2
0.08 0.1 69502.2
0.08 0.105 51237.8
0.08 0.11 37816.8
0.08 0.115 27912.8
0.08 0.12 20579.3
0.08 0.125 15134.6
0.08 0.13 11084
0.08 0.135 8065.73
0.08 0.14 5812.22
0.08 0.145 4121.88
0.08 0.15 2836.32
0.08 0.155 1820.04
0.08 0.16 939.209
0.08 0.165 36.5888
0.08 0.17 -1097.2
0.08 0.175 -2745.57
0.08 0.18 -5239.94
0.08 0.185 -8764.42
0.08 0.19 -12674.5
0.08 0.195 -13544.4
0.08 0.2 0
0.085 0 0
0.085 0.005 -2.67744e+09
0.085 0.01 -2.29321e+09
0.085 0.015 -9.34687e+08
0.085 0.02 -1.8886e+08
0.085 0.025 -1.86783e+07
0.085 0.03 4.87988e+06
0.085 0.035 7.07796e+06
0.085 0.04 5.83553e+06
0.085 0.045 4.20783e+06
0.085 0.05 2.89368e+06
0.085 0.055 1.96868e+06
0.085 0.06 1.34147e+06
0.085 0.065 922230
0.085 0.07 641322
0.085 0.075 451131
0.085 0.08 320616
0.085 0.085 229831
0.085 0.09 165910
0.085 0.095 120437
0.085 0.1 87808.4
0.085 0.105 64227.1
0.085 0.11 47080.3
0.085 0.115 34546.9
0.085 0.12 25344.6
0.085 0.125 18562.5
0.085 0.13 13549
0.085 0.135 9833.84
0.085 0.14 7074.37
0.085 0.145 5016.36
0.085 0.15 3464.43
0.085 0.155 2257.03
0.085 0.16 1241.83
0.085 0.165 248.084
0.085 0.17 -944.732
0.085 0.175 -2632.18
0.085 0.18 -5163.07
0.085 0.185 -8747.02
0.085 0.19 -12763
0.085 0.195 -13746.3
0.085 0.2 0
0.09 0 0
0.09 0.005 -4.63782e+09
0.09 0.01 -3.66236e+09
0.09 0.015 -1.33504e+09
0.09 0.02 -2.25498e+08
0.09 0.025 -9.80978e+06
0.09 0.03 1.23971e+07
0.09 0.035 1.17766e+07
0.09 0.04 8.72931e+06
0.09 0.045 6.01299e+06
0.09 0.05 4.04727e+06
0.09 0.055 2.70455e+06
0.09 0.06 1.82157e+06
0.09 0.065 1.24087e+06
0.09 0.07 855295
0.09 0.075 596095
0.09 0.08 419580
0.09 0.085 297883
0.09 0.09 213044
0.09 0.095 153318
0.09 0.1 110908
0.09 0.105 80560.7
0.09 0.11 58696.8
0.09 0.115 42847.6
0.09 0.12 31295.9
0.09 0.125 22836.9
0.09 0.13 16618.5
0.09 0.135 12033.1
0.09 0.14 8642.64
0.09 0.145 6126.63
0.09 0.15 4243.11
0.09 0.155 2797.73
0.09 0.16 1614.96
0.09 0.165 507.263
0.09 0.17 -759.389
0.09 0.175 -2494.56
0.09 0.18 -5066.58
0.09 0.185 -8713.89
0.09 0.19 -12843.8
0.09 0.195 -13954
0.09 0.2 0
0.095 0 0
0.095 0.005 -8.77352e+09
0.095 0.01 -6.14681e+09
0.095 0.015 -1.93882e+09
0.095 0.02 -2.52797e+08
0.095 0.025 1.00396e+07
0.095 0.03 2.46164e+07
0.095 0.035 1.86833e+07
0.095 0.04 1.27962e+07
0.095 0.045 8.52091e+06
0.095 0.05 5.60527e+06
0.095 0.055 3.6923e+06
0.095 0.06 2.46132e+06
0.095 0.065 1.66204e+06
0.095 0.07 1.13574e+06
0.095 0.075 784588
0.095 0.08 547359
0.095 0.085 385233
0.095 0.09 273254
0.095 0.095 195159
0.095 0.1 140209
0.095 0.105 101227
0.095 0.11 73362
0.095 0.115 53306.4
0.095 0.12 38781.3
0.095 0.125 28204.5
0.095 0.13 20467.4
0.095 0.135 14786.8
0.095 0.14 10603.8
0.095 0.145 7513.21
0.095 0.15 5214.13
0.095 0.155 3470.55
0.095 0.16 2077.55
0.095 0.165 826.442
0.095 0.17 -533.308
0.095 0.175 -2327.62
0.095 0.18 -4946.81
0.095 0.185 -8661.84
0.095 0.19 -12913.8
0.095 0.195 -14166
0.095 0.2 0
0.1 0 0
0.1 0.005 -1.88257e+10
0.1 0.01 -1.10288e+10
0.1 0.015 -2.8568e+09
0.1 0.02 -2.34528e+08
0.1 0.025 4.68773e+07
0.1 0.03 4.25346e+07
0.1 0.035 2.82019e+07
0.1 0.04 1.83309e+07
0.1 0.045 1.18791e+07
0.1 0.05 7.67807e+06
0.1 0.055 5.00131e+06
0.1 0.06 3.30627e+06
0.1 0.065 2.21528e+06
0.1 0.07 1.50199e+06
0.1 0.075 1.02944e+06
0.1 0.08 712581
0.1 0.085 497752
0.1 0.09 350573
0.1 0.095 248751
0.1 0.1 177656
0.1 0.105 127583
0.1 0.11 92028.5
0.1 0.115 66593.3
0.1 0.12 48273.1
0.1 0.125 34998.1
0.1 0.13 25329.9
0.1 0.135 18259.8
0.1 0.14 13073
0.1 0.145 9256.21
0.1 0.15 6432.57
0.1 0.155 4312.79
0.1 0.16 2654.33
0.1 0.165 1221.64
0.1 0.17 -256.384
0.1 0.175 -2124.99
0.1 0.18 -4799.42
0.1 0.185 -8587.34
0.1 0.19 -12970.1
0.1 0.195 -14380.6
0.1 0.2 0
0.105 0 -2.56814e+10
0.105 0.005 -2.05741e+10
0.105 0.01 -9.1087e+09
0.105 0.015 -1.76343e+09
0.105 0.02 -5.69676e+06
0.105 0.025 9.71649e+07
0.105 0.03 6.42031e+07
0.105 0.035 4.02768e+07
0.105 0.04 2.55277e+07
0.105 0.045 1.62448e+07
0.105 0.05 1.03883e+07
0.105 0.055 6.71928e+06
0.105 0.06 4.41589e+06
0.105 0.065 2.94014e+06
0.105 0.07 1.98046e+06
0.105 0.075 1.34841e+06
0.105 0.08 927308
0.105 0.085 643684
0.105 0.09 450667
0.105 0.095 318006
0.105 0.1 225960
0.105 0.105 161517
0.105 0.11 116014
0.105 0.115 83630.3
0.105 0.12 60416.9
0.105 0.125 43670.5
0.105 0.13 31523.4
0.105 0.135 22673.8
0.105 0.14 16204.7
0.105 0.145 11462.3
0.105 0.15 7971.42
0.105 0.155 5373.7
0.105 0.16 3377.88
0.105 0.165 1713.81
0.105 0.17 84.473
0.105 0.175 -1878.63
0.105 0.18 -4619.16
0.105 0.185 -8486.34
0.105 0.19 -13009.2
0.105 0.195 -14595.8
0.105 0.2 0
0.11 0 2.09419e+09
0.11 0.005 -2.09226e+09
0.11 0.01 -9.51604e+08
0.11 0.015 4.91e+07
0.11 0.02 1.97697e+08
0.11 0.025 1.40003e+08
0.11 0.03 8.79628e+07
0.11 0.035 5.49875e+07
0.11 0.04 3.4551e+07
0.11 0.045 2.18388e+07
0.11 0.05 1.39003e+07
0.11 0.055 8.97172e+06
0.11 0.06 5.87347e+06
0.11 0.065 3.89247e+06
0.11 0.07 2.60876e+06
0.11 0.075 1.76698e+06
0.11 0.08 1.20885e+06
0.11 0.085 834836
0.11 0.09 581624
0.11 0.095 408484
0.11 0.1 288957
0.11 0.105 205682
0.11 0.11 147159
0.11 0.115 105697
0.11 0.12 76104
0.11 0.125 54842.3
0.11 0.13 39480
0.11 0.135 28329
0.11 0.14 20206.6
0.11 0.145 14274.3
0.11 0.15 9928.02
0.11 0.155 6718.64
0.11 0.16 4291.24
0.11 0.165 2330.53
0.11 0.17 506.347
0.11 0.175 -1578.21
0.11 0.18 -4399.65
0.11 0.185 -8354.23
0.11 0.19 -13027.2
0.11 0.195 -14809.4
0.11 0.2 0
0.115 0 2.04396e+10
0.115 0.005 3.12976e+09
0.115 0.01 1.04523e+09
0.115 0.015 5.15839e+08
0.115 0.02 3.07053e+08
0.115 0.025 1.89314e+08
0.115 0.03 1.17467e+08
0.115 0.035 7.32902e+07
0.115 0.04 4.59889e+07
0.115 0.045 2.9037e+07
0.115 0.05 1.84929e+07
0.115 0.055 1.19385e+07
0.115 0.06 7.80034e+06
0.115 0.065 5.15395e+06
0.115 0.07 3.44196e+06
0.115 0.075 2.32234e+06
0.115 0.08 1.5824e+06
0.115 0.085 1.08833e+06
0.115 0.09 755106
0.115 0.095 528157
0.115 0.1 372112
0.115 0.105 263838
0.115 0.11 188056
0.115 0.115 134584
0.115 0.12 96572.7
0.115 0.125 69370.9
0.115 0.13 49792.5
0.115 0.135 35634.8
0.115 0.14 25360.3
0.115 0.145 17884.9
0.115 0.15 12432.8
0.115 0.155 8434.83
0.115 0.16 5451.55
0.115 0.165 3108.27
0.115 0.17 1031.68
0.115 0.175 -1210.43
0.115 0.18 -4132.95
0.115 0.185 -8185.68
0.115 0.19 -13019.9
0.115 0.195 -15019.1
0.115 0.2 0
0.12 0 3.18534e+10
0.12 0.005 4.67547e+09
0.12 0.01 1.6596e+09
0.12 0.015 7.86576e+08
0.12 0.02 4.3204e+08
0.12 0.025 2.55465e+08
0.12 0.03 1.56161e+08
0.12 0.035 9.70159e+07
0.12 0.04 6.08686e+07
0.12 0.045 3.84771e+07
0.12 0.05 2.45959e+07
0.12 0.055 1.58926e+07
0.12 0.06 1.0377e+07
0.12 0.065 6.8454e+06
0.12 0.07 4.56123e+06
0.12 0.075 3.06914e+06
0.12 0.08 2.08481e+06
0.12 0.085 1.42908e+06
0.12 0.09 988017
0.12 0.095 688520
0.12 0.1 483266
0.12 0.105 341344
0.12 0.11 242377
0.12 0.115 172813
0.12 0.12 123556
0.12 0.125 88447.8
0.12 0.13 63280.1
0.12 0.135 45153
0.12 0.14 32049.9
0.12 0.145 22555.1
0.12 0.15 15661.7
0.12 0.155 10639.2
0.12 0.16 6935.12
0.12 0.165 4095.47
0.12 0.17 1690.13
0.12 0.175 -757.901
0.12 0.18 -3809.05
0.12 0.185 -7974.37
0.12 0.19 -12982.6
0.12 0.195 -15222
0.12 0.2 0
0.125 0 4.3344e+10
0.125 0.005 6.42109e+09
0.125 0.01 2.27948e+09
0.125 0.015 1.07931e+09
0.125 0.02 5.8548e+08
0.125 0.025 3.41372e+08
0.125 0.03 2.07019e+08
0.125 0.035 1.28302e+08
0.125 0.04 8.05837e+07
0.125 0.045 5.11561e+07
0.125 0.05 3.27948e+07
0.125 0.055 2.1224e+07
0.125 0.06 1.38651e+07
0.125 0.065 9.14262e+06
0.125 0.07 6.08484e+06
0.125 0.075 4.087e+06
0.125 0.08 2.76977e+06
0.125 0.085 1.89334e+06
0.125 0.09 1.30487e+06
0.125 0.095 906184
0.125 0.1 633699
0.125 0.105 445876
0.125 0.11 315354
0.125 0.115 223954
0.125 0.12 159493
0.125 0.125 113739
0.125 0.13 81080.2
0.125 0.135 57658.7
0.125 0.14 40801.7
0.125 0.145 28640.1
0.125 0.15 19852.5
0.125 0.155 13489
0.125 0.16 8844.13
0.125 0.165 5356.77
0.125 0.17 2521.06
0.125 0.175 -197.753
0.125 0.18 -3415.16
0.125 0.185 -7712.75
0.125 0.19 -12910
0.125 0.195 -15415.1
0.125 0.2 0
0.13 0 5.43517e+10
0.13 0.005 8.44833e+09
0.13 0.01 3.00781e+09
0.13 0.015 1.42669e+09
0.13 0.02 7.73329e+08
0.13 0.025 4.50211e+08
0.13 0.03 2.73007e+08
0.13 0.035 1.6955e+08
0.13 0.04 1.0691e+08
0.13 0.045 6.81613e+07
0.13 0.05 4.38604e+07
0.13 0.055 2.84657e+07
0.13 0.06 1.86295e+07
0.13 0.065 1.22944e+07
0.13 0.07 8.18174e+06
0.13 0.075 5.49039e+06
0.13 0.08 3.71473e+06
0.13 0.085 2.53348e+06
0.13 0.09 1.74109e+06
0.13 0.095 1.20514e+06
0.13 0.1 839661
0.13 0.105 588452
0.13 0.11 414464
0.13 0.115 293083
0.13 0.12 207832
0.13 0.125 147586
0.13 0.13 104780
0.13 0.135 74226.3
0.13 0.14 52340.3
0.13 0.145 36626.2
0.13 0.15 25328.7
0.13 0.155 17197
0.13 0.16 11316
0.13 0.165 6978.68
0.13 0.17 3576.95
0.13 0.175 500.269
0.13 0.18 -2934.69
0.13 0.185 -7391.57
0.13 0.19 -12796
0.13 0.195 -15594.9
0.13 0.2 0
0.135 0 6.46438e+10
0.135 0.005 1.06882e+10
0.135 0.01 3.85726e+09
0.135 0.015 1.84007e+09
0.135 0.02 1.00183e+09
0.135 0.025 5.85896e+08
0.135 0.03 3.57085e+08
0.135 0.035 2.23084e+08
0.135 0.04 1.4157e+08
0.135 0.045 9.08251e+07
0.135 0.05 5.87701e+07
0.135 0.055 3.83164e+07
0.135 0.06 2.51621e+07
0.135 0.065 1.66428e+07
0.135 0.07 1.10879e+07
0.135 0.075 7.44107e+06
0.135 0.08 5.03007e+06
0.135 0.085 3.42459e+06
0.135 0.09 2.34765e+06
0.135 0.095 1.61991e+06
0.135 0.1 1.12453e+06
0.135 0.105 784893
0.135 0.11 550407
0.135 0.115 387436
0.135 0.12 273460
0.135 0.125 193288
0.135 0.13 136604
0.135 0.135 96351.1
0.135 0.14 67667.5
0.135 0.145 47180.7
0.135 0.15 32531.6
0.135 0.155 22051.5
0.135 0.16 14535.9
0.135 0.165 9077.32
0.135 0.17 4927.97
0.135 0.175 1376.4
0.135 0.18 -2345.94
0.135 0.185 -6999.28
0.135 0.19 -12633.7
0.135 0.195 -15757.5
0.135 0.2 0
0.14 0 7.42271e+10
0.14 0.005 1.30932e+10
0.14 0.01 4.82231e+09
0.14 0.015 2.32522e+09
0.14 0.02 1.27656e+09
0.14 0.025 7.5256e+08
0.14 0.03 4.62499e+08
0.14 0.035 2.91476e+08
0.14 0.04 1.86612e+08
0.14 0.045 1.20739e+08
0.14 0.05 7.87266e+07
0.14 0.055 5.1664e+07
0.14 0.06 3.41057e+07
0.14 0.065 2.2646e+07
0.14 0.07 1.51258e+07
0.14 0.075 1.01636e+07
0.14 0.08 6.8709e+06
0.14 0.085 4.6731e+06
0.14 0.09 3.1972e+06
0.14 0.095 2.19992e+06
0.14 0.1 1.52182e+06
0.14 0.105 1.05787e+06
0.14 0.11 738487
0.14 0.115 517326
0.14 0.12 363317
0.14 0.125 255505
0.14 0.13 179675
0.14 0.135 126119
0.14 0.14 88171.4
0.14 0.145 61222.5
0.14 0.15 42064.6
0.14 0.155 28444.3
0.14 0.16 18754.3
0.14 0.165 11808.8
0.14 0.17 6668.12
0.14 0.175 2484.33
0.14 0.18 -1620.26
0.14 0.185 -6521.26
0.14 0.19 -12414.8
0.14 0.195 -15898.7
0.14 0.2 0
0.145 0 8.31548e+10
0.145 0.005 1.5638e+10
0.145 0.01 5.89774e+09
0.145 0.015 2.88417e+09
0.145 0.02 1.60133e+09
0.145 0.025 9.5405e+08
0.145 0.03 5.92603e+08
0.145 0.035 3.77546e+08
0.145 0.04 2.44353e+08
0.145 0.045 1.59756e+08
0.145 0.05 1.05175e+08
0.145 0.055 6.96098e+07
0.145 0.06 4.62813e+07
0.145 0.065 3.09047e+07
0.145 0.07 2.07273e+07
0.145 0.075 1.39643e+07
0.145 0.08 9.45186e+06
0.145 0.085 6.42799e+06
0.145 0.09 4.39234e+06
0.145 0.095 3.01535e+06
0.145 0.1 2.07928e+06
0.145 0.105 1.43972e+06
0.145 0.11 1.00053e+06
0.145 0.115 697434
0.145 0.12 487247
0.145 0.125 340820
0.145 0.13 238379
0.145 0.135 166445
0.145 0.14 115780
0.145 0.145 80018.8
0.145 0.15 54754.2
0.145 0.155 36908.8
0.145 0.16 24309.9
0.145 0.165 15383.5
0.145 0.17 8923.48
0.145 0.175 3895.83
0.145 0.18 -719.667
0.145 0.185 -5938.71
0.145 0.19 -12129.7
0.145 0.195 -16013.3
0.145 0.2 0
0.15 0 9.14816e+10
0.15 0.005 1.83096e+10
0.15 0.01 7.08088e+09
0.15 0.015 3.51878e+09
0.15 0.02 1.97956e+09
0.15 0.025 1.19403e+09
0.15 0.03 7.50825e+08
0.15 0.035 4.84319e+08
0.15 0.04 3.17362e+08
0.15 0.045 2.10001e+08
0.15 0.05 1.39826e+08
0.15 0.055 9.34947e+07
0.15 0.06 6.2717e+07
0.15 0.065 4.21898e+07
0.15 0.07 2.84597e+07
0.15 0.075 1.92534e+07
0.15 0.08 1.30653e+07
0.15 0.085 8.89489e+06
0.15 0.09 6.07613e+06
0.15 0.095 4.16483e+06
0.15 0.1 2.86437e+06
0.15 0.105 1.97629e+06
0.15 0.11 1.36751e+06
0.15 0.115 948583
0.15 0.12 659186
0.15 0.125 458518
0.15 0.13 318880
0.15 0.135 221400
0.15 0.14 153168
0.15 0.145 105318
0.15 0.15 71733.7
0.15 0.155 48171.6
0.15 0.16 31661.3
0.15 0.165 20084.7
0.15 0.17 11863.2
0.15 0.175 5706.91
0.15 0.18 406.412
0.15 0.185 -5227.12
0.15 0.19 -11766.4
0.15 0.195 -16095.6
0.15 0.2 0
0.155 0 9.92534e+10
0.155 0.005 2.11009e+10
0.155 0.01 8.37163e+09
0.155 0.015 4.23169e+09
0.155 0.02 2.41484e+09
0.155 0.025 1.47628e+09
0.155 0.03 9.4077e+08
0.155 0.035 6.15055e+08
0.155 0.04 4.08487e+08
0.155 0.045 2.73888e+08
0.155 0.05 1.84674e+08
0.155 0.055 1.24928e+08
0.155 0.06 8.46787e+07
0.155 0.065 5.74745e+07
0.155 0.07 3.90552e+07
0.155 0.075 2.6571e+07
0.155 0.08 1.81027e+07
0.155 0.085 1.23533e+07
0.155 0.09 8.44539e+06
0.155 0.095 5.78535e+06
0.155 0.1 3.97147e+06
0.155 0.105 2.73201e+06
0.155 0.11 1.88308e+06
0.155 0.115 1.30014e+06
0.155 0.12 898769
0.155 0.125 621655
0.155 0.13 429812
0.155 0.135 296663
0.155 0.14 204050
0.155 0.145 139532
0.155 0.15 94556.1
0.155 0.155 63221.8
0.155 0.16 41429.6
0.155 0.165 26293.5
0.155 0.17 15714.2
0.155 0.175 8045.99
0.155 0.18 1825.4
0.155 0.185 -4354.35
0.155 0.19 -11310.2
0.155 0.195 -16139
0.155 0.2 0
0.16 0 1.06507e+11
0.16 0.005 2.40085e+10
0.16 0.01 9.77203e+09
0.16 0.015 5.02654e+09
0.16 0.02 2.9113e+09
0.16 0.025 1.80493e+09
0.16 0.03 1.16634e+09
0.16 0.035 7.73317e+08
0.16 0.04 5.20893e+08
0.16 0.045 3.54157e+08
0.16 0.05 2.42035e+08
0.16 0.055 1.6582e+08
0.16 0.06 1.13703e+08
0.16 0.065 7.79672e+07
0.16 0.07 5.34424e+07
0.16 0.075 3.66159e+07
0.16 0.08 2.50798e+07
0.16 0.085 1.7177e+07
0.16 0.09 1.17669e+07
0.16 0.095 8.06459e+06
0.16 0.1 5.53097e+06
0.16 0.105 3.79648e+06
0.16 0.11 2.60818e+06
0.16 0.115 1.79319e+06
0.16 0.12 1.23349e+06
0.16 0.125 848491
0.16 0.13 583218
0.16 0.135 400125
0.16 0.14 273562
0.16 0.145 185978
0.16 0.15 125346
0.16 0.155 83405.1
0.16 0.16 54454
0.16 0.165 34522.9
0.16 0.17 20780
0.16 0.175 11084.5
0.16 0.18 3627.13
0.16 0.185 -3277.98
0.16 0.19 -10742.6
0.16 0.195 -16135.7
0.16 0.2 0
0.165 0 1.13272e+11
0.165 0.005 2.70309e+10
0.165 0.01 1.12858e+10
0.165 0.015 5.90814e+09
0.165 0.02 3.47379e+09
0.165 0.025 2.18463e+09
0.165 0.03 1.43187e+09
0.165 0.035 9.63061e+08
0.165 0.04 6.5812e+08
0.165 0.045 4.53918e+08
0.165 0.05 3.14581e+08
0.165 0.055 2.18414e+08
0.165 0.06 1.51635e+08
0.165 0.065 1.05147e+08
0.165 0.07 7.27811e+07
0.165 0.075 5.02776e+07
0.165 0.08 3.46645e+07
0.165 0.085 2.38581e+07
0.165 0.09 1.63967e+07
0.165 0.095 1.1256e+07
0.165 0.1 7.72064e+06
0.165 0.105 5.29275e+06
0.165 0.11 3.62699e+06
0.165 0.115 2.48473e+06
0.165 0.12 1.70153e+06
0.165 0.125 1.16439e+06
0.165 0.13 795805
0.165 0.135 542706
0.165 0.14 368783
0.165 0.145 249208
0.165 0.15 167003
0.165 0.155 110546
0.165 0.16 71866.5
0.165 0.165 45460.6
0.165 0.17 27466.2
0.165 0.175 15050.8
0.165 0.18 5931.11
0.165 0.185 -1941.96
0.165 0.19 -10040
0.165 0.195 -16076.3
0.165 0.2 0
0.17 0 1.19572e+11
0.17 0.005 3.01679e+10
0.17 0.01 1.29181e+10
0.17 0.015 6.88241e+09
0.17 0.02 4.10802e+09
0.17 0.025 2.62069e+09
0.17 0.03 1.74224e+09
0.17 0.035 1.18872e+09
0.17 0.04 8.24154e+08
0.17 0.045 5.76699e+08
0.17 0.05 4.05383e+08
0.17 0.055 2.85333e+08
0.17 0.06 2.00663e+08
0.17 0.065 1.40803e+08
0.17 0.07 9.84992e+07
0.17 0.075 6.86705e+07
0.17 0.08 4.77081e+07
0.17 0.085 3.30335e+07
0.17 0.09 2.28021e+07
0.17 0.095 1.56964e+07
0.17 0.1 1.07793e+07
0.17 0.105 7.38761e+06
0.17 0.11 5.05439e+06
0.17 0.115 3.45285e+06
0.17 0.12 2.35539e+06
0.17 0.125 1.60427e+06
0.17 0.13 1.09057e+06
0.17 0.135 739411
0.17 0.14 499414
0.17 0.145 335434
0.17 0.15 223463
0.17 0.155 147111
0.17 0.16 95188.4
0.17 0.165 60026.1
0.17 0.17 36312.8
0.17 0.175 20248.1
0.17 0.18 8895.82
0.17 0.185 -272.162
0.17 0.19 -9171.98
0.17 0.195 -15949.8
0.17 0.2 0
0.175 0 1.25424e+11
0.175 0.005 3.34199e+10
0.175 0.01 1.46753e+10
0.175 0.015 7.95645e+09
0.175 0.02 4.82071e+09
0.175 0.025 3.11923e+09
0.175 0.03 2.103e+09
0.175 0.035 1.45532e+09
0.175 0.04 1.02351e+09
0.175 0.045 7.26516e+08
0.175 0.05 5.17966e+08
0.175 0.055 3.6962e+08
0.175 0.06 2.63365e+08
0.175 0.065 1.87071e+08
0.175 0.07 1.32331e+08
0.175 0.075 9.31708e+07
0.175 0.08 6.52785e+07
0.175 0.085 4.55144e+07
0.175 0.09 3.15869e+07
0.175 0.095 2.18267e+07
0.175 0.1 1.5023e+07
0.175 0.105 1.03038e+07
0.175 0.11 7.04496e+06
0.175 0.115 4.80331e+06
0.175 0.12 3.26648e+06
0.175 0.125 2.21573e+06
0.175 0.13 1.4989e+06
0.175 0.135 1.0107e+06
0.175 0.14 678654
0.175 0.145 453084
0.175 0.15 300048
0.175 0.155 196417
0.175 0.16 126455
0.175 0.165 79443.8
0.175 0.17 48035
0.175 0.175 27076.7
0.175 0.18 12730.5
0.175 0.185 1829.17
0.175 0.19 -8099.34
0.175 0.195 -15742.5
0.175 0.2 0
0.18 0 1.30844e+11
0.18 0.005 3.67875e+10
0.18 0.01 1.65647e+10
0.18 0.015 9.13855e+09
0.18 0.02 5.61962e+09
0.18 0.025 3.68731e+09
0.18 0.03 2.52051e+09
0.18 0.035 1.76858e+09
0.18 0.04 1.26132e+09
0.18 0.045 9.07949e+08
0.18 0.05 6.56373e+08
0.18 0.055 4.74794e+08
0.18 0.06 3.42754e+08
0.18 0.065 2.46484e+08
0.18 0.07 1.76358e+08
0.18 0.075 1.25455e+08
0.18 0.08 8.8696e+07
0.18 0.085 6.23182e+07
0.18 0.09 4.35188e+07
0.18 0.095 3.02142e+07
0.18 0.1 2.08633e+07
0.18 0.105 1.43344e+07
0.18 0.11 9.80378e+06
0.18 0.115 6.67737e+06
0.18 0.12 4.53062e+06
0.18 0.125 3.06292e+06
0.18 0.13 2.06314e+06
0.18 0.135 1.3842e+06
0.18 0.14 924316
0.18 0.145 613504
0.18 0.15 403897
0.18 0.155 262896
0.18 0.16 168375
0.18 0.165 105334
0.18 0.17 63576.3
0.18 0.175 36063.2
0.18 0.18 17709.9
0.18 0.185 4490.43
0.18 0.19 -6771.08
0.18 0.195 -15437.7
0.18 0.2 0
0.185 0 1.35844e+11
0.185 0.005 4.02716e+10
0.185 0.01 1.85948e+10
0.185 0.015 1.04382e+10
0.185 0.02 6.51373e+09
0.185 0.025 4.33304e+09
0.185 0.03 3.00205e+09
0.185 0.035 2.13504e+09
0.185 0.04 1.54344e+09
0.185 0.045 1.12623e+09
0.185 0.05 8.25238e+08
0.185 0.055 6.04913e+08
0.185 0.06 4.42333e+08
0.185 0.065 3.22013e+08
0.185 0.07 2.33055e+08
0.185 0.075 1.67538e+08
0.185 0.08 1.19569e+08
0.185 0.085 8.47015e+07
0.185 0.09 5.95581e+07
0.185 0.095 4.1578e+07
0.185 0.1 2.88273e+07
0.185 0.105 1.98586e+07
0.185 0.11 1.35988e+07
0.185 0.115 9.26094e+06
0.185 0.12 6.27476e+06
0.185 0.125 4.23114e+06
0.185 0.13 2.83981e+06
0.185 0.135 1.89684e+06
0.185 0.14 1.2602e+06
0.185 0.145 831835
0.185 0.15 544514
0.185 0.155 352428
0.185 0.16 224526
0.185 0.165 139831
0.185 0.17 84172.7
0.185 0.175 47895.2
0.185 0.18 24192.7
0.185 0.185 7879.37
0.185 0.19 -5121.14
0.185 0.195 -15014.5
0.185 0.2 0
0.19 0 1.40435e+11
0.19 0.005 4.38727e+10
0.19 0.01 2.07748e+10
0.19 0.015 1.18662e+10
0.19 0.02 7.5133e+09
0.19 0.025 5.06575e+09
0.19 0.03 3.55601e+09
0.19 0.035 2.56221e+09
0.19 0.04 1.8766e+09
0.19 0.045 1.38735e+09
0.19 0.05 1.02987e+09
0.19 0.055 7.64644e+08
0.19 0.06 5.66152e+08
0.19 0.065 4.17119e+08
0.19 0.07 3.05329e+08
0.19 0.075 2.21819e+08
0.19 0.08 1.59835e+08
0.19 0.085 1.14194e+08
0.19 0.09 8.08888e+07
0.19 0.095 5.68145e+07
0.19 0.1 3.95803e+07
0.19 0.105 2.73599e+07
0.19 0.11 1.87744e+07
0.19 0.115 1.27951e+07
0.19 0.12 8.66454e+06
0.19 0.125 5.83234e+06
0.19 0.13 3.90335e+06
0.19 0.135 2.59735e+06
0.19 0.14 1.71775e+06
0.19 0.145 1.12808e+06
0.19 0.15 734436
0.19 0.155 472749
0.19 0.16 299598
0.19 0.165 185717
0.19 0.17 111432
0.19 0.175 63464.9
0.19 0.18 32643.5
0.19 0.185 12213.6
0.19 0.19 -3064.11
0.19 0.195 -14447.3
0.19 0.2 0
0.195 0 1.44625e+11
0.195 0.005 4.75911e+10
0.195 0.01 2.31147e+10
0.195 0.015 1.34346e+10
0.195 0.02 8.62999e+09
0.195 0.025 5.89612e+09
0.195 0.03 4.19199e+09
0.195 0.035 3.05869e+09
0.195 0.04 2.26848e+09
0.195 0.045 1.69815e+09
0.195 0.05 1.27635e+09
0.195 0.055 9.5934e+08
0.195 0.06 7.18875e+08
0.195 0.065 5.35816e+08
0.195 0.07 3.96575e+08
0.195 0.075 2.91119e+08
0.195 0.08 2.11792e+08
0.195 0.085 1.52635e+08
0.195 0.09 1.08949e+08
0.195 0.095 7.70249e+07
0.195 0.1 5.39475e+07
0.195 0.105 3.74444e+07
0.195 0.11 2.57669e+07
0.195 0.115 1.75874e+07
0.195 0.12 1.19129e+07
0.195 0.125 8.01127e+06
0.195 0.13 5.35046e+06
0.195 0.135 3.54927e+06
0.195 0.14 2.33804e+06
0.195 0.145 1.52836e+06
0.195 0.15 990024
0.195 0.155 633937
0.195 0.16 399688
0.195 0.165 246601
0.195 0.17 147430
0.195 0.175 83920.1
0.195 0.18 43659.7
0.195 0.185 17773.5
0.195 0.19 -490.129
0.195 0.195 -13703.6
0.195 0.2 0
0.2 0 1.48425e+11
0.2 0.005 5.14262e+10
0.2 0.01 2.56252e+10
0.2 0.015 1.51567e+10
0.2 0.02 9.87697e+09
0.2 0.025 6.8363e+09
0.2 0.03 4.92099e+09
0.2 0.035 3.63434e+09
0.2 0.04 2.7279e+09
0.2 0.045 2.0665e+09
0.2 0.05 1.57165e+09
0.2 0.055 1.19514e+09
0.2 0.06 9.05858e+08
0.2 0.065 6.82721e+08
0.2 0.07 5.10725e+08
0.2 0.075 3.78728e+08
0.2 0.08 2.78147e+08
0.2 0.085 2.02203e+08
0.2 0.09 1.4546e+08
0.2 0.095 1.03541e+08
0.2 0.1 7.29379e+07
0.2 0.105 5.086e+07
0.2 0.11 3.51192e+07
0.2 0.115 2.40244e+07
0.2 0.12 1.62895e+07
0.2 0.125 1.09523e+07
0.2 0.13 7.30495e+06
0.2 0.135 4.83425e+06
0.2 0.14 3.17399e+06
0.2 0.145 2.06641e+06
0.2 0.15 1.3324e+06
0.2 0.155 848985
0.2 0.16 532635
0.2 0.165 327109
0.2 0.17 194820
0.2 0.175 110725
0.2 0.18 58002.4
0.2 0.185 24916.4
0.2 0.19 2741.16
0.2 0.195 -12742.9
0.2 0.2 0
0.205 0 1.51842e+11
0.205 0.005 5.5377e+10
0.205 0.01 2.83173e+10
0.205 0.015 1.70472e+10
0.205 0.02 1.1269e+10
0.205 0.025 7.9001e+09
0.205 0.03 5.75555e+09
0.205 0.035 4.30044e+09
0.205 0.04 3.26494e+09
0.205 0.045 2.50138e+09
0.205 0.05 1.92371e+09
0.205 0.055 1.47904e+09
0.205 0.06 1.13322e+09
0.205 0.065 8.63131e+08
0.205 0.07 6.52299e+08
0.205 0.075 4.8845e+08
0.205 0.08 3.62046e+08
0.205 0.085 2.65456e+08
0.205 0.09 1.92459e+08
0.205 0.095 1.37953e+08
0.205 0.1 9.77661e+07
0.205 0.105 6.85157e+07
0.205 0.11 4.74974e+07
0.205 0.115 3.25837e+07
0.205 0.12 2.21298e+07
0.205 0.125 1.48867e+07
0.205 0.13 9.92297e+06
0.205 0.135 6.55574e+06
0.205 0.14 4.29286e+06
0.205 0.145 2.78515e+06
0.205 0.15 1.78846e+06
0.205 0.155 1.13444e+06
0.205 0.16 708414
0.205 0.165 433114
0.205 0.17 256963
0.205 0.175 145729
0.205 0.18 76631.6
0.205 0.185 34094.5
0.205 0.19 6807.62
0.205 0.195 -11514.7
0.205 0.2 0
0.21 0 1.54889e+11
0.21 0.005 5.94415e+10
0.21 0.01 3.12024e+10
0.21 0.015 1.9122e+10
0.21 0.02 1.28225e+10
0.21 0.025 9.10305e+09
0.21 0.03 6.70991e+09
0.21 0.035 5.06986e+09
0.21 0.04 3.89111e+09
0.21 0.045 3.01303e+09
0.21 0.05 2.34162e+09
0.21 0.055 1.81904e+09
0.21 0.06 1.40795e+09
0.21 0.065 1.08308e+09
0.21 0.07 8.26465e+08
0.21 0.075 6.24647e+08
0.21 0.08 4.67116e+08
0.21 0.085 3.45357e+08
0.21 0.09 2.52322e+08
0.21 0.095 1.8213e+08
0.21 0.1 1.29873e+08
0.21 0.105 9.1499e+07
0.21 0.11 6.37048e+07
0.21 0.115 4.38465e+07
0.21 0.12 2.98455e+07
0.21 0.125 2.00998e+07
0.21 0.13 1.33984e+07
0.21 0.135 8.8428e+06
0.21 0.14 5.77891e+06
0.21 0.145 3.73851e+06
0.21 0.15 2.39207e+06
0.21 0.155 1.51114e+06
0.21 0.16 939566
0.21 0.165 571989
0.21 0.17 338068
0.21 0.175 191243
0.21 0.18 100747
0.21 0.185 45872.8
0.21 0.19 11932.5
0.21 0.195 -9956.31
0.21 0.2 0
0.215 0 1.57577e+11
0.215 0.005 6.36165e+10
0.215 0.01 3.42922e+10
0.215 0.015 2.1398e+10
0.215 0.02 1.45555e+10
0.215 0.025 1.04626e+10
0.215 0.03 7.80018e+09
0.215 0.035 5.95719e+09
0.215 0.04 4.61953e+09
0.215 0.045 3.61312e+09
0.215 0.05 2.83571e+09
0.215 0.055 2.22422e+09
0.215 0.06 1.73797e+09
0.215 0.065 1.34944e+09
0.215 0.07 1.03909e+09
0.215 0.075 7.92287e+08
0.215 0.08 5.97499e+08
0.215 0.085 4.45306e+08
0.215 0.09 3.27795e+08
0.215 0.095 2.38244e+08
0.215 0.1 1.70945e+08
0.215 0.105 1.21092e+08
0.215 0.11 8.46961e+07
0.215 0.115 5.85083e+07
0.215 0.12 3.99327e+07
0.215 0.125 2.69381e+07
0.215 0.13 1.7968e+07
0.215 0.135 1.1854e+07
0.215 0.14 7.73605e+06
0.215 0.145 4.99324e+06
0.215 0.15 3.1852e+06
0.215 0.155 2.00491e+06
0.215 0.16 1.24165e+06
0.215 0.165 752873
0.215 0.17 443345
0.215 0.175 250126
0.215 0.18 131827
0.215 0.185 60950.3
0.215 0.19 18392.9
0.215 0.195 -7990.11
0.215 0.2 0
0.22 0 1.5992e+11
0.22 0.005 6.7898e+10
0.22 0.01 3.75979e+10
0.22 0.015 2.38936e+10
0.22 0.02 1.6488e+10
0.22 0.025 1.1998e+10
0.22 0.03 9.04443e+09
0.22 0.035 6.97893e+09
0.22 0.04 5.46503e+09
0.22 0.045 4.3149e+09
0.22 0.05 3.41768e+09
0.22 0.055 2.70487e+09
0.22 0.06 2.13223e+09
0.22 0.065 1.66995e+09
0.22 0.07 1.29682e+09
0.22 0.075 9.96985e+08
0.22 0.08 7.57889e+08
0.22 0.085 5.69169e+08
0.22 0.09 4.22007e+08
0.22 0.095 3.08788e+08
0.22 0.1 2.22929e+08
0.22 0.105 1.58784e+08
0.22 0.11 1.11588e+08
0.22 0.115 7.73892e+07
0.22 0.12 5.29804e+07
0.22 0.125 3.58155e+07
0.22 0.13 2.39166e+07
0.22 0.135 1.57809e+07
0.22 0.14 1.02905e+07
0.22 0.145 6.63065e+06
0.22 0.15 4.21914e+06
0.22 0.155 2.6474e+06
0.22 0.16 1.63374e+06
0.22 0.165 986953
0.22 0.17 579162
0.22 0.175 325862
0.22 0.18 171680
0.22 0.185 80180.5
0.22 0.19 26529.2
0.22 0.195 -5521.11
0.22 0.2 0
0.225 0 1.61937e+11
0.225 0.005 7.22808e+10
0.225 0.01 4.11305e+10
0.225 0.015 2.66275e+10
0.225 0.02 1.86412e+10
0.225 0.025 1.37308e+10
0.225 0.03 1.04628e+10
0.225 0.035 8.1536e+09
0.225 0.04 6.44434e+09
0.225 0.045 5.13328e+09
0.225 0.05 4.10075e+09
0.225 0.055 3.27256e+09
0.225 0.06 2.60084e+09
0.225 0.065 2.05331e+09
0.225 0.07 1.6071e+09
0.225 0.075 1.24505e+09
0.225 0.08 9.53557e+08
0.225 0.085 7.21295e+08
0.225 0.09 5.38493e+08
0.225 0.095 3.96586e+08
0.225 0.1 2.88039e+08
0.225 0.105 2.06282e+08
0.225 0.11 1.45668e+08
0.225 0.115 1.0144e+08
0.225 0.12 6.96763e+07
0.225 0.125 4.72184e+07
0.225 0.13 3.15806e+07
0.225 0.135 2.08512e+07
0.225 0.14 1.35929e+07
0.225 0.145 8.74828e+06
0.225 0.15 5.55557e+06
0.225 0.155 3.47673e+06
0.225 0.16 2.1388e+06
0.225 0.165 1.28772e+06
0.225 0.17 753200
0.225 0.175 422653
0.225 0.18 222477
0.225 0.185 104593
0.225 0.19 36753.2
0.225 0.195 -2434.11
0.225 0.2 0
0.23 0 1.63647e+11
0.23 0.005 7.67587e+10
0.23 0.01 4.49004e+10
0.23 0.015 2.96195e+10
0.23 0.02 2.10384e+10
0.23 0.025 1.56843e+10
0.23 0.03 1.20778e+10
0.23 0.035 9.50187e+09
0.23 0.04 7.5762e+09
0.23 0.045 6.08503e+09
0.23 0.05 4.89973e+09
0.23 0.055 3.9403e+09
0.23 0.06 3.15508e+09
0.23 0.065 2.50927e+09
0.23 0.07 1.97823e+09
0.23 0.075 1.54349e+09
0.23 0.08 1.19038e+09
0.23 0.085 9.06532e+08
0.23 0.09 6.812e+08
0.23 0.095 5.048e+08
0.23 0.1 3.68769e+08
0.23 0.105 2.65512e+08
0.23 0.11 1.88397e+08
0.23 0.115 1.31747e+08
0.23 0.12 9.08101e+07
0.23 0.125 6.17091e+07
0.23 0.13 4.13515e+07
0.23 0.135 2.73313e+07
0.23 0.14 1.78204e+07
0.23 0.145 1.14612e+07
0.23 0.15 7.2675e+06
0.23 0.155 4.53811e+06
0.23 0.16 2.78415e+06
0.23 0.165 1.67123e+06
0.23 0.17 974585
0.23 0.175 545489
0.23 0.18 286800
0.23 0.185 135410
0.23 0.19 49557.2
0.23 0.195 1408.82
0.23 0.2 0
0.235 0 1.65077e+11
0.235 0.005 8.1325e+10
0.235 0.01 4.89167e+10
0.235 0.015 3.28896e+10
0.235 0.02 2.37038e+10
0.235 0.025 1.78839e+10
0.235 0.03 1.39137e+10
0.235 0.035 1.10466e+10
0.235 0.04 8.88145e+09
0.235 0.045 7.18884e+09
0.235 0.05 5.83117e+09
0.235 0.055 4.72258e+09
0.235 0.06 3.80753e+09
0.235 0.065 3.04863e+09
0.235 0.07 2.41942e+09
0.235 0.075 1.9001e+09
0.235 0.08 1.47484e+09
0.235 0.085 1.13024e+09
0.235 0.09 8.54488e+08
0.235 0.095 6.3693e+08
0.235 0.1 4.67881e+08
0.235 0.105 3.38621e+08
0.235 0.11 2.4141e+08
0.235 0.115 1.69529e+08
0.235 0.12 1.17274e+08
0.235 0.125 7.99262e+07
0.235 0.13 5.36761e+07
0.235 0.135 3.55268e+07
0.235 0.14 2.31772e+07
0.235 0.145 1.49026e+07
0.235 0.15 9.43987e+06
0.235 0.155 5.88432e+06
0.235 0.16 3.60172e+06
0.235 0.165 2.15624e+06
0.235 0.17 1.254e+06
0.235 0.175 700205
0.235 0.18 367668
0.235 0.185 174065
0.235 0.19 65519.4
0.235 0.195 6170.14
0.235 0.2 0
0.24 0 1.66254e+11
0.24 0.005 8.59725e+10
0.24 0.01 5.31879e+10
0.24 0.015 3.64578e+10
0.24 0.02 2.66631e+10
0.24 0.025 2.03567e+10
0.24 0.03 1.59975e+10
0.24 0.035 1.2813e+10
0.24 0.04 1.03831e+10
0.24 0.045 8.4654e+09
0.24 0.05 6.9134e+09
0.24 0.055 5.63544e+09
0.24 0.06 4.57209e+09
0.24 0.065 3.68331e+09
0.24 0.07 2.94082e+09
0.24 0.075 2.3234e+09
0.24 0.08 1.81404e+09
0.24 0.085 1.39826e+09
0.24 0.09 1.06312e+09
0.24 0.095 7.96803e+08
0.24 0.1 5.88404e+08
0.24 0.105 4.27962e+08
0.24 0.11 3.06507e+08
0.24 0.115 2.16137e+08
0.24 0.12 1.5006e+08
0.24 0.125 1.02583e+08
0.24 0.13 6.90559e+07
0.24 0.135 4.57825e+07
0.24 0.14 2.9895e+07
0.24 0.145 1.92245e+07
0.24 0.15 1.21697e+07
0.24 0.155 7.57581e+06
0.24 0.16 4.62817e+06
0.24 0.165 2.76434e+06
0.24 0.17 1.60373e+06
0.24 0.175 893524
0.24 0.18 468560
0.24 0.185 222210
0.24 0.19 85308.1
0.24 0.195 12036.4
0.24 0.2 0
0.245 0 1.67212e+11
0.245 0.005 9.06944e+10
0.245 0.01 5.77208e+10
0.245 0.015 4.03441e+10
0.245 0.02 2.9943e+10
0.245 0.025 2.3132e+10
0.245 0.03 1.83581e+10
0.245 0.035 1.48285e+10
0.245 0.04 1.21065e+10
0.245 0.045 9.93746e+09
0.245 0.05 8.16658e+09
0.245 0.055 6.69652e+09
0.245 0.06 5.464e+09
0.245 0.065 4.42637e+09
0.245 0.07 3.55348e+09
0.245 0.075 2.82266e+09
0.245 0.08 2.21571e+09
0.245 0.085 1.71694e+09
0.245 0.09 1.31225e+09
0.245 0.095 9.8855e+08
0.245 0.1 7.33605e+08
0.245 0.105 5.36082e+08
0.245 0.11 3.85637e+08
0.245 0.115 2.73038e+08
0.245 0.12 1.9025e+08
0.245 0.125 1.3046e+08
0.245 0.13 8.80434e+07
0.245 0.135 5.84801e+07
0.245 0.14 3.82311e+07
0.245 0.145 2.45962e+07
0.245 0.15 1.55658e+07
0.245 0.155 9.68059e+06
0.245 0.16 5.90483e+06
0.245 0.165 3.51992e+06
0.245 0.17 2.03769e+06
0.245 0.175 1.13305e+06
0.245 0.18 593413
0.245 0.185 281721
0.245 0.19 109681
0.245 0.195 19210.4
0.245 0.2 0
0.25 0 1.67988e+11
0.25 0.005 9.5485e+10
0.25 0.01 6.25215e+10
0.25 0.015 4.4568e+10
0.25 0.02 3.35707e+10
0.25 0.025 2.62401e+10
0.25 0.03 2.10263e+10
0.25 0.035 1.71228e+10
0.25 0.04 1.4079e+10
0.25 0.045 1.16298e+10
0.25 0.05 9.61273e+09
0.25 0.055 7.92505e+09
0.25 0.06 6.49987e+09
0.25 0.065 5.29196e+09
0.25 0.07 4.26934e+09
0.25 0.075 3.40789e+09
0.25 0.08 2.68809e+09
0.25 0.085 2.09306e+09
0.25 0.09 1.60737e+09
0.25 0.095 1.21657e+09
0.25 0.1 9.06963e+08
0.25 0.105 6.65692e+08
0.25 0.11 4.8088e+08
0.25 0.115 3.41798e+08
0.25 0.12 2.39003e+08
0.25 0.125 1.64399e+08
0.25 0.13 1.11235e+08
0.25 0.135 7.40334e+07
0.25 0.14 4.8466e+07
0.25 0.145 3.12031e+07
0.25 0.15 1.97476e+07
0.25 0.155 1.22736e+07
0.25 0.16 7.47739e+06
0.25 0.165 4.44997e+06
0.25 0.17 2.57128e+06
0.25 0.175 1.42722e+06
0.25 0.18 746612
0.25 0.185 354697
0.25 0.19 139491
0.25 0.195 27874.4
0.25 0.2 0
0.255 0 1.68628e+11
0.255 0.005 1.0034e+11
0.255 0.01 6.75947e+10
0.255 0.015 4.91485e+10
0.255 0.02 3.75741e+10
0.255 0.025 2.97131e+10
0.255 0.03 2.4035e+10
0.255 0.035 1.97275e+10
0.255 0.04 1.63303e+10
0.255 0.045 1.35693e+10
0.255 0.05 1.12757e+10
0.255 0.055 9.34182e+09
0.255 0.06 7.69757e+09
0.255 0.065 6.29529e+09
0.255 0.07 5.1012e+09
0.255 0.075 4.08971e+09
0.255 0.08 3.23997e+09
0.255 0.085 2.53376e+09
0.255 0.09 1.95425e+09
0.255 0.095 1.48547e+09
0.255 0.1 1.11212e+09
0.255 0.105 8.19624e+08
0.255 0.11 5.94408e+08
0.255 0.115 4.24057e+08
0.255 0.12 2.97534e+08
0.255 0.125 2.05282e+08
0.255 0.13 1.3926e+08
0.255 0.135 9.28805e+07
0.255 0.14 6.08979e+07
0.255 0.145 3.92431e+07
0.255 0.15 2.48431e+07
0.255 0.155 1.54353e+07
0.255 0.16 9.39508e+06
0.255 0.165 5.58367e+06
0.255 0.17 3.22119e+06
0.255 0.175 1.78523e+06
0.255 0.18 932979
0.255 0.185 443543
0.255 0.19 175911
0.255 0.195 38689.9
0.255 0.2 0
0.26 0 1.69177e+11
0.26 0.005 1.05259e+11
0.26 0.01 7.29456e+10
0.26 0.015 5.4104e+10
0.26 0.02 4.19815e+10
0.26 0.025 3.35841e+10
0.26 0.03 2.74189e+10
0.26 0.035 2.26767e+10
0.26 0.04 1.8892e+10
0.26 0.045 1.57848e+10
0.26 0.05 1.31809e+10
0.26 0.055 1.09691e+10
0.26 0.06 9.07621e+09
0.26 0.065 7.45254e+09
0.26 0.07 6.06259e+09
0.26 0.075 4.87933e+09
0.26 0.08 3.88052e+09
0.26 0.085 3.04649e+09
0.26 0.09 2.35888e+09
0.26 0.095 1.80002e+09
0.26 0.1 1.3528e+09
0.26 0.105 1.00078e+09
0.26 0.11 7.28449e+08
0.26 0.115 5.21497e+08
0.26 0.12 3.67091e+08
0.26 0.125 2.54021e+08
0.26 0.13 1.72768e+08
0.26 0.135 1.15476e+08
0.26 0.14 7.58373e+07
0.26 0.145 4.89235e+07
0.26 0.15 3.09869e+07
0.26 0.155 1.92508e+07
0.26 0.16 1.171e+07
0.26 0.165 6.95197e+06
0.26 0.17 4.00517e+06
0.26 0.175 2.21678e+06
0.26 0.18 1.15751e+06
0.26 0.185 550582
0.26 0.19 219752
0.26 0.195 51597.2
0.26 0.2 0
0.265 0 1.69684e+11
0.265 0.005 1.10247e+11
0.265 0.01 7.85796e+10
0.265 0.015 5.9453e+10
0.265 0.02 4.68213e+10
0.265 0.025 3.78874e+10
0.265 0.03 3.12141e+10
0.265 0.035 2.60059e+10
0.265 0.04 2.17976e+10
0.265 0.045 1.83066e+10
0.265 0.05 1.53555e+10
0.265 0.055 1.28304e+10
0.265 0.06 1.06559e+10
0.265 0.065 8.78069e+09
0.265 0.07 7.16765e+09
0.265 0.075 5.78838e+09
0.265 0.08 4.6192e+09
0.265 0.085 3.63888e+09
0.265 0.09 2.82734e+09
0.265 0.095 2.16502e+09
0.265 0.1 1.63279e+09
0.265 0.105 1.21208e+09
0.265 0.11 8.85228e+08
0.265 0.115 6.35796e+08
0.265 0.12 4.48922e+08
0.265 0.125 3.11524e+08
0.265 0.13 2.12411e+08
0.265 0.135 1.42277e+08
0.265 0.14 9.35978e+07
0.265 0.145 6.04539e+07
0.265 0.15 3.83157e+07
0.265 0.155 2.38069e+07
0.265 0.16 1.44757e+07
0.265 0.165 8.58666e+06
0.265 0.17 4.94143e+06
0.265 0.175 2.73188e+06
0.265 0.18 1.42543e+06
0.265 0.185 678322
0.265 0.19 272081
0.265 0.195 66981.4
0.265 0.2 0
0.27 0 1.70206e+11
0.27 0.005 1.15312e+11
0.27 0.01 8.45037e+10
0.27 0.015 6.52141e+10
0.27 0.02 5.21226e+10
0.27 0.025 4.26582e+10
0.27 0.03 3.54585e+10
0.27 0.035 2.97526e+10
0.27 0.04 2.50826e+10
0.27 0.045 2.11671e+10
0.27 0.05 1.78281e+10
0.27 0.055 1.49505e+10
0.27 0.06 1.24578e+10
0.27 0.065 1.02973e+10
0.27 0.07 8.43088e+09
0.27 0.075 6.82869e+09
0.27 0.08 5.46556e+09
0.27 0.085 4.31856e+09
0.27 0.09 3.36566e+09
0.27 0.095 2.58521e+09
0.27 0.1 1.95576e+09
0.27 0.105 1.45636e+09
0.27 0.11 1.0669e+09
0.27 0.115 7.68577e+08
0.27 0.12 5.4423e+08
0.27 0.125 3.78672e+08
0.27 0.13 2.58821e+08
0.27 0.135 1.73728e+08
0.27 0.14 1.14485e+08
0.27 0.145 7.40397e+07
0.27 0.15 4.6964e+07
0.27 0.155 2.9189e+07
0.27 0.16 1.77448e+07
0.27 0.165 1.05193e+07
0.27 0.17 6.04815e+06
0.27 0.175 3.34056e+06
0.27 0.18 1.74195e+06
0.27 0.185 829294
0.27 0.19 333984
0.27 0.195 85195.7
0.27 0.2 0
0.275 0 1.70803e+11
0.275 0.005 1.2047e+11
0.275 0.01 9.07277e+10
0.275 0.015 7.14068e+10
0.275 0.02 5.79153e+10
0.275 0.025 4.79329e+10
0.275 0.03 4.01911e+10
0.275 0.035 3.39557e+10
0.275 0.04 2.87836e+10
0.275 0.045 2.43996e+10
0.275 0.05 2.06281e+10
0.275 0.055 1.73548e+10
0.275 0.06 1.45032e+10
0.275 0.065 1.20203e+10
0.275 0.07 9.86693e+09
0.275 0.075 8.01209e+09
0.275 0.08 6.42905e+09
0.275 0.085 5.09298e+09
0.275 0.09 3.9797e+09
0.275 0.095 3.06511e+09
0.275 0.1 2.32519e+09
0.275 0.105 1.73627e+09
0.275 0.11 1.27549e+09
0.275 0.115 9.21349e+08
0.275 0.12 6.54132e+08
0.275 0.125 4.56278e+08
0.275 0.13 3.12581e+08
0.275 0.135 2.10241e+08
0.275 0.14 1.38783e+08
0.275 0.145 8.98732e+07
0.275 0.15 5.70584e+07
0.275 0.155 3.54783e+07
0.275 0.16 2.15677e+07
0.275 0.165 1.27801e+07
0.275 0.17 7.34274e+06
0.275 0.175 4.05242e+06
0.275 0.18 2.11211e+06
0.275 0.185 1.00595e+06
0.275 0.19 406522
0.275 0.195 106582
0.275 0.2 0
0.28 0 1.71537e+11
0.28 0.005 1.25747e+11
0.28 0.01 9.72662e+10
0.28 0.015 7.80528e+10
0.28 0.02 6.42303e+10
0.28 0.025 5.37492e+10
0.28 0.03 4.54525e+10
0.28 0.035 3.86556e+10
0.28 0.04 3.29389e+10
0.28 0.045 2.80387e+10
0.28 0.05 2.37859e+10
0.28 0.055 2.00693e+10
0.28 0.06 1.68141e+10
0.28 0.065 1.39675e+10
0.28 0.07 1.14902e+10
0.28 0.075 9.35005e+09
0.28 0.08 7.51868e+09
0.28 0.085 5.96916e+09
0.28 0.09 4.67484e+09
0.28 0.095 3.60887e+09
0.28 0.1 2.74424e+09
0.28 0.105 2.05418e+09
0.28 0.11 1.51276e+09
0.28 0.115 1.09543e+09
0.28 0.12 7.79599e+08
0.28 0.125 5.45052e+08
0.28 0.13 3.74202e+08
0.28 0.135 2.52176e+08
0.28 0.14 1.66743e+08
0.28 0.145 1.08124e+08
0.28 0.15 6.87111e+07
0.28 0.155 4.27468e+07
0.28 0.16 2.59894e+07
0.28 0.165 1.53961e+07
0.28 0.17 8.84094e+06
0.28 0.175 4.87621e+06
0.28 0.18 2.54051e+06
0.28 0.185 1.21054e+06
0.28 0.19 490677
0.28 0.195 131465
0.28 0.2 0
0.285 0 1.72478e+11
0.285 0.005 1.31176e+11
0.285 0.01 1.0414e+11
0.285 0.015 8.51776e+10
0.285 0.02 7.11013e+10
0.285 0.025 6.01465e+10
0.285 0.03 5.12847e+10
0.285 0.035 4.38938e+10
0.285 0.04 3.75873e+10
0.285 0.045 3.21196e+10
0.285 0.05 2.7332e+10
0.285 0.055 2.31198e+10
0.285 0.06 1.94116e+10
0.285 0.065 1.61562e+10
0.285 0.07 1.33145e+10
0.285 0.075 1.08533e+10
0.285 0.08 8.74272e+09
0.285 0.085 6.9534e+09
0.285 0.09 5.45585e+09
0.285 0.095 4.22003e+09
0.285 0.1 3.21552e+09
0.285 0.105 2.41205e+09
0.285 0.11 1.78015e+09
0.285 0.115 1.29187e+09
0.285 0.12 9.214e+08
0.285 0.125 6.45551e+08
0.285 0.13 4.44085e+08
0.285 0.135 2.99818e+08
0.285 0.14 1.98563e+08
0.285 0.145 1.28928e+08
0.285 0.15 8.20128e+07
0.285 0.155 5.10536e+07
0.285 0.16 3.1047e+07
0.285 0.165 1.83899e+07
0.285 0.17 1.05559e+07
0.285 0.175 5.81924e+06
0.285 0.18 3.03101e+06
0.285 0.185 1.44498e+06
0.285 0.19 587303
0.285 0.195 160137
0.285 0.2 0
0.29 0 1.73697e+11
0.29 0.005 1.36803e+11
0.29 0.01 1.11378e+11
0.29 0.015 9.28115e+10
0.29 0.02 7.85649e+10
0.29 0.025 6.71664e+10
0.29 0.03 5.77312e+10
0.29 0.035 4.97133e+10
0.29 0.04 4.27686e+10
0.29 0.045 3.66774e+10
0.29 0.05 3.12967e+10
0.29 0.055 2.65316e+10
0.29 0.06 2.23163e+10
0.29 0.065 1.86026e+10
0.29 0.07 1.53522e+10
0.29 0.075 1.25314e+10
0.29 0.08 1.01083e+10
0.29 0.085 8.05092e+09
0.29 0.09 6.3265e+09
0.29 0.095 4.9013e+09
0.29 0.1 3.74098e+09
0.29 0.105 2.81124e+09
0.29 0.11 2.07864e+09
0.29 0.115 1.51138e+09
0.29 0.12 1.08004e+09
0.29 0.125 7.58134e+08
0.29 0.13 5.22487e+08
0.29 0.135 3.53352e+08
0.29 0.14 2.34374e+08
0.29 0.145 1.52376e+08
0.29 0.15 9.70251e+07
0.29 0.155 6.04393e+07
0.29 0.16 3.67664e+07
0.29 0.165 2.17774e+07
0.29 0.17 1.2497e+07
0.29 0.175 6.88686e+06
0.29 0.18 3.58648e+06
0.29 0.185 1.7107e+06
0.29 0.19 697059
0.29 0.195 192840
0.29 0.2 0
0.295 0 1.75272e+11
0.295 0.005 1.42682e+11
0.295 0.01 1.19019e+11
0.295 0.015 1.00992e+11
0.295 0.02 8.66624e+10
0.295 0.025 7.48537e+10
0.295 0.03 6.48378e+10
0.295 0.035 5.61574e+10
0.295 0.04 4.85225e+10
0.295 0.045 4.17468e+10
0.295 0.05 3.57091e+10
0.295 0.055 3.03282e+10
0.295 0.06 2.55467e+10
0.295 0.065 2.13209e+10
0.295 0.07 1.76141e+10
0.295 0.075 1.4392e+10
0.295 0.08 1.16208e+10
0.295 0.085 9.26543e+09
0.295 0.09 7.28927e+09
0.295 0.095 5.65429e+09
0.295 0.1 4.32163e+09
0.295 0.105 3.25239e+09
0.295 0.11 2.40862e+09
0.295 0.115 1.75419e+09
0.295 0.12 1.25567e+09
0.295 0.125 8.82911e+08
0.295 0.13 6.09487e+08
0.295 0.135 4.12835e+08
0.295 0.14 2.7422e+08
0.295 0.145 1.78501e+08
0.295 0.15 1.13773e+08
0.295 0.155 7.09215e+07
0.295 0.16 4.31597e+07
0.295 0.165 2.55665e+07
0.295 0.17 1.46691e+07
0.295 0.175 8.08184e+06
0.295 0.18 4.20845e+06
0.295 0.185 2.00853e+06
0.295 0.19 820354
0.295 0.195 229743
0.295 0.2 0
0.3 0 1.77287e+11
0.3 0.005 1.48885e+11
0.3 0.01 1.27115e+11
0.3 0.015 1.09766e+11
0.3 0.02 9.54413e+10
0.3 0.025 8.32569e+10
0.3 0.03 7.26518e+10
0.3 0.035 6.32706e+10
0.3 0.04 5.48881e+10
0.3 0.045 4.7361e+10
0.3 0.05 4.05962e+10
0.3 0.055 3.45308e+10
0.3 0.06 2.91188e+10
0.3 0.065 2.43227e+10
0.3 0.07 2.0108e+10
0.3 0.075 1.64403e+10
0.3 0.08 1.32834e+10
0.3 0.085 1.05987e+10
0.3 0.09 8.34495e+09
0.3 0.095 6.47922e+09
0.3 0.1 4.95736e+09
0.3 0.105 3.73524e+09
0.3 0.11 2.76977e+09
0.3 0.115 2.02001e+09
0.3 0.12 1.44804e+09
0.3 0.125 1.01969e+09
0.3 0.13 7.04949e+08
0.3 0.135 4.78177e+08
0.3 0.14 3.18042e+08
0.3 0.145 2.07269e+08
0.3 0.15 1.32236e+08
0.3 0.155 8.24895e+07
0.3 0.16 5.02216e+07
0.3 0.165 2.97547e+07
0.3 0.17 1.70712e+07
0.3 0.175 9.4038e+06
0.3 0.18 4.89683e+06
0.3 0.185 2.33849e+06
0.3 0.19 957273
0.3 0.195 270925
0.3 0.2 0
0.305 0 1.7983e+11
0.305 0.005 1.55495e+11
0.305 0.01 1.3573e+11
0.305 0.015 1.1919e+11
0.305 0.02 1.04956e+11
0.305 0.025 9.2429e+10
0.305 0.03 8.12227e+10
0.305 0.035 7.10968e+10
0.305 0.04 6.19031e+10
0.305 0.045 5.35504e+10
0.305 0.05 4.59814e+10
0.305 0.055 3.91566e+10
0.305 0.06 3.30444e+10
0.305 0.065 2.76154e+10
0.305 0.07 2.28382e+10
0.305 0.075 1.86782e+10
0.305 0.08 1.50964e+10
0.305 0.085 1.20499e+10
0.305 0.09 9.49225e+09
0.305 0.095 7.37456e+09
0.305 0.1 5.64667e+09
0.305 0.105 4.25841e+09
0.305 0.11 3.16094e+09
0.305 0.115 2.30791e+09
0.305 0.12 1.65645e+09
0.305 0.125 1.16794e+09
0.305 0.13 8.08488e+08
0.305 0.135 5.49111e+08
0.305 0.14 3.65664e+08
0.305 0.145 2.38565e+08
0.305 0.15 1.52343e+08
0.305 0.155 9.51006e+07
0.305 0.16 5.79269e+07
0.305 0.165 3.43277e+07
0.305 0.17 1.96954e+07
0.305 0.175 1.08487e+07
0.305 0.18 5.64962e+06
0.305 0.185 2.69971e+06
0.305 0.19 1.10753e+06
0.305 0.195 316353
0.305 0.2 0
0.31 0 1.83e+11
0.31 0.005 1.62607e+11
0.31 0.01 1.44946e+11
0.31 0.015 1.29334e+11
0.31 0.02 1.15271e+11
0.31 0.025 1.02428e+11
0.31 0.03 9.06015e+10
0.31 0.035 7.96792e+10
0.31 0.04 6.96018e+10
0.31 0.045 6.0341e+10
0.31 0.05 5.18829e+10
0.31 0.055 4.4217e+10
0.31 0.06 3.73296e+10
0.31 0.065 3.12011e+10
0.31 0.07 2.58039e+10
0.31 0.075 2.1103e+10
0.31 0.08 1.70562e+10
0.31 0.085 1.36152e+10
0.31 0.09 1.07273e+10
0.31 0.095 8.33676e+09
0.31 0.1 6.38642e+09
0.31 0.105 4.81928e+09
0.31 0.11 3.58e+09
0.31 0.115 2.61621e+09
0.31 0.12 1.87961e+09
0.31 0.125 1.32672e+09
0.31 0.13 9.1944e+08
0.31 0.135 6.25176e+08
0.31 0.14 4.16775e+08
0.31 0.145 2.72186e+08
0.31 0.15 1.73966e+08
0.31 0.155 1.08675e+08
0.31 0.16 6.62284e+07
0.31 0.165 3.92582e+07
0.31 0.17 2.25264e+07
0.31 0.175 1.24082e+07
0.31 0.18 6.46268e+06
0.31 0.185 3.09028e+06
0.31 0.19 1.27039e+06
0.31 0.195 365860
0.31 0.2 0
0.315 0 1.86901e+11
0.315 0.005 1.70336e+11
0.315 0.01 1.54858e+11
0.315 0.015 1.4028e+11
0.315 0.02 1.26457e+11
0.315 0.025 1.13314e+11
0.315 0.03 1.00839e+11
0.315 0.035 8.90575e+10
0.315 0.04 7.8013e+10
0.315 0.045 6.77515e+10
0.315 0.05 5.8311e+10
0.315 0.055 4.97155e+10
0.315 0.06 4.19729e+10
0.315 0.065 3.50749e+10
0.315 0.07 2.89983e+10
0.315 0.075 2.37071e+10
0.315 0.08 1.91548e+10
0.315 0.085 1.5287e+10
0.315 0.09 1.20432e+10
0.315 0.095 9.35984e+09
0.315 0.1 7.17161e+09
0.315 0.105 5.41378e+09
0.315 0.11 4.02373e+09
0.315 0.115 2.94245e+09
0.315 0.12 2.11567e+09
0.315 0.125 1.49468e+09
0.315 0.13 1.03684e+09
0.315 0.135 7.05704e+08
0.315 0.14 4.70923e+08
0.315 0.145 3.07835e+08
0.315 0.15 1.96915e+08
0.315 0.155 1.23096e+08
0.315 0.16 7.50549e+07
0.315 0.165 4.45046e+07
0.315 0.17 2.55409e+07
0.315 0.175 1.40698e+07
0.315 0.18 7.32952e+06
0.315 0.185 3.5072e+06
0.315 0.19 1.44468e+06
0.315 0.195 419136
0.315 0.2 0
0.32 0 1.91648e+11
0.32 0.005 1.78806e+11
0.32 0.01 1.65579e+11
0.32 0.015 1.52125e+11
0.32 0.02 1.38593e+11
0.32 0.025 1.25153e+11
0.32 0.03 1.11984e+11
0.32 0.035 9.92651e+10
0.32 0.04 8.71564e+10
0.32 0.045 7.57901e+10
0.32 0.05 6.52647e+10
0.32 0.055 5.56447e+10
0.32 0.06 4.69626e+10
0.32 0.065 3.92229e+10
0.32 0.07 3.24065e+10
0.32 0.075 2.64758e+10
0.32 0.08 2.13788e+10
0.32 0.085 1.70531e+10
0.32 0.09 1.34296e+10
0.32 0.095 1.04351e+10
0.32 0.1 7.99515e+09
0.32 0.105 6.03625e+09
0.32 0.11 4.48773e+09
0.32 0.115 3.28328e+09
0.32 0.12 2.36215e+09
0.32 0.125 1.67002e+09
0.32 0.13 1.1594e+09
0.32 0.135 7.89806e+08
0.32 0.14 5.27508e+08
0.32 0.145 3.45117e+08
0.32 0.15 2.20936e+08
0.32 0.155 1.38204e+08
0.32 0.16 8.43105e+07
0.32 0.165 5.00107e+07
0.32 0.17 2.87069e+07
0.32 0.175 1.58161e+07
0.32 0.18 8.2413e+06
0.32 0.185 3.94627e+06
0.32 0.19 1.6287e+06
0.32 0.195 475714
0.32 0.2 0
0.325 0 1.97361e+11
0.325 0.005 1.88156e+11
0.325 0.01 1.77233e+11
0.325 0.015 1.64973e+11
0.325 0.02 1.51765e+11
0.325 0.025 1.38006e+11
0.325 0.03 1.24077e+11
0.325 0.035 1.10323e+11
0.325 0.04 9.70374e+10
0.325 0.045 8.44493e+10
0.325 0.05 7.27276e+10
0.325 0.055 6.19825e+10
0.325 0.06 5.22739e+10
0.325 0.065 4.36196e+10
0.325 0.07 3.60041e+10
0.325 0.075 2.93867e+10
0.325 0.08 2.37082e+10
0.325 0.085 1.88967e+10
0.325 0.09 1.48722e+10
0.325 0.095 1.15509e+10
0.325 0.1 8.84767e+09
0.325 0.105 6.67936e+09
0.325 0.11 4.96636e+09
0.325 0.115 3.63444e+09
0.325 0.12 2.61592e+09
0.325 0.125 1.85047e+09
0.325 0.13 1.28553e+09
0.325 0.135 8.76377e+08
0.325 0.14 5.85783e+08
0.325 0.145 3.8354e+08
0.325 0.15 2.45712e+08
0.325 0.155 1.53802e+08
0.325 0.16 9.38751e+07
0.325 0.165 5.57057e+07
0.325 0.17 3.19842e+07
0.325 0.175 1.76253e+07
0.325 0.18 9.18673e+06
0.325 0.185 4.40218e+06
0.325 0.19 1.82028e+06
0.325 0.195 534967
0.325 0.2 0
0.33 0 2.04166e+11
0.33 0.005 1.98533e+11
0.33 0.01 1.89956e+11
0.33 0.015 1.78935e+11
0.33 0.02 1.66053e+11
0.33 0.025 1.51925e+11
0.33 0.03 1.37143e+11
0.33 0.035 1.22234e+11
0.33 0.04 1.07639e+11
0.33 0.045 9.36994e+10
0.33 0.05 8.0662e+10
0.33 0.055 6.86877e+10
0.33 0.06 5.78652e+10
0.33 0.065 4.82255e+10
0.33 0.07 3.97551e+10
0.33 0.075 3.24082e+10
0.33 0.08 2.6116e+10
0.33 0.085 2.07949e+10
0.33 0.09 1.63525e+10
0.33 0.095 1.26922e+10
0.33 0.1 9.71744e+09
0.33 0.105 7.33403e+09
0.33 0.11 5.45274e+09
0.33 0.115 3.9908e+09
0.33 0.12 2.8732e+09
0.33 0.125 2.03332e+09
0.33 0.13 1.41332e+09
0.33 0.135 9.64101e+08
0.33 0.14 6.44862e+08
0.33 0.145 4.2252e+08
0.33 0.15 2.70869e+08
0.33 0.155 1.69654e+08
0.33 0.16 1.03606e+08
0.33 0.165 6.15051e+07
0.33 0.17 3.53248e+07
0.33 0.175 1.94711e+07
0.33 0.18 1.01523e+07
0.33 0.185 4.86849e+06
0.33 0.19 2.01676e+06
0.33 0.195 596113
0.33 0.2 0
0.335 0 2.12188e+11
0.335 0.005 2.10084e+11
0.335 0.01 2.03882e+11
0.335 0.015 1.94116e+11
0.335 0.02 1.81526e+11
0.335 0.025 1.66942e+11
0.335 0.03 1.51179e+11
0.335 0.035 1.34967e+11
0.335 0.04 1.18912e+11
0.335 0.045 1.03479e+11
0.335 0.05 8.9002e+10
0.335 0.055 7.56943e+10
0.335 0.06 6.36743e+10
0.335 0.065 5.29842e+10
0.335 0.07 4.36102e+10
0.335 0.075 3.54981e+10
0.335 0.08 2.8567e+10
0.335 0.085 2.27191e+10
0.335 0.09 1.78473e+10
0.335 0.095 1.3841e+10
0.335 0.1 1.05904e+10
0.335 0.105 7.98948e+09
0.335 0.11 5.93874e+09
0.335 0.115 4.34637e+09
0.335 0.12 3.12963e+09
0.335 0.125 2.21545e+09
0.335 0.13 1.54059e+09
0.335 0.135 1.05148e+09
0.335 0.14 7.03731e+08
0.335 0.145 4.61389e+08
0.335 0.15 2.95978e+08
0.335 0.155 1.85493e+08
0.335 0.16 1.13338e+08
0.335 0.165 6.73125e+07
0.335 0.17 3.86736e+07
0.335 0.175 2.13234e+07
0.335 0.18 1.11225e+07
0.335 0.185 5.33778e+06
0.335 0.19 2.21508e+06
0.335 0.195 658227
0.335 0.2 0
0.34 0 2.2152e+11
0.34 0.005 2.22937e+11
0.34 0.01 2.19124e+11
0.34 0.015 2.10593e+11
0.34 0.02 1.98216e+11
0.34 0.025 1.83043e+11
0.34 0.03 1.66133e+11
0.34 0.035 1.48443e+11
0.34 0.04 1.30759e+11
0.34 0.045 1.13685e+11
0.34 0.05 9.76445e+10
0.34 0.055 8.29057e+10
0.34 0.06 6.9614e+10
0.34 0.065 5.78199e+10
0.34 0.07 4.75048e+10
0.34 0.075 3.86029e+10
0.34 0.08 3.10177e+10
0.34 0.085 2.46344e+10
0.34 0.09 1.93292e+10
0.34 0.095 1.49758e+10
0.34 0.1 1.145e+10
0.34 0.105 8.63335e+09
0.34 0.11 6.41517e+09
0.34 0.115 4.69438e+09
0.34 0.12 3.38035e+09
0.34 0.125 2.39341e+09
0.34 0.13 1.66491e+09
0.34 0.135 1.13684e+09
0.34 0.14 7.61279e+08
0.34 0.145 4.99416e+08
0.34 0.15 3.20568e+08
0.34 0.155 2.01023e+08
0.34 0.16 1.22894e+08
0.34 0.165 7.30216e+07
0.34 0.17 4.19701e+07
0.34 0.175 2.31492e+07
0.34 0.18 1.20801e+07
0.34 0.185 5.80185e+06
0.34 0.19 2.41181e+06
0.34 0.195 720261
0.34 0.2 0
0.345 0 2.32217e+11
0.345 0.005 2.37162e+11
0.345 0.01 2.35742e+11
0.345 0.015 2.28383e+11
0.345 0.02 2.16086e+11
0.345 0.025 2.00141e+11
0.345 0.03 1.81879e+11
0.345 0.035 1.62509e+11
0.345 0.04 1.43019e+11
0.345 0.045 1.24158e+11
0.345 0.05 1.0644e+11
0.345 0.055 9.01879e+10
0.345 0.06 7.55685e+10
0.345 0.065 6.26346e+10
0.345 0.07 5.13582e+10
0.345 0.075 4.16571e+10
0.345 0.08 3.34158e+10
0.345 0.085 2.64998e+10
0.345 0.09 2.07665e+10
0.345 0.095 1.60724e+10
0.345 0.1 1.22781e+10
0.345 0.105 9.25194e+09
0.345 0.11 6.87194e+09
0.345 0.115 5.0275e+09
0.345 0.12 3.62008e+09
0.345 0.125 2.56347e+09
0.345 0.13 1.78369e+09
0.345 0.135 1.21844e+09
0.345 0.14 8.1632e+08
0.345 0.145 5.35823e+08
0.345 0.15 3.4414e+08
0.345 0.155 2.15931e+08
0.345 0.16 1.32081e+08
0.345 0.165 7.85194e+07
0.345 0.17 4.51497e+07
0.345 0.175 2.49131e+07
0.345 0.18 1.30068e+07
0.345 0.185 6.25192e+06
0.345 0.19 2.60325e+06
0.345 0.195 781072
0.345 0.2 0
0.35 0 2.44244e+11
0.35 0.005 2.52742e+11
0.35 0.01 2.53688e+11
0.35 0.015 2.47387e+11
0.35 0.02 2.34978e+11
0.35 0.025 2.18025e+11
0.35 0.03 1.98173e+11
0.35 0.035 1.7691e+11
0.35 0.04 1.55442e+11
0.35 0.045 1.34664e+11
0.35 0.05 1.15183e+11
0.35 0.055 9.73641e+10
0.35 0.06 8.13898e+10
0.35 0.065 6.73075e+10
0.35 0.07 5.50733e+10
0.35 0.075 4.4584e+10
0.35 0.08 3.57015e+10
0.35 0.085 2.82691e+10
0.35 0.09 2.21239e+10
0.35 0.095 1.71041e+10
0.35 0.1 1.30548e+10
0.35 0.105 9.83058e+09
0.35 0.11 7.29832e+09
0.35 0.115 5.338e+09
0.35 0.12 3.84332e+09
0.35 0.125 2.72178e+09
0.35 0.13 1.89427e+09
0.35 0.135 1.29444e+09
0.35 0.14 8.67636e+08
0.35 0.145 5.69811e+08
0.35 0.15 3.66181e+08
0.35 0.155 2.29897e+08
0.35 0.16 1.40704e+08
0.35 0.165 8.36901e+07
0.35 0.17 4.8146e+07
0.35 0.175 2.65787e+07
0.35 0.18 1.38838e+07
0.35 0.185 6.6789e+06
0.35 0.19 2.78559e+06
0.35 0.195 839461
0.35 0.2 0
0.355 0 2.57381e+11
0.355 0.005 2.69468e+11
0.355 0.01 2.72716e+11
0.355 0.015 2.67303e+11
0.355 0.02 2.54532e+11
0.355 0.025 2.36298e+11
0.355 0.03 2.14605e+11
0.355 0.035 1.91249e+11
0.355 0.04 1.67663e+11
0.355 0.045 1.44885e+11
0.355 0.05 1.23602e+11
0.355 0.055 1.04211e+11
0.355 0.06 8.68972e+10
0.355 0.065 7.1695e+10
0.355 0.07 5.85377e+10
0.355 0.075 4.72967e+10
0.355 0.08 3.78082e+10
0.355 0.085 2.98919e+10
0.355 0.09 2.33635e+10
0.355 0.095 1.80429e+10
0.355 0.1 1.37593e+10
0.355 0.105 1.03541e+10
0.355 0.11 7.68341e+09
0.355 0.115 5.61807e+09
0.355 0.12 4.04454e+09
0.355 0.125 2.86445e+09
0.355 0.13 1.99399e+09
0.355 0.135 1.36304e+09
0.355 0.14 9.14024e+08
0.355 0.145 6.00592e+08
0.355 0.15 3.86186e+08
0.355 0.155 2.42603e+08
0.355 0.16 1.48569e+08
0.355 0.165 8.84188e+07
0.355 0.17 5.08935e+07
0.355 0.175 2.81099e+07
0.355 0.18 1.46921e+07
0.355 0.185 7.07376e+06
0.355 0.19 2.95499e+06
0.355 0.195 894211
0.355 0.2 0
0.36 0 2.71074e+11
0.36 0.005 2.86775e+11
0.36 0.01 2.92229e+11
0.36 0.015 2.87482e+11
0.36 0.02 2.74067e+11
0.36 0.025 2.54279e+11
0.36 0.03 2.30531e+11
0.36 0.035 2.04948e+11
0.36 0.04 1.79183e+11
0.36 0.045 1.54405e+11
0.36 0.05 1.31358e+11
0.36 0.055 1.10458e+11
0.36 0.06 9.188e+10
0.36 0.065 7.56344e+10
0.36 0.07 6.16273e+10
0.36 0.075 4.97013e+10
0.36 0.08 3.96657e+10
0.36 0.085 3.13159e+10
0.36 0.09 2.44468e+10
0.36 0.095 1.88604e+10
0.36 0.1 1.43709e+10
0.36 0.105 1.08077e+10
0.36 0.11 8.01648e+09
0.36 0.115 5.86009e+09
0.36 0.12 4.21841e+09
0.36 0.125 2.98779e+09
0.36 0.13 2.08029e+09
0.36 0.135 1.42251e+09
0.36 0.14 9.54336e+08
0.36 0.145 6.27416e+08
0.36 0.15 4.03675e+08
0.36 0.155 2.53748e+08
0.36 0.16 1.55493e+08
0.36 0.165 9.25964e+07
0.36 0.17 5.33294e+07
0.36 0.175 2.94723e+07
0.36 0.18 1.5414e+07
0.36 0.185 7.4278e+06
0.36 0.19 3.10776e+06
0.36 0.195 944132
0.36 0.2 0
0.365 0 2.84159e+11
0.365 0.005 3.03477e+11
0.365 0.01 3.11018e+11
0.365 0.015 3.06717e+11
0.365 0.02 2.92418e+11
0.365 0.025 2.70895e+11
0.365 0.03 2.45009e+11
0.365 0.035 2.17209e+11
0.365 0.04 1.89352e+11
0.365 0.045 1.62705e+11
0.365 0.05 1.3805e+11
0.365 0.055 1.15798e+11
0.365 0.06 9.61047e+10
0.365 0.065 7.89508e+10
0.365 0.07 6.42118e+10
0.365 0.075 5.17015e+10
0.365 0.08 4.12029e+10
0.365 0.085 3.24892e+10
0.365 0.09 2.5336e+10
0.365 0.095 1.95293e+10
0.365 0.1 1.48702e+10
0.365 0.105 1.11772e+10
0.365 0.11 8.28758e+09
0.365 0.115 6.05707e+09
0.365 0.12 4.36002e+09
0.365 0.125 3.08841e+09
0.365 0.13 2.15087e+09
0.365 0.135 1.47131e+09
0.365 0.14 9.8754e+08
0.365 0.145 6.49607e+08
0.365 0.15 4.18213e+08
0.365 0.155 2.63061e+08
0.365 0.16 1.61309e+08
0.365 0.165 9.61237e+07
0.365 0.17 5.53968e+07
0.365 0.175 3.06344e+07
0.365 0.18 1.60329e+07
0.365 0.185 7.73306e+06
0.365 0.19 3.24047e+06
0.365 0.195 988112
0.365 0.2 0
0.37 0 2.94402e+11
0.37 0.005 3.17308e+11
0.37 0.01 3.26864e+11
0.37 0.015 3.22935e+11
0.37 0.02 3.07737e+11
0.37 0.025 2.84568e+11
0.37 0.03 2.56742e+11
0.37 0.035 2.27008e+11
0.37 0.04 1.97379e+11
0.37 0.045 1.69189e+11
0.37 0.05 1.43231e+11
0.37 0.055 1.19902e+11
0.37 0.06 9.93301e+10
0.37 0.065 8.14682e+10
0.37 0.07 6.61636e+10
0.37 0.075 5.32048e+10
0.37 0.08 4.23534e+10
0.37 0.085 3.33639e+10
0.37 0.09 2.59967e+10
0.37 0.095 2.0025e+10
0.37 0.1 1.52395e+10
0.37 0.105 1.14504e+10
0.37 0.11 8.48806e+09
0.37 0.115 6.20295e+09
0.37 0.12 4.46519e+09
0.37 0.125 3.16344e+09
0.37 0.13 2.20377e+09
0.37 0.135 1.50811e+09
0.37 0.14 1.01276e+09
0.37 0.145 6.66593e+08
0.37 0.15 4.29432e+08
0.37 0.155 2.70309e+08
0.37 0.16 1.65874e+08
0.37 0.165 9.89158e+07
0.37 0.17 5.70466e+07
0.37 0.175 3.15691e+07
0.37 0.18 1.65345e+07
0.37 0.185 7.98257e+06
0.37 0.19 3.35014e+06
0.37 0.195 1.02516e+06
0.37 0.2 0
0.375 0 2.97764e+11
0.375 0.005 3.2419e+11
0.375 0.01 3.35965e+11
0.375 0.015 3.32841e+11
0.375 0.02 3.17311e+11
0.375 0.025 2.93156e+11
0.375 0.03 2.64099e+11
0.375 0.035 2.33131e+11
0.375 0.04 2.0238e+11
0.375 0.045 1.73221e+11
0.375 0.05 1.46448e+11
0.375 0.055 1.22448e+11
0.375 0.06 1.01329e+11
0.375 0.065 8.30255e+10
0.375 0.07 6.73684e+10
0.375 0.075 5.41305e+10
0.375 0.08 4.30599e+10
0.375 0.085 3.38997e+10
0.375 0.09 2.64004e+10
0.375 0.095 2.03275e+10
0.375 0.1 1.54649e+10
0.375 0.105 1.16174e+10
0.375 0.11 8.61106e+09
0.375 0.115 6.293e+09
0.375 0.12 4.53064e+09
0.375 0.125 3.21064e+09
0.375 0.13 2.23747e+09
0.375 0.135 1.5319e+09
0.375 0.14 1.02931e+09
0.375 0.145 6.7793e+08
0.375 0.15 4.37048e+08
0.375 0.155 2.75312e+08
0.375 0.16 1.69077e+08
0.375 0.165 1.00906e+08
0.375 0.17 5.824e+07
0.375 0.175 3.22547e+07
0.375 0.18 1.69074e+07
0.375 0.185 8.1707e+06
0.375 0.19 3.43429e+06
0.375 0.195 1.05444e+06
0.375 0.2 0
0.38 0 2.87544e+11
0.38 0.005 3.17354e+11
0.38 0.01 3.32418e+11
0.38 0.015 3.31768e+11
0.38 0.02 3.17608e+11
0.38 0.025 2.94082e+11
0.38 0.03 2.65255e+11
0.38 0.035 2.34316e+11
0.38 0.04 2.03495e+11
0.38 0.045 1.74216e+11
0.38 0.05 1.47305e+11
0.38 0.055 1.23164e+11
0.38 0.06 1.01914e+11
0.38 0.065 8.34948e+10
0.38 0.07 6.77382e+10
0.38 0.075 5.44177e+10
0.38 0.08 4.32803e+10
0.38 0.085 3.40673e+10
0.38 0.09 2.65271e+10
0.38 0.095 2.04229e+10
0.38 0.1 1.55367e+10
0.38 0.105 1.16716e+10
0.38 0.11 8.65205e+09
0.38 0.115 6.3241e+09
0.38 0.12 4.55427e+09
0.38 0.125 3.22856e+09
0.38 0.13 2.25099e+09
0.38 0.135 1.54201e+09
0.38 0.14 1.03677e+09
0.38 0.145 6.8333e+08
0.38 0.15 4.40873e+08
0.38 0.155 2.77951e+08
0.38 0.16 1.70844e+08
0.38 0.165 1.02048e+08
0.38 0.17 5.895e+07
0.38 0.175 3.26759e+07
0.38 0.18 1.71435e+07
0.38 0.185 8.29339e+06
0.38 0.19 3.49113e+06
0.38 0.195 1.07532e+06
0.38 0.2 0
0.385 0 2.55294e+11
0.385 0.005 2.88175e+11
0.385 0.01 3.09571e+11
0.385 0.015 3.14786e+11
0.385 0.02 3.05015e+11
0.385 0.025 2.84844e+11
0.385 0.03 2.58569e+11
0.385 0.035 2.29518e+11
0.385 0.04 2.00059e+11
0.385 0.045 1.71752e+11
0.385 0.05 1.4553e+11
0.385 0.055 1.21877e+11
0.385 0.06 1.00973e+11
0.385 0.065 8.2801e+10
0.385 0.07 6.7223e+10
0.385 0.075 5.40331e+10
0.385 0.08 4.29924e+10
0.385 0.085 3.38519e+10
0.385 0.09 2.63668e+10
0.385 0.095 2.03046e+10
0.385 0.1 1.54506e+10
0.385 0.105 1.16101e+10
0.385 0.11 8.60913e+09
0.385 0.115 6.29499e+09
0.385 0.12 4.53523e+09
0.385 0.125 3.21665e+09
0.385 0.13 2.24397e+09
0.385 0.135 1.5382e+09
0.385 0.14 1.03495e+09
0.385 0.145 6.82672e+08
0.385 0.15 4.40824e+08
0.385 0.155 2.78171e+08
0.385 0.16 1.71138e+08
0.385 0.165 1.0232e+08
0.385 0.17 5.91628e+07
0.385 0.175 3.28246e+07
0.385 0.18 1.72381e+07
0.385 0.185 8.34827e+06
0.385 0.19 3.51955e+06
0.385 0.195 1.08738e+06
0.385 0.2 0
0.39 0 2.05037e+11
0.39 0.005 2.46627e+11
0.39 0.01 2.7375e+11
0.39 0.015 2.82235e+11
0.39 0.02 2.77936e+11
0.39 0.025 2.64064e+11
0.39 0.03 2.43203e+11
0.39 0.035 2.18279e+11
0.39 0.04 1.91835e+11
0.39 0.045 1.65706e+11
0.39 0.05 1.41059e+11
0.39 0.055 1.18552e+11
0.39 0.06 9.84882e+10
0.39 0.065 8.09366e+10
0.39 0.07 6.58205e+10
0.39 0.075 5.29768e+10
0.39 0.08 4.21975e+10
0.39 0.085 3.32554e+10
0.39 0.09 2.59213e+10
0.39 0.095 1.99744e+10
0.39 0.1 1.52082e+10
0.39 0.105 1.14341e+10
0.39 0.11 8.48325e+09
0.39 0.115 6.2064e+09
0.39 0.12 4.47404e+09
0.39 0.125 3.17527e+09
0.39 0.13 2.21663e+09
0.39 0.135 1.5206e+09
0.39 0.14 1.02395e+09
0.39 0.145 6.76011e+08
0.39 0.15 4.36931e+08
0.39 0.155 2.75985e+08
0.39 0.16 1.69965e+08
0.39 0.165 1.01723e+08
0.39 0.17 5.8878e+07
0.39 0.175 3.27e+07
0.39 0.18 1.71906e+07
0.39 0.185 8.33481e+06
0.39 0.19 3.51922e+06
0.39 0.195 1.09046e+06
0.39 0.2 0
0.395 0 2.28007e+11
0.395 0.005 4.41978e+11
0.395 0.01 3.13461e+11
0.395 0.015 2.50613e+11
0.395 0.02 2.39117e+11
0.395 0.025 2.32654e+11
0.395 0.03 2.19811e+11
0.395 0.035 2.01108e+11
0.395 0.04 1.79198e+11
0.395 0.045 1.56346e+11
0.395 0.05 1.34082e+11
0.395 0.055 1.13325e+11
0.395 0.06 9.45557e+10
0.395 0.065 7.79702e+10
0.395 0.07 6.35797e+10
0.395 0.075 5.12845e+10
0.395 0.08 4.09215e+10
0.395 0.085 3.22967e+10
0.395 0.09 2.52047e+10
0.395 0.095 1.94424e+10
0.395 0.1 1.48167e+10
0.395 0.105 1.1149e+10
0.395 0.11 8.27821e+09
0.395 0.115 6.06101e+09
0.395 0.12 4.37258e+09
0.395 0.125 3.1057e+09
0.395 0.13 2.16985e+09
0.395 0.135 1.4898e+09
0.395 0.14 1.00414e+09
0.395 0.145 6.63575e+08
0.395 0.15 4.29333e+08
0.395 0.155 2.71475e+08
0.395 0.16 1.67371e+08
0.395 0.165 1.00283e+08
0.395 0.17 5.8109e+07
0.395 0.175 3.23088e+07
0.395 0.18 1.7004e+07
0.395 0.185 8.25433e+06
0.395 0.19 3.49059e+06
0.395 0.195 1.08463e+06
0.395 0.2 0
0.4 0 0
0.4 0.005 2.02357e+12
0.4 0.01 7.24453e+11
0.4 0.015 2.27261e+11
0.4 0.02 1.91939e+11
0.4 0.025 1.94153e+11
0.4 0.03 1.90922e+11
0.4 0.035 1.79639e+11
0.4 0.04 1.63188e+11
0.4 0.045 1.44344e+11
0.4 0.05 1.25043e+11
0.4 0.055 1.06492e+11
0.4 0.06 8.9378e+10
0.4 0.065 7.40417e+10
0.4 0.07 6.05988e+10
0.4 0.075 4.90254e+10
0.4 0.08 3.92139e+10
0.4 0.085 3.1011e+10
0.4 0.09 2.4242e+10
0.4 0.095 1.87266e+10
0.4 0.1 1.4289e+10
0.4 0.105 1.0764e+10
0.4 0.11 8.0005e+09
0.4 0.115 5.86337e+09
0.4 0.12 4.23398e+09
0.4 0.125 3.01009e+09
0.4 0.13 2.10506e+09
0.4 0.135 1.44675e+09
0.4 0.14 9.76122e+08
0.4 0.145 6.45754e+08
0.4 0.15 4.18271e+08
0.4 0.155 2.64787e+08
0.4 0.16 1.63442e+08
0.4 0.165 9.80467e+07
0.4 0.17 5.6882e+07
0.4 0.175 3.16647e+07
0.4 0.18 1.66851e+07
0.4 0.185 8.10986e+06
0.4 0.19 3.43483e+06
0.4 0.195 1.07019e+06
0.4 0.2 0
0.405 0 0
0.405 0.005 1.6458e+12
0.405 0.01 1.04717e+12
0.405 0.015 2.09097e+11
0.405 0.02 1.48074e+11
0.405 0.025 1.55897e+11
0.405 0.03 1.60695e+11
0.405 0.035 1.56311e+11
0.405 0.04 1.45301e+11
0.405 0.045 1.30652e+11
0.405 0.05 1.14564e+11
0.405 0.055 9.84702e+10
0.405 0.06 8.3239e+10
0.405 0.065 6.93472e+10
0.405 0.07 5.70147e+10
0.405 0.075 4.6296e+10
0.405 0.08 3.71428e+10
0.405 0.085 2.9447e+10
0.405 0.09 2.3068e+10
0.405 0.095 1.78518e+10
0.405 0.1 1.36428e+10
0.405 0.105 1.02915e+10
0.405 0.11 7.6589e+09
0.405 0.115 5.61958e+09
0.405 0.12 4.06248e+09
0.405 0.125 2.89133e+09
0.405 0.13 2.02422e+09
0.405 0.135 1.39273e+09
0.405 0.14 9.40744e+08
0.405 0.145 6.23082e+08
0.405 0.15 4.04076e+08
0.405 0.155 2.56121e+08
0.405 0.16 1.58296e+08
0.405 0.165 9.50836e+07
0.405 0.17 5.5235e+07
0.405 0.175 3.07878e+07
0.405 0.18 1.62441e+07
0.405 0.185 7.90609e+06
0.405 0.19 3.35381e+06
0.405 0.195 1.04767e+06
0.405 0.2 0
0.41 0 0
0.41 0.005 1.18779e+12
0.41 0.01 9.29048e+11
0.41 0.015 1.93721e+11
0.41 0.02 1.14335e+11
0.41 0.025 1.23106e+11
0.41 0.03 1.32616e+11
0.41 0.035 1.33408e+11
0.41 0.04 1.27046e+11
0.41 0.045 1.16278e+11
0.41 0.05 1.03327e+11
0.41 0.055 8.97289e+10
0.41 0.06 7.64643e+10
0.41 0.065 6.4115e+10
0.41 0.07 5.29885e+10
0.41 0.075 4.32106e+10
0.41 0.08 3.47899e+10
0.41 0.085 2.76628e+10
0.41 0.09 2.17243e+10
0.41 0.095 1.68477e+10
0.41 0.1 1.28992e+10
0.41 0.105 9.74642e+09
0.41 0.11 7.26397e+09
0.41 0.115 5.33705e+09
0.41 0.12 3.86319e+09
0.41 0.125 2.7529e+09
0.41 0.13 1.92966e+09
0.41 0.135 1.3293e+09
0.41 0.14 8.99021e+08
0.41 0.145 5.96209e+08
0.41 0.15 3.87157e+08
0.41 0.155 2.45729e+08
0.41 0.16 1.52083e+08
0.41 0.165 9.14793e+07
0.41 0.17 5.32159e+07
0.41 0.175 2.97037e+07
0.41 0.18 1.56938e+07
0.41 0.185 7.64909e+06
0.41 0.19 3.25002e+06
0.41 0.195 1.01781e+06
0.41 0.2 0
0.415 0 0
0.415 0.005 8.8446e+11
0.415 0.01 7.59923e+11
0.415 0.015 1.74393e+11
0.415 0.02 8.87837e+10
0.415 0.025 9.67605e+10
0.415 0.03 1.08315e+11
0.415 0.035 1.12411e+11
0.415 0.04 1.09582e+11
0.415 0.045 1.02083e+11
0.415 0.05 9.19598e+10
0.415 0.055 8.07189e+10
0.415 0.06 6.93784e+10
0.415 0.065 5.85785e+10
0.415 0.07 4.86884e+10
0.415 0.075 3.98905e+10
0.415 0.08 3.22426e+10
0.415 0.085 2.57218e+10
0.415 0.09 2.02563e+10
0.415 0.095 1.5747e+10
0.415 0.1 1.20816e+10
0.415 0.105 9.14552e+09
0.415 0.11 6.82745e+09
0.415 0.115 5.024e+09
0.415 0.12 3.6418e+09
0.415 0.125 2.59871e+09
0.415 0.13 1.82404e+09
0.415 0.135 1.25823e+09
0.415 0.14 8.52104e+08
0.415 0.145 5.65875e+08
0.415 0.15 3.67978e+08
0.415 0.155 2.33894e+08
0.415 0.16 1.44972e+08
0.415 0.165 8.73331e+07
0.415 0.17 5.08804e+07
0.415 0.175 2.84425e+07
0.415 0.18 1.50497e+07
0.415 0.185 7.34608e+06
0.415 0.19 3.12641e+06
0.415 0.195 981499
0.415 0.2 0
0.42 0 0
0.42 0.005 6.74908e+11
0.42 0.01 6.1684e+11
0.42 0.015 1.5393e+11
0.42 0.02 6.93498e+10
0.42 0.025 7.61414e+10
0.42 0.03 8.80922e+10
0.42 0.035 9.39925e+10
0.42 0.04 9.36149e+10
0.42 0.045 8.86823e+10
0.42 0.05 8.09554e+10
0.42 0.055 7.18224e+10
0.42 0.06 6.22704e+10
0.42 0.065 5.29537e+10
0.42 0.07 4.42745e+10
0.42 0.075 3.6454e+10
0.42 0.08 2.95877e+10
0.42 0.085 2.36872e+10
0.42 0.09 1.87104e+10
0.42 0.095 1.45831e+10
0.42 0.1 1.12142e+10
0.42 0.105 8.50605e+09
0.42 0.11 6.36163e+09
0.42 0.115 4.68906e+09
0.42 0.12 3.40434e+09
0.42 0.125 2.4329e+09
0.42 0.13 1.71015e+09
0.42 0.135 1.18138e+09
0.42 0.14 8.01222e+08
0.42 0.145 5.32871e+08
0.42 0.15 3.4704e+08
0.42 0.155 2.20926e+08
0.42 0.16 1.37151e+08
0.42 0.165 8.27534e+07
0.42 0.17 4.82897e+07
0.42 0.175 2.70374e+07
0.42 0.18 1.43287e+07
0.42 0.185 7.00513e+06
0.42 0.19 2.98633e+06
0.42 0.195 939763
0.42 0.2 0
0.425 0 0
0.425 0.005 5.23197e+11
0.425 0.01 5.01373e+11
0.425 0.015 1.34514e+11
0.425 0.02 5.45069e+10
0.425 0.025 6.01489e+10
0.425 0.03 7.1605e+10
0.425 0.035 7.82724e+10
0.425 0.04 7.94647e+10
0.425 0.045 7.644e+10
0.425 0.05 7.06539e+10
0.425 0.055 6.33277e+10
0.425 0.06 5.53734e+10
0.425 0.065 4.74235e+10
0.425 0.07 3.98876e+10
0.425 0.075 3.30078e+10
0.425 0.08 2.69056e+10
0.425 0.085 2.1619e+10
0.425 0.09 1.71308e+10
0.425 0.095 1.33887e+10
0.425 0.1 1.03206e+10
0.425 0.105 7.84509e+09
0.425 0.11 5.87873e+09
0.425 0.115 4.34087e+09
0.425 0.12 3.15684e+09
0.425 0.125 2.25965e+09
0.425 0.13 1.59085e+09
0.425 0.135 1.10066e+09
0.425 0.14 7.47636e+08
0.425 0.145 4.98014e+08
0.425 0.15 3.24859e+08
0.425 0.155 2.07146e+08
0.425 0.16 1.28811e+08
0.425 0.165 7.78539e+07
0.425 0.17 4.55084e+07
0.425 0.175 2.55234e+07
0.425 0.18 1.35489e+07
0.425 0.185 6.63485e+06
0.425 0.19 2.83338e+06
0.425 0.195 893714
0.425 0.2 0
0.43 0 0
0.43 0.005 4.10079e+11
0.43 0.01 4.08572e+11
0.43 0.015 1.16996e+11
0.43 0.02 4.31213e+10
0.43 0.025 4.77599e+10
0.43 0.03 5.82955e+10
0.43 0.035 6.50774e+10
0.43 0.04 6.71875e+10
0.43 0.045 6.55214e+10
0.43 0.05 6.1254e+10
0.43 0.055 5.54283e+10
0.43 0.06 4.88579e+10
0.43 0.065 4.21303e+10
0.43 0.07 3.56426e+10
0.43 0.075 2.96424e+10
0.43 0.08 2.42661e+10
0.43 0.085 1.95705e+10
0.43 0.09 1.55576e+10
0.43 0.095 1.21935e+10
0.43 0.1 9.42281e+09
0.43 0.105 7.1787e+09
0.43 0.11 5.39032e+09
0.43 0.115 3.98772e+09
0.43 0.12 2.90514e+09
0.43 0.125 2.083e+09
0.43 0.13 1.4689e+09
0.43 0.135 1.01795e+09
0.43 0.14 6.92586e+08
0.43 0.145 4.62111e+08
0.43 0.15 3.01951e+08
0.43 0.155 1.92873e+08
0.43 0.16 1.20149e+08
0.43 0.165 7.27493e+07
0.43 0.17 4.26017e+07
0.43 0.175 2.39363e+07
0.43 0.18 1.27289e+07
0.43 0.185 6.24412e+06
0.43 0.19 2.67127e+06
0.43 0.195 844513
0.43 0.2 0
0.435 0 0
0.435 0.005 3.24207e+11
0.435 0.01 3.33899e+11
0.435 0.015 1.01547e+11
0.435 0.02 3.43443e+10
0.435 0.025 3.81394e+10
0.435 0.03 4.75943e+10
0.435 0.035 5.41109e+10
0.435 0.04 5.66874e+10
0.435 0.045 5.59526e+10
0.435 0.05 5.28435e+10
0.435 0.055 4.8235e+10
0.435 0.06 4.28357e+10
0.435 0.065 3.71757e+10
0.435 0.07 3.16263e+10
0.435 0.075 2.64292e+10
0.435 0.08 2.17265e+10
0.435 0.085 1.75865e+10
0.435 0.09 1.40254e+10
0.435 0.095 1.10238e+10
0.435 0.1 8.5405e+09
0.435 0.105 6.5214e+09
0.435 0.11 4.90701e+09
0.435 0.115 3.63721e+09
0.435 0.12 2.65465e+09
0.435 0.125 1.90675e+09
0.435 0.13 1.34692e+09
0.435 0.135 9.35012e+08
0.435 0.14 6.37253e+08
0.435 0.145 4.25934e+08
0.435 0.15 2.78809e+08
0.435 0.155 1.78417e+08
0.435 0.16 1.11352e+08
0.435 0.165 6.75514e+07
0.435 0.17 3.96339e+07
0.435 0.175 2.23113e+07
0.435 0.18 1.1887e+07
0.435 0.185 5.84176e+06
0.435 0.19 2.50373e+06
0.435 0.195 793333
0.435 0.2 0
0.44 0 0
0.44 0.005 2.58242e+11
0.44 0.01 2.73724e+11
0.44 0.015 8.80661e+10
0.44 0.02 2.75422e+10
0.44 0.025 3.06397e+10
0.44 0.03 3.89982e+10
0.44 0.035 4.50497e+10
0.44 0.04 4.77958e+10
0.44 0.045 4.76752e+10
0.44 0.05 4.54328e+10
0.44 0.055 4.17947e+10
0.44 0.06 3.73691e+10
0.44 0.065 3.26244e+10
0.44 0.07 2.7899e+10
0.44 0.075 2.34209e+10
0.44 0.08 1.93308e+10
0.44 0.085 1.57028e+10
0.44 0.09 1.25624e+10
0.44 0.095 9.90156e+09
0.44 0.1 7.69037e+09
0.44 0.105 5.88571e+09
0.44 0.11 4.43803e+09
0.44 0.115 3.29609e+09
0.44 0.12 2.41019e+09
0.44 0.125 1.7343e+09
0.44 0.13 1.22729e+09
0.44 0.135 8.53475e+08
0.44 0.14 5.82724e+08
0.44 0.145 3.90198e+08
0.44 0.15 2.55895e+08
0.44 0.155 1.64069e+08
0.44 0.16 1.02599e+08
0.44 0.165 6.23666e+07
0.44 0.17 3.66661e+07
0.44 0.175 2.06823e+07
0.44 0.18 1.10409e+07
0.44 0.185 5.43633e+06
0.44 0.19 2.33438e+06
0.44 0.195 741323
0.44 0.2 0
0.445 0 0
0.445 0.005 2.07285e+11
0.445 0.01 2.25202e+11
0.445 0.015 7.63685e+10
0.445 0.02 2.22434e+10
0.445 0.025 2.47688e+10
0.445 0.03 3.20902e+10
0.445 0.035 3.759e+10
0.445 0.04 4.03204e+10
0.445 0.045 4.0587e+10
0.445 0.05 3.89829e+10
0.445 0.055 3.61091e+10
0.445 0.06 3.24823e+10
0.445 0.065 2.85111e+10
0.445 0.07 2.4498e+10
0.445 0.075 2.0653e+10
0.445 0.08 1.71106e+10
0.445 0.085 1.3946e+10
0.445 0.09 1.11905e+10
0.445 0.095 8.84414e+09
0.445 0.1 6.886e+09
0.445 0.105 5.282e+09
0.445 0.11 3.99119e+09
0.445 0.115 2.9701e+09
0.445 0.12 2.17594e+09
0.445 0.125 1.56863e+09
0.445 0.13 1.11208e+09
0.445 0.135 7.74772e+08
0.445 0.14 5.2997e+08
0.445 0.145 3.55548e+08
0.445 0.15 2.33626e+08
0.445 0.155 1.50092e+08
0.445 0.16 9.40533e+07
0.445 0.165 5.72928e+07
0.445 0.17 3.37552e+07
0.445 0.175 1.90809e+07
0.445 0.18 1.02072e+07
0.445 0.185 5.03589e+06
0.445 0.19 2.16666e+06
0.445 0.195 689581
0.445 0.2 0
0.45 0 0
0.45 0.005 1.67716e+11
0.45 0.01 1.86084e+11
0.45 0.015 6.6261e+10
0.45 0.02 1.80966e+10
0.45 0.025 2.01556e+10
0.45 0.03 2.65349e+10
0.45 0.035 3.14652e+10
0.45 0.04 3.40717e+10
0.45 0.045 3.45675e+10
0.45 0.05 3.3428e+10
0.45 0.055 3.11503e+10
0.45 0.06 2.81723e+10
0.45 0.065 2.4847e+10
0.45 0.07 2.14418e+10
0.45 0.075 1.81465e+10
0.45 0.08 1.50863e+10
0.45 0.085 1.23345e+10
0.45 0.09 9.9255e+09
0.45 0.095 7.86466e+09
0.45 0.1 6.13789e+09
0.45 0.105 4.71851e+09
0.45 0.11 3.57276e+09
0.45 0.115 2.66394e+09
0.45 0.12 1.95535e+09
0.45 0.125 1.41224e+09
0.45 0.13 1.00307e+09
0.45 0.135 7.00136e+08
0.45 0.14 4.79832e+08
0.45 0.145 3.22544e+08
0.45 0.15 2.1237e+08
0.45 0.155 1.36723e+08
0.45 0.16 8.58608e+07
0.45 0.165 5.24183e+07
0.45 0.17 3.09525e+07
0.45 0.175 1.75356e+07
0.45 0.18 9.40102e+06
0.45 0.185 4.64788e+06
0.45 0.19 2.00375e+06
0.45 0.195 639130
0.45 0.2 0
0.455 0 0
0.455 0.005 1.36878e+11
0.455 0.01 1.54584e+11
0.455 0.015 5.75681e+10
0.455 0.02 1.484e+10
0.455 0.025 1.65209e+10
0.455 0.03 2.20671e+10
0.455 0.035 2.64503e+10
0.455 0.04 2.88764e+10
0.455 0.045 2.94946e+10
0.455 0.05 2.86894e+10
0.455 0.055 2.68738e+10
0.455 0.06 2.44183e+10
0.455 0.065 2.16272e+10
0.455 0.07 1.87347e+10
0.455 0.075 1.59106e+10
0.455 0.08 1.32691e+10
0.455 0.085 1.08801e+10
0.455 0.09 8.7781e+09
0.455 0.095 6.97233e+09
0.455 0.1 5.45371e+09
0.455 0.105 4.20138e+09
0.455 0.11 3.18757e+09
0.455 0.115 2.38132e+09
0.455 0.12 1.7512e+09
0.455 0.125 1.26716e+09
0.455 0.13 9.01711e+08
0.455 0.135 6.3059e+08
0.455 0.14 4.33016e+08
0.455 0.145 2.91663e+08
0.455 0.15 1.92441e+08
0.455 0.155 1.24162e+08
0.455 0.16 7.81485e+07
0.455 0.165 4.782e+07
0.455 0.17 2.83033e+07
0.455 0.175 1.60722e+07
0.455 0.18 8.63606e+06
0.455 0.185 4.27898e+06
0.455 0.19 1.84854e+06
0.455 0.195 590902
0.455 0.2 0
0.46 0 0
0.46 0.005 1.1279e+11
0.46 0.01 1.2928e+11
0.46 0.015 5.01386e+10
0.46 0.02 1.22774e+10
0.46 0.025 1.36541e+10
0.46 0.03 1.84785e+10
0.46 0.035 2.23595e+10
0.46 0.04 2.45827e+10
0.46 0.045 2.52536e+10
0.46 0.05 2.46864e+10
0.46 0.055 2.32267e+10
0.46 0.06 2.11892e+10
0.46 0.065 1.88359e+10
0.46 0.07 1.63713e+10
0.46 0.075 1.3946e+10
0.46 0.08 1.16635e+10
0.46 0.085 9.58827e+09
0.46 0.09 7.75443e+09
0.46 0.095 6.17301e+09
0.46 0.1 4.83863e+09
0.46 0.105 3.73499e+09
0.46 0.11 2.83916e+09
0.46 0.115 2.12501e+09
0.46 0.12 1.5656e+09
0.46 0.125 1.13496e+09
0.46 0.13 8.09156e+08
0.46 0.135 5.66954e+08
0.46 0.14 3.90094e+08
0.46 0.145 2.63297e+08
0.46 0.15 1.74099e+08
0.46 0.155 1.1258e+08
0.46 0.16 7.10236e+07
0.46 0.165 4.3564e+07
0.46 0.17 2.58468e+07
0.46 0.175 1.47127e+07
0.46 0.18 7.92417e+06
0.46 0.185 3.93506e+06
0.46 0.19 1.70355e+06
0.46 0.195 545726
0.46 0.2 0
0.465 0 0
0.465 0.005 9.39756e+10
0.465 0.01 1.09043e+11
0.465 0.015 4.38455e+10
0.465 0.02 1.0262e+10
0.465 0.025 1.13962e+10
0.465 0.03 1.56064e+10
0.465 0.035 1.90415e+10
0.465 0.04 2.10613e+10
0.465 0.045 2.17413e+10
0.465 0.05 2.13418e+10
0.465 0.055 2.01548e+10
0.465 0.06 1.84491e+10
0.465 0.065 1.64511e+10
0.465 0.07 1.43396e+10
0.465 0.075 1.22477e+10
0.465 0.08 1.02683e+10
0.465 0.085 8.46071e+09
0.465 0.09 6.85724e+09
0.465 0.095 5.46987e+09
0.465 0.1 4.29578e+09
0.465 0.105 3.32212e+09
0.465 0.11 2.52991e+09
0.465 0.115 1.89694e+09
0.465 0.12 1.40009e+09
0.465 0.125 1.01682e+09
0.465 0.13 7.26279e+08
0.465 0.135 5.09866e+08
0.465 0.14 3.51518e+08
0.465 0.145 2.37756e+08
0.465 0.15 1.57556e+08
0.465 0.155 1.02116e+08
0.465 0.16 6.45746e+07
0.465 0.165 3.97051e+07
0.465 0.17 2.36156e+07
0.465 0.175 1.34758e+07
0.465 0.18 7.27548e+06
0.465 0.185 3.62117e+06
0.465 0.19 1.57101e+06
0.465 0.195 504324
0.465 0.2 0
0.47 0 0
0.47 0.005 7.93422e+10
0.47 0.01 9.29767e+10
0.47 0.015 3.8583e+10
0.47 0.02 8.68351e+09
0.47 0.025 9.62682e+09
0.47 0.03 1.3324e+10
0.47 0.035 1.63745e+10
0.47 0.04 1.82042e+10
0.47 0.045 1.88681e+10
0.47 0.05 1.85855e+10
0.47 0.055 1.76058e+10
0.47 0.06 1.61611e+10
0.47 0.065 1.44482e+10
0.47 0.07 1.2624e+10
0.47 0.075 1.08066e+10
0.47 0.08 9.07925e+09
0.47 0.085 7.49584e+09
0.47 0.09 6.08671e+09
0.47 0.095 4.86402e+09
0.47 0.1 3.82665e+09
0.47 0.105 2.96438e+09
0.47 0.11 2.2613e+09
0.47 0.115 1.69841e+09
0.47 0.12 1.2557e+09
0.47 0.125 9.13564e+08
0.47 0.13 6.53715e+08
0.47 0.135 4.59794e+08
0.47 0.14 3.17627e+08
0.47 0.145 2.15281e+08
0.47 0.15 1.42975e+08
0.47 0.155 9.28776e+07
0.47 0.16 5.88727e+07
0.47 0.165 3.62879e+07
0.47 0.17 2.16368e+07
0.47 0.175 1.23772e+07
0.47 0.18 6.69844e+06
0.47 0.185 3.34157e+06
0.47 0.19 1.45277e+06
0.47 0.195 467312
0.47 0.2 0
0.475 0 0
0.475 0.005 6.80698e+10
0.475 0.01 8.03844e+10
0.475 0.015 3.42648e+10
0.475 0.02 7.45915e+09
0.475 0.025 8.25495e+09
0.475 0.03 1.1533e+10
0.475 0.035 1.42615e+10
0.475 0.04 1.59228e+10
0.475 0.045 1.65583e+10
0.475 0.05 1.6356e+10
0.475 0.055 1.55323e+10
0.475 0.06 1.429e+10
0.475 0.065 1.28022e+10
0.475 0.07 1.12078e+10
0.475 0.075 9.61211e+09
0.475 0.08 8.08989e+09
0.475 0.085 6.69026e+09
0.475 0.09 5.44137e+09
0.475 0.095 4.35515e+09
0.475 0.1 3.4316e+09
0.475 0.105 2.66243e+09
0.475 0.11 2.03408e+09
0.475 0.115 1.53014e+09
0.475 0.12 1.13311e+09
0.475 0.125 8.25744e+08
0.475 0.13 5.91899e+08
0.475 0.135 4.17074e+08
0.475 0.14 2.88668e+08
0.475 0.145 1.9605e+08
0.475 0.15 1.3048e+08
0.475 0.155 8.49504e+07
0.475 0.16 5.3973e+07
0.475 0.165 3.33474e+07
0.475 0.17 1.99318e+07
0.475 0.175 1.14294e+07
0.475 0.18 6.19995e+06
0.475 0.185 3.09972e+06
0.475 0.19 1.35036e+06
0.475 0.195 435200
0.475 0.2 0
0.48 0 0
0.48 0.005 5.95406e+10
0.48 0.01 7.07411e+10
0.48 0.015 3.08216e+10
0.48 0.02 6.52723e+09
0.48 0.025 7.21209e+09
0.48 0.03 1.0158e+10
0.48 0.035 1.26263e+10
0.48 0.04 1.41462e+10
0.48 0.045 1.47496e+10
0.48 0.05 1.46015e+10
0.48 0.055 1.3893e+10
0.48 0.06 1.28044e+10
0.48 0.065 1.14901e+10
0.48 0.07 1.00748e+10
0.48 0.075 8.65312e+09
0.48 0.08 7.2931e+09
0.48 0.085 6.0396e+09
0.48 0.09 4.91875e+09
0.48 0.095 3.94207e+09
0.48 0.1 3.11021e+09
0.48 0.105 2.41629e+09
0.48 0.11 1.84853e+09
0.48 0.115 1.39249e+09
0.48 0.12 1.03267e+09
0.48 0.125 7.5369e+08
0.48 0.13 5.41111e+08
0.48 0.135 3.81929e+08
0.48 0.14 2.64815e+08
0.48 0.145 1.80189e+08
0.48 0.15 1.20162e+08
0.48 0.155 7.83965e+07
0.48 0.16 4.99172e+07
0.48 0.165 3.09105e+07
0.48 0.17 1.85171e+07
0.48 0.175 1.0642e+07
0.48 0.18 5.78544e+06
0.48 0.185 2.89841e+06
0.48 0.19 1.26503e+06
0.48 0.195 408403
0.48 0.2 0
0.485 0 0
0.485 0.005 5.33151e+10
0.485 0.01 6.36384e+10
0.485 0.015 2.81992e+10
0.485 0.02 5.84236e+09
0.485 0.025 6.44742e+09
0.485 0.03 9.14209e+09
0.485 0.035 1.14108e+10
0.485 0.04 1.28189e+10
0.485 0.045 1.33926e+10
0.485 0.05 1.32799e+10
0.485 0.055 1.26537e+10
0.485 0.06 1.16775e+10
0.485 0.065 1.04918e+10
0.485 0.07 9.21009e+09
0.485 0.075 7.91929e+09
0.485 0.08 6.68185e+09
0.485 0.085 5.53931e+09
0.485 0.09 4.51607e+09
0.485 0.095 3.62317e+09
0.485 0.1 2.86166e+09
0.485 0.105 2.22562e+09
0.485 0.11 1.70458e+09
0.485 0.115 1.28557e+09
0.485 0.12 9.5455e+08
0.485 0.125 6.97578e+08
0.485 0.13 5.01516e+08
0.485 0.135 3.545e+08
0.485 0.14 2.46179e+08
0.485 0.145 1.67785e+08
0.485 0.15 1.12085e+08
0.485 0.155 7.32606e+07
0.485 0.16 4.67359e+07
0.485 0.165 2.89972e+07
0.485 0.17 1.74053e+07
0.485 0.175 1.00227e+07
0.485 0.18 5.45909e+06
0.485 0.185 2.73978e+06
0.485 0.19 1.19773e+06
0.485 0.195 387243
0.485 0.2 0
0.49 0 0
0.49 0.005 4.90821e+10
0.49 0.01 5.87789e+10
0.49 0.015 2.63582e+10
0.49 0.02 5.37225e+09
0.49 0.025 5.92444e+09
0.49 0.03 8.444e+09
0.49 0.035 1.05718e+10
0.49 0.04 1.18994e+10
0.49 0.045 1.24494e+10
0.49 0.05 1.23588e+10
0.49 0.055 1.17878e+10
0.49 0.06 1.08881e+10
0.49 0.065 9.79076e+09
0.49 0.07 8.60162e+09
0.49 0.075 7.40186e+09
0.49 0.08 6.25004e+09
0.49 0.085 5.18527e+09
0.49 0.09 4.23065e+09
0.49 0.095 3.39681e+09
0.49 0.1 2.685e+09
0.49 0.105 2.08993e+09
0.49 0.11 1.60203e+09
0.49 0.115 1.20931e+09
0.49 0.12 8.9878e+08
0.49 0.125 6.57485e+08
0.49 0.13 4.732e+08
0.49 0.135 3.34867e+08
0.49 0.14 2.32829e+08
0.49 0.145 1.58892e+08
0.49 0.15 1.06291e+08
0.49 0.155 6.95733e+07
0.49 0.16 4.44502e+07
0.49 0.165 2.76214e+07
0.49 0.17 1.66053e+07
0.49 0.175 9.57676e+06
0.49 0.18 5.22393e+06
0.49 0.185 2.62541e+06
0.49 0.19 1.14917e+06
0.49 0.195 371963
0.49 0.2 0
0.495 0 0
0.495 0.005 4.66298e+10
0.495 0.01 5.59563e+10
0.495 0.015 2.52722e+10
0.495 0.02 5.09584e+09
0.495 0.025 5.61883e+09
0.495 0.03 8.0357e+09
0.495 0.035 1.00798e+10
0.495 0.04 1.13589e+10
0.495 0.045 1.1894e+10
0.495 0.05 1.18153e+10
0.495 0.055 1.12758e+10
0.495 0.06 1.04207e+10
0.495 0.065 9.37506e+09
0.495 0.07 8.24026e+09
0.495 0.075 7.09416e+09
0.495 0.08 5.99294e+09
0.495 0.085 4.97423e+09
0.495 0.09 4.06034e+09
0.495 0.095 3.2616e+09
0.495 0.1 2.57939e+09
0.495 0.105 2.00875e+09
0.495 0.11 1.54062e+09
0.495 0.115 1.16362e+09
0.495 0.12 8.65341e+08
0.495 0.125 6.33431e+08
0.495 0.13 4.56201e+08
0.495 0.135 3.23076e+08
0.495 0.14 2.24807e+08
0.495 0.145 1.53546e+08
0.495 0.15 1.02805e+08
0.495 0.155 6.73539e+07
0.495 0.16 4.30737e+07
0.495 0.165 2.67925e+07
0.495 0.17 1.61231e+07
0.495 0.175 9.30781e+06
0.495 0.18 5.08205e+06
0.495 0.185 2.55637e+06
0.495 0.19 1.11985e+06
0.495 0.195 362729
0.495 0.2 0
0.5 0 0
0.5 0.005 4.58283e+10
0.5 0.01 5.50347e+10
0.5 0.015 2.49162e+10
0.5 0.02 5.00387e+09
0.5 0.025 5.518e+09
0.5 0.03 7.90126e+09
0.5 0.035 9.91772e+09
0.5 0.04 1.11806e+10
0.5 0.045 1.17105e+10
0.5 0.05 1.16356e+10
0.5 0.055 1.11065e+10
0.5 0.06 1.0266e+10
0.5 0.065 9.23731e+09
0.5 0.07 8.12044e+09
0.5 0.075 6.99206e+09
0.5 0.08 5.90758e+09
0.5 0.085 4.90412e+09
0.5 0.09 4.00372e+09
0.5 0.095 3.21664e+09
0.5 0.1 2.54425e+09
0.5 0.105 1.98173e+09
0.5 0.11 1.52018e+09
0.5 0.115 1.1484e+09
0.5 0.12 8.54199e+08
0.5 0.125 6.25414e+08
0.5 0.13 4.50534e+08
0.5 0.135 3.19143e+08
0.5 0.14 2.22131e+08
0.5 0.145 1.51761e+08
0.5 0.15 1.01641e+08
0.5 0.155 6.6613e+07
0.5 0.16 4.2614e+07
0.5 0.165 2.65157e+07
0.5 0.17 1.5962e+07
0.5 0.175 9.21794e+06
0.5 0.18 5.03463e+06
0.5 0.185 2.53329e+06
0.5 0.19 1.11004e+06
0.5 0.195 359640
0.5 0.2 0
