0 0 301.345
0 0.005 301.344
0 0.01 301.341
0 0.015 301.336
0 0.02 301.328
0 0.025 301.318
0 0.03 301.307
0 0.035 301.293
0 0.04 301.277
0 0.045 301.26
0 0.05 301.24
0 0.055 301.218
0 0.06 301.195
0 0.065 301.169
0 0.07 301.142
0 0.075 301.113
0 0.08 301.083
0 0.085 301.05
0 0.09 301.016
0 0.095 300.981
0 0.1 300.944
0 0.105 300.906
0 0.11 300.866
0 0.115 300.825
0 0.12 300.783
0 0.125 300.74
0 0.13 300.695
0 0.135 300.65
0 0.14 300.603
0 0.145 300.556
0 0.15 300.508
0 0.155 300.459
0 0.16 300.41
0 0.165 300.36
0 0.17 300.31
0 0.175 300.259
0 0.18 300.207
0 0.185 300.156
0 0.19 300.104
0 0.195 300.052
0 0.2 300
0.005 0 301.346
0.005 0.005 301.345
0.005 0.01 301.342
0.005 0.015 301.337
0.005 0.02 301.329
0.005 0.025 301.319
0.005 0.03 301.308
0.005 0.035 301.294
0.005 0.04 301.278
0.005 0.045 301.261
0.005 0.05 301.241
0.005 0.055 301.219
0.005 0.06 301.196
0.005 0.065 301.17
0.005 0.07 301.143
0.005 0.075 301.114
0.005 0.08 301.083
0.005 0.085 301.051
0.005 0.09 301.017
0.005 0.095 300.982
0.005 0.1 300.945
0.005 0.105 300.906
0.005 0.11 300.867
0.005 0.115 300.826
0.005 0.12 300.784
0.005 0.125 300.74
0.005 0.13 300.696
0.005 0.135 300.65
0.005 0.14 300.604
0.005 0.145 300.557
0.005 0.15 300.509
0.005 0.155 300.46
0.005 0.16 300.41
0.005 0.165 300.36
0.005 0.17 300.31
0.005 0.175 300.259
0.005 0.18 300.207
0.005 0.185 300.156
0.005 0.19 300.104
0.005 0.195 300.052
0.005 0.2 300
0.01 0 301.35
0.01 0.005 301.348
0.01 0.01 301.345
0.01 0.015 301.34
0.01 0.02 301.332
0.01 0.025 301.323
0.01 0.03 301.311
0.01 0.035 301.297
0.01 0.04 301.281
0.01 0.045 301.264
0.01 0.05 301.244
0.01 0.055 301.222
0.01 0.06 301.198
0.01 0.065 301.173
0.01 0.07 301.146
0.01 0.075 301.117
0.01 0.08 301.086
0.01 0.085 301.053
0.01 0.09 301.019
0.01 0.095 300.984
0.01 0.1 300.947
0.01 0.105 300.908
0.01 0.11 300.869
0.01 0.115 300.828
0.01 0.12 300.785
0.01 0.125 300.742
0.01 0.13 300.697
0.01 0.135 300.652
0.01 0.14 300.605
0.01 0.145 300.558
0.01 0.15 300.51
0.01 0.155 300.461
0.01 0.16 300.411
0.01 0.165 300.361
0.01 0.17 300.31
0.01 0.175 300.259
0.01 0.18 300.208
0.01 0.185 300.156
0.01 0.19 300.104
0.01 0.195 300.052
0.01 0.2 300
0.015 0 301.355
0.015 0.005 301.354
0.015 0.01 301.35
0.015 0.015 301.345
0.015 0.02 301.337
0.015 0.025 301.328
0.015 0.03 301.316
0.015 0.035 301.302
0.015 0.04 301.286
0.015 0.045 301.268
0.015 0.05 301.249
0.015 0.055 301.227
0.015 0.06 301.203
0.015 0.065 301.177
0.015 0.07 301.15
0.015 0.075 301.121
0.015 0.08 301.09
0.015 0.085 301.057
0.015 0.09 301.023
0.015 0.095 300.988
0.015 0.1 300.95
0.015 0.105 300.912
0.015 0.11 300.872
0.015 0.115 300.831
0.015 0.12 300.788
0.015 0.125 300.745
0.015 0.13 300.7
0.015 0.135 300.654
0.015 0.14 300.607
0.015 0.145 300.56
0.015 0.15 300.512
0.015 0.155 300.462
0.015 0.16 300.413
0.015 0.165 300.362
0.015 0.17 300.312
0.015 0.175 300.26
0.015 0.18 300.209
0.015 0.185 300.157
0.015 0.19 300.105
0.015 0.195 300.052
0.015 0.2 300
0.02 0 301.362
0.02 0.005 301.361
0.02 0.01 301.358
0.02 0.015 301.352
0.02 0.02 301.345
0.02 0.025 301.335
0.02 0.03 301.323
0.02 0.035 301.309
0.02 0.04 301.293
0.02 0.045 301.275
0.02 0.05 301.255
0.02 0.055 301.233
0.02 0.06 301.21
0.02 0.065 301.184
0.02 0.07 301.156
0.02 0.075 301.127
0.02 0.08 301.096
0.02 0.085 301.063
0.02 0.09 301.029
0.02 0.095 300.993
0.02 0.1 300.955
0.02 0.105 300.917
0.02 0.11 300.876
0.02 0.115 300.835
0.02 0.12 300.792
0.02 0.125 300.748
0.02 0.13 300.703
0.02 0.135 300.657
0.02 0.14 300.611
0.02 0.145 300.563
0.02 0.15 300.514
0.02 0.155 300.465
0.02 0.16 300.415
0.02 0.165 300.364
0.02 0.17 300.313
0.02 0.175 300.262
0.02 0.18 300.21
0.02 0.185 300.158
0.02 0.19 300.105
0.02 0.195 300.053
0.02 0.2 300
0.025 0 301.372
0.025 0.005 301.371
0.025 0.01 301.367
0.025 0.015 301.362
0.025 0.02 301.354
0.025 0.025 301.344
0.025 0.03 301.333
0.025 0.035 301.319
0.025 0.04 301.302
0.025 0.045 301.284
0.025 0.05 301.264
0.025 0.055 301.242
0.025 0.06 301.218
0.025 0.065 301.192
0.025 0.07 301.164
0.025 0.075 301.135
0.025 0.08 301.103
0.025 0.085 301.07
0.025 0.09 301.036
0.025 0.095 301
0.025 0.1 300.962
0.025 0.105 300.923
0.025 0.11 300.882
0.025 0.115 300.841
0.025 0.12 300.798
0.025 0.125 300.753
0.025 0.13 300.708
0.025 0.135 300.662
0.025 0.14 300.615
0.025 0.145 300.566
0.025 0.15 300.517
0.025 0.155 300.468
0.025 0.16 300.417
0.025 0.165 300.367
0.025 0.17 300.315
0.025 0.175 300.263
0.025 0.18 300.211
0.025 0.185 300.159
0.025 0.19 300.106
0.025 0.195 300.053
0.025 0.2 300
0.03 0 301.384
0.03 0.005 301.383
0.03 0.01 301.379
0.03 0.015 301.374
0.03 0.02 301.366
0.03 0.025 301.356
0.03 0.03 301.344
0.03 0.035 301.33
0.03 0.04 301.314
0.03 0.045 301.295
0.03 0.05 301.275
0.03 0.055 301.253
0.03 0.06 301.228
0.03 0.065 301.202
0.03 0.07 301.174
0.03 0.075 301.144
0.03 0.08 301.112
0.03 0.085 301.079
0.03 0.09 301.044
0.03 0.095 301.008
0.03 0.1 300.97
0.03 0.105 300.93
0.03 0.11 300.889
0.03 0.115 300.847
0.03 0.12 300.804
0.03 0.125 300.759
0.03 0.13 300.714
0.03 0.135 300.667
0.03 0.14 300.619
0.03 0.145 300.571
0.03 0.15 300.522
0.03 0.155 300.472
0.03 0.16 300.421
0.03 0.165 300.369
0.03 0.17 300.318
0.03 0.175 300.265
0.03 0.18 300.213
0.03 0.185 300.16
0.03 0.19 300.107
0.03 0.195 300.053
0.03 0.2 300
0.035 0 301.398
0.035 0.005 301.397
0.035 0.01 301.393
0.035 0.015 301.388
0.035 0.02 301.38
0.035 0.025 301.37
0.035 0.03 301.358
0.035 0.035 301.343
0.035 0.04 301.327
0.035 0.045 301.308
0.035 0.05 301.288
0.035 0.055 301.265
0.035 0.06 301.24
0.035 0.065 301.214
0.035 0.07 301.185
0.035 0.075 301.155
0.035 0.08 301.123
0.035 0.085 301.09
0.035 0.09 301.054
0.035 0.095 301.017
0.035 0.1 300.979
0.035 0.105 300.939
0.035 0.11 300.898
0.035 0.115 300.855
0.035 0.12 300.812
0.035 0.125 300.767
0.035 0.13 300.72
0.035 0.135 300.673
0.035 0.14 300.625
0.035 0.145 300.576
0.035 0.15 300.526
0.035 0.155 300.476
0.035 0.16 300.425
0.035 0.165 300.373
0.035 0.17 300.321
0.035 0.175 300.268
0.035 0.18 300.215
0.035 0.185 300.161
0.035 0.19 300.108
0.035 0.195 300.054
0.035 0.2 300
0.04 0 301.414
0.04 0.005 301.413
0.04 0.01 301.409
0.04 0.015 301.404
0.04 0.02 301.396
0.04 0.025 301.386
0.04 0.03 301.373
0.04 0.035 301.359
0.04 0.04 301.342
0.04 0.045 301.323
0.04 0.05 301.302
0.04 0.055 301.279
0.04 0.06 301.254
0.04 0.065 301.228
0.04 0.07 301.199
0.04 0.075 301.168
0.04 0.08 301.136
0.04 0.085 301.102
0.04 0.09 301.066
0.04 0.095 301.029
0.04 0.1 300.99
0.04 0.105 300.949
0.04 0.11 300.908
0.04 0.115 300.865
0.04 0.12 300.82
0.04 0.125 300.775
0.04 0.13 300.728
0.04 0.135 300.681
0.04 0.14 300.632
0.04 0.145 300.582
0.04 0.15 300.532
0.04 0.155 300.481
0.04 0.16 300.429
0.04 0.165 300.377
0.04 0.17 300.324
0.04 0.175 300.271
0.04 0.18 300.217
0.04 0.185 300.163
0.04 0.19 300.109
0.04 0.195 300.054
0.04 0.2 300
0.045 0 301.432
0.045 0.005 301.431
0.045 0.01 301.428
0.045 0.015 301.422
0.045 0.02 301.414
0.045 0.025 301.404
0.045 0.03 301.391
0.045 0.035 301.376
0.045 0.04 301.359
0.045 0.045 301.34
0.045 0.05 301.319
0.045 0.055 301.296
0.045 0.06 301.271
0.045 0.065 301.243
0.045 0.07 301.214
0.045 0.075 301.183
0.045 0.08 301.15
0.045 0.085 301.116
0.045 0.09 301.079
0.045 0.095 301.042
0.045 0.1 301.002
0.045 0.105 300.961
0.045 0.11 300.919
0.045 0.115 300.875
0.045 0.12 300.83
0.045 0.125 300.784
0.045 0.13 300.737
0.045 0.135 300.689
0.045 0.14 300.64
0.045 0.145 300.589
0.045 0.15 300.538
0.045 0.155 300.487
0.045 0.16 300.434
0.045 0.165 300.381
0.045 0.17 300.328
0.045 0.175 300.274
0.045 0.18 300.219
0.045 0.185 300.165
0.045 0.19 300.11
0.045 0.195 300.055
0.045 0.2 300
0.05 0 301.453
0.05 0.005 301.452
0.05 0.01 301.448
0.05 0.015 301.442
0.05 0.02 301.434
0.05 0.025 301.424
0.05 0.03 301.411
0.05 0.035 301.396
0.05 0.04 301.379
0.05 0.045 301.36
0.05 0.05 301.338
0.05 0.055 301.314
0.05 0.06 301.289
0.05 0.065 301.261
0.05 0.07 301.231
0.05 0.075 301.2
0.05 0.08 301.166
0.05 0.085 301.131
0.05 0.09 301.094
0.05 0.095 301.056
0.05 0.1 301.016
0.05 0.105 300.974
0.05 0.11 300.931
0.05 0.115 300.887
0.05 0.12 300.842
0.05 0.125 300.795
0.05 0.13 300.747
0.05 0.135 300.698
0.05 0.14 300.648
0.05 0.145 300.597
0.05 0.15 300.546
0.05 0.155 300.493
0.05 0.16 300.44
0.05 0.165 300.386
0.05 0.17 300.332
0.05 0.175 300.277
0.05 0.18 300.222
0.05 0.185 300.167
0.05 0.19 300.111
0.05 0.195 300.056
0.05 0.2 300
0.055 0 301.476
0.055 0.005 301.475
0.055 0.01 301.471
0.055 0.015 301.465
0.055 0.02 301.457
0.055 0.025 301.446
0.055 0.03 301.433
0.055 0.035 301.418
0.055 0.04 301.401
0.055 0.045 301.381
0.055 0.05 301.359
0.055 0.055 301.335
0.055 0.06 301.309
0.055 0.065 301.28
0.055 0.07 301.25
0.055 0.075 301.218
0.055 0.08 301.184
0.055 0.085 301.148
0.055 0.09 301.111
0.055 0.095 301.072
0.055 0.1 301.031
0.055 0.105 300.989
0.055 0.11 300.945
0.055 0.115 300.9
0.055 0.12 300.854
0.055 0.125 300.806
0.055 0.13 300.758
0.055 0.135 300.708
0.055 0.14 300.657
0.055 0.145 300.606
0.055 0.15 300.553
0.055 0.155 300.5
0.055 0.16 300.446
0.055 0.165 300.392
0.055 0.17 300.337
0.055 0.175 300.281
0.055 0.18 300.226
0.055 0.185 300.169
0.055 0.19 300.113
0.055 0.195 300.057
0.055 0.2 300
0.06 0 301.502
0.06 0.005 301.5
0.06 0.01 301.497
0.06 0.015 301.491
0.06 0.02 301.482
0.06 0.025 301.471
0.06 0.03 301.458
0.06 0.035 301.443
0.06 0.04 301.425
0.06 0.045 301.404
0.06 0.05 301.382
0.06 0.055 301.357
0.06 0.06 301.331
0.06 0.065 301.302
0.06 0.07 301.271
0.06 0.075 301.238
0.06 0.08 301.204
0.06 0.085 301.167
0.06 0.09 301.129
0.06 0.095 301.089
0.06 0.1 301.048
0.06 0.105 301.005
0.06 0.11 300.96
0.06 0.115 300.915
0.06 0.12 300.868
0.06 0.125 300.819
0.06 0.13 300.77
0.06 0.135 300.719
0.06 0.14 300.668
0.06 0.145 300.615
0.06 0.15 300.562
0.06 0.155 300.508
0.06 0.16 300.453
0.06 0.165 300.398
0.06 0.17 300.342
0.06 0.175 300.286
0.06 0.18 300.229
0.06 0.185 300.172
0.06 0.19 300.115
0.06 0.195 300.057
0.06 0.2 300
0.065 0 301.53
0.065 0.005 301.528
0.065 0.01 301.525
0.065 0.015 301.518
0.065 0.02 301.51
0.065 0.025 301.499
0.065 0.03 301.485
0.065 0.035 301.469
0.065 0.04 301.451
0.065 0.045 301.43
0.065 0.05 301.407
0.065 0.055 301.382
0.065 0.06 301.355
0.065 0.065 301.325
0.065 0.07 301.294
0.065 0.075 301.26
0.065 0.08 301.225
0.065 0.085 301.188
0.065 0.09 301.149
0.065 0.095 301.108
0.065 0.1 301.066
0.065 0.105 301.022
0.065 0.11 300.977
0.065 0.115 300.93
0.065 0.12 300.883
0.065 0.125 300.833
0.065 0.13 300.783
0.065 0.135 300.732
0.065 0.14 300.679
0.065 0.145 300.626
0.065 0.15 300.572
0.065 0.155 300.517
0.065 0.16 300.461
0.065 0.165 300.405
0.065 0.17 300.348
0.065 0.175 300.29
0.065 0.18 300.233
0.065 0.185 300.175
0.065 0.19 300.117
0.065 0.195 300.058
0.065 0.2 300
0.07 0 301.56
0.07 0.005 301.559
0.07 0.01 301.555
0.07 0.015 301.549
0.07 0.02 301.54
0.07 0.025 301.528
0.07 0.03 301.515
0.07 0.035 301.498
0.07 0.04 301.48
0.07 0.045 301.458
0.07 0.05 301.435
0.07 0.055 301.409
0.07 0.06 301.381
0.07 0.065 301.351
0.07 0.07 301.319
0.07 0.075 301.285
0.07 0.08 301.248
0.07 0.085 301.21
0.07 0.09 301.171
0.07 0.095 301.129
0.07 0.1 301.086
0.07 0.105 301.041
0.07 0.11 300.995
0.07 0.115 300.948
0.07 0.12 300.899
0.07 0.125 300.849
0.07 0.13 300.797
0.07 0.135 300.745
0.07 0.14 300.691
0.07 0.145 300.637
0.07 0.15 300.582
0.07 0.155 300.526
0.07 0.16 300.469
0.07 0.165 300.412
0.07 0.17 300.354
0.07 0.175 300.296
0.07 0.18 300.237
0.07 0.185 300.178
0.07 0.19 300.119
0.07 0.195 300.059
0.07 0.2 300
0.075 0 301.593
0.075 0.005 301.592
0.075 0.01 301.588
0.075 0.015 301.581
0.075 0.02 301.572
0.075 0.025 301.561
0.075 0.03 301.547
0.075 0.035 301.53
0.075 0.04 301.511
0.075 0.045 301.489
0.075 0.05 301.465
0.075 0.055 301.438
0.075 0.06 301.409
0.075 0.065 301.379
0.075 0.07 301.346
0.075 0.075 301.311
0.075 0.08 301.274
0.075 0.085 301.235
0.075 0.09 301.194
0.075 0.095 301.151
0.075 0.1 301.107
0.075 0.105 301.062
0.075 0.11 301.015
0.075 0.115 300.966
0.075 0.12 300.916
0.075 0.125 300.865
0.075 0.13 300.812
0.075 0.135 300.759
0.075 0.14 300.705
0.075 0.145 300.649
0.075 0.15 300.593
0.075 0.155 300.536
0.075 0.16 300.478
0.075 0.165 300.42
0.075 0.17 300.361
0.075 0.175 300.301
0.075 0.18 300.241
0.075 0.185 300.181
0.075 0.19 300.121
0.075 0.195 300.061
0.075 0.2 300
0.08 0 301.629
0.08 0.005 301.627
0.08 0.01 301.623
0.08 0.015 301.617
0.08 0.02 301.608
0.08 0.025 301.596
0.08 0.03 301.581
0.08 0.035 301.564
0.08 0.04 301.544
0.08 0.045 301.522
0.08 0.05 301.497
0.08 0.055 301.47
0.08 0.06 301.44
0.08 0.065 301.408
0.08 0.07 301.374
0.08 0.075 301.339
0.08 0.08 301.301
0.08 0.085 301.261
0.08 0.09 301.219
0.08 0.095 301.176
0.08 0.1 301.13
0.08 0.105 301.084
0.08 0.11 301.035
0.08 0.115 300.986
0.08 0.12 300.935
0.08 0.125 300.882
0.08 0.13 300.829
0.08 0.135 300.774
0.08 0.14 300.719
0.08 0.145 300.662
0.08 0.15 300.605
0.08 0.155 300.546
0.08 0.16 300.487
0.08 0.165 300.428
0.08 0.17 300.368
0.08 0.175 300.307
0.08 0.18 300.246
0.08 0.185 300.185
0.08 0.19 300.123
0.08 0.195 300.062
0.08 0.2 300
0.085 0 301.667
0.085 0.005 301.665
0.085 0.01 301.661
0.085 0.015 301.655
0.085 0.02 301.646
0.085 0.025 301.633
0.085 0.03 301.618
0.085 0.035 301.601
0.085 0.04 301.58
0.085 0.045 301.557
0.085 0.05 301.531
0.085 0.055 301.503
0.085 0.06 301.473
0.085 0.065 301.44
0.085 0.07 301.405
0.085 0.075 301.368
0.085 0.08 301.33
0.085 0.085 301.289
0.085 0.09 301.246
0.085 0.095 301.201
0.085 0.1 301.155
0.085 0.105 301.107
0.085 0.11 301.058
0.085 0.115 301.007
0.085 0.12 300.955
0.085 0.125 300.901
0.085 0.13 300.846
0.085 0.135 300.791
0.085 0.14 300.734
0.085 0.145 300.676
0.085 0.15 300.617
0.085 0.155 300.558
0.085 0.16 300.498
0.085 0.165 300.437
0.085 0.17 300.375
0.085 0.175 300.313
0.085 0.18 300.251
0.085 0.185 300.189
0.085 0.19 300.126
0.085 0.195 300.063
0.085 0.2 300
0.09 0 301.708
0.09 0.005 301.706
0.09 0.01 301.702
0.09 0.015 301.696
0.09 0.02 301.686
0.09 0.025 301.674
0.09 0.03 301.658
0.09 0.035 301.64
0.09 0.04 301.619
0.09 0.045 301.595
0.09 0.05 301.568
0.09 0.055 301.539
0.09 0.06 301.508
0.09 0.065 301.474
0.09 0.07 301.439
0.09 0.075 301.4
0.09 0.08 301.36
0.09 0.085 301.318
0.09 0.09 301.274
0.09 0.095 301.229
0.09 0.1 301.181
0.09 0.105 301.132
0.09 0.11 301.082
0.09 0.115 301.029
0.09 0.12 300.976
0.09 0.125 300.921
0.09 0.13 300.865
0.09 0.135 300.808
0.09 0.14 300.75
0.09 0.145 300.691
0.09 0.15 300.631
0.09 0.155 300.57
0.09 0.16 300.508
0.09 0.165 300.446
0.09 0.17 300.383
0.09 0.175 300.32
0.09 0.18 300.257
0.09 0.185 300.193
0.09 0.19 300.129
0.09 0.195 300.064
0.09 0.2 300
0.095 0 301.753
0.095 0.005 301.751
0.095 0.01 301.747
0.095 0.015 301.74
0.095 0.02 301.73
0.095 0.025 301.717
0.095 0.03 301.701
0.095 0.035 301.682
0.095 0.04 301.66
0.095 0.045 301.635
0.095 0.05 301.608
0.095 0.055 301.578
0.095 0.06 301.546
0.095 0.065 301.511
0.095 0.07 301.474
0.095 0.075 301.435
0.095 0.08 301.393
0.095 0.085 301.35
0.095 0.09 301.305
0.095 0.095 301.258
0.095 0.1 301.209
0.095 0.105 301.159
0.095 0.11 301.107
0.095 0.115 301.053
0.095 0.12 300.999
0.095 0.125 300.942
0.095 0.13 300.885
0.095 0.135 300.827
0.095 0.14 300.767
0.095 0.145 300.706
0.095 0.15 300.645
0.095 0.155 300.583
0.095 0.16 300.52
0.095 0.165 300.456
0.095 0.17 300.392
0.095 0.175 300.327
0.095 0.18 300.262
0.095 0.185 300.197
0.095 0.19 300.131
0.095 0.195 300.066
0.095 0.2 300
0.1 0 301.801
0.1 0.005 301.799
0.1 0.01 301.795
0.1 0.015 301.788
0.1 0.02 301.778
0.1 0.025 301.764
0.1 0.03 301.747
0.1 0.035 301.727
0.1 0.04 301.704
0.1 0.045 301.678
0.1 0.05 301.65
0.1 0.055 301.619
0.1 0.06 301.585
0.1 0.065 301.549
0.1 0.07 301.511
0.1 0.075 301.471
0.1 0.08 301.428
0.1 0.085 301.384
0.1 0.09 301.337
0.1 0.095 301.289
0.1 0.1 301.239
0.1 0.105 301.187
0.1 0.11 301.134
0.1 0.115 301.079
0.1 0.12 301.023
0.1 0.125 300.965
0.1 0.13 300.906
0.1 0.135 300.846
0.1 0.14 300.785
0.1 0.145 300.723
0.1 0.15 300.66
0.1 0.155 300.596
0.1 0.16 300.532
0.1 0.165 300.467
0.1 0.17 300.401
0.1 0.175 300.335
0.1 0.18 300.268
0.1 0.185 300.202
0.1 0.19 300.134
0.1 0.195 300.067
0.1 0.2 300
0.105 0 301.853
0.105 0.005 301.851
0.105 0.01 301.847
0.105 0.015 301.84
0.105 0.02 301.829
0.105 0.025 301.814
0.105 0.03 301.796
0.105 0.035 301.775
0.105 0.04 301.751
0.105 0.045 301.724
0.105 0.05 301.695
0.105 0.055 301.662
0.105 0.06 301.628
0.105 0.065 301.59
0.105 0.07 301.551
0.105 0.075 301.509
0.105 0.08 301.465
0.105 0.085 301.419
0.105 0.09 301.371
0.105 0.095 301.322
0.105 0.1 301.27
0.105 0.105 301.217
0.105 0.11 301.162
0.105 0.115 301.106
0.105 0.12 301.048
0.105 0.125 300.989
0.105 0.13 300.928
0.105 0.135 300.867
0.105 0.14 300.804
0.105 0.145 300.741
0.105 0.15 300.676
0.105 0.155 300.611
0.105 0.16 300.545
0.105 0.165 300.478
0.105 0.17 300.411
0.105 0.175 300.343
0.105 0.18 300.275
0.105 0.185 300.206
0.105 0.19 300.138
0.105 0.195 300.069
0.105 0.2 300
0.11 0 301.912
0.11 0.005 301.91
0.11 0.01 301.905
0.11 0.015 301.896
0.11 0.02 301.883
0.11 0.025 301.867
0.11 0.03 301.848
0.11 0.035 301.826
0.11 0.04 301.801
0.11 0.045 301.773
0.11 0.05 301.742
0.11 0.055 301.708
0.11 0.06 301.672
0.11 0.065 301.634
0.11 0.07 301.593
0.11 0.075 301.55
0.11 0.08 301.504
0.11 0.085 301.457
0.11 0.09 301.407
0.11 0.095 301.356
0.11 0.1 301.303
0.11 0.105 301.248
0.11 0.11 301.192
0.11 0.115 301.134
0.11 0.12 301.074
0.11 0.125 301.014
0.11 0.13 300.952
0.11 0.135 300.889
0.11 0.14 300.824
0.11 0.145 300.759
0.11 0.15 300.693
0.11 0.155 300.626
0.11 0.16 300.558
0.11 0.165 300.49
0.11 0.17 300.421
0.11 0.175 300.351
0.11 0.18 300.282
0.11 0.185 300.211
0.11 0.19 300.141
0.11 0.195 300.071
0.11 0.2 300
0.115 0 301.976
0.115 0.005 301.973
0.115 0.01 301.965
0.115 0.015 301.955
0.115 0.02 301.941
0.115 0.025 301.924
0.115 0.03 301.904
0.115 0.035 301.88
0.115 0.04 301.853
0.115 0.045 301.824
0.115 0.05 301.792
0.115 0.055 301.757
0.115 0.06 301.719
0.115 0.065 301.679
0.115 0.07 301.637
0.115 0.075 301.592
0.115 0.08 301.545
0.115 0.085 301.496
0.115 0.09 301.445
0.115 0.095 301.392
0.115 0.1 301.338
0.115 0.105 301.281
0.115 0.11 301.223
0.115 0.115 301.164
0.115 0.12 301.102
0.115 0.125 301.04
0.115 0.13 300.976
0.115 0.135 300.911
0.115 0.14 300.845
0.115 0.145 300.778
0.115 0.15 300.71
0.115 0.155 300.642
0.115 0.16 300.572
0.115 0.165 300.502
0.115 0.17 300.431
0.115 0.175 300.36
0.115 0.18 300.289
0.115 0.185 300.217
0.115 0.19 300.145
0.115 0.195 300.072
0.115 0.2 300
0.12 0 302.043
0.12 0.005 302.038
0.12 0.01 302.03
0.12 0.015 302.018
0.12 0.02 302.002
0.12 0.025 301.984
0.12 0.03 301.962
0.12 0.035 301.937
0.12 0.04 301.909
0.12 0.045 301.878
0.12 0.05 301.844
0.12 0.055 301.808
0.12 0.06 301.769
0.12 0.065 301.727
0.12 0.07 301.683
0.12 0.075 301.637
0.12 0.08 301.589
0.12 0.085 301.538
0.12 0.09 301.485
0.12 0.095 301.431
0.12 0.1 301.374
0.12 0.105 301.316
0.12 0.11 301.256
0.12 0.115 301.195
0.12 0.12 301.132
0.12 0.125 301.068
0.12 0.13 301.002
0.12 0.135 300.935
0.12 0.14 300.868
0.12 0.145 300.799
0.12 0.15 300.729
0.12 0.155 300.658
0.12 0.16 300.587
0.12 0.165 300.515
0.12 0.17 300.442
0.12 0.175 300.369
0.12 0.18 300.296
0.12 0.185 300.222
0.12 0.19 300.148
0.12 0.195 300.074
0.12 0.2 300
0.125 0 302.112
0.125 0.005 302.107
0.125 0.01 302.097
0.125 0.015 302.084
0.125 0.02 302.067
0.125 0.025 302.047
0.125 0.03 302.023
0.125 0.035 301.997
0.125 0.04 301.967
0.125 0.045 301.935
0.125 0.05 301.9
0.125 0.055 301.862
0.125 0.06 301.821
0.125 0.065 301.778
0.125 0.07 301.732
0.125 0.075 301.684
0.125 0.08 301.634
0.125 0.085 301.582
0.125 0.09 301.527
0.125 0.095 301.471
0.125 0.1 301.412
0.125 0.105 301.352
0.125 0.11 301.291
0.125 0.115 301.227
0.125 0.12 301.163
0.125 0.125 301.097
0.125 0.13 301.029
0.125 0.135 300.96
0.125 0.14 300.891
0.125 0.145 300.82
0.125 0.15 300.748
0.125 0.155 300.676
0.125 0.16 300.602
0.125 0.165 300.529
0.125 0.17 300.454
0.125 0.175 300.379
0.125 0.18 300.304
0.125 0.185 300.228
0.125 0.19 300.152
0.125 0.195 300.076
0.125 0.2 300
0.13 0 302.185
0.13 0.005 302.179
0.13 0.01 302.168
0.13 0.015 302.153
0.13 0.02 302.135
0.13 0.025 302.113
0.13 0.03 302.088
0.13 0.035 302.06
0.13 0.04 302.029
0.13 0.045 301.995
0.13 0.05 301.958
0.13 0.055 301.918
0.13 0.06 301.876
0.13 0.065 301.831
0.13 0.07 301.783
0.13 0.075 301.734
0.13 0.08 301.682
0.13 0.085 301.627
0.13 0.09 301.571
0.13 0.095 301.513
0.13 0.1 301.452
0.13 0.105 301.39
0.13 0.11 301.327
0.13 0.115 301.262
0.13 0.12 301.195
0.13 0.125 301.127
0.13 0.13 301.057
0.13 0.135 300.987
0.13 0.14 300.915
0.13 0.145 300.842
0.13 0.15 300.768
0.13 0.155 300.694
0.13 0.16 300.619
0.13 0.165 300.543
0.13 0.17 300.466
0.13 0.175 300.389
0.13 0.18 300.312
0.13 0.185 300.234
0.13 0.19 300.156
0.13 0.195 300.078
0.13 0.2 300
0.135 0 302.261
0.135 0.005 302.254
0.135 0.01 302.242
0.135 0.015 302.225
0.135 0.02 302.206
0.135 0.025 302.182
0.135 0.03 302.156
0.135 0.035 302.126
0.135 0.04 302.093
0.135 0.045 302.057
0.135 0.05 302.019
0.135 0.055 301.977
0.135 0.06 301.933
0.135 0.065 301.886
0.135 0.07 301.837
0.135 0.075 301.785
0.135 0.08 301.731
0.135 0.085 301.675
0.135 0.09 301.617
0.135 0.095 301.556
0.135 0.1 301.494
0.135 0.105 301.43
0.135 0.11 301.365
0.135 0.115 301.297
0.135 0.12 301.228
0.135 0.125 301.158
0.135 0.13 301.087
0.135 0.135 301.014
0.135 0.14 300.94
0.135 0.145 300.865
0.135 0.15 300.79
0.135 0.155 300.713
0.135 0.16 300.636
0.135 0.165 300.557
0.135 0.17 300.479
0.135 0.175 300.4
0.135 0.18 300.32
0.135 0.185 300.24
0.135 0.19 300.16
0.135 0.195 300.08
0.135 0.2 300
0.14 0 302.341
0.14 0.005 302.333
0.14 0.01 302.319
0.14 0.015 302.301
0.14 0.02 302.28
0.14 0.025 302.255
0.14 0.03 302.227
0.14 0.035 302.195
0.14 0.04 302.161
0.14 0.045 302.123
0.14 0.05 302.083
0.14 0.055 302.039
0.14 0.06 301.993
0.14 0.065 301.944
0.14 0.07 301.893
0.14 0.075 301.839
0.14 0.08 301.783
0.14 0.085 301.725
0.14 0.09 301.665
0.14 0.095 301.602
0.14 0.1 301.538
0.14 0.105 301.472
0.14 0.11 301.404
0.14 0.115 301.335
0.14 0.12 301.264
0.14 0.125 301.191
0.14 0.13 301.118
0.14 0.135 301.043
0.14 0.14 300.967
0.14 0.145 300.89
0.14 0.15 300.812
0.14 0.155 300.733
0.14 0.16 300.653
0.14 0.165 300.573
0.14 0.17 300.492
0.14 0.175 300.411
0.14 0.18 300.329
0.14 0.185 300.247
0.14 0.19 300.165
0.14 0.195 300.082
0.14 0.2 300
0.145 0 302.423
0.145 0.005 302.414
0.145 0.01 302.4
0.145 0.015 302.38
0.145 0.02 302.357
0.145 0.025 302.331
0.145 0.03 302.301
0.145 0.035 302.268
0.145 0.04 302.231
0.145 0.045 302.192
0.145 0.05 302.149
0.145 0.055 302.104
0.145 0.06 302.056
0.145 0.065 302.005
0.145 0.07 301.952
0.145 0.075 301.896
0.145 0.08 301.838
0.145 0.085 301.777
0.145 0.09 301.715
0.145 0.095 301.65
0.145 0.1 301.583
0.145 0.105 301.515
0.145 0.11 301.445
0.145 0.115 301.373
0.145 0.12 301.3
0.145 0.125 301.225
0.145 0.13 301.15
0.145 0.135 301.072
0.145 0.14 300.994
0.145 0.145 300.915
0.145 0.15 300.834
0.145 0.155 300.753
0.145 0.16 300.671
0.145 0.165 300.589
0.145 0.17 300.506
0.145 0.175 300.422
0.145 0.18 300.338
0.145 0.185 300.254
0.145 0.19 300.169
0.145 0.195 300.085
0.145 0.2 300
0.15 0 302.509
0.15 0.005 302.5
0.15 0.01 302.484
0.15 0.015 302.463
0.15 0.02 302.438
0.15 0.025 302.41
0.15 0.03 302.378
0.15 0.035 302.343
0.15 0.04 302.305
0.15 0.045 302.263
0.15 0.05 302.219
0.15 0.055 302.171
0.15 0.06 302.121
0.15 0.065 302.068
0.15 0.07 302.012
0.15 0.075 301.954
0.15 0.08 301.894
0.15 0.085 301.831
0.15 0.09 301.767
0.15 0.095 301.7
0.15 0.1 301.631
0.15 0.105 301.56
0.15 0.11 301.488
0.15 0.115 301.414
0.15 0.12 301.338
0.15 0.125 301.261
0.15 0.13 301.183
0.15 0.135 301.103
0.15 0.14 301.022
0.15 0.145 300.941
0.15 0.15 300.858
0.15 0.155 300.775
0.15 0.16 300.69
0.15 0.165 300.605
0.15 0.17 300.52
0.15 0.175 300.434
0.15 0.18 300.348
0.15 0.185 300.261
0.15 0.19 300.174
0.15 0.195 300.087
0.15 0.2 300
0.155 0 302.599
0.155 0.005 302.588
0.155 0.01 302.571
0.155 0.015 302.549
0.155 0.02 302.522
0.155 0.025 302.492
0.155 0.03 302.459
0.155 0.035 302.422
0.155 0.04 302.381
0.155 0.045 302.338
0.155 0.05 302.291
0.155 0.055 302.241
0.155 0.06 302.189
0.155 0.065 302.134
0.155 0.07 302.076
0.155 0.075 302.016
0.155 0.08 301.953
0.155 0.085 301.888
0.155 0.09 301.821
0.155 0.095 301.751
0.155 0.1 301.68
0.155 0.105 301.607
0.155 0.11 301.532
0.155 0.115 301.456
0.155 0.12 301.378
0.155 0.125 301.298
0.155 0.13 301.217
0.155 0.135 301.135
0.155 0.14 301.052
0.155 0.145 300.968
0.155 0.15 300.883
0.155 0.155 300.797
0.155 0.16 300.71
0.155 0.165 300.623
0.155 0.17 300.535
0.155 0.175 300.446
0.155 0.18 300.357
0.155 0.185 300.268
0.155 0.19 300.179
0.155 0.195 300.09
0.155 0.2 300
0.16 0 302.691
0.16 0.005 302.68
0.16 0.01 302.662
0.16 0.015 302.638
0.16 0.02 302.61
0.16 0.025 302.578
0.16 0.03 302.543
0.16 0.035 302.503
0.16 0.04 302.461
0.16 0.045 302.415
0.16 0.05 302.366
0.16 0.055 302.315
0.16 0.06 302.26
0.16 0.065 302.202
0.16 0.07 302.142
0.16 0.075 302.079
0.16 0.08 302.014
0.16 0.085 301.947
0.16 0.09 301.877
0.16 0.095 301.805
0.16 0.1 301.731
0.16 0.105 301.656
0.16 0.11 301.578
0.16 0.115 301.499
0.16 0.12 301.418
0.16 0.125 301.336
0.16 0.13 301.253
0.16 0.135 301.168
0.16 0.14 301.083
0.16 0.145 300.996
0.16 0.15 300.908
0.16 0.155 300.82
0.16 0.16 300.73
0.16 0.165 300.64
0.16 0.17 300.55
0.16 0.175 300.459
0.16 0.18 300.368
0.16 0.185 300.276
0.16 0.19 300.184
0.16 0.195 300.092
0.16 0.2 300
0.165 0 302.788
0.165 0.005 302.776
0.165 0.01 302.756
0.165 0.015 302.731
0.165 0.02 302.701
0.165 0.025 302.667
0.165 0.03 302.63
0.165 0.035 302.589
0.165 0.04 302.544
0.165 0.045 302.496
0.165 0.05 302.445
0.165 0.055 302.391
0.165 0.06 302.333
0.165 0.065 302.273
0.165 0.07 302.211
0.165 0.075 302.145
0.165 0.08 302.078
0.165 0.085 302.008
0.165 0.09 301.935
0.165 0.095 301.861
0.165 0.1 301.784
0.165 0.105 301.706
0.165 0.11 301.626
0.165 0.115 301.544
0.165 0.12 301.461
0.165 0.125 301.376
0.165 0.13 301.29
0.165 0.135 301.203
0.165 0.14 301.114
0.165 0.145 301.025
0.165 0.15 300.935
0.165 0.155 300.843
0.165 0.16 300.751
0.165 0.165 300.659
0.165 0.17 300.566
0.165 0.175 300.472
0.165 0.18 300.378
0.165 0.185 300.284
0.165 0.19 300.189
0.165 0.195 300.095
0.165 0.2 300
0.17 0 302.887
0.17 0.005 302.875
0.17 0.01 302.854
0.17 0.015 302.827
0.17 0.02 302.796
0.17 0.025 302.76
0.17 0.03 302.721
0.17 0.035 302.677
0.17 0.04 302.63
0.17 0.045 302.58
0.17 0.05 302.526
0.17 0.055 302.47
0.17 0.06 302.41
0.17 0.065 302.347
0.17 0.07 302.282
0.17 0.075 302.214
0.17 0.08 302.144
0.17 0.085 302.071
0.17 0.09 301.996
0.17 0.095 301.918
0.17 0.1 301.839
0.17 0.105 301.758
0.17 0.11 301.675
0.17 0.115 301.591
0.17 0.12 301.505
0.17 0.125 301.417
0.17 0.13 301.328
0.17 0.135 301.238
0.17 0.14 301.147
0.17 0.145 301.055
0.17 0.15 300.962
0.17 0.155 300.868
0.17 0.16 300.773
0.17 0.165 300.678
0.17 0.17 300.582
0.17 0.175 300.486
0.17 0.18 300.389
0.17 0.185 300.292
0.17 0.19 300.195
0.17 0.195 300.097
0.17 0.2 300
0.175 0 302.99
0.175 0.005 302.978
0.175 0.01 302.956
0.175 0.015 302.927
0.175 0.02 302.894
0.175 0.025 302.856
0.175 0.03 302.815
0.175 0.035 302.769
0.175 0.04 302.72
0.175 0.045 302.667
0.175 0.05 302.611
0.175 0.055 302.552
0.175 0.06 302.489
0.175 0.065 302.424
0.175 0.07 302.356
0.175 0.075 302.285
0.175 0.08 302.212
0.175 0.085 302.136
0.175 0.09 302.058
0.175 0.095 301.978
0.175 0.1 301.896
0.175 0.105 301.812
0.175 0.11 301.727
0.175 0.115 301.639
0.175 0.12 301.55
0.175 0.125 301.46
0.175 0.13 301.368
0.175 0.135 301.275
0.175 0.14 301.181
0.175 0.145 301.086
0.175 0.15 300.99
0.175 0.155 300.893
0.175 0.16 300.796
0.175 0.165 300.698
0.175 0.17 300.599
0.175 0.175 300.5
0.175 0.18 300.4
0.175 0.185 300.3
0.175 0.19 300.2
0.175 0.195 300.1
0.175 0.2 300
0.18 0 303.097
0.18 0.005 303.084
0.18 0.01 303.061
0.18 0.015 303.031
0.18 0.02 302.996
0.18 0.025 302.956
0.18 0.03 302.912
0.18 0.035 302.864
0.18 0.04 302.813
0.18 0.045 302.757
0.18 0.05 302.699
0.18 0.055 302.637
0.18 0.06 302.571
0.18 0.065 302.503
0.18 0.07 302.432
0.18 0.075 302.359
0.18 0.08 302.283
0.18 0.085 302.204
0.18 0.09 302.123
0.18 0.095 302.04
0.18 0.1 301.955
0.18 0.105 301.868
0.18 0.11 301.779
0.18 0.115 301.689
0.18 0.12 301.597
0.18 0.125 301.504
0.18 0.13 301.409
0.18 0.135 301.313
0.18 0.14 301.216
0.18 0.145 301.118
0.18 0.15 301.019
0.18 0.155 300.919
0.18 0.16 300.819
0.18 0.165 300.718
0.18 0.17 300.616
0.18 0.175 300.514
0.18 0.18 300.412
0.18 0.185 300.309
0.18 0.19 300.206
0.18 0.195 300.103
0.18 0.2 300
0.185 0 303.208
0.185 0.005 303.194
0.185 0.01 303.17
0.185 0.015 303.139
0.185 0.02 303.102
0.185 0.025 303.06
0.185 0.03 303.014
0.185 0.035 302.963
0.185 0.04 302.909
0.185 0.045 302.851
0.185 0.05 302.79
0.185 0.055 302.725
0.185 0.06 302.657
0.185 0.065 302.586
0.185 0.07 302.512
0.185 0.075 302.435
0.185 0.08 302.356
0.185 0.085 302.274
0.185 0.09 302.19
0.185 0.095 302.104
0.185 0.1 302.016
0.185 0.105 301.926
0.185 0.11 301.834
0.185 0.115 301.74
0.185 0.12 301.645
0.185 0.125 301.549
0.185 0.13 301.451
0.185 0.135 301.352
0.185 0.14 301.252
0.185 0.145 301.151
0.185 0.15 301.049
0.185 0.155 300.946
0.185 0.16 300.843
0.185 0.165 300.739
0.185 0.17 300.634
0.185 0.175 300.529
0.185 0.18 300.423
0.185 0.185 300.318
0.185 0.19 300.212
0.185 0.195 300.106
0.185 0.2 300
0.19 0 303.323
0.19 0.005 303.309
0.19 0.01 303.283
0.19 0.015 303.25
0.19 0.02 303.211
0.19 0.025 303.167
0.19 0.03 303.119
0.19 0.035 303.066
0.19 0.04 303.009
0.19 0.045 302.948
0.19 0.05 302.884
0.19 0.055 302.816
0.19 0.06 302.745
0.19 0.065 302.671
0.19 0.07 302.594
0.19 0.075 302.514
0.19 0.08 302.432
0.19 0.085 302.347
0.19 0.09 302.26
0.19 0.095 302.17
0.19 0.1 302.079
0.19 0.105 301.985
0.19 0.11 301.89
0.19 0.115 301.794
0.19 0.12 301.695
0.19 0.125 301.596
0.19 0.13 301.495
0.19 0.135 301.392
0.19 0.14 301.289
0.19 0.145 301.185
0.19 0.15 301.08
0.19 0.155 300.974
0.19 0.16 300.867
0.19 0.165 300.76
0.19 0.17 300.652
0.19 0.175 300.544
0.19 0.18 300.436
0.19 0.185 300.327
0.19 0.19 300.218
0.19 0.195 300.109
0.19 0.2 300
0.195 0 303.441
0.195 0.005 303.427
0.195 0.01 303.4
0.195 0.015 303.365
0.195 0.02 303.325
0.195 0.025 303.278
0.195 0.03 303.227
0.195 0.035 303.172
0.195 0.04 303.112
0.195 0.045 303.049
0.195 0.05 302.981
0.195 0.055 302.91
0.195 0.06 302.836
0.195 0.065 302.759
0.195 0.07 302.679
0.195 0.075 302.596
0.195 0.08 302.51
0.195 0.085 302.422
0.195 0.09 302.331
0.195 0.095 302.238
0.195 0.1 302.144
0.195 0.105 302.047
0.195 0.11 301.948
0.195 0.115 301.848
0.195 0.12 301.747
0.195 0.125 301.644
0.195 0.13 301.539
0.195 0.135 301.434
0.195 0.14 301.327
0.195 0.145 301.22
0.195 0.15 301.111
0.195 0.155 301.002
0.195 0.16 300.892
0.195 0.165 300.782
0.195 0.17 300.671
0.195 0.175 300.56
0.195 0.18 300.448
0.195 0.185 300.336
0.195 0.19 300.224
0.195 0.195 300.112
0.195 0.2 300
0.2 0 303.564
0.2 0.005 303.549
0.2 0.01 303.521
0.2 0.015 303.485
0.2 0.02 303.442
0.2 0.025 303.393
0.2 0.03 303.34
0.2 0.035 303.282
0.2 0.04 303.219
0.2 0.045 303.153
0.2 0.05 303.082
0.2 0.055 303.008
0.2 0.06 302.931
0.2 0.065 302.85
0.2 0.07 302.766
0.2 0.075 302.68
0.2 0.08 302.591
0.2 0.085 302.499
0.2 0.09 302.405
0.2 0.095 302.309
0.2 0.1 302.21
0.2 0.105 302.11
0.2 0.11 302.008
0.2 0.115 301.904
0.2 0.12 301.799
0.2 0.125 301.693
0.2 0.13 301.585
0.2 0.135 301.476
0.2 0.14 301.366
0.2 0.145 301.255
0.2 0.15 301.144
0.2 0.155 301.031
0.2 0.16 300.918
0.2 0.165 300.805
0.2 0.17 300.69
0.2 0.175 300.576
0.2 0.18 300.461
0.2 0.185 300.346
0.2 0.19 300.231
0.2 0.195 300.115
0.2 0.2 300
0.205 0 303.69
0.205 0.005 303.675
0.205 0.01 303.646
0.205 0.015 303.608
0.205 0.02 303.563
0.205 0.025 303.512
0.205 0.03 303.456
0.205 0.035 303.395
0.205 0.04 303.33
0.205 0.045 303.26
0.205 0.05 303.187
0.205 0.055 303.109
0.205 0.06 303.028
0.205 0.065 302.944
0.205 0.07 302.857
0.205 0.075 302.767
0.205 0.08 302.674
0.205 0.085 302.579
0.205 0.09 302.481
0.205 0.095 302.381
0.205 0.1 302.279
0.205 0.105 302.175
0.205 0.11 302.07
0.205 0.115 301.962
0.205 0.12 301.854
0.205 0.125 301.744
0.205 0.13 301.632
0.205 0.135 301.52
0.205 0.14 301.406
0.205 0.145 301.292
0.205 0.15 301.177
0.205 0.155 301.061
0.205 0.16 300.945
0.205 0.165 300.828
0.205 0.17 300.71
0.205 0.175 300.592
0.205 0.18 300.474
0.205 0.185 300.356
0.205 0.19 300.237
0.205 0.195 300.119
0.205 0.2 300
0.21 0 303.821
0.21 0.005 303.805
0.21 0.01 303.775
0.21 0.015 303.736
0.21 0.02 303.689
0.21 0.025 303.636
0.21 0.03 303.577
0.21 0.035 303.513
0.21 0.04 303.444
0.21 0.045 303.371
0.21 0.05 303.294
0.21 0.055 303.214
0.21 0.06 303.129
0.21 0.065 303.041
0.21 0.07 302.95
0.21 0.075 302.856
0.21 0.08 302.76
0.21 0.085 302.661
0.21 0.09 302.559
0.21 0.095 302.455
0.21 0.1 302.35
0.21 0.105 302.242
0.21 0.11 302.133
0.21 0.115 302.022
0.21 0.12 301.909
0.21 0.125 301.796
0.21 0.13 301.681
0.21 0.135 301.565
0.21 0.14 301.448
0.21 0.145 301.33
0.21 0.15 301.211
0.21 0.155 301.092
0.21 0.16 300.972
0.21 0.165 300.851
0.21 0.17 300.73
0.21 0.175 300.609
0.21 0.18 300.488
0.21 0.185 300.366
0.21 0.19 300.244
0.21 0.195 300.122
0.21 0.2 300
0.215 0 303.955
0.215 0.005 303.939
0.215 0.01 303.908
0.215 0.015 303.867
0.215 0.02 303.818
0.215 0.025 303.763
0.215 0.03 303.701
0.215 0.035 303.634
0.215 0.04 303.563
0.215 0.045 303.486
0.215 0.05 303.406
0.215 0.055 303.321
0.215 0.06 303.233
0.215 0.065 303.141
0.215 0.07 303.047
0.215 0.075 302.949
0.215 0.08 302.848
0.215 0.085 302.745
0.215 0.09 302.64
0.215 0.095 302.532
0.215 0.1 302.422
0.215 0.105 302.311
0.215 0.11 302.197
0.215 0.115 302.083
0.215 0.12 301.966
0.215 0.125 301.849
0.215 0.13 301.73
0.215 0.135 301.61
0.215 0.14 301.49
0.215 0.145 301.368
0.215 0.15 301.246
0.215 0.155 301.123
0.215 0.16 300.999
0.215 0.165 300.875
0.215 0.17 300.751
0.215 0.175 300.626
0.215 0.18 300.501
0.215 0.185 300.376
0.215 0.19 300.251
0.215 0.195 300.125
0.215 0.2 300
0.22 0 304.094
0.22 0.005 304.078
0.22 0.01 304.046
0.22 0.015 304.003
0.22 0.02 303.952
0.22 0.025 303.894
0.22 0.03 303.83
0.22 0.035 303.76
0.22 0.04 303.685
0.22 0.045 303.605
0.22 0.05 303.521
0.22 0.055 303.432
0.22 0.06 303.34
0.22 0.065 303.245
0.22 0.07 303.146
0.22 0.075 303.044
0.22 0.08 302.939
0.22 0.085 302.832
0.22 0.09 302.722
0.22 0.095 302.611
0.22 0.1 302.497
0.22 0.105 302.381
0.22 0.11 302.264
0.22 0.115 302.145
0.22 0.12 302.025
0.22 0.125 301.903
0.22 0.13 301.781
0.22 0.135 301.657
0.22 0.14 301.533
0.22 0.145 301.407
0.22 0.15 301.281
0.22 0.155 301.155
0.22 0.16 301.028
0.22 0.165 300.9
0.22 0.17 300.772
0.22 0.175 300.644
0.22 0.18 300.515
0.22 0.185 300.386
0.22 0.19 300.258
0.22 0.195 300.129
0.22 0.2 300
0.225 0 304.238
0.225 0.005 304.221
0.225 0.01 304.188
0.225 0.015 304.144
0.225 0.02 304.091
0.225 0.025 304.03
0.225 0.03 303.962
0.225 0.035 303.889
0.225 0.04 303.811
0.225 0.045 303.727
0.225 0.05 303.639
0.225 0.055 303.547
0.225 0.06 303.451
0.225 0.065 303.351
0.225 0.07 303.248
0.225 0.075 303.142
0.225 0.08 303.033
0.225 0.085 302.921
0.225 0.09 302.807
0.225 0.095 302.691
0.225 0.1 302.573
0.225 0.105 302.453
0.225 0.11 302.332
0.225 0.115 302.209
0.225 0.12 302.085
0.225 0.125 301.959
0.225 0.13 301.833
0.225 0.135 301.705
0.225 0.14 301.577
0.225 0.145 301.448
0.225 0.15 301.318
0.225 0.155 301.187
0.225 0.16 301.056
0.225 0.165 300.925
0.225 0.17 300.793
0.225 0.175 300.662
0.225 0.18 300.529
0.225 0.185 300.397
0.225 0.19 300.265
0.225 0.195 300.132
0.225 0.2 300
0.23 0 304.385
0.23 0.005 304.369
0.23 0.01 304.335
0.23 0.015 304.289
0.23 0.02 304.233
0.23 0.025 304.17
0.23 0.03 304.099
0.23 0.035 304.023
0.23 0.04 303.941
0.23 0.045 303.853
0.23 0.05 303.761
0.23 0.055 303.665
0.23 0.06 303.565
0.23 0.065 303.46
0.23 0.07 303.353
0.23 0.075 303.242
0.23 0.08 303.129
0.23 0.085 303.013
0.23 0.09 302.895
0.23 0.095 302.774
0.23 0.1 302.652
0.23 0.105 302.527
0.23 0.11 302.402
0.23 0.115 302.274
0.23 0.12 302.146
0.23 0.125 302.016
0.23 0.13 301.886
0.23 0.135 301.754
0.23 0.14 301.622
0.23 0.145 301.488
0.23 0.15 301.355
0.23 0.155 301.22
0.23 0.16 301.086
0.23 0.165 300.951
0.23 0.17 300.815
0.23 0.175 300.68
0.23 0.18 300.544
0.23 0.185 300.408
0.23 0.19 300.272
0.23 0.195 300.136
0.23 0.2 300
0.235 0 304.537
0.235 0.005 304.521
0.235 0.01 304.486
0.235 0.015 304.438
0.235 0.02 304.38
0.235 0.025 304.314
0.235 0.03 304.241
0.235 0.035 304.161
0.235 0.04 304.075
0.235 0.045 303.983
0.235 0.05 303.887
0.235 0.055 303.786
0.235 0.06 303.682
0.235 0.065 303.573
0.235 0.07 303.461
0.235 0.075 303.346
0.235 0.08 303.227
0.235 0.085 303.107
0.235 0.09 302.984
0.235 0.095 302.859
0.235 0.1 302.732
0.235 0.105 302.603
0.235 0.11 302.473
0.235 0.115 302.341
0.235 0.12 302.208
0.235 0.125 302.074
0.235 0.13 301.939
0.235 0.135 301.804
0.235 0.14 301.667
0.235 0.145 301.53
0.235 0.15 301.392
0.235 0.155 301.254
0.235 0.16 301.116
0.235 0.165 300.977
0.235 0.17 300.838
0.235 0.175 300.698
0.235 0.18 300.559
0.235 0.185 300.419
0.235 0.19 300.279
0.235 0.195 300.14
0.235 0.2 300
0.24 0 304.694
0.24 0.005 304.677
0.24 0.01 304.641
0.24 0.015 304.592
0.24 0.02 304.532
0.24 0.025 304.463
0.24 0.03 304.386
0.24 0.035 304.302
0.24 0.04 304.213
0.24 0.045 304.117
0.24 0.05 304.017
0.24 0.055 303.911
0.24 0.06 303.802
0.24 0.065 303.688
0.24 0.07 303.572
0.24 0.075 303.451
0.24 0.08 303.329
0.24 0.085 303.203
0.24 0.09 303.075
0.24 0.095 302.945
0.24 0.1 302.814
0.24 0.105 302.68
0.24 0.11 302.545
0.24 0.115 302.409
0.24 0.12 302.272
0.24 0.125 302.133
0.24 0.13 301.994
0.24 0.135 301.854
0.24 0.14 301.714
0.24 0.145 301.572
0.24 0.15 301.431
0.24 0.155 301.288
0.24 0.16 301.146
0.24 0.165 301.003
0.24 0.17 300.86
0.24 0.175 300.717
0.24 0.18 300.573
0.24 0.185 300.43
0.24 0.19 300.287
0.24 0.195 300.143
0.24 0.2 300
0.245 0 304.854
0.245 0.005 304.838
0.245 0.01 304.801
0.245 0.015 304.75
0.245 0.02 304.688
0.245 0.025 304.616
0.245 0.03 304.536
0.245 0.035 304.448
0.245 0.04 304.355
0.245 0.045 304.255
0.245 0.05 304.15
0.245 0.055 304.04
0.245 0.06 303.925
0.245 0.065 303.807
0.245 0.07 303.685
0.245 0.075 303.56
0.245 0.08 303.432
0.245 0.085 303.301
0.245 0.09 303.169
0.245 0.095 303.034
0.245 0.1 302.897
0.245 0.105 302.759
0.245 0.11 302.619
0.245 0.115 302.478
0.245 0.12 302.336
0.245 0.125 302.194
0.245 0.13 302.05
0.245 0.135 301.906
0.245 0.14 301.761
0.245 0.145 301.615
0.245 0.15 301.469
0.245 0.155 301.323
0.245 0.16 301.176
0.245 0.165 301.03
0.245 0.17 300.883
0.245 0.175 300.736
0.245 0.18 300.589
0.245 0.185 300.441
0.245 0.19 300.294
0.245 0.195 300.147
0.245 0.2 300
0.25 0 305.02
0.25 0.005 305.003
0.25 0.01 304.965
0.25 0.015 304.913
0.25 0.02 304.848
0.25 0.025 304.773
0.25 0.03 304.69
0.25 0.035 304.598
0.25 0.04 304.5
0.25 0.045 304.396
0.25 0.05 304.286
0.25 0.055 304.171
0.25 0.06 304.052
0.25 0.065 303.929
0.25 0.07 303.801
0.25 0.075 303.671
0.25 0.08 303.538
0.25 0.085 303.402
0.25 0.09 303.264
0.25 0.095 303.124
0.25 0.1 302.982
0.25 0.105 302.839
0.25 0.11 302.694
0.25 0.115 302.549
0.25 0.12 302.402
0.25 0.125 302.255
0.25 0.13 302.106
0.25 0.135 301.958
0.25 0.14 301.808
0.25 0.145 301.659
0.25 0.15 301.508
0.25 0.155 301.358
0.25 0.16 301.207
0.25 0.165 301.057
0.25 0.17 300.906
0.25 0.175 300.755
0.25 0.18 300.604
0.25 0.185 300.453
0.25 0.19 300.302
0.25 0.195 300.151
0.25 0.2 300
0.255 0 305.189
0.255 0.005 305.172
0.255 0.01 305.134
0.255 0.015 305.08
0.255 0.02 305.013
0.255 0.025 304.935
0.255 0.03 304.848
0.255 0.035 304.753
0.255 0.04 304.65
0.255 0.045 304.541
0.255 0.05 304.427
0.255 0.055 304.307
0.255 0.06 304.182
0.255 0.065 304.053
0.255 0.07 303.92
0.255 0.075 303.785
0.255 0.08 303.646
0.255 0.085 303.505
0.255 0.09 303.361
0.255 0.095 303.216
0.255 0.1 303.069
0.255 0.105 302.92
0.255 0.11 302.771
0.255 0.115 302.62
0.255 0.12 302.469
0.255 0.125 302.316
0.255 0.13 302.164
0.255 0.135 302.01
0.255 0.14 301.857
0.255 0.145 301.702
0.255 0.15 301.548
0.255 0.155 301.394
0.255 0.16 301.239
0.255 0.165 301.084
0.255 0.17 300.929
0.255 0.175 300.774
0.255 0.18 300.619
0.255 0.185 300.464
0.255 0.19 300.309
0.255 0.195 300.155
0.255 0.2 300
0.26 0 305.363
0.26 0.005 305.346
0.26 0.01 305.307
0.26 0.015 305.251
0.26 0.02 305.182
0.26 0.025 305.101
0.26 0.03 305.01
0.26 0.035 304.911
0.26 0.04 304.804
0.26 0.045 304.69
0.26 0.05 304.57
0.26 0.055 304.445
0.26 0.06 304.315
0.26 0.065 304.18
0.26 0.07 304.042
0.26 0.075 303.9
0.26 0.08 303.756
0.26 0.085 303.609
0.26 0.09 303.46
0.26 0.095 303.309
0.26 0.1 303.157
0.26 0.105 303.003
0.26 0.11 302.848
0.26 0.115 302.693
0.26 0.12 302.536
0.26 0.125 302.379
0.26 0.13 302.222
0.26 0.135 302.064
0.26 0.14 301.905
0.26 0.145 301.747
0.26 0.15 301.588
0.26 0.155 301.429
0.26 0.16 301.27
0.26 0.165 301.111
0.26 0.17 300.952
0.26 0.175 300.794
0.26 0.18 300.635
0.26 0.185 300.476
0.26 0.19 300.317
0.26 0.195 300.158
0.26 0.2 300
0.265 0 305.541
0.265 0.005 305.524
0.265 0.01 305.484
0.265 0.015 305.427
0.265 0.02 305.355
0.265 0.025 305.271
0.265 0.03 305.177
0.265 0.035 305.073
0.265 0.04 304.962
0.265 0.045 304.843
0.265 0.05 304.717
0.265 0.055 304.586
0.265 0.06 304.451
0.265 0.065 304.31
0.265 0.07 304.166
0.265 0.075 304.019
0.265 0.08 303.868
0.265 0.085 303.715
0.265 0.09 303.561
0.265 0.095 303.404
0.265 0.1 303.246
0.265 0.105 303.087
0.265 0.11 302.927
0.265 0.115 302.766
0.265 0.12 302.604
0.265 0.125 302.442
0.265 0.13 302.28
0.265 0.135 302.117
0.265 0.14 301.954
0.265 0.145 301.791
0.265 0.15 301.628
0.265 0.155 301.465
0.265 0.16 301.302
0.265 0.165 301.139
0.265 0.17 300.976
0.265 0.175 300.813
0.265 0.18 300.65
0.265 0.185 300.487
0.265 0.19 300.325
0.265 0.195 300.162
0.265 0.2 300
0.27 0 305.723
0.27 0.005 305.706
0.27 0.01 305.666
0.27 0.015 305.606
0.27 0.02 305.532
0.27 0.025 305.445
0.27 0.03 305.347
0.27 0.035 305.239
0.27 0.04 305.123
0.27 0.045 304.999
0.27 0.05 304.868
0.27 0.055 304.731
0.27 0.06 304.589
0.27 0.065 304.443
0.27 0.07 304.292
0.27 0.075 304.139
0.27 0.08 303.982
0.27 0.085 303.823
0.27 0.09 303.663
0.27 0.095 303.5
0.27 0.1 303.336
0.27 0.105 303.172
0.27 0.11 303.006
0.27 0.115 302.84
0.27 0.12 302.673
0.27 0.125 302.506
0.27 0.13 302.339
0.27 0.135 302.171
0.27 0.14 302.004
0.27 0.145 301.836
0.27 0.15 301.669
0.27 0.155 301.501
0.27 0.16 301.334
0.27 0.165 301.167
0.27 0.17 301
0.27 0.175 300.833
0.27 0.18 300.666
0.27 0.185 300.499
0.27 0.19 300.333
0.27 0.195 300.166
0.27 0.2 300
0.275 0 305.909
0.275 0.005 305.892
0.275 0.01 305.851
0.275 0.015 305.79
0.275 0.02 305.714
0.275 0.025 305.623
0.275 0.03 305.521
0.275 0.035 305.409
0.275 0.04 305.287
0.275 0.045 305.158
0.275 0.05 305.021
0.275 0.055 304.878
0.275 0.06 304.73
0.275 0.065 304.577
0.275 0.07 304.421
0.275 0.075 304.261
0.275 0.08 304.098
0.275 0.085 303.933
0.275 0.09 303.766
0.275 0.095 303.597
0.275 0.1 303.428
0.275 0.105 303.257
0.275 0.11 303.086
0.275 0.115 302.914
0.275 0.12 302.742
0.275 0.125 302.57
0.275 0.13 302.398
0.275 0.135 302.225
0.275 0.14 302.053
0.275 0.145 301.881
0.275 0.15 301.709
0.275 0.155 301.537
0.275 0.16 301.366
0.275 0.165 301.194
0.275 0.17 301.023
0.275 0.175 300.852
0.275 0.18 300.681
0.275 0.185 300.511
0.275 0.19 300.34
0.275 0.195 300.17
0.275 0.2 300
0.28 0 306.099
0.28 0.005 306.082
0.28 0.01 306.04
0.28 0.015 305.978
0.28 0.02 305.899
0.28 0.025 305.805
0.28 0.03 305.699
0.28 0.035 305.582
0.28 0.04 305.455
0.28 0.045 305.32
0.28 0.05 305.177
0.28 0.055 305.028
0.28 0.06 304.874
0.28 0.065 304.714
0.28 0.07 304.551
0.28 0.075 304.384
0.28 0.08 304.215
0.28 0.085 304.043
0.28 0.09 303.87
0.28 0.095 303.695
0.28 0.1 303.519
0.28 0.105 303.343
0.28 0.11 303.166
0.28 0.115 302.989
0.28 0.12 302.812
0.28 0.125 302.634
0.28 0.13 302.457
0.28 0.135 302.28
0.28 0.14 302.103
0.28 0.145 301.926
0.28 0.15 301.75
0.28 0.155 301.574
0.28 0.16 301.398
0.28 0.165 301.222
0.28 0.17 301.047
0.28 0.175 300.872
0.28 0.18 300.697
0.28 0.185 300.522
0.28 0.19 300.348
0.28 0.195 300.174
0.28 0.2 300
0.285 0 306.292
0.285 0.005 306.275
0.285 0.01 306.232
0.285 0.015 306.169
0.285 0.02 306.087
0.285 0.025 305.99
0.285 0.03 305.88
0.285 0.035 305.758
0.285 0.04 305.626
0.285 0.045 305.485
0.285 0.05 305.336
0.285 0.055 305.18
0.285 0.06 305.019
0.285 0.065 304.853
0.285 0.07 304.683
0.285 0.075 304.509
0.285 0.08 304.333
0.285 0.085 304.155
0.285 0.09 303.975
0.285 0.095 303.794
0.285 0.1 303.612
0.285 0.105 303.429
0.285 0.11 303.247
0.285 0.115 303.064
0.285 0.12 302.881
0.285 0.125 302.699
0.285 0.13 302.516
0.285 0.135 302.334
0.285 0.14 302.152
0.285 0.145 301.971
0.285 0.15 301.79
0.285 0.155 301.61
0.285 0.16 301.429
0.285 0.165 301.25
0.285 0.17 301.07
0.285 0.175 300.891
0.285 0.18 300.712
0.285 0.185 300.534
0.285 0.19 300.356
0.285 0.195 300.178
0.285 0.2 300
0.29 0 306.488
0.29 0.005 306.471
0.29 0.01 306.428
0.29 0.015 306.363
0.29 0.02 306.279
0.29 0.025 306.179
0.29 0.03 306.064
0.29 0.035 305.937
0.29 0.04 305.8
0.29 0.045 305.652
0.29 0.05 305.497
0.29 0.055 305.335
0.29 0.06 305.166
0.29 0.065 304.993
0.29 0.07 304.816
0.29 0.075 304.635
0.29 0.08 304.452
0.29 0.085 304.267
0.29 0.09 304.08
0.29 0.095 303.893
0.29 0.1 303.704
0.29 0.105 303.516
0.29 0.11 303.327
0.29 0.115 303.139
0.29 0.12 302.951
0.29 0.125 302.763
0.29 0.13 302.575
0.29 0.135 302.388
0.29 0.14 302.202
0.29 0.145 302.016
0.29 0.15 301.83
0.29 0.155 301.645
0.29 0.16 301.461
0.29 0.165 301.277
0.29 0.17 301.094
0.29 0.175 300.91
0.29 0.18 300.728
0.29 0.185 300.545
0.29 0.19 300.363
0.29 0.195 300.182
0.29 0.2 300
0.295 0 306.687
0.295 0.005 306.67
0.295 0.01 306.627
0.295 0.015 306.56
0.295 0.02 306.474
0.295 0.025 306.37
0.295 0.03 306.251
0.295 0.035 306.119
0.295 0.04 305.976
0.295 0.045 305.822
0.295 0.05 305.66
0.295 0.055 305.49
0.295 0.06 305.315
0.295 0.065 305.134
0.295 0.07 304.95
0.295 0.075 304.762
0.295 0.08 304.571
0.295 0.085 304.379
0.295 0.09 304.186
0.295 0.095 303.992
0.295 0.1 303.797
0.295 0.105 303.602
0.295 0.11 303.408
0.295 0.115 303.213
0.295 0.12 303.02
0.295 0.125 302.826
0.295 0.13 302.634
0.295 0.135 302.442
0.295 0.14 302.251
0.295 0.145 302.06
0.295 0.15 301.87
0.295 0.155 301.681
0.295 0.16 301.492
0.295 0.165 301.304
0.295 0.17 301.117
0.295 0.175 300.93
0.295 0.18 300.743
0.295 0.185 300.557
0.295 0.19 300.371
0.295 0.195 300.185
0.295 0.2 300
0.3 0 306.888
0.3 0.005 306.872
0.3 0.01 306.827
0.3 0.015 306.759
0.3 0.02 306.67
0.3 0.025 306.563
0.3 0.03 306.44
0.3 0.035 306.303
0.3 0.04 306.153
0.3 0.045 305.993
0.3 0.05 305.824
0.3 0.055 305.647
0.3 0.06 305.464
0.3 0.065 305.276
0.3 0.07 305.084
0.3 0.075 304.889
0.3 0.08 304.691
0.3 0.085 304.492
0.3 0.09 304.291
0.3 0.095 304.09
0.3 0.1 303.889
0.3 0.105 303.688
0.3 0.11 303.488
0.3 0.115 303.287
0.3 0.12 303.088
0.3 0.125 302.89
0.3 0.13 302.692
0.3 0.135 302.495
0.3 0.14 302.299
0.3 0.145 302.104
0.3 0.15 301.909
0.3 0.155 301.716
0.3 0.16 301.523
0.3 0.165 301.331
0.3 0.17 301.139
0.3 0.175 300.948
0.3 0.18 300.758
0.3 0.185 300.568
0.3 0.19 300.378
0.3 0.195 300.189
0.3 0.2 300
0.305 0 307.091
0.305 0.005 307.075
0.305 0.01 307.03
0.305 0.015 306.961
0.305 0.02 306.869
0.305 0.025 306.758
0.305 0.03 306.631
0.305 0.035 306.488
0.305 0.04 306.332
0.305 0.045 306.165
0.305 0.05 305.989
0.305 0.055 305.805
0.305 0.06 305.614
0.305 0.065 305.418
0.305 0.07 305.218
0.305 0.075 305.015
0.305 0.08 304.81
0.305 0.085 304.603
0.305 0.09 304.396
0.305 0.095 304.188
0.305 0.1 303.981
0.305 0.105 303.773
0.305 0.11 303.567
0.305 0.115 303.361
0.305 0.12 303.156
0.305 0.125 302.952
0.305 0.13 302.749
0.305 0.135 302.547
0.305 0.14 302.347
0.305 0.145 302.147
0.305 0.15 301.948
0.305 0.155 301.75
0.305 0.16 301.553
0.305 0.165 301.357
0.305 0.17 301.162
0.305 0.175 300.967
0.305 0.18 300.773
0.305 0.185 300.579
0.305 0.19 300.386
0.305 0.195 300.193
0.305 0.2 300
0.31 0 307.296
0.31 0.005 307.279
0.31 0.01 307.234
0.31 0.015 307.163
0.31 0.02 307.069
0.31 0.025 306.955
0.31 0.03 306.822
0.31 0.035 306.674
0.31 0.04 306.512
0.31 0.045 306.338
0.31 0.05 306.154
0.31 0.055 305.962
0.31 0.06 305.764
0.31 0.065 305.56
0.31 0.07 305.352
0.31 0.075 305.141
0.31 0.08 304.928
0.31 0.085 304.714
0.31 0.09 304.5
0.31 0.095 304.285
0.31 0.1 304.071
0.31 0.105 303.857
0.31 0.11 303.645
0.31 0.115 303.433
0.31 0.12 303.223
0.31 0.125 303.013
0.31 0.13 302.806
0.31 0.135 302.599
0.31 0.14 302.394
0.31 0.145 302.189
0.31 0.15 301.986
0.31 0.155 301.784
0.31 0.16 301.583
0.31 0.165 301.383
0.31 0.17 301.184
0.31 0.175 300.985
0.31 0.18 300.787
0.31 0.185 300.59
0.31 0.19 300.393
0.31 0.195 300.196
0.31 0.2 300
0.315 0 307.501
0.315 0.005 307.484
0.315 0.01 307.439
0.315 0.015 307.366
0.315 0.02 307.27
0.315 0.025 307.151
0.315 0.03 307.014
0.315 0.035 306.86
0.315 0.04 306.691
0.315 0.045 306.51
0.315 0.05 306.319
0.315 0.055 306.119
0.315 0.06 305.912
0.315 0.065 305.7
0.315 0.07 305.484
0.315 0.075 305.266
0.315 0.08 305.045
0.315 0.085 304.824
0.315 0.09 304.602
0.315 0.095 304.381
0.315 0.1 304.16
0.315 0.105 303.94
0.315 0.11 303.721
0.315 0.115 303.504
0.315 0.12 303.288
0.315 0.125 303.074
0.315 0.13 302.861
0.315 0.135 302.649
0.315 0.14 302.439
0.315 0.145 302.231
0.315 0.15 302.024
0.315 0.155 301.817
0.315 0.16 301.612
0.315 0.165 301.408
0.315 0.17 301.205
0.315 0.175 301.003
0.315 0.18 300.801
0.315 0.185 300.6
0.315 0.19 300.4
0.315 0.195 300.2
0.315 0.2 300
0.32 0 307.705
0.32 0.005 307.689
0.32 0.01 307.643
0.32 0.015 307.569
0.32 0.02 307.47
0.32 0.025 307.348
0.32 0.03 307.205
0.32 0.035 307.045
0.32 0.04 306.87
0.32 0.045 306.681
0.32 0.05 306.482
0.32 0.055 306.274
0.32 0.06 306.059
0.32 0.065 305.839
0.32 0.07 305.615
0.32 0.075 305.388
0.32 0.08 305.16
0.32 0.085 304.931
0.32 0.09 304.702
0.32 0.095 304.474
0.32 0.1 304.247
0.32 0.105 304.02
0.32 0.11 303.796
0.32 0.115 303.573
0.32 0.12 303.352
0.32 0.125 303.132
0.32 0.13 302.915
0.32 0.135 302.699
0.32 0.14 302.484
0.32 0.145 302.271
0.32 0.15 302.06
0.32 0.155 301.85
0.32 0.16 301.641
0.32 0.165 301.433
0.32 0.17 301.226
0.32 0.175 301.02
0.32 0.18 300.815
0.32 0.185 300.611
0.32 0.19 300.407
0.32 0.195 300.203
0.32 0.2 300
0.325 0 307.909
0.325 0.005 307.893
0.325 0.01 307.846
0.325 0.015 307.771
0.325 0.02 307.669
0.325 0.025 307.542
0.325 0.03 307.395
0.325 0.035 307.229
0.325 0.04 307.046
0.325 0.045 306.85
0.325 0.05 306.643
0.325 0.055 306.427
0.325 0.06 306.204
0.325 0.065 305.975
0.325 0.07 305.743
0.325 0.075 305.508
0.325 0.08 305.272
0.325 0.085 305.036
0.325 0.09 304.8
0.325 0.095 304.565
0.325 0.1 304.331
0.325 0.105 304.099
0.325 0.11 303.868
0.325 0.115 303.64
0.325 0.12 303.414
0.325 0.125 303.189
0.325 0.13 302.967
0.325 0.135 302.746
0.325 0.14 302.527
0.325 0.145 302.31
0.325 0.15 302.095
0.325 0.155 301.881
0.325 0.16 301.668
0.325 0.165 301.457
0.325 0.17 301.246
0.325 0.175 301.037
0.325 0.18 300.828
0.325 0.185 300.621
0.325 0.19 300.413
0.325 0.195 300.206
0.325 0.2 300
0.33 0 308.111
0.33 0.005 308.094
0.33 0.01 308.047
0.33 0.015 307.97
0.33 0.02 307.865
0.33 0.025 307.735
0.33 0.03 307.582
0.33 0.035 307.409
0.33 0.04 307.22
0.33 0.045 307.016
0.33 0.05 306.801
0.33 0.055 306.576
0.33 0.06 306.345
0.33 0.065 306.108
0.33 0.07 305.867
0.33 0.075 305.625
0.33 0.08 305.381
0.33 0.085 305.138
0.33 0.09 304.895
0.33 0.095 304.653
0.33 0.1 304.413
0.33 0.105 304.175
0.33 0.11 303.939
0.33 0.115 303.705
0.33 0.12 303.473
0.33 0.125 303.244
0.33 0.13 303.017
0.33 0.135 302.792
0.33 0.14 302.569
0.33 0.145 302.348
0.33 0.15 302.129
0.33 0.155 301.911
0.33 0.16 301.695
0.33 0.165 301.48
0.33 0.17 301.266
0.33 0.175 301.053
0.33 0.18 300.841
0.33 0.185 300.63
0.33 0.19 300.42
0.33 0.195 300.21
0.33 0.2 300
0.335 0 308.309
0.335 0.005 308.293
0.335 0.01 308.244
0.335 0.015 308.166
0.335 0.02 308.058
0.335 0.025 307.923
0.335 0.03 307.765
0.335 0.035 307.586
0.335 0.04 307.389
0.335 0.045 307.177
0.335 0.05 306.954
0.335 0.055 306.721
0.335 0.06 306.481
0.335 0.065 306.236
0.335 0.07 305.987
0.335 0.075 305.737
0.335 0.08 305.486
0.335 0.085 305.235
0.335 0.09 304.986
0.335 0.095 304.737
0.335 0.1 304.491
0.335 0.105 304.247
0.335 0.11 304.006
0.335 0.115 303.767
0.335 0.12 303.531
0.335 0.125 303.297
0.335 0.13 303.065
0.335 0.135 302.836
0.335 0.14 302.609
0.335 0.145 302.384
0.335 0.15 302.161
0.335 0.155 301.94
0.335 0.16 301.72
0.335 0.165 301.502
0.335 0.17 301.285
0.335 0.175 301.069
0.335 0.18 300.854
0.335 0.185 300.639
0.335 0.19 300.426
0.335 0.195 300.213
0.335 0.2 300
0.34 0 308.502
0.34 0.005 308.486
0.34 0.01 308.437
0.34 0.015 308.356
0.34 0.02 308.245
0.34 0.025 308.106
0.34 0.03 307.942
0.34 0.035 307.756
0.34 0.04 307.552
0.34 0.045 307.333
0.34 0.05 307.101
0.34 0.055 306.86
0.34 0.06 306.612
0.34 0.065 306.358
0.34 0.07 306.102
0.34 0.075 305.844
0.34 0.08 305.586
0.34 0.085 305.328
0.34 0.09 305.072
0.34 0.095 304.818
0.34 0.1 304.566
0.34 0.105 304.317
0.34 0.11 304.07
0.34 0.115 303.826
0.34 0.12 303.585
0.34 0.125 303.347
0.34 0.13 303.111
0.34 0.135 302.878
0.34 0.14 302.647
0.34 0.145 302.419
0.34 0.15 302.192
0.34 0.155 301.968
0.34 0.16 301.744
0.34 0.165 301.523
0.34 0.17 301.303
0.34 0.175 301.084
0.34 0.18 300.865
0.34 0.185 300.648
0.34 0.19 300.432
0.34 0.195 300.216
0.34 0.2 300
0.345 0 308.689
0.345 0.005 308.673
0.345 0.01 308.623
0.345 0.015 308.54
0.345 0.02 308.426
0.345 0.025 308.282
0.345 0.03 308.112
0.345 0.035 307.92
0.345 0.04 307.708
0.345 0.045 307.481
0.345 0.05 307.241
0.345 0.055 306.992
0.345 0.06 306.735
0.345 0.065 306.474
0.345 0.07 306.211
0.345 0.075 305.946
0.345 0.08 305.68
0.345 0.085 305.416
0.345 0.09 305.154
0.345 0.095 304.894
0.345 0.1 304.636
0.345 0.105 304.382
0.345 0.11 304.13
0.345 0.115 303.882
0.345 0.12 303.637
0.345 0.125 303.394
0.345 0.13 303.155
0.345 0.135 302.918
0.345 0.14 302.684
0.345 0.145 302.452
0.345 0.15 302.222
0.345 0.155 301.994
0.345 0.16 301.768
0.345 0.165 301.543
0.345 0.17 301.32
0.345 0.175 301.098
0.345 0.18 300.877
0.345 0.185 300.657
0.345 0.19 300.437
0.345 0.195 300.218
0.345 0.2 300
0.35 0 308.867
0.35 0.005 308.851
0.35 0.01 308.8
0.35 0.015 308.716
0.35 0.02 308.598
0.35 0.025 308.449
0.35 0.03 308.274
0.35 0.035 308.074
0.35 0.04 307.855
0.35 0.045 307.62
0.35 0.05 307.372
0.35 0.055 307.115
0.35 0.06 306.851
0.35 0.065 306.583
0.35 0.07 306.312
0.35 0.075 306.04
0.35 0.08 305.768
0.35 0.085 305.498
0.35 0.09 305.23
0.35 0.095 304.965
0.35 0.1 304.702
0.35 0.105 304.443
0.35 0.11 304.187
0.35 0.115 303.934
0.35 0.12 303.685
0.35 0.125 303.439
0.35 0.13 303.196
0.35 0.135 302.955
0.35 0.14 302.718
0.35 0.145 302.482
0.35 0.15 302.249
0.35 0.155 302.018
0.35 0.16 301.789
0.35 0.165 301.562
0.35 0.17 301.336
0.35 0.175 301.111
0.35 0.18 300.887
0.35 0.185 300.664
0.35 0.19 300.442
0.35 0.195 300.221
0.35 0.2 300
0.355 0 309.035
0.355 0.005 309.019
0.355 0.01 308.968
0.355 0.015 308.88
0.355 0.02 308.759
0.355 0.025 308.605
0.355 0.03 308.424
0.355 0.035 308.217
0.355 0.04 307.991
0.355 0.045 307.749
0.355 0.05 307.493
0.355 0.055 307.229
0.355 0.06 306.958
0.355 0.065 306.682
0.355 0.07 306.405
0.355 0.075 306.127
0.355 0.08 305.849
0.355 0.085 305.574
0.355 0.09 305.3
0.355 0.095 305.03
0.355 0.1 304.763
0.355 0.105 304.499
0.355 0.11 304.239
0.355 0.115 303.983
0.355 0.12 303.73
0.355 0.125 303.48
0.355 0.13 303.234
0.355 0.135 302.99
0.355 0.14 302.749
0.355 0.145 302.511
0.355 0.15 302.275
0.355 0.155 302.041
0.355 0.16 301.81
0.355 0.165 301.579
0.355 0.17 301.351
0.355 0.175 301.123
0.355 0.18 300.897
0.355 0.185 300.672
0.355 0.19 300.447
0.355 0.195 300.223
0.355 0.2 300
0.36 0 309.192
0.36 0.005 309.175
0.36 0.01 309.122
0.36 0.015 309.033
0.36 0.02 308.907
0.36 0.025 308.748
0.36 0.03 308.56
0.36 0.035 308.347
0.36 0.04 308.114
0.36 0.045 307.864
0.36 0.05 307.602
0.36 0.055 307.331
0.36 0.06 307.053
0.36 0.065 306.772
0.36 0.07 306.488
0.36 0.075 306.205
0.36 0.08 305.922
0.36 0.085 305.642
0.36 0.09 305.364
0.36 0.095 305.089
0.36 0.1 304.818
0.36 0.105 304.551
0.36 0.11 304.287
0.36 0.115 304.027
0.36 0.12 303.771
0.36 0.125 303.518
0.36 0.13 303.269
0.36 0.135 303.022
0.36 0.14 302.779
0.36 0.145 302.538
0.36 0.15 302.299
0.36 0.155 302.063
0.36 0.16 301.829
0.36 0.165 301.596
0.36 0.17 301.365
0.36 0.175 301.135
0.36 0.18 300.906
0.36 0.185 300.679
0.36 0.19 300.452
0.36 0.195 300.226
0.36 0.2 300
0.365 0 309.334
0.365 0.005 309.317
0.365 0.01 309.263
0.365 0.015 309.17
0.365 0.02 309.039
0.365 0.025 308.875
0.365 0.03 308.681
0.365 0.035 308.462
0.365 0.04 308.222
0.365 0.045 307.966
0.365 0.05 307.698
0.365 0.055 307.42
0.365 0.06 307.137
0.365 0.065 306.85
0.365 0.07 306.562
0.365 0.075 306.274
0.365 0.08 305.987
0.365 0.085 305.702
0.365 0.09 305.421
0.365 0.095 305.142
0.365 0.1 304.868
0.365 0.105 304.597
0.365 0.11 304.33
0.365 0.115 304.068
0.365 0.12 303.808
0.365 0.125 303.553
0.365 0.13 303.301
0.365 0.135 303.052
0.365 0.14 302.806
0.365 0.145 302.562
0.365 0.15 302.321
0.365 0.155 302.083
0.365 0.16 301.846
0.365 0.165 301.611
0.365 0.17 301.378
0.365 0.175 301.146
0.365 0.18 300.915
0.365 0.185 300.685
0.365 0.19 300.456
0.365 0.195 300.228
0.365 0.2 300
0.37 0 309.46
0.37 0.005 309.443
0.37 0.01 309.386
0.37 0.015 309.289
0.37 0.02 309.154
0.37 0.025 308.985
0.37 0.03 308.785
0.37 0.035 308.559
0.37 0.04 308.314
0.37 0.045 308.052
0.37 0.05 307.778
0.37 0.055 307.496
0.37 0.06 307.208
0.37 0.065 306.917
0.37 0.07 306.625
0.37 0.075 306.333
0.37 0.08 306.043
0.37 0.085 305.755
0.37 0.09 305.47
0.37 0.095 305.189
0.37 0.1 304.911
0.37 0.105 304.638
0.37 0.11 304.369
0.37 0.115 304.103
0.37 0.12 303.842
0.37 0.125 303.584
0.37 0.13 303.329
0.37 0.135 303.078
0.37 0.14 302.83
0.37 0.145 302.584
0.37 0.15 302.341
0.37 0.155 302.101
0.37 0.16 301.862
0.37 0.165 301.625
0.37 0.17 301.39
0.37 0.175 301.156
0.37 0.18 300.923
0.37 0.185 300.691
0.37 0.19 300.46
0.37 0.195 300.23
0.37 0.2 300
0.375 0 309.569
0.375 0.005 309.551
0.375 0.01 309.492
0.375 0.015 309.391
0.375 0.02 309.25
0.375 0.025 309.074
0.375 0.03 308.868
0.375 0.035 308.637
0.375 0.04 308.386
0.375 0.045 308.12
0.375 0.05 307.842
0.375 0.055 307.557
0.375 0.06 307.265
0.375 0.065 306.971
0.375 0.07 306.676
0.375 0.075 306.382
0.375 0.08 306.089
0.375 0.085 305.798
0.375 0.09 305.511
0.375 0.095 305.228
0.375 0.1 304.949
0.375 0.105 304.673
0.375 0.11 304.402
0.375 0.115 304.135
0.375 0.12 303.871
0.375 0.125 303.611
0.375 0.13 303.355
0.375 0.135 303.102
0.375 0.14 302.852
0.375 0.145 302.604
0.375 0.15 302.36
0.375 0.155 302.117
0.375 0.16 301.876
0.375 0.165 301.638
0.375 0.17 301.4
0.375 0.175 301.165
0.375 0.18 300.93
0.375 0.185 300.697
0.375 0.19 300.464
0.375 0.195 300.232
0.375 0.2 300
0.38 0 309.663
0.38 0.005 309.644
0.38 0.01 309.58
0.38 0.015 309.472
0.38 0.02 309.324
0.38 0.025 309.141
0.38 0.03 308.93
0.38 0.035 308.694
0.38 0.04 308.439
0.38 0.045 308.17
0.38 0.05 307.89
0.38 0.055 307.601
0.38 0.06 307.308
0.38 0.065 307.012
0.38 0.07 306.716
0.38 0.075 306.42
0.38 0.08 306.125
0.38 0.085 305.834
0.38 0.09 305.545
0.38 0.095 305.26
0.38 0.1 304.98
0.38 0.105 304.703
0.38 0.11 304.43
0.38 0.115 304.161
0.38 0.12 303.896
0.38 0.125 303.635
0.38 0.13 303.377
0.38 0.135 303.123
0.38 0.14 302.871
0.38 0.145 302.622
0.38 0.15 302.376
0.38 0.155 302.131
0.38 0.16 301.889
0.38 0.165 301.649
0.38 0.17 301.41
0.38 0.175 301.173
0.38 0.18 300.937
0.38 0.185 300.701
0.38 0.19 300.467
0.38 0.195 300.233
0.38 0.2 300
0.385 0 309.745
0.385 0.005 309.724
0.385 0.01 309.653
0.385 0.015 309.535
0.385 0.02 309.377
0.385 0.025 309.186
0.385 0.03 308.968
0.385 0.035 308.729
0.385 0.04 308.471
0.385 0.045 308.2
0.385 0.05 307.919
0.385 0.055 307.63
0.385 0.06 307.336
0.385 0.065 307.04
0.385 0.07 306.743
0.385 0.075 306.447
0.385 0.08 306.152
0.385 0.085 305.86
0.385 0.09 305.571
0.385 0.095 305.286
0.385 0.1 305.004
0.385 0.105 304.727
0.385 0.11 304.453
0.385 0.115 304.183
0.385 0.12 303.917
0.385 0.125 303.655
0.385 0.13 303.396
0.385 0.135 303.14
0.385 0.14 302.888
0.385 0.145 302.637
0.385 0.15 302.39
0.385 0.155 302.144
0.385 0.16 301.901
0.385 0.165 301.659
0.385 0.17 301.419
0.385 0.175 301.18
0.385 0.18 300.942
0.385 0.185 300.706
0.385 0.19 300.47
0.385 0.195 300.235
0.385 0.2 300
0.39 0 309.825
0.39 0.005 309.803
0.39 0.01 309.718
0.39 0.015 309.581
0.39 0.02 309.408
0.39 0.025 309.207
0.39 0.03 308.983
0.39 0.035 308.741
0.39 0.04 308.482
0.39 0.045 308.211
0.39 0.05 307.93
0.39 0.055 307.642
0.39 0.06 307.35
0.39 0.065 307.055
0.39 0.07 306.759
0.39 0.075 306.463
0.39 0.08 306.169
0.39 0.085 305.878
0.39 0.09 305.589
0.39 0.095 305.304
0.39 0.1 305.023
0.39 0.105 304.745
0.39 0.11 304.471
0.39 0.115 304.201
0.39 0.12 303.935
0.39 0.125 303.672
0.39 0.13 303.412
0.39 0.135 303.155
0.39 0.14 302.902
0.39 0.145 302.651
0.39 0.15 302.402
0.39 0.155 302.155
0.39 0.16 301.911
0.39 0.165 301.668
0.39 0.17 301.426
0.39 0.175 301.186
0.39 0.18 300.947
0.39 0.185 300.71
0.39 0.19 300.472
0.39 0.195 300.236
0.39 0.2 300
0.395 0 309.913
0.395 0.005 309.902
0.395 0.01 309.787
0.395 0.015 309.614
0.395 0.02 309.418
0.395 0.025 309.204
0.395 0.03 308.975
0.395 0.035 308.73
0.395 0.04 308.472
0.395 0.045 308.203
0.395 0.05 307.924
0.395 0.055 307.639
0.395 0.06 307.349
0.395 0.065 307.056
0.395 0.07 306.763
0.395 0.075 306.469
0.395 0.08 306.177
0.395 0.085 305.887
0.395 0.09 305.6
0.395 0.095 305.316
0.395 0.1 305.035
0.395 0.105 304.758
0.395 0.11 304.484
0.395 0.115 304.214
0.395 0.12 303.948
0.395 0.125 303.685
0.395 0.13 303.425
0.395 0.135 303.168
0.395 0.14 302.913
0.395 0.145 302.661
0.395 0.15 302.412
0.395 0.155 302.165
0.395 0.16 301.919
0.395 0.165 301.675
0.395 0.17 301.433
0.395 0.175 301.192
0.395 0.18 300.952
0.395 0.185 300.713
0.395 0.19 300.475
0.395 0.195 300.237
0.395 0.2 300
0.4 0 309.983
0.4 0.005 310.028
0.4 0.01 309.856
0.4 0.015 309.628
0.4 0.02 309.403
0.4 0.025 309.177
0.4 0.03 308.942
0.4 0.035 308.698
0.4 0.04 308.442
0.4 0.045 308.176
0.4 0.05 307.902
0.4 0.055 307.621
0.4 0.06 307.335
0.4 0.065 307.046
0.4 0.07 306.756
0.4 0.075 306.466
0.4 0.08 306.176
0.4 0.085 305.889
0.4 0.09 305.603
0.4 0.095 305.321
0.4 0.1 305.042
0.4 0.105 304.766
0.4 0.11 304.493
0.4 0.115 304.224
0.4 0.12 303.957
0.4 0.125 303.694
0.4 0.13 303.434
0.4 0.135 303.177
0.4 0.14 302.923
0.4 0.145 302.67
0.4 0.15 302.42
0.4 0.155 302.172
0.4 0.16 301.926
0.4 0.165 301.682
0.4 0.17 301.438
0.4 0.175 301.196
0.4 0.18 300.956
0.4 0.185 300.716
0.4 0.19 300.477
0.4 0.195 300.238
0.4 0.2 300
0.405 0 309.966
0.405 0.005 310.009
0.405 0.01 309.852
0.405 0.015 309.597
0.405 0.02 309.356
0.405 0.025 309.122
0.405 0.03 308.887
0.405 0.035 308.645
0.405 0.04 308.393
0.405 0.045 308.133
0.405 0.05 307.864
0.405 0.055 307.589
0.405 0.06 307.308
0.405 0.065 307.025
0.405 0.07 306.739
0.405 0.075 306.453
0.405 0.08 306.167
0.405 0.085 305.883
0.405 0.09 305.6
0.405 0.095 305.32
0.405 0.1 305.043
0.405 0.105 304.769
0.405 0.11 304.497
0.405 0.115 304.229
0.405 0.12 303.964
0.405 0.125 303.701
0.405 0.13 303.441
0.405 0.135 303.184
0.405 0.14 302.93
0.405 0.145 302.677
0.405 0.15 302.427
0.405 0.155 302.179
0.405 0.16 301.932
0.405 0.165 301.687
0.405 0.17 301.443
0.405 0.175 301.2
0.405 0.18 300.959
0.405 0.185 300.718
0.405 0.19 300.478
0.405 0.195 300.239
0.405 0.2 300
0.41 0 309.869
0.41 0.005 309.896
0.41 0.01 309.762
0.41 0.015 309.515
0.41 0.02 309.275
0.41 0.025 309.043
0.41 0.03 308.811
0.41 0.035 308.574
0.41 0.04 308.329
0.41 0.045 308.075
0.41 0.05 307.813
0.41 0.055 307.545
0.41 0.06 307.271
0.41 0.065 306.993
0.41 0.07 306.713
0.41 0.075 306.432
0.41 0.08 306.151
0.41 0.085 305.87
0.41 0.09 305.591
0.41 0.095 305.314
0.41 0.1 305.039
0.41 0.105 304.767
0.41 0.11 304.498
0.41 0.115 304.231
0.41 0.12 303.966
0.41 0.125 303.705
0.41 0.13 303.446
0.41 0.135 303.189
0.41 0.14 302.935
0.41 0.145 302.682
0.41 0.15 302.432
0.41 0.155 302.183
0.41 0.16 301.936
0.41 0.165 301.691
0.41 0.17 301.447
0.41 0.175 301.203
0.41 0.18 300.961
0.41 0.185 300.72
0.41 0.19 300.48
0.41 0.195 300.24
0.41 0.2 300
0.415 0 309.719
0.415 0.005 309.734
0.415 0.01 309.617
0.415 0.015 309.393
0.415 0.02 309.165
0.415 0.025 308.941
0.415 0.03 308.717
0.415 0.035 308.488
0.415 0.04 308.251
0.415 0.045 308.005
0.415 0.05 307.751
0.415 0.055 307.491
0.415 0.06 307.224
0.415 0.065 306.953
0.415 0.07 306.68
0.415 0.075 306.404
0.415 0.08 306.128
0.415 0.085 305.852
0.415 0.09 305.577
0.415 0.095 305.303
0.415 0.1 305.031
0.415 0.105 304.762
0.415 0.11 304.494
0.415 0.115 304.229
0.415 0.12 303.966
0.415 0.125 303.706
0.415 0.13 303.448
0.415 0.135 303.192
0.415 0.14 302.938
0.415 0.145 302.686
0.415 0.15 302.436
0.415 0.155 302.187
0.415 0.16 301.94
0.415 0.165 301.694
0.415 0.17 301.449
0.415 0.175 301.206
0.415 0.18 300.963
0.415 0.185 300.722
0.415 0.19 300.481
0.415 0.195 300.24
0.415 0.2 300
0.42 0 309.54
0.42 0.005 309.547
0.42 0.01 309.445
0.42 0.015 309.246
0.42 0.02 309.034
0.42 0.025 308.823
0.42 0.03 308.61
0.42 0.035 308.39
0.42 0.04 308.162
0.42 0.045 307.926
0.42 0.05 307.681
0.42 0.055 307.429
0.42 0.06 307.17
0.42 0.065 306.907
0.42 0.07 306.64
0.42 0.075 306.37
0.42 0.08 306.1
0.42 0.085 305.829
0.42 0.09 305.558
0.42 0.095 305.288
0.42 0.1 305.02
0.42 0.105 304.753
0.42 0.11 304.488
0.42 0.115 304.225
0.42 0.12 303.964
0.42 0.125 303.705
0.42 0.13 303.448
0.42 0.135 303.193
0.42 0.14 302.939
0.42 0.145 302.688
0.42 0.15 302.438
0.42 0.155 302.189
0.42 0.16 301.942
0.42 0.165 301.696
0.42 0.17 301.452
0.42 0.175 301.208
0.42 0.18 300.965
0.42 0.185 300.723
0.42 0.19 300.481
0.42 0.195 300.24
0.42 0.2 300
0.425 0 309.348
0.425 0.005 309.35
0.425 0.01 309.26
0.425 0.015 309.085
0.425 0.02 308.891
0.425 0.025 308.694
0.425 0.03 308.493
0.425 0.035 308.284
0.425 0.04 308.066
0.425 0.045 307.84
0.425 0.05 307.604
0.425 0.055 307.36
0.425 0.06 307.11
0.425 0.065 306.855
0.425 0.07 306.595
0.425 0.075 306.332
0.425 0.08 306.067
0.425 0.085 305.801
0.425 0.09 305.535
0.425 0.095 305.27
0.425 0.1 305.005
0.425 0.105 304.741
0.425 0.11 304.479
0.425 0.115 304.218
0.425 0.12 303.959
0.425 0.125 303.701
0.425 0.13 303.446
0.425 0.135 303.192
0.425 0.14 302.939
0.425 0.145 302.688
0.425 0.15 302.439
0.425 0.155 302.191
0.425 0.16 301.944
0.425 0.165 301.698
0.425 0.17 301.453
0.425 0.175 301.209
0.425 0.18 300.966
0.425 0.185 300.724
0.425 0.19 300.482
0.425 0.195 300.241
0.425 0.2 300
0.43 0 309.154
0.43 0.005 309.152
0.43 0.01 309.073
0.43 0.015 308.918
0.43 0.02 308.742
0.43 0.025 308.56
0.43 0.03 308.371
0.43 0.035 308.173
0.43 0.04 307.966
0.43 0.045 307.749
0.43 0.05 307.523
0.43 0.055 307.288
0.43 0.06 307.046
0.43 0.065 306.799
0.43 0.07 306.546
0.43 0.075 306.29
0.43 0.08 306.031
0.43 0.085 305.771
0.43 0.09 305.51
0.43 0.095 305.248
0.43 0.1 304.987
0.43 0.105 304.727
0.43 0.11 304.467
0.43 0.115 304.209
0.43 0.12 303.952
0.43 0.125 303.696
0.43 0.13 303.442
0.43 0.135 303.189
0.43 0.14 302.938
0.43 0.145 302.688
0.43 0.15 302.439
0.43 0.155 302.191
0.43 0.16 301.944
0.43 0.165 301.699
0.43 0.17 301.454
0.43 0.175 301.21
0.43 0.18 300.967
0.43 0.185 300.724
0.43 0.19 300.482
0.43 0.195 300.241
0.43 0.2 300
0.435 0 308.963
0.435 0.005 308.959
0.435 0.01 308.888
0.435 0.015 308.752
0.435 0.02 308.592
0.435 0.025 308.424
0.435 0.03 308.247
0.435 0.035 308.061
0.435 0.04 307.864
0.435 0.045 307.657
0.435 0.05 307.44
0.435 0.055 307.214
0.435 0.06 306.98
0.435 0.065 306.74
0.435 0.07 306.495
0.435 0.075 306.246
0.435 0.08 305.993
0.435 0.085 305.738
0.435 0.09 305.482
0.435 0.095 305.225
0.435 0.1 304.968
0.435 0.105 304.711
0.435 0.11 304.454
0.435 0.115 304.199
0.435 0.12 303.944
0.435 0.125 303.69
0.435 0.13 303.437
0.435 0.135 303.186
0.435 0.14 302.935
0.435 0.145 302.686
0.435 0.15 302.438
0.435 0.155 302.19
0.435 0.16 301.944
0.435 0.165 301.699
0.435 0.17 301.454
0.435 0.175 301.21
0.435 0.18 300.967
0.435 0.185 300.725
0.435 0.19 300.483
0.435 0.195 300.241
0.435 0.2 300
0.44 0 308.78
0.44 0.005 308.774
0.44 0.01 308.711
0.44 0.015 308.59
0.44 0.02 308.446
0.44 0.025 308.29
0.44 0.03 308.125
0.44 0.035 307.949
0.44 0.04 307.762
0.44 0.045 307.564
0.44 0.05 307.356
0.44 0.055 307.139
0.44 0.06 306.914
0.44 0.065 306.681
0.44 0.07 306.443
0.44 0.075 306.2
0.44 0.08 305.954
0.44 0.085 305.704
0.44 0.09 305.453
0.44 0.095 305.201
0.44 0.1 304.947
0.44 0.105 304.694
0.44 0.11 304.44
0.44 0.115 304.187
0.44 0.12 303.934
0.44 0.125 303.683
0.44 0.13 303.432
0.44 0.135 303.181
0.44 0.14 302.932
0.44 0.145 302.684
0.44 0.15 302.436
0.44 0.155 302.189
0.44 0.16 301.943
0.44 0.165 301.698
0.44 0.17 301.454
0.44 0.175 301.21
0.44 0.18 300.967
0.44 0.185 300.725
0.44 0.19 300.483
0.44 0.195 300.241
0.44 0.2 300
0.445 0 308.608
0.445 0.005 308.601
0.445 0.01 308.545
0.445 0.015 308.437
0.445 0.02 308.305
0.445 0.025 308.162
0.445 0.03 308.007
0.445 0.035 307.841
0.445 0.04 307.663
0.445 0.045 307.474
0.445 0.05 307.275
0.445 0.055 307.066
0.445 0.06 306.848
0.445 0.065 306.623
0.445 0.07 306.391
0.445 0.075 306.155
0.445 0.08 305.914
0.445 0.085 305.67
0.445 0.09 305.423
0.445 0.095 305.175
0.445 0.1 304.926
0.445 0.105 304.676
0.445 0.11 304.425
0.445 0.115 304.175
0.445 0.12 303.924
0.445 0.125 303.674
0.445 0.13 303.425
0.445 0.135 303.176
0.445 0.14 302.928
0.445 0.145 302.681
0.445 0.15 302.434
0.445 0.155 302.188
0.445 0.16 301.942
0.445 0.165 301.698
0.445 0.17 301.454
0.445 0.175 301.21
0.445 0.18 300.967
0.445 0.185 300.725
0.445 0.19 300.483
0.445 0.195 300.241
0.445 0.2 300
0.45 0 308.449
0.45 0.005 308.441
0.45 0.01 308.39
0.45 0.015 308.293
0.45 0.02 308.173
0.45 0.025 308.04
0.45 0.03 307.895
0.45 0.035 307.737
0.45 0.04 307.568
0.45 0.045 307.388
0.45 0.05 307.196
0.45 0.055 306.995
0.45 0.06 306.784
0.45 0.065 306.566
0.45 0.07 306.341
0.45 0.075 306.11
0.45 0.08 305.875
0.45 0.085 305.636
0.45 0.09 305.394
0.45 0.095 305.15
0.45 0.1 304.904
0.45 0.105 304.657
0.45 0.11 304.41
0.45 0.115 304.162
0.45 0.12 303.914
0.45 0.125 303.666
0.45 0.13 303.418
0.45 0.135 303.171
0.45 0.14 302.924
0.45 0.145 302.677
0.45 0.15 302.431
0.45 0.155 302.186
0.45 0.16 301.941
0.45 0.165 301.697
0.45 0.17 301.453
0.45 0.175 301.21
0.45 0.18 300.967
0.45 0.185 300.724
0.45 0.19 300.483
0.45 0.195 300.241
0.45 0.2 300
0.455 0 308.304
0.455 0.005 308.296
0.455 0.01 308.249
0.455 0.015 308.161
0.455 0.02 308.051
0.455 0.025 307.927
0.455 0.03 307.79
0.455 0.035 307.641
0.455 0.04 307.479
0.455 0.045 307.306
0.455 0.05 307.122
0.455 0.055 306.927
0.455 0.06 306.723
0.455 0.065 306.511
0.455 0.07 306.292
0.455 0.075 306.067
0.455 0.08 305.837
0.455 0.085 305.603
0.455 0.09 305.365
0.455 0.095 305.125
0.455 0.1 304.883
0.455 0.105 304.639
0.455 0.11 304.395
0.455 0.115 304.149
0.455 0.12 303.903
0.455 0.125 303.657
0.455 0.13 303.411
0.455 0.135 303.165
0.455 0.14 302.919
0.455 0.145 302.673
0.455 0.15 302.428
0.455 0.155 302.183
0.455 0.16 301.939
0.455 0.165 301.695
0.455 0.17 301.452
0.455 0.175 301.209
0.455 0.18 300.966
0.455 0.185 300.724
0.455 0.19 300.482
0.455 0.195 300.241
0.455 0.2 300
0.46 0 308.173
0.46 0.005 308.165
0.46 0.01 308.122
0.46 0.015 308.042
0.46 0.02 307.94
0.46 0.025 307.823
0.46 0.03 307.694
0.46 0.035 307.552
0.46 0.04 307.397
0.46 0.045 307.231
0.46 0.05 307.053
0.46 0.055 306.865
0.46 0.06 306.667
0.46 0.065 306.461
0.46 0.07 306.247
0.46 0.075 306.027
0.46 0.08 305.802
0.46 0.085 305.572
0.46 0.09 305.338
0.46 0.095 305.102
0.46 0.1 304.863
0.46 0.105 304.622
0.46 0.11 304.38
0.46 0.115 304.137
0.46 0.12 303.893
0.46 0.125 303.648
0.46 0.13 303.404
0.46 0.135 303.159
0.46 0.14 302.914
0.46 0.145 302.67
0.46 0.15 302.425
0.46 0.155 302.181
0.46 0.16 301.937
0.46 0.165 301.694
0.46 0.17 301.451
0.46 0.175 301.208
0.46 0.18 300.966
0.46 0.185 300.724
0.46 0.19 300.482
0.46 0.195 300.241
0.46 0.2 300
0.465 0 308.058
0.465 0.005 308.05
0.465 0.01 308.01
0.465 0.015 307.936
0.465 0.02 307.84
0.465 0.025 307.731
0.465 0.03 307.608
0.465 0.035 307.472
0.465 0.04 307.323
0.465 0.045 307.163
0.465 0.05 306.99
0.465 0.055 306.808
0.465 0.06 306.615
0.465 0.065 306.414
0.465 0.07 306.205
0.465 0.075 305.99
0.465 0.08 305.769
0.465 0.085 305.543
0.465 0.09 305.313
0.465 0.095 305.08
0.465 0.1 304.844
0.465 0.105 304.606
0.465 0.11 304.366
0.465 0.115 304.125
0.465 0.12 303.883
0.465 0.125 303.64
0.465 0.13 303.397
0.465 0.135 303.153
0.465 0.14 302.909
0.465 0.145 302.666
0.465 0.15 302.422
0.465 0.155 302.179
0.465 0.16 301.935
0.465 0.165 301.692
0.465 0.17 301.45
0.465 0.175 301.207
0.465 0.18 300.965
0.465 0.185 300.723
0.465 0.19 300.482
0.465 0.195 300.241
0.465 0.2 300
0.47 0 307.958
0.47 0.005 307.95
0.47 0.01 307.912
0.47 0.015 307.843
0.47 0.02 307.753
0.47 0.025 307.65
0.47 0.03 307.532
0.47 0.035 307.401
0.47 0.04 307.258
0.47 0.045 307.102
0.47 0.05 306.935
0.47 0.055 306.757
0.47 0.06 306.569
0.47 0.065 306.372
0.47 0.07 306.168
0.47 0.075 305.957
0.47 0.08 305.739
0.47 0.085 305.517
0.47 0.09 305.29
0.47 0.095 305.06
0.47 0.1 304.827
0.47 0.105 304.591
0.47 0.11 304.353
0.47 0.115 304.114
0.47 0.12 303.874
0.47 0.125 303.632
0.47 0.13 303.39
0.47 0.135 303.148
0.47 0.14 302.905
0.47 0.145 302.662
0.47 0.15 302.419
0.47 0.155 302.176
0.47 0.16 301.934
0.47 0.165 301.691
0.47 0.17 301.449
0.47 0.175 301.206
0.47 0.18 300.965
0.47 0.185 300.723
0.47 0.19 300.482
0.47 0.195 300.241
0.47 0.2 300
0.475 0 307.873
0.475 0.005 307.865
0.475 0.01 307.829
0.475 0.015 307.765
0.475 0.02 307.68
0.475 0.025 307.58
0.475 0.03 307.467
0.475 0.035 307.341
0.475 0.04 307.202
0.475 0.045 307.05
0.475 0.05 306.887
0.475 0.055 306.713
0.475 0.06 306.529
0.475 0.065 306.336
0.475 0.07 306.136
0.475 0.075 305.928
0.475 0.08 305.714
0.475 0.085 305.494
0.475 0.09 305.27
0.475 0.095 305.042
0.475 0.1 304.812
0.475 0.105 304.578
0.475 0.11 304.342
0.475 0.115 304.104
0.475 0.12 303.866
0.475 0.125 303.625
0.475 0.13 303.385
0.475 0.135 303.143
0.475 0.14 302.901
0.475 0.145 302.659
0.475 0.15 302.417
0.475 0.155 302.174
0.475 0.16 301.932
0.475 0.165 301.69
0.475 0.17 301.448
0.475 0.175 301.206
0.475 0.18 300.964
0.475 0.185 300.723
0.475 0.19 300.481
0.475 0.195 300.241
0.475 0.2 300
0.48 0 307.804
0.48 0.005 307.796
0.48 0.01 307.762
0.48 0.015 307.7
0.48 0.02 307.619
0.48 0.025 307.523
0.48 0.03 307.414
0.48 0.035 307.291
0.48 0.04 307.155
0.48 0.045 307.007
0.48 0.05 306.847
0.48 0.055 306.677
0.48 0.06 306.496
0.48 0.065 306.306
0.48 0.07 306.108
0.48 0.075 305.903
0.48 0.08 305.692
0.48 0.085 305.475
0.48 0.09 305.253
0.48 0.095 305.028
0.48 0.1 304.799
0.48 0.105 304.567
0.48 0.11 304.333
0.48 0.115 304.096
0.48 0.12 303.859
0.48 0.125 303.62
0.48 0.13 303.38
0.48 0.135 303.139
0.48 0.14 302.898
0.48 0.145 302.656
0.48 0.15 302.414
0.48 0.155 302.172
0.48 0.16 301.93
0.48 0.165 301.688
0.48 0.17 301.447
0.48 0.175 301.205
0.48 0.18 300.963
0.48 0.185 300.722
0.48 0.19 300.481
0.48 0.195 300.24
0.48 0.2 300
0.485 0 307.751
0.485 0.005 307.742
0.485 0.01 307.709
0.485 0.015 307.65
0.485 0.02 307.571
0.485 0.025 307.478
0.485 0.03 307.372
0.485 0.035 307.252
0.485 0.04 307.119
0.485 0.045 306.973
0.485 0.05 306.816
0.485 0.055 306.648
0.485 0.06 306.47
0.485 0.065 306.283
0.485 0.07 306.087
0.485 0.075 305.884
0.485 0.08 305.675
0.485 0.085 305.46
0.485 0.09 305.24
0.485 0.095 305.016
0.485 0.1 304.789
0.485 0.105 304.558
0.485 0.11 304.325
0.485 0.115 304.09
0.485 0.12 303.853
0.485 0.125 303.615
0.485 0.13 303.376
0.485 0.135 303.136
0.485 0.14 302.895
0.485 0.145 302.654
0.485 0.15 302.412
0.485 0.155 302.171
0.485 0.16 301.929
0.485 0.165 301.687
0.485 0.17 301.446
0.485 0.175 301.204
0.485 0.18 300.963
0.485 0.185 300.722
0.485 0.19 300.481
0.485 0.195 300.24
0.485 0.2 300
0.49 0 307.712
0.49 0.005 307.704
0.49 0.01 307.672
0.49 0.015 307.614
0.49 0.02 307.537
0.49 0.025 307.446
0.49 0.03 307.342
0.49 0.035 307.224
0.49 0.04 307.092
0.49 0.045 306.949
0.49 0.05 306.794
0.49 0.055 306.627
0.49 0.06 306.451
0.49 0.065 306.265
0.49 0.07 306.072
0.49 0.075 305.87
0.49 0.08 305.662
0.49 0.085 305.449
0.49 0.09 305.23
0.49 0.095 305.008
0.49 0.1 304.781
0.49 0.105 304.552
0.49 0.11 304.319
0.49 0.115 304.085
0.49 0.12 303.849
0.49 0.125 303.611
0.49 0.13 303.373
0.49 0.135 303.133
0.49 0.14 302.893
0.49 0.145 302.652
0.49 0.15 302.411
0.49 0.155 302.17
0.49 0.16 301.928
0.49 0.165 301.687
0.49 0.17 301.445
0.49 0.175 301.204
0.49 0.18 300.963
0.49 0.185 300.722
0.49 0.19 300.481
0.49 0.195 300.24
0.49 0.2 300
0.495 0 307.689
0.495 0.005 307.681
0.495 0.01 307.649
0.495 0.015 307.593
0.495 0.02 307.517
0.495 0.025 307.427
0.495 0.03 307.324
0.495 0.035 307.207
0.495 0.04 307.077
0.495 0.045 306.934
0.495 0.05 306.78
0.495 0.055 306.615
0.495 0.06 306.44
0.495 0.065 306.255
0.495 0.07 306.062
0.495 0.075 305.862
0.495 0.08 305.655
0.495 0.085 305.442
0.495 0.09 305.225
0.495 0.095 305.002
0.495 0.1 304.777
0.495 0.105 304.548
0.495 0.11 304.316
0.495 0.115 304.082
0.495 0.12 303.847
0.495 0.125 303.609
0.495 0.13 303.371
0.495 0.135 303.132
0.495 0.14 302.892
0.495 0.145 302.651
0.495 0.15 302.41
0.495 0.155 302.169
0.495 0.16 301.928
0.495 0.165 301.686
0.495 0.17 301.445
0.495 0.175 301.204
0.495 0.18 300.962
0.495 0.185 300.721
0.495 0.19 300.481
0.495 0.195 300.24
0.495 0.2 300
0.5 0 307.682
0.5 0.005 307.673
0.5 0.01 307.642
0.5 0.015 307.585
0.5 0.02 307.51
0.5 0.025 307.421
0.5 0.03 307.318
0.5 0.035 307.201
0.5 0.04 307.071
0.5 0.045 306.929
0.5 0.05 306.775
0.5 0.055 306.611
0.5 0.06 306.436
0.5 0.065 306.252
0.5 0.07 306.059
0.5 0.075 305.859
0.5 0.08 305.652
0.5 0.085 305.44
0.5 0.09 305.223
0.5 0.095 305.001
0.5 0.1 304.775
0.5 0.105 304.546
0.5 0.11 304.315
0.5 0.115 304.081
0.5 0.12 303.846
0.5 0.125 303.609
0.5 0.13 303.37
0.5 0.135 303.131
0.5 0.14 302.891
0.5 0.145 302.651
0.5 0.15 302.41
0.5 0.155 302.169
0.5 0.16 301.928
0.5 0.165 301.686
0.5 0.17 301.445
0.5 0.175 301.204
0.5 0.18 300.962
0.5 0.185 300.721
0.5 0.19 300.481
0.5 0.195 300.24
0.5 0.2 300
