0 0 0.616615
0 0.005 0.602868
0 0.01 0.570188
0 0.015 0.528536
0 0.02 0.481729
0 0.025 0.440239
0 0.03 0.406925
0 0.035 0.377549
0 0.04 0.349804
0 0.045 0.322861
0 0.05 0.296431
0 0.055 0.270409
0 0.06 0.244752
0 0.065 0.219441
0 0.07 0.194465
0 0.075 0.169815
0 0.08 0.145486
0 0.085 0.121471
0 0.09 0.0977655
0 0.095 0.0743642
0 0.1 0.0512635
0 0.105 0.0284603
0 0.11 0.00595192
0 0.115 -0.0162632
0 0.12 -0.0381858
0 0.125 -0.059816
0 0.13 -0.0811529
0 0.135 -0.102195
0 0.14 -0.122939
0 0.145 -0.143383
0 0.15 -0.163522
0 0.155 -0.183352
0 0.16 -0.202868
0 0.165 -0.222063
0 0.17 -0.240935
0 0.175 -0.259477
0 0.18 -0.27769
0 0.185 -0.295578
0 0.19 -0.313159
0 0.195 -0.330475
0 0.2 -0.347613
0.005 0 0.616614
0.005 0.005 0.602868
0.005 0.01 0.570187
0.005 0.015 0.528536
0.005 0.02 0.481729
0.005 0.025 0.440241
0.005 0.03 0.406928
0.005 0.035 0.377555
0.005 0.04 0.349814
0.005 0.045 0.322874
0.005 0.05 0.296447
0.005 0.055 0.270428
0.005 0.06 0.244775
0.005 0.065 0.219467
0.005 0.07 0.194494
0.005 0.075 0.169847
0.005 0.08 0.145521
0.005 0.085 0.121508
0.005 0.09 0.0978049
0.005 0.095 0.0744056
0.005 0.1 0.0513065
0.005 0.105 0.0285045
0.005 0.11 0.00599698
0.005 0.115 -0.0162177
0.005 0.12 -0.0381403
0.005 0.125 -0.059771
0.005 0.13 -0.0811087
0.005 0.135 -0.102152
0.005 0.14 -0.122898
0.005 0.145 -0.143344
0.005 0.15 -0.163486
0.005 0.155 -0.183318
0.005 0.16 -0.202837
0.005 0.165 -0.222036
0.005 0.17 -0.24091
0.005 0.175 -0.259456
0.005 0.18 -0.277673
0.005 0.185 -0.295565
0.005 0.19 -0.313151
0.005 0.195 -0.330471
0.005 0.2 -0.347613
0.01 0 0.616614
0.01 0.005 0.602867
0.01 0.01 0.570187
0.01 0.015 0.528535
0.01 0.02 0.48173
0.01 0.025 0.440246
0.01 0.03 0.40694
0.01 0.035 0.377575
0.01 0.04 0.349842
0.01 0.045 0.322912
0.01 0.05 0.296495
0.01 0.055 0.270486
0.01 0.06 0.244842
0.01 0.065 0.219544
0.01 0.07 0.194581
0.01 0.075 0.169943
0.01 0.08 0.145625
0.01 0.085 0.12162
0.01 0.09 0.0979236
0.01 0.095 0.0745301
0.01 0.1 0.0514359
0.01 0.105 0.0286376
0.01 0.11 0.00613255
0.01 0.115 -0.0160808
0.01 0.12 -0.0380035
0.01 0.125 -0.0596354
0.01 0.13 -0.0809757
0.01 0.135 -0.102023
0.01 0.14 -0.122774
0.01 0.145 -0.143226
0.01 0.15 -0.163375
0.01 0.155 -0.183215
0.01 0.16 -0.202743
0.01 0.165 -0.221952
0.01 0.17 -0.240837
0.01 0.175 -0.259395
0.01 0.18 -0.277623
0.01 0.185 -0.295528
0.01 0.19 -0.313126
0.01 0.195 -0.330458
0.01 0.2 -0.347613
0.015 0 0.616613
0.015 0.005 0.602866
0.015 0.01 0.570186
0.015 0.015 0.528534
0.015 0.02 0.481731
0.015 0.025 0.440254
0.015 0.03 0.406959
0.015 0.035 0.377608
0.015 0.04 0.34989
0.015 0.045 0.322976
0.015 0.05 0.296576
0.015 0.055 0.270583
0.015 0.06 0.244955
0.015 0.065 0.219674
0.015 0.07 0.194726
0.015 0.075 0.170103
0.015 0.08 0.145799
0.015 0.085 0.121808
0.015 0.09 0.0981223
0.015 0.095 0.0747388
0.015 0.1 0.0516528
0.015 0.105 0.0288607
0.015 0.11 0.0063599
0.015 0.115 -0.0158514
0.015 0.12 -0.037774
0.015 0.125 -0.0594081
0.015 0.13 -0.0807526
0.015 0.135 -0.101806
0.015 0.14 -0.122565
0.015 0.145 -0.143028
0.015 0.15 -0.163188
0.015 0.155 -0.183043
0.015 0.16 -0.202586
0.015 0.165 -0.221812
0.015 0.17 -0.240715
0.015 0.175 -0.259291
0.015 0.18 -0.27754
0.015 0.185 -0.295465
0.015 0.19 -0.313083
0.015 0.195 -0.330437
0.015 0.2 -0.347613
0.02 0 0.616611
0.02 0.005 0.602865
0.02 0.01 0.570184
0.02 0.015 0.528532
0.02 0.02 0.481732
0.02 0.025 0.440265
0.02 0.03 0.406986
0.02 0.035 0.377654
0.02 0.04 0.349957
0.02 0.045 0.323065
0.02 0.05 0.296688
0.02 0.055 0.270718
0.02 0.06 0.245114
0.02 0.065 0.219855
0.02 0.07 0.19493
0.02 0.075 0.170329
0.02 0.08 0.146045
0.02 0.085 0.122072
0.02 0.09 0.0984029
0.02 0.095 0.0750335
0.02 0.1 0.0519591
0.02 0.105 0.0291759
0.02 0.11 0.0066811
0.02 0.115 -0.0155271
0.02 0.12 -0.0374498
0.02 0.125 -0.0590868
0.02 0.13 -0.0804374
0.02 0.135 -0.1015
0.02 0.14 -0.122271
0.02 0.145 -0.142748
0.02 0.15 -0.162926
0.02 0.155 -0.1828
0.02 0.16 -0.202364
0.02 0.165 -0.221613
0.02 0.17 -0.240542
0.02 0.175 -0.259145
0.02 0.18 -0.277421
0.02 0.185 -0.295375
0.02 0.19 -0.313024
0.02 0.195 -0.330407
0.02 0.2 -0.347613
0.025 0 0.61661
0.025 0.005 0.602863
0.025 0.01 0.570182
0.025 0.015 0.528531
0.025 0.02 0.481735
0.025 0.025 0.44028
0.025 0.03 0.40702
0.025 0.035 0.377713
0.025 0.04 0.350043
0.025 0.045 0.32318
0.025 0.05 0.296832
0.025 0.055 0.270893
0.025 0.06 0.245319
0.025 0.065 0.22009
0.025 0.07 0.195194
0.025 0.075 0.170621
0.025 0.08 0.146364
0.025 0.085 0.122415
0.025 0.09 0.0987675
0.025 0.095 0.0754167
0.025 0.1 0.0523575
0.025 0.105 0.029586
0.025 0.11 0.00709913
0.025 0.115 -0.0151051
0.025 0.12 -0.0370277
0.025 0.125 -0.0586687
0.025 0.13 -0.0800272
0.025 0.135 -0.101101
0.025 0.14 -0.121888
0.025 0.145 -0.142383
0.025 0.15 -0.162583
0.025 0.155 -0.182483
0.025 0.16 -0.202075
0.025 0.165 -0.221355
0.025 0.17 -0.240317
0.025 0.175 -0.258955
0.025 0.18 -0.277268
0.025 0.185 -0.295259
0.025 0.19 -0.312946
0.025 0.195 -0.330368
0.025 0.2 -0.347613
0.03 0 0.616607
0.03 0.005 0.602861
0.03 0.01 0.57018
0.03 0.015 0.528529
0.03 0.02 0.481738
0.03 0.025 0.440299
0.03 0.03 0.407063
0.03 0.035 0.377785
0.03 0.04 0.350149
0.03 0.045 0.32332
0.03 0.05 0.297009
0.03 0.055 0.271107
0.03 0.06 0.24557
0.03 0.065 0.220379
0.03 0.07 0.19552
0.03 0.075 0.170982
0.03 0.08 0.146758
0.03 0.085 0.122839
0.03 0.09 0.0992191
0.03 0.095 0.0758917
0.03 0.1 0.0528517
0.03 0.105 0.0300948
0.03 0.11 0.00761789
0.03 0.115 -0.0145813
0.03 0.12 -0.0365038
0.03 0.125 -0.0581497
0.03 0.13 -0.079518
0.03 0.135 -0.100607
0.03 0.14 -0.121412
0.03 0.145 -0.141931
0.03 0.15 -0.162159
0.03 0.155 -0.18209
0.03 0.16 -0.201717
0.03 0.165 -0.221036
0.03 0.17 -0.240038
0.03 0.175 -0.258719
0.03 0.18 -0.277077
0.03 0.185 -0.295116
0.03 0.19 -0.31285
0.03 0.195 -0.33032
0.03 0.2 -0.347613
0.035 0 0.616605
0.035 0.005 0.602858
0.035 0.01 0.570177
0.035 0.015 0.528527
0.035 0.02 0.481744
0.035 0.025 0.440323
0.035 0.03 0.407115
0.035 0.035 0.377871
0.035 0.04 0.350272
0.035 0.045 0.323485
0.035 0.05 0.297216
0.035 0.055 0.271359
0.035 0.06 0.245868
0.035 0.065 0.220723
0.035 0.07 0.195908
0.035 0.075 0.171413
0.035 0.08 0.14723
0.035 0.085 0.123348
0.035 0.09 0.0997616
0.035 0.095 0.0764628
0.035 0.1 0.0534462
0.035 0.105 0.0307072
0.035 0.11 0.00824229
0.035 0.115 -0.0139508
0.035 0.12 -0.0358733
0.035 0.125 -0.0575251
0.035 0.13 -0.0789052
0.035 0.135 -0.100011
0.035 0.14 -0.12084
0.035 0.145 -0.141388
0.035 0.15 -0.161649
0.035 0.155 -0.181617
0.035 0.16 -0.201287
0.035 0.165 -0.220651
0.035 0.17 -0.239703
0.035 0.175 -0.258436
0.035 0.18 -0.276848
0.035 0.185 -0.294943
0.035 0.19 -0.312734
0.035 0.195 -0.330262
0.035 0.2 -0.347613
0.04 0 0.616601
0.04 0.005 0.602855
0.04 0.01 0.570175
0.04 0.015 0.528527
0.04 0.02 0.481752
0.04 0.025 0.440352
0.04 0.03 0.407175
0.04 0.035 0.377969
0.04 0.04 0.350413
0.04 0.045 0.323673
0.04 0.05 0.297455
0.04 0.055 0.27165
0.04 0.06 0.246213
0.04 0.065 0.221122
0.04 0.07 0.196361
0.04 0.075 0.171918
0.04 0.08 0.147783
0.04 0.085 0.123946
0.04 0.09 0.1004
0.04 0.095 0.077135
0.04 0.1 0.0541464
0.04 0.105 0.0314288
0.04 0.11 0.00897828
0.04 0.115 -0.0132075
0.04 0.12 -0.0351299
0.04 0.125 -0.0567888
0.04 0.13 -0.0781829
0.04 0.135 -0.0993099
0.04 0.14 -0.120166
0.04 0.145 -0.140747
0.04 0.15 -0.161048
0.04 0.155 -0.181061
0.04 0.16 -0.20078
0.04 0.165 -0.220198
0.04 0.17 -0.239308
0.04 0.175 -0.258103
0.04 0.18 -0.276579
0.04 0.185 -0.294739
0.04 0.19 -0.312598
0.04 0.195 -0.330194
0.04 0.2 -0.347613
0.045 0 0.616598
0.045 0.005 0.602853
0.045 0.01 0.570173
0.045 0.015 0.528527
0.045 0.02 0.481764
0.045 0.025 0.440387
0.045 0.03 0.407244
0.045 0.035 0.378079
0.045 0.04 0.35057
0.045 0.045 0.323883
0.045 0.05 0.297721
0.045 0.055 0.271977
0.045 0.06 0.246604
0.045 0.065 0.221577
0.045 0.07 0.19688
0.045 0.075 0.172499
0.045 0.08 0.148422
0.045 0.085 0.124638
0.045 0.09 0.101139
0.045 0.095 0.0779147
0.045 0.1 0.0549592
0.045 0.105 0.0322666
0.045 0.11 0.00983299
0.045 0.115 -0.0123444
0.045 0.12 -0.0342667
0.045 0.125 -0.0559339
0.045 0.13 -0.0773445
0.045 0.135 -0.0984958
0.045 0.14 -0.119384
0.045 0.145 -0.140004
0.045 0.15 -0.16035
0.045 0.155 -0.180416
0.045 0.16 -0.200193
0.045 0.165 -0.219674
0.045 0.17 -0.23885
0.045 0.175 -0.257716
0.045 0.18 -0.276267
0.045 0.185 -0.294504
0.045 0.19 -0.312441
0.045 0.195 -0.330115
0.045 0.2 -0.347613
0.05 0 0.616594
0.05 0.005 0.60285
0.05 0.01 0.570172
0.05 0.015 0.52853
0.05 0.02 0.481781
0.05 0.025 0.44043
0.05 0.03 0.407321
0.05 0.035 0.378198
0.05 0.04 0.35074
0.05 0.045 0.32411
0.05 0.05 0.298014
0.05 0.055 0.27234
0.05 0.06 0.247041
0.05 0.065 0.22209
0.05 0.07 0.197468
0.05 0.075 0.173159
0.05 0.08 0.149151
0.05 0.085 0.12543
0.05 0.09 0.101986
0.05 0.095 0.0788093
0.05 0.1 0.0558923
0.05 0.105 0.0332289
0.05 0.11 0.0108148
0.05 0.115 -0.0113528
0.05 0.12 -0.0332752
0.05 0.125 -0.0549522
0.05 0.13 -0.0763819
0.05 0.135 -0.0975615
0.05 0.14 -0.118487
0.05 0.145 -0.139152
0.05 0.15 -0.159551
0.05 0.155 -0.179676
0.05 0.16 -0.199519
0.05 0.165 -0.219072
0.05 0.17 -0.238326
0.05 0.175 -0.257274
0.05 0.18 -0.275909
0.05 0.185 -0.294234
0.05 0.19 -0.31226
0.05 0.195 -0.330025
0.05 0.2 -0.347613
0.055 0 0.616589
0.055 0.005 0.602848
0.055 0.01 0.570172
0.055 0.015 0.528538
0.055 0.02 0.481806
0.055 0.025 0.440482
0.055 0.03 0.407406
0.055 0.035 0.378324
0.055 0.04 0.350918
0.055 0.045 0.324351
0.055 0.05 0.298328
0.055 0.055 0.272735
0.055 0.06 0.247522
0.055 0.065 0.22266
0.055 0.07 0.198127
0.055 0.075 0.173904
0.055 0.08 0.149976
0.055 0.085 0.126329
0.055 0.09 0.102949
0.055 0.095 0.0798276
0.055 0.1 0.0569552
0.055 0.105 0.0343254
0.055 0.11 0.0119336
0.055 0.115 -0.0102231
0.055 0.12 -0.0321459
0.055 0.125 -0.0538342
0.055 0.13 -0.0752862
0.055 0.135 -0.0964983
0.055 0.14 -0.117466
0.055 0.145 -0.138183
0.055 0.15 -0.158642
0.055 0.155 -0.178835
0.055 0.16 -0.198754
0.055 0.165 -0.218389
0.055 0.17 -0.237731
0.055 0.175 -0.256771
0.055 0.18 -0.275503
0.055 0.185 -0.293927
0.055 0.19 -0.312055
0.055 0.195 -0.329923
0.055 0.2 -0.347613
0.06 0 0.616584
0.06 0.005 0.602847
0.06 0.01 0.570176
0.06 0.015 0.528553
0.06 0.02 0.481843
0.06 0.025 0.440543
0.06 0.03 0.407495
0.06 0.035 0.37845
0.06 0.04 0.351096
0.06 0.045 0.324596
0.06 0.05 0.298655
0.06 0.055 0.273157
0.06 0.06 0.248046
0.06 0.065 0.223289
0.06 0.07 0.19886
0.06 0.075 0.174738
0.06 0.08 0.150905
0.06 0.085 0.127343
0.06 0.09 0.104038
0.06 0.095 0.0809802
0.06 0.1 0.0581589
0.06 0.105 0.0355673
0.06 0.11 0.0132007
0.06 0.115 -0.00894391
0.06 0.12 -0.0308675
0.06 0.125 -0.0525693
0.06 0.13 -0.074047
0.06 0.135 -0.0952964
0.06 0.14 -0.116312
0.06 0.145 -0.137088
0.06 0.15 -0.157616
0.06 0.155 -0.177887
0.06 0.16 -0.197891
0.06 0.165 -0.217619
0.06 0.17 -0.23706
0.06 0.175 -0.256204
0.06 0.18 -0.275045
0.06 0.185 -0.293582
0.06 0.19 -0.311824
0.06 0.195 -0.329807
0.06 0.2 -0.347613
0.065 0 0.616579
0.065 0.005 0.602848
0.065 0.01 0.570186
0.065 0.015 0.528579
0.065 0.02 0.481897
0.065 0.025 0.440616
0.065 0.03 0.407582
0.065 0.035 0.378565
0.065 0.04 0.351259
0.065 0.045 0.324833
0.065 0.05 0.298987
0.065 0.055 0.273599
0.065 0.06 0.248609
0.065 0.065 0.223977
0.065 0.07 0.199672
0.065 0.075 0.175669
0.065 0.08 0.151945
0.065 0.085 0.128483
0.065 0.09 0.105265
0.065 0.095 0.0822794
0.065 0.1 0.0595162
0.065 0.105 0.0369678
0.065 0.11 0.0146292
0.065 0.115 -0.00750234
0.065 0.12 -0.0294276
0.065 0.125 -0.0511453
0.065 0.13 -0.0726525
0.065 0.135 -0.0939446
0.065 0.14 -0.115016
0.065 0.145 -0.135858
0.065 0.15 -0.156463
0.065 0.155 -0.176821
0.065 0.16 -0.196922
0.065 0.165 -0.216754
0.065 0.17 -0.236307
0.065 0.175 -0.255569
0.065 0.18 -0.274532
0.065 0.185 -0.293194
0.065 0.19 -0.311565
0.065 0.195 -0.329678
0.065 0.2 -0.347613
0.07 0 0.616573
0.07 0.005 0.602854
0.07 0.01 0.570207
0.07 0.015 0.528626
0.07 0.02 0.481976
0.07 0.025 0.440698
0.07 0.03 0.407656
0.07 0.035 0.378649
0.07 0.04 0.351387
0.07 0.045 0.325042
0.07 0.05 0.299307
0.07 0.055 0.274053
0.07 0.06 0.249208
0.07 0.065 0.224726
0.07 0.07 0.200568
0.07 0.075 0.176705
0.07 0.08 0.153109
0.07 0.085 0.129761
0.07 0.09 0.106643
0.07 0.095 0.0837399
0.07 0.1 0.0610422
0.07 0.105 0.0385419
0.07 0.11 0.0162341
0.07 0.115 -0.00588368
0.07 0.12 -0.0278117
0.07 0.125 -0.0495483
0.07 0.13 -0.0710897
0.07 0.135 -0.0924306
0.07 0.14 -0.113564
0.07 0.145 -0.134482
0.07 0.15 -0.155174
0.07 0.155 -0.175631
0.07 0.16 -0.19584
0.07 0.165 -0.215789
0.07 0.17 -0.235466
0.07 0.175 -0.254859
0.07 0.18 -0.273959
0.07 0.185 -0.292762
0.07 0.19 -0.311276
0.07 0.195 -0.329533
0.07 0.2 -0.347613
0.075 0 0.616567
0.075 0.005 0.602869
0.075 0.01 0.570246
0.075 0.015 0.528705
0.075 0.02 0.482089
0.075 0.025 0.440783
0.075 0.03 0.407691
0.075 0.035 0.378666
0.075 0.04 0.351444
0.075 0.045 0.325194
0.075 0.05 0.299597
0.075 0.055 0.274507
0.075 0.06 0.249841
0.075 0.065 0.225539
0.075 0.07 0.201556
0.075 0.075 0.177856
0.075 0.08 0.15441
0.075 0.085 0.131194
0.075 0.09 0.108189
0.075 0.095 0.0853789
0.075 0.1 0.0627542
0.075 0.105 0.040307
0.075 0.11 0.0180325
0.075 0.115 -0.00407132
0.075 0.12 -0.026004
0.075 0.125 -0.0477631
0.075 0.13 -0.0693441
0.075 0.135 -0.0907407
0.075 0.14 -0.111945
0.075 0.145 -0.132948
0.075 0.15 -0.153738
0.075 0.155 -0.174305
0.075 0.16 -0.194635
0.075 0.165 -0.214714
0.075 0.17 -0.23453
0.075 0.175 -0.25407
0.075 0.18 -0.273322
0.075 0.185 -0.292281
0.075 0.19 -0.310955
0.075 0.195 -0.329372
0.075 0.2 -0.347613
0.08 0 0.61656
0.08 0.005 0.6029
0.08 0.01 0.570321
0.08 0.015 0.528838
0.08 0.02 0.482249
0.08 0.025 0.440847
0.08 0.03 0.407634
0.08 0.035 0.378557
0.08 0.04 0.351378
0.08 0.045 0.32525
0.08 0.05 0.299831
0.08 0.055 0.27495
0.08 0.06 0.250504
0.08 0.065 0.226421
0.08 0.07 0.202647
0.08 0.075 0.17914
0.08 0.08 0.155866
0.08 0.085 0.1328
0.08 0.09 0.109922
0.08 0.095 0.0872164
0.08 0.1 0.0646724
0.08 0.105 0.0422828
0.08 0.11 0.0200436
0.08 0.115 -0.00204663
0.08 0.12 -0.0239865
0.08 0.125 -0.0457726
0.08 0.13 -0.0673994
0.08 0.135 -0.0888596
0.08 0.14 -0.110144
0.08 0.145 -0.131243
0.08 0.15 -0.152143
0.08 0.155 -0.172833
0.08 0.16 -0.193298
0.08 0.165 -0.213523
0.08 0.17 -0.233493
0.08 0.175 -0.253195
0.08 0.18 -0.272616
0.08 0.185 -0.291749
0.08 0.19 -0.310599
0.08 0.195 -0.329194
0.08 0.2 -0.347613
0.085 0 0.616553
0.085 0.005 0.602965
0.085 0.01 0.570458
0.085 0.015 0.529058
0.085 0.02 0.482456
0.085 0.025 0.440818
0.085 0.03 0.407376
0.085 0.035 0.378217
0.085 0.04 0.351107
0.085 0.045 0.325158
0.085 0.05 0.299981
0.085 0.055 0.275372
0.085 0.06 0.251202
0.085 0.065 0.227385
0.085 0.07 0.203858
0.085 0.075 0.180575
0.085 0.08 0.157499
0.085 0.085 0.134603
0.085 0.09 0.111867
0.085 0.095 0.089276
0.085 0.1 0.0668198
0.085 0.105 0.0444919
0.085 0.11 0.0222891
0.085 0.115 0.000211212
0.085 0.12 -0.0217394
0.085 0.125 -0.043558
0.085 0.13 -0.065238
0.085 0.135 -0.0867708
0.085 0.14 -0.108146
0.085 0.145 -0.129352
0.085 0.15 -0.150376
0.085 0.155 -0.171203
0.085 0.16 -0.191817
0.085 0.165 -0.212204
0.085 0.17 -0.232346
0.085 0.175 -0.252228
0.085 0.18 -0.271835
0.085 0.185 -0.29116
0.085 0.19 -0.310205
0.085 0.195 -0.328998
0.085 0.2 -0.347613
0.09 0 0.616545
0.09 0.005 0.603099
0.09 0.01 0.57071
0.09 0.015 0.529411
0.09 0.02 0.482644
0.09 0.025 0.440493
0.09 0.03 0.406695
0.09 0.035 0.377472
0.09 0.04 0.350521
0.09 0.045 0.324858
0.09 0.05 0.300024
0.09 0.055 0.27577
0.09 0.06 0.251945
0.09 0.065 0.22845
0.09 0.07 0.205214
0.09 0.075 0.182188
0.09 0.08 0.159336
0.09 0.085 0.13663
0.09 0.09 0.114051
0.09 0.095 0.0915846
0.09 0.1 0.0692225
0.09 0.105 0.0469593
0.09 0.11 0.0247931
0.09 0.115 0.00272523
0.09 0.12 -0.0192407
0.09 0.125 -0.0410986
0.09 0.13 -0.0628404
0.09 0.135 -0.0844561
0.09 0.14 -0.105934
0.09 0.145 -0.127261
0.09 0.15 -0.148422
0.09 0.155 -0.169402
0.09 0.16 -0.190183
0.09 0.165 -0.210749
0.09 0.17 -0.23108
0.09 0.175 -0.251161
0.09 0.18 -0.270974
0.09 0.185 -0.290511
0.09 0.19 -0.309771
0.09 0.195 -0.328781
0.09 0.2 -0.347613
0.095 0 0.616536
0.095 0.005 0.60338
0.095 0.01 0.57115
0.095 0.015 0.529875
0.095 0.02 0.482421
0.095 0.025 0.43931
0.095 0.03 0.405155
0.095 0.035 0.376064
0.095 0.04 0.34949
0.095 0.045 0.324298
0.095 0.05 0.29995
0.095 0.055 0.27616
0.095 0.06 0.252761
0.095 0.065 0.229648
0.095 0.07 0.206749
0.095 0.075 0.184015
0.095 0.08 0.161412
0.095 0.085 0.138915
0.095 0.09 0.116506
0.095 0.095 0.0941732
0.095 0.1 0.0719102
0.095 0.105 0.0497133
0.095 0.11 0.0275825
0.095 0.115 0.00552076
0.095 0.12 -0.0164666
0.095 0.125 -0.0383719
0.095 0.13 -0.0601855
0.095 0.135 -0.0818958
0.095 0.14 -0.103489
0.095 0.145 -0.124952
0.095 0.15 -0.146266
0.095 0.155 -0.167416
0.095 0.16 -0.188382
0.095 0.165 -0.209146
0.095 0.17 -0.229687
0.095 0.175 -0.249986
0.095 0.18 -0.270027
0.095 0.185 -0.289797
0.095 0.19 -0.309294
0.095 0.195 -0.328542
0.095 0.2 -0.347613
0.1 0 0.616527
0.1 0.005 0.603581
0.1 0.01 0.571324
0.1 0.015 0.529289
0.1 0.02 0.479727
0.1 0.025 0.435775
0.1 0.03 0.402016
0.1 0.035 0.373686
0.1 0.04 0.347914
0.1 0.045 0.323469
0.1 0.05 0.299788
0.1 0.055 0.276585
0.1 0.06 0.253697
0.1 0.065 0.231026
0.1 0.07 0.208508
0.1 0.075 0.186098
0.1 0.08 0.163768
0.1 0.085 0.141496
0.1 0.09 0.119268
0.1 0.095 0.0970763
0.1 0.1 0.0749154
0.1 0.105 0.0527848
0.1 0.11 0.0306865
0.1 0.115 0.00862543
0.1 0.12 -0.0133911
0.1 0.125 -0.0353536
0.1 0.13 -0.0572505
0.1 0.135 -0.0790687
0.1 0.14 -0.100793
0.1 0.145 -0.122407
0.1 0.15 -0.143893
0.1 0.155 -0.165231
0.1 0.16 -0.186402
0.1 0.165 -0.207384
0.1 0.17 -0.228155
0.1 0.175 -0.248696
0.1 0.18 -0.268987
0.1 0.185 -0.289013
0.1 0.19 -0.30877
0.1 0.195 -0.32828
0.1 0.2 -0.347613
0.105 0 0.592675
0.105 0.005 0.575519
0.105 0.01 0.548285
0.105 0.015 0.509486
0.105 0.02 0.464684
0.105 0.025 0.426746
0.105 0.03 0.396492
0.105 0.035 0.370214
0.105 0.04 0.345843
0.105 0.045 0.322458
0.105 0.05 0.299628
0.105 0.055 0.277126
0.105 0.06 0.254825
0.105 0.065 0.23265
0.105 0.07 0.210549
0.105 0.075 0.188491
0.105 0.08 0.166452
0.105 0.085 0.144418
0.105 0.09 0.12238
0.105 0.095 0.100333
0.105 0.1 0.0782744
0.105 0.105 0.0562077
0.105 0.11 0.0341368
0.105 0.115 0.0120691
0.105 0.12 -0.00998607
0.105 0.125 -0.0320172
0.105 0.13 -0.054011
0.105 0.135 -0.075952
0.105 0.14 -0.0978235
0.105 0.145 -0.119607
0.105 0.15 -0.141283
0.105 0.155 -0.16283
0.105 0.16 -0.184227
0.105 0.165 -0.20545
0.105 0.17 -0.226476
0.105 0.175 -0.247282
0.105 0.18 -0.267846
0.105 0.185 -0.288153
0.105 0.19 -0.308196
0.105 0.195 -0.327993
0.105 0.2 -0.347613
0.11 0 0.554641
0.11 0.005 0.522476
0.11 0.01 0.499097
0.11 0.015 0.471283
0.11 0.02 0.442
0.11 0.025 0.414651
0.11 0.03 0.389663
0.11 0.035 0.366204
0.11 0.04 0.343608
0.11 0.045 0.321487
0.11 0.05 0.299627
0.11 0.055 0.277904
0.11 0.06 0.256243
0.11 0.065 0.234599
0.11 0.07 0.212942
0.11 0.075 0.191253
0.11 0.08 0.169519
0.11 0.085 0.147731
0.11 0.09 0.125886
0.11 0.095 0.103984
0.11 0.1 0.0820262
0.11 0.105 0.0600184
0.11 0.11 0.0379678
0.11 0.115 0.0158839
0.11 0.12 -0.00622155
0.11 0.125 -0.0283349
0.11 0.13 -0.0504406
0.11 0.135 -0.0725214
0.11 0.14 -0.0945585
0.11 0.145 -0.116532
0.11 0.15 -0.138419
0.11 0.155 -0.160197
0.11 0.16 -0.181843
0.11 0.165 -0.203331
0.11 0.17 -0.224636
0.11 0.175 -0.245733
0.11 0.18 -0.266598
0.11 0.185 -0.287212
0.11 0.19 -0.307567
0.11 0.195 -0.327679
0.11 0.2 -0.347613
0.115 0 0.546122
0.115 0.005 0.49316
0.115 0.01 0.468308
0.115 0.015 0.447336
0.115 0.02 0.426177
0.115 0.025 0.404829
0.115 0.03 0.383628
0.115 0.035 0.362615
0.115 0.04 0.34172
0.115 0.045 0.320865
0.115 0.05 0.299994
0.115 0.055 0.279068
0.115 0.06 0.258064
0.115 0.065 0.236967
0.115 0.07 0.215765
0.115 0.075 0.194453
0.115 0.08 0.173027
0.115 0.085 0.151487
0.115 0.09 0.129835
0.115 0.095 0.108075
0.115 0.1 0.0862126
0.115 0.105 0.0642561
0.115 0.11 0.0422158
0.115 0.115 0.0201039
0.115 0.12 -0.00206557
0.115 0.125 -0.0242766
0.115 0.13 -0.0465116
0.115 0.135 -0.0687511
0.115 0.14 -0.0909742
0.115 0.145 -0.113158
0.115 0.15 -0.13528
0.115 0.155 -0.157314
0.115 0.16 -0.179234
0.115 0.165 -0.201013
0.115 0.17 -0.222624
0.115 0.175 -0.24404
0.115 0.18 -0.265233
0.115 0.185 -0.286184
0.115 0.19 -0.306881
0.115 0.195 -0.327335
0.115 0.2 -0.347613
0.12 0 0.551283
0.12 0.005 0.487968
0.12 0.01 0.458042
0.12 0.015 0.436691
0.12 0.02 0.41745
0.12 0.025 0.398508
0.12 0.03 0.379434
0.12 0.035 0.360144
0.12 0.04 0.340627
0.12 0.045 0.320889
0.12 0.05 0.300935
0.12 0.055 0.280773
0.12 0.06 0.26041
0.12 0.065 0.239849
0.12 0.07 0.219098
0.12 0.075 0.198159
0.12 0.08 0.177039
0.12 0.085 0.155743
0.12 0.09 0.134279
0.12 0.095 0.112654
0.12 0.1 0.0908775
0.12 0.105 0.0689617
0.12 0.11 0.0469194
0.12 0.115 0.0247652
0.12 0.12 0.00251565
0.12 0.125 -0.0198109
0.12 0.13 -0.0421946
0.12 0.135 -0.0646138
0.12 0.14 -0.0870454
0.12 0.145 -0.109465
0.12 0.15 -0.131846
0.12 0.155 -0.154161
0.12 0.16 -0.176383
0.12 0.165 -0.198482
0.12 0.17 -0.220428
0.12 0.175 -0.242192
0.12 0.18 -0.263745
0.12 0.185 -0.285062
0.12 0.19 -0.306131
0.12 0.195 -0.326961
0.12 0.2 -0.347613
0.125 0 0.560339
0.125 0.005 0.490865
0.125 0.01 0.456559
0.125 0.015 0.433197
0.125 0.02 0.41369
0.125 0.025 0.395409
0.125 0.03 0.377348
0.125 0.035 0.359128
0.125 0.04 0.340619
0.125 0.045 0.321786
0.125 0.05 0.302628
0.125 0.055 0.283158
0.125 0.06 0.263391
0.125 0.065 0.243341
0.125 0.07 0.223022
0.125 0.075 0.202444
0.125 0.08 0.181619
0.125 0.085 0.160557
0.125 0.09 0.13927
0.125 0.095 0.117769
0.125 0.1 0.096067
0.125 0.105 0.0741784
0.125 0.11 0.0521189
0.125 0.115 0.0299056
0.125 0.12 0.00755764
0.125 0.125 -0.0149045
0.125 0.13 -0.0374586
0.125 0.135 -0.0600806
0.125 0.14 -0.0827453
0.125 0.145 -0.105426
0.125 0.15 -0.128094
0.125 0.155 -0.150719
0.125 0.16 -0.173273
0.125 0.165 -0.195721
0.125 0.17 -0.218034
0.125 0.175 -0.240178
0.125 0.18 -0.262122
0.125 0.185 -0.283841
0.125 0.19 -0.305315
0.125 0.195 -0.326553
0.125 0.2 -0.347613
0.13 0 0.571206
0.13 0.005 0.497141
0.13 0.01 0.459346
0.13 0.015 0.433855
0.13 0.02 0.413397
0.13 0.025 0.39499
0.13 0.03 0.377286
0.13 0.035 0.359663
0.13 0.04 0.341841
0.13 0.045 0.323703
0.13 0.05 0.305205
0.13 0.055 0.286338
0.13 0.06 0.267109
0.13 0.065 0.24753
0.13 0.07 0.227615
0.13 0.075 0.207377
0.13 0.08 0.186829
0.13 0.085 0.165987
0.13 0.09 0.144863
0.13 0.095 0.123471
0.13 0.1 0.101829
0.13 0.105 0.0799508
0.13 0.11 0.0578564
0.13 0.115 0.0355649
0.13 0.12 0.0130976
0.13 0.125 -0.00952254
0.13 0.13 -0.0322709
0.13 0.135 -0.0551213
0.13 0.14 -0.078046
0.13 0.145 -0.101016
0.13 0.15 -0.124
0.13 0.155 -0.146967
0.13 0.16 -0.169883
0.13 0.165 -0.192715
0.13 0.17 -0.215427
0.13 0.175 -0.237986
0.13 0.18 -0.260357
0.13 0.185 -0.282511
0.13 0.19 -0.304428
0.13 0.195 -0.326109
0.13 0.2 -0.347613
0.135 0 0.583287
0.135 0.005 0.505365
0.135 0.01 0.464655
0.135 0.015 0.437207
0.135 0.02 0.415631
0.135 0.025 0.396763
0.135 0.03 0.379058
0.135 0.035 0.361721
0.135 0.04 0.344344
0.135 0.045 0.326722
0.135 0.05 0.308755
0.135 0.055 0.290401
0.135 0.06 0.271646
0.135 0.065 0.252493
0.135 0.07 0.232948
0.135 0.075 0.213023
0.135 0.08 0.192733
0.135 0.085 0.172091
0.135 0.09 0.151112
0.135 0.095 0.129813
0.135 0.1 0.108211
0.135 0.105 0.0863251
0.135 0.11 0.0641755
0.135 0.115 0.041784
0.135 0.12 0.0191743
0.135 0.125 -0.00362856
0.135 0.13 -0.0265976
0.135 0.135 -0.0497042
0.135 0.14 -0.0729182
0.135 0.145 -0.0962081
0.135 0.15 -0.119541
0.135 0.155 -0.142882
0.135 0.16 -0.166195
0.135 0.165 -0.189445
0.135 0.17 -0.212594
0.135 0.175 -0.235604
0.135 0.18 -0.258439
0.135 0.185 -0.281067
0.135 0.19 -0.303463
0.135 0.195 -0.325627
0.135 0.2 -0.347613
0.14 0 0.596383
0.14 0.005 0.515032
0.14 0.01 0.471749
0.14 0.015 0.442523
0.14 0.02 0.419825
0.14 0.025 0.400367
0.14 0.03 0.382473
0.14 0.035 0.36523
0.14 0.04 0.348127
0.14 0.045 0.330882
0.14 0.05 0.313338
0.14 0.055 0.295414
0.14 0.06 0.277073
0.14 0.065 0.258297
0.14 0.07 0.239087
0.14 0.075 0.219448
0.14 0.08 0.19939
0.14 0.085 0.178926
0.14 0.09 0.158072
0.14 0.095 0.136846
0.14 0.1 0.115264
0.14 0.105 0.0933487
0.14 0.11 0.0711213
0.14 0.115 0.0486059
0.14 0.12 0.0258281
0.14 0.125 0.00281545
0.14 0.13 -0.0204029
0.14 0.135 -0.0437959
0.14 0.14 -0.0673311
0.14 0.145 -0.0909742
0.14 0.15 -0.11469
0.14 0.155 -0.13844
0.14 0.16 -0.162188
0.14 0.165 -0.185894
0.14 0.17 -0.209517
0.14 0.175 -0.233018
0.14 0.18 -0.256358
0.14 0.185 -0.2795
0.14 0.19 -0.302417
0.14 0.195 -0.325104
0.14 0.2 -0.347613
0.145 0 0.610432
0.145 0.005 0.525946
0.145 0.01 0.480304
0.145 0.015 0.449433
0.145 0.02 0.425651
0.145 0.025 0.405558
0.145 0.03 0.387381
0.145 0.035 0.370116
0.145 0.04 0.353172
0.145 0.045 0.3362
0.145 0.05 0.318993
0.145 0.055 0.30143
0.145 0.06 0.283446
0.145 0.065 0.265005
0.145 0.07 0.246094
0.145 0.075 0.22671
0.145 0.08 0.206859
0.145 0.085 0.186551
0.145 0.09 0.1658
0.145 0.095 0.144623
0.145 0.1 0.123039
0.145 0.105 0.101071
0.145 0.11 0.0787407
0.145 0.115 0.0560749
0.145 0.12 0.0331012
0.145 0.125 0.00984913
0.145 0.13 -0.0136497
0.145 0.135 -0.037362
0.145 0.14 -0.0612525
0.145 0.145 -0.0852845
0.145 0.15 -0.10942
0.145 0.155 -0.133618
0.145 0.16 -0.15784
0.145 0.165 -0.182042
0.145 0.17 -0.206181
0.145 0.175 -0.230216
0.145 0.18 -0.254102
0.145 0.185 -0.277801
0.145 0.19 -0.301283
0.145 0.195 -0.324538
0.145 0.2 -0.347613
0.15 0 0.625424
0.15 0.005 0.538033
0.15 0.01 0.490173
0.15 0.015 0.457749
0.15 0.02 0.432924
0.15 0.025 0.412188
0.15 0.03 0.39368
0.15 0.035 0.376323
0.15 0.04 0.359462
0.15 0.045 0.342689
0.15 0.05 0.325751
0.15 0.055 0.308492
0.15 0.06 0.290817
0.15 0.065 0.272671
0.15 0.07 0.254026
0.15 0.075 0.234868
0.15 0.08 0.215198
0.15 0.085 0.195021
0.15 0.09 0.174349
0.15 0.095 0.153199
0.15 0.1 0.131589
0.15 0.105 0.109541
0.15 0.11 0.0870817
0.15 0.115 0.0642371
0.15 0.12 0.0410372
0.15 0.125 0.0175138
0.15 0.13 -0.00629922
0.15 0.135 -0.030366
0.15 0.14 -0.0546487
0.15 0.145 -0.079108
0.15 0.15 -0.103703
0.15 0.155 -0.128391
0.15 0.16 -0.153128
0.15 0.165 -0.177869
0.15 0.17 -0.202569
0.15 0.175 -0.227182
0.15 0.18 -0.25166
0.15 0.185 -0.275963
0.15 0.19 -0.300055
0.15 0.195 -0.323925
0.15 0.2 -0.347613
0.155 0 0.641374
0.155 0.005 0.551271
0.155 0.01 0.501296
0.155 0.015 0.467385
0.155 0.02 0.441549
0.155 0.025 0.42017
0.155 0.03 0.401307
0.155 0.035 0.383817
0.155 0.04 0.366987
0.155 0.045 0.35036
0.155 0.05 0.333642
0.155 0.055 0.31664
0.155 0.06 0.299235
0.155 0.065 0.281349
0.155 0.07 0.262939
0.155 0.075 0.24398
0.155 0.08 0.224466
0.155 0.085 0.204395
0.155 0.09 0.183778
0.155 0.095 0.162629
0.155 0.1 0.140966
0.155 0.105 0.118813
0.155 0.11 0.0961945
0.155 0.115 0.0731403
0.155 0.12 0.0496816
0.155 0.125 0.0258525
0.155 0.13 0.00168911
0.155 0.135 -0.0227701
0.155 0.14 -0.0474847
0.155 0.145 -0.0724124
0.155 0.15 -0.0975095
0.155 0.155 -0.12273
0.155 0.16 -0.148028
0.155 0.165 -0.173356
0.155 0.17 -0.198663
0.155 0.175 -0.223901
0.155 0.18 -0.249021
0.155 0.185 -0.273976
0.155 0.19 -0.298729
0.155 0.195 -0.323262
0.155 0.2 -0.347613
0.16 0 0.658312
0.16 0.005 0.565671
0.16 0.01 0.51366
0.16 0.015 0.478308
0.16 0.02 0.451486
0.16 0.025 0.429469
0.16 0.03 0.410238
0.16 0.035 0.392588
0.16 0.04 0.375754
0.16 0.045 0.359235
0.16 0.05 0.342698
0.16 0.055 0.325918
0.16 0.06 0.308748
0.16 0.065 0.291092
0.16 0.07 0.272889
0.16 0.075 0.254105
0.16 0.08 0.23472
0.16 0.085 0.214732
0.16 0.09 0.194145
0.16 0.095 0.17297
0.16 0.1 0.151228
0.16 0.105 0.128939
0.16 0.11 0.106131
0.16 0.115 0.0828344
0.16 0.12 0.059082
0.16 0.125 0.0349102
0.16 0.13 0.0103576
0.16 0.135 -0.0145347
0.16 0.14 -0.0397236
0.16 0.145 -0.0651639
0.16 0.15 -0.0908087
0.16 0.155 -0.11661
0.16 0.16 -0.142517
0.16 0.165 -0.168479
0.16 0.17 -0.194443
0.16 0.175 -0.220358
0.16 0.18 -0.246171
0.16 0.185 -0.271831
0.16 0.19 -0.297297
0.16 0.195 -0.322546
0.16 0.2 -0.347613
0.165 0 0.676279
0.165 0.005 0.58126
0.165 0.01 0.527282
0.165 0.015 0.490523
0.165 0.02 0.462732
0.165 0.025 0.44008
0.165 0.03 0.420473
0.165 0.035 0.402646
0.165 0.04 0.385784
0.165 0.045 0.369345
0.165 0.05 0.352958
0.165 0.055 0.336371
0.165 0.06 0.31941
0.165 0.065 0.301958
0.165 0.07 0.283937
0.165 0.075 0.265302
0.165 0.08 0.246024
0.165 0.085 0.226093
0.165 0.09 0.205509
0.165 0.095 0.184283
0.165 0.1 0.162431
0.165 0.105 0.139977
0.165 0.11 0.116946
0.165 0.115 0.0933714
0.165 0.12 0.0692879
0.165 0.125 0.0447338
0.165 0.13 0.0197504
0.165 0.135 -0.00561867
0.165 0.14 -0.0313272
0.165 0.145 -0.0573271
0.165 0.15 -0.0835683
0.165 0.155 -0.109999
0.165 0.16 -0.136566
0.165 0.165 -0.163216
0.165 0.17 -0.189891
0.165 0.175 -0.216537
0.165 0.18 -0.243098
0.165 0.185 -0.269518
0.165 0.19 -0.295753
0.165 0.195 -0.321774
0.165 0.2 -0.347613
0.17 0 0.695322
0.17 0.005 0.598081
0.17 0.01 0.542194
0.17 0.015 0.504058
0.17 0.02 0.475311
0.17 0.025 0.452027
0.17 0.03 0.432038
0.17 0.035 0.41402
0.17 0.04 0.397112
0.17 0.045 0.380731
0.17 0.05 0.364473
0.17 0.055 0.348055
0.17 0.06 0.331278
0.17 0.065 0.314006
0.17 0.07 0.296146
0.17 0.075 0.277636
0.17 0.08 0.25844
0.17 0.085 0.238542
0.17 0.09 0.217936
0.17 0.095 0.196629
0.17 0.1 0.174638
0.17 0.105 0.151984
0.17 0.11 0.128696
0.17 0.115 0.104806
0.17 0.12 0.0803512
0.17 0.125 0.0553725
0.17 0.13 0.0299137
0.17 0.135 0.00402138
0.17 0.14 -0.0222554
0.17 0.145 -0.0488651
0.17 0.15 -0.0757546
0.17 0.155 -0.102869
0.17 0.16 -0.130151
0.17 0.165 -0.157543
0.17 0.17 -0.184986
0.17 0.175 -0.212421
0.17 0.18 -0.239787
0.17 0.185 -0.267027
0.17 0.19 -0.29409
0.17 0.195 -0.320943
0.17 0.2 -0.347613
0.175 0 0.715497
0.175 0.005 0.616185
0.175 0.01 0.558448
0.175 0.015 0.518957
0.175 0.02 0.489265
0.175 0.025 0.465352
0.175 0.03 0.444975
0.175 0.035 0.426757
0.175 0.04 0.409788
0.175 0.045 0.393448
0.175 0.05 0.3773
0.175 0.055 0.36103
0.175 0.06 0.344418
0.175 0.065 0.327305
0.175 0.07 0.309582
0.175 0.075 0.291176
0.175 0.08 0.272039
0.175 0.085 0.252148
0.175 0.09 0.231492
0.175 0.095 0.210076
0.175 0.1 0.187912
0.175 0.105 0.165025
0.175 0.11 0.141441
0.175 0.115 0.117195
0.175 0.12 0.0923264
0.175 0.125 0.0668778
0.175 0.13 0.040896
0.175 0.135 0.0144306
0.175 0.14 -0.0124661
0.175 0.145 -0.0397394
0.175 0.15 -0.0673325
0.175 0.155 -0.0951867
0.175 0.16 -0.123242
0.175 0.165 -0.151436
0.175 0.17 -0.179707
0.175 0.175 -0.207992
0.175 0.18 -0.236226
0.175 0.185 -0.264347
0.175 0.19 -0.292301
0.175 0.195 -0.320049
0.175 0.2 -0.347613
0.18 0 0.736864
0.18 0.005 0.635636
0.18 0.01 0.576105
0.18 0.015 0.535283
0.18 0.02 0.504655
0.18 0.025 0.480113
0.18 0.03 0.459346
0.18 0.035 0.440918
0.18 0.04 0.423878
0.18 0.045 0.407564
0.18 0.05 0.391508
0.18 0.055 0.37537
0.18 0.06 0.358903
0.18 0.065 0.341929
0.18 0.07 0.324323
0.18 0.075 0.305997
0.18 0.08 0.286895
0.18 0.085 0.266984
0.18 0.09 0.246249
0.18 0.095 0.224691
0.18 0.1 0.202322
0.18 0.105 0.179163
0.18 0.11 0.155244
0.18 0.115 0.130599
0.18 0.12 0.105271
0.18 0.125 0.0793038
0.18 0.13 0.0527481
0.18 0.135 0.0256563
0.18 0.14 -0.00191576
0.18 0.145 -0.0299098
0.18 0.15 -0.0582653
0.18 0.155 -0.08692
0.18 0.16 -0.11581
0.18 0.165 -0.144869
0.18 0.17 -0.174032
0.18 0.175 -0.203231
0.18 0.18 -0.232398
0.18 0.185 -0.261467
0.18 0.19 -0.290378
0.18 0.195 -0.319088
0.18 0.2 -0.347613
0.185 0 0.759493
0.185 0.005 0.656504
0.185 0.01 0.595238
0.185 0.015 0.55311
0.185 0.02 0.521555
0.185 0.025 0.496386
0.185 0.03 0.475224
0.185 0.035 0.456581
0.185 0.04 0.439458
0.185 0.045 0.423158
0.185 0.05 0.40718
0.185 0.055 0.391156
0.185 0.06 0.374816
0.185 0.065 0.357962
0.185 0.07 0.34045
0.185 0.075 0.322182
0.185 0.08 0.303089
0.185 0.085 0.28313
0.185 0.09 0.262286
0.185 0.095 0.240552
0.185 0.1 0.21794
0.185 0.105 0.19447
0.185 0.11 0.170172
0.185 0.115 0.145082
0.185 0.12 0.119244
0.185 0.125 0.0927072
0.185 0.13 0.065523
0.185 0.135 0.037748
0.185 0.14 0.00944154
0.185 0.145 -0.0193342
0.185 0.15 -0.048515
0.185 0.155 -0.0780344
0.185 0.16 -0.107824
0.185 0.165 -0.137816
0.185 0.17 -0.167938
0.185 0.175 -0.19812
0.185 0.18 -0.228289
0.185 0.185 -0.258376
0.185 0.19 -0.288314
0.185 0.195 -0.318057
0.185 0.2 -0.347613
0.19 0 0.783459
0.19 0.005 0.67887
0.19 0.01 0.615933
0.19 0.015 0.572524
0.19 0.02 0.540052
0.19 0.025 0.514259
0.19 0.03 0.492701
0.19 0.035 0.473836
0.19 0.04 0.456621
0.19 0.045 0.440323
0.19 0.05 0.424408
0.19 0.055 0.408482
0.19 0.06 0.39225
0.19 0.065 0.375495
0.19 0.07 0.358056
0.19 0.075 0.33982
0.19 0.08 0.320708
0.19 0.085 0.300671
0.19 0.09 0.279684
0.19 0.095 0.257739
0.19 0.1 0.234844
0.19 0.105 0.211019
0.19 0.11 0.186295
0.19 0.115 0.16071
0.19 0.12 0.134311
0.19 0.125 0.107148
0.19 0.13 0.0792765
0.19 0.135 0.0507574
0.19 0.14 0.0216536
0.19 0.145 -0.00796895
0.19 0.15 -0.0380417
0.19 0.155 -0.0684941
0.19 0.16 -0.0992541
0.19 0.165 -0.130248
0.19 0.17 -0.161402
0.19 0.175 -0.192639
0.19 0.18 -0.223884
0.19 0.185 -0.255061
0.19 0.19 -0.286102
0.19 0.195 -0.316951
0.19 0.2 -0.347613
0.195 0 0.808845
0.195 0.005 0.702825
0.195 0.01 0.638285
0.195 0.015 0.593624
0.195 0.02 0.560248
0.195 0.025 0.533835
0.195 0.03 0.51188
0.195 0.035 0.492788
0.195 0.04 0.475473
0.195 0.045 0.459165
0.195 0.05 0.443299
0.195 0.055 0.427453
0.195 0.06 0.41131
0.195 0.065 0.394631
0.195 0.07 0.377241
0.195 0.075 0.359009
0.195 0.08 0.339849
0.195 0.085 0.319701
0.195 0.09 0.298534
0.195 0.095 0.276337
0.195 0.1 0.253115
0.195 0.105 0.228889
0.195 0.11 0.203689
0.195 0.115 0.177556
0.195 0.12 0.150537
0.195 0.125 0.122688
0.195 0.13 0.0940672
0.195 0.135 0.0647388
0.195 0.14 0.0347702
0.195 0.145 0.0042316
0.195 0.15 -0.0268041
0.195 0.155 -0.0582621
0.195 0.16 -0.0900659
0.195 0.165 -0.122138
0.195 0.17 -0.154398
0.195 0.175 -0.186767
0.195 0.18 -0.219165
0.195 0.185 -0.251512
0.195 0.19 -0.283732
0.195 0.195 -0.315767
0.195 0.2 -0.347613
0.2 0 0.83574
0.2 0.005 0.728469
0.2 0.01 0.662402
0.2 0.015 0.616524
0.2 0.02 0.582259
0.2 0.025 0.555233
0.2 0.03 0.53288
0.2 0.035 0.513556
0.2 0.04 0.496133
0.2 0.045 0.479804
0.2 0.05 0.463971
0.2 0.055 0.448188
0.2 0.06 0.432112
0.2 0.065 0.415486
0.2 0.07 0.398116
0.2 0.075 0.379859
0.2 0.08 0.360616
0.2 0.085 0.34032
0.2 0.09 0.318933
0.2 0.095 0.296439
0.2 0.1 0.272843
0.2 0.105 0.248164
0.2 0.11 0.222433
0.2 0.115 0.195693
0.2 0.12 0.167994
0.2 0.125 0.139394
0.2 0.13 0.109956
0.2 0.135 0.0797488
0.2 0.14 0.0488434
0.2 0.145 0.0173148
0.2 0.15 -0.0147595
0.2 0.155 -0.0473001
0.2 0.16 -0.0802259
0.2 0.165 -0.113454
0.2 0.17 -0.146902
0.2 0.175 -0.180484
0.2 0.18 -0.214116
0.2 0.185 -0.247714
0.2 0.19 -0.281197
0.2 0.195 -0.3145
0.2 0.2 -0.347613
0.205 0 0.864246
0.205 0.005 0.755911
0.205 0.01 0.688404
0.205 0.015 0.641348
0.205 0.02 0.606215
0.205 0.025 0.578584
0.205 0.03 0.555836
0.205 0.035 0.536277
0.205 0.04 0.518737
0.205 0.045 0.502374
0.205 0.05 0.486559
0.205 0.055 0.470817
0.205 0.06 0.454785
0.205 0.065 0.438184
0.205 0.07 0.420803
0.205 0.075 0.402487
0.205 0.08 0.383123
0.205 0.085 0.362637
0.205 0.09 0.340985
0.205 0.095 0.318146
0.205 0.1 0.294123
0.205 0.105 0.268934
0.205 0.11 0.242612
0.205 0.115 0.215201
0.205 0.12 0.186755
0.205 0.125 0.157334
0.205 0.13 0.127008
0.205 0.135 0.0958463
0.205 0.14 0.0639273
0.205 0.145 0.03133
0.205 0.15 -0.00186335
0.205 0.155 -0.0355684
0.205 0.16 -0.0696992
0.205 0.165 -0.104168
0.205 0.17 -0.138888
0.205 0.175 -0.173769
0.205 0.18 -0.208721
0.205 0.185 -0.243656
0.205 0.19 -0.278488
0.205 0.195 -0.313146
0.205 0.2 -0.347613
0.21 0 0.894469
0.21 0.005 0.785274
0.21 0.01 0.716423
0.21 0.015 0.668237
0.21 0.02 0.632261
0.21 0.025 0.604036
0.21 0.03 0.580897
0.21 0.035 0.5611
0.21 0.04 0.543436
0.21 0.045 0.527025
0.21 0.05 0.511209
0.21 0.055 0.495487
0.21 0.06 0.479471
0.21 0.065 0.462864
0.21 0.07 0.445437
0.21 0.075 0.427022
0.21 0.08 0.407495
0.21 0.085 0.386772
0.21 0.09 0.364803
0.21 0.095 0.341564
0.21 0.1 0.317055
0.21 0.105 0.291294
0.21 0.11 0.264315
0.21 0.115 0.236164
0.21 0.12 0.206898
0.21 0.125 0.176582
0.21 0.13 0.145288
0.21 0.135 0.113093
0.21 0.14 0.0800781
0.21 0.145 0.046328
0.21 0.15 0.0119302
0.21 0.155 -0.023026
0.21 0.16 -0.0584496
0.21 0.165 -0.0942484
0.21 0.17 -0.130329
0.21 0.175 -0.166598
0.21 0.18 -0.202961
0.21 0.185 -0.239324
0.21 0.19 -0.275597
0.21 0.195 -0.311701
0.21 0.2 -0.347613
0.215 0 0.926529
0.215 0.005 0.816691
0.215 0.01 0.746605
0.215 0.015 0.697347
0.215 0.02 0.660557
0.215 0.025 0.631756
0.215 0.03 0.60823
0.215 0.035 0.588194
0.215 0.04 0.570397
0.215 0.045 0.553923
0.215 0.05 0.538086
0.215 0.055 0.522357
0.215 0.06 0.506327
0.215 0.065 0.489677
0.215 0.07 0.472165
0.215 0.075 0.453605
0.215 0.08 0.433865
0.215 0.085 0.412852
0.215 0.09 0.390508
0.215 0.095 0.366808
0.215 0.1 0.341748
0.215 0.105 0.315346
0.215 0.11 0.287637
0.215 0.115 0.258671
0.215 0.12 0.228506
0.215 0.125 0.197213
0.215 0.13 0.164868
0.215 0.135 0.131553
0.215 0.14 0.0973539
0.215 0.145 0.0623615
0.215 0.15 0.0266683
0.215 0.155 -0.00963111
0.215 0.16 -0.0464404
0.215 0.165 -0.0836622
0.215 0.17 -0.121198
0.215 0.175 -0.15895
0.215 0.18 -0.196819
0.215 0.185 -0.234705
0.215 0.19 -0.272513
0.215 0.195 -0.31016
0.215 0.2 -0.347613
0.22 0 0.960556
0.22 0.005 0.850307
0.22 0.01 0.779112
0.22 0.015 0.728849
0.22 0.02 0.691283
0.22 0.025 0.661924
0.22 0.03 0.638022
0.22 0.035 0.617745
0.22 0.04 0.599805
0.22 0.045 0.583253
0.22 0.05 0.567371
0.22 0.055 0.551605
0.22 0.06 0.535524
0.22 0.065 0.51879
0.22 0.07 0.501145
0.22 0.075 0.482389
0.22 0.08 0.462379
0.22 0.085 0.441014
0.22 0.09 0.418232
0.22 0.095 0.394
0.22 0.1 0.368316
0.22 0.105 0.341197
0.22 0.11 0.312678
0.22 0.115 0.282813
0.22 0.12 0.251665
0.22 0.125 0.219306
0.22 0.13 0.185819
0.22 0.135 0.151292
0.22 0.14 0.115815
0.22 0.145 0.0794846
0.22 0.15 0.0423994
0.22 0.155 0.00465941
0.22 0.16 -0.0336337
0.22 0.165 -0.0723773
0.22 0.17 -0.111468
0.22 0.175 -0.150802
0.22 0.18 -0.190276
0.22 0.185 -0.229785
0.22 0.19 -0.26923
0.22 0.195 -0.308519
0.22 0.2 -0.347613
0.225 0 0.996692
0.225 0.005 0.886283
0.225 0.01 0.81412
0.225 0.015 0.762931
0.225 0.02 0.724635
0.225 0.025 0.694745
0.225 0.03 0.670475
0.225 0.035 0.649958
0.225 0.04 0.631865
0.225 0.045 0.615215
0.225 0.05 0.599261
0.225 0.055 0.583424
0.225 0.06 0.56725
0.225 0.065 0.550384
0.225 0.07 0.53255
0.225 0.075 0.513538
0.225 0.08 0.493194
0.225 0.085 0.471408
0.225 0.09 0.448112
0.225 0.095 0.423272
0.225 0.1 0.396882
0.225 0.105 0.36896
0.225 0.11 0.339544
0.225 0.115 0.308689
0.225 0.12 0.276463
0.225 0.125 0.242944
0.225 0.13 0.208217
0.225 0.135 0.172378
0.225 0.14 0.135522
0.225 0.145 0.0977528
0.225 0.15 0.0591731
0.225 0.155 0.0198893
0.225 0.16 -0.0199914
0.225 0.165 -0.0603608
0.225 0.17 -0.10111
0.225 0.175 -0.142131
0.225 0.18 -0.183315
0.225 0.185 -0.224552
0.225 0.19 -0.265736
0.225 0.195 -0.306772
0.225 0.2 -0.347613
0.23 0 1.03509
0.23 0.005 0.924792
0.23 0.01 0.851823
0.23 0.015 0.799802
0.23 0.02 0.76083
0.23 0.025 0.730439
0.23 0.03 0.705817
0.23 0.035 0.685059
0.23 0.04 0.666801
0.23 0.045 0.650031
0.23 0.05 0.633974
0.23 0.055 0.618024
0.23 0.06 0.601708
0.23 0.065 0.584654
0.23 0.07 0.566569
0.23 0.075 0.547232
0.23 0.08 0.526478
0.23 0.085 0.504191
0.23 0.09 0.480298
0.23 0.095 0.454761
0.23 0.1 0.427574
0.23 0.105 0.398755
0.23 0.11 0.368345
0.23 0.115 0.336401
0.23 0.12 0.302995
0.23 0.125 0.26821
0.23 0.13 0.23214
0.23 0.135 0.194882
0.23 0.14 0.15654
0.23 0.145 0.117223
0.23 0.15 0.0770397
0.23 0.155 0.0361028
0.23 0.16 -0.00547477
0.23 0.165 -0.0475794
0.23 0.17 -0.0900973
0.23 0.175 -0.132914
0.23 0.18 -0.175916
0.23 0.185 -0.21899
0.23 0.19 -0.262025
0.23 0.195 -0.304917
0.23 0.2 -0.347613
0.235 0 1.07593
0.235 0.005 0.966027
0.235 0.01 0.892433
0.235 0.015 0.839689
0.235 0.02 0.800108
0.235 0.025 0.769253
0.235 0.03 0.744295
0.235 0.035 0.723296
0.235 0.04 0.704861
0.235 0.045 0.687945
0.235 0.05 0.671745
0.235 0.055 0.655636
0.235 0.06 0.639121
0.235 0.065 0.621812
0.235 0.07 0.603403
0.235 0.075 0.583661
0.235 0.08 0.562412
0.235 0.085 0.539534
0.235 0.09 0.514948
0.235 0.095 0.488616
0.235 0.1 0.46053
0.235 0.105 0.430709
0.235 0.11 0.399196
0.235 0.115 0.366053
0.235 0.12 0.331356
0.235 0.125 0.295194
0.235 0.13 0.257666
0.235 0.135 0.218875
0.235 0.14 0.178932
0.235 0.145 0.137952
0.235 0.15 0.0960499
0.235 0.155 0.0533447
0.235 0.16 0.00995503
0.235 0.165 -0.0339999
0.235 0.17 -0.0784006
0.235 0.175 -0.123128
0.235 0.18 -0.168063
0.235 0.185 -0.213088
0.235 0.19 -0.258085
0.235 0.195 -0.302948
0.235 0.2 -0.347613
0.24 0 1.1194
0.24 0.005 1.0102
0.24 0.01 0.936182
0.24 0.015 0.882842
0.24 0.02 0.842729
0.24 0.025 0.811455
0.24 0.03 0.786181
0.24 0.035 0.764942
0.24 0.04 0.746312
0.24 0.045 0.729219
0.24 0.05 0.712834
0.24 0.055 0.696508
0.24 0.06 0.679727
0.24 0.065 0.662087
0.24 0.07 0.643269
0.24 0.075 0.62303
0.24 0.08 0.601188
0.24 0.085 0.577615
0.24 0.09 0.55223
0.24 0.095 0.524991
0.24 0.1 0.495891
0.24 0.105 0.464952
0.24 0.11 0.432218
0.24 0.115 0.397756
0.24 0.12 0.361647
0.24 0.125 0.323986
0.24 0.13 0.284876
0.24 0.135 0.24443
0.24 0.14 0.202764
0.24 0.145 0.159998
0.24 0.15 0.116255
0.24 0.155 0.0716596
0.24 0.16 0.0263367
0.24 0.165 -0.019589
0.24 0.17 -0.0659926
0.24 0.175 -0.11275
0.24 0.18 -0.159737
0.24 0.185 -0.206831
0.24 0.19 -0.25391
0.24 0.195 -0.300861
0.24 0.2 -0.347613
0.245 0 1.1657
0.245 0.005 1.05753
0.245 0.01 0.983325
0.245 0.015 0.929534
0.245 0.02 0.888981
0.245 0.025 0.85734
0.245 0.03 0.831773
0.245 0.035 0.810294
0.245 0.04 0.791451
0.245 0.045 0.774143
0.245 0.05 0.75752
0.245 0.055 0.740911
0.245 0.06 0.723786
0.245 0.065 0.705726
0.245 0.07 0.686402
0.245 0.075 0.66556
0.245 0.08 0.643012
0.245 0.085 0.618627
0.245 0.09 0.59232
0.245 0.095 0.56405
0.245 0.1 0.533808
0.245 0.105 0.50162
0.245 0.11 0.467535
0.245 0.115 0.431622
0.245 0.12 0.393969
0.245 0.125 0.354677
0.245 0.13 0.313854
0.245 0.135 0.271621
0.245 0.14 0.2281
0.245 0.145 0.183418
0.245 0.15 0.137705
0.245 0.155 0.0910918
0.245 0.16 0.0437083
0.245 0.165 -0.00431443
0.245 0.17 -0.0528462
0.245 0.175 -0.101758
0.245 0.18 -0.15092
0.245 0.185 -0.200206
0.245 0.19 -0.24949
0.245 0.195 -0.298651
0.245 0.2 -0.347613
0.25 0 1.21507
0.25 0.005 1.10829
0.25 0.01 1.03414
0.25 0.015 0.980067
0.25 0.02 0.939178
0.25 0.025 0.907232
0.25 0.03 0.881399
0.25 0.035 0.859679
0.25 0.04 0.840597
0.25 0.045 0.823031
0.25 0.05 0.806107
0.25 0.055 0.789137
0.25 0.06 0.771577
0.25 0.065 0.752993
0.25 0.07 0.733048
0.25 0.075 0.711482
0.25 0.08 0.688101
0.25 0.085 0.66277
0.25 0.09 0.635404
0.25 0.095 0.605961
0.25 0.1 0.574436
0.25 0.105 0.540856
0.25 0.11 0.505275
0.25 0.115 0.467768
0.25 0.12 0.428427
0.25 0.125 0.387359
0.25 0.13 0.344682
0.25 0.135 0.300521
0.25 0.14 0.255006
0.25 0.145 0.208271
0.25 0.15 0.160451
0.25 0.155 0.111685
0.25 0.16 0.0621072
0.25 0.165 0.0118555
0.25 0.17 -0.038935
0.25 0.175 -0.09013
0.25 0.18 -0.141596
0.25 0.185 -0.193202
0.25 0.19 -0.244816
0.25 0.195 -0.296315
0.25 0.2 -0.347613
0.255 0 1.26776
0.255 0.005 1.16274
0.255 0.01 1.08894
0.255 0.015 1.03477
0.255 0.02 0.993666
0.255 0.025 0.961483
0.255 0.03 0.935414
0.255 0.035 0.91345
0.255 0.04 0.8941
0.255 0.045 0.876221
0.255 0.05 0.858923
0.255 0.055 0.8415
0.255 0.06 0.823397
0.255 0.065 0.80417
0.255 0.07 0.783473
0.255 0.075 0.761043
0.255 0.08 0.736682
0.255 0.085 0.710254
0.255 0.09 0.681674
0.255 0.095 0.650901
0.255 0.1 0.617934
0.255 0.105 0.582804
0.255 0.11 0.545568
0.255 0.115 0.506309
0.255 0.12 0.465124
0.255 0.125 0.422127
0.255 0.13 0.377443
0.255 0.135 0.331204
0.255 0.14 0.283546
0.255 0.145 0.234611
0.255 0.15 0.184541
0.255 0.155 0.13348
0.255 0.16 0.0815693
0.255 0.165 0.0289512
0.255 0.17 -0.0242337
0.255 0.175 -0.0778464
0.255 0.18 -0.131749
0.255 0.185 -0.185806
0.255 0.19 -0.239882
0.255 0.195 -0.293849
0.255 0.2 -0.347613
0.26 0 1.32406
0.26 0.005 1.2212
0.26 0.01 1.14805
0.26 0.015 1.094
0.26 0.02 1.05282
0.26 0.025 1.02048
0.26 0.03 0.994208
0.26 0.035 0.971996
0.26 0.04 0.95234
0.26 0.045 0.934084
0.26 0.05 0.916322
0.26 0.055 0.898339
0.26 0.06 0.879566
0.26 0.065 0.859556
0.26 0.07 0.837958
0.26 0.075 0.814504
0.26 0.08 0.788996
0.26 0.085 0.7613
0.26 0.09 0.731331
0.26 0.095 0.699053
0.26 0.1 0.664468
0.26 0.105 0.627612
0.26 0.11 0.588548
0.26 0.115 0.547364
0.26 0.12 0.504165
0.26 0.125 0.459073
0.26 0.13 0.412218
0.26 0.135 0.36374
0.26 0.14 0.313782
0.26 0.145 0.262494
0.26 0.15 0.210023
0.26 0.155 0.156518
0.26 0.16 0.102129
0.26 0.165 0.0470012
0.26 0.17 -0.00871881
0.26 0.175 -0.0648879
0.26 0.18 -0.121364
0.26 0.185 -0.178008
0.26 0.19 -0.23468
0.26 0.195 -0.291248
0.26 0.2 -0.347613
0.265 0 1.3843
0.265 0.005 1.28402
0.265 0.01 1.21186
0.265 0.015 1.15817
0.265 0.02 1.11706
0.265 0.025 1.08465
0.265 0.03 1.05821
0.265 0.035 1.03574
0.265 0.04 1.01573
0.265 0.045 0.997017
0.265 0.05 0.978686
0.265 0.055 0.960014
0.265 0.06 0.940426
0.265 0.065 0.919472
0.265 0.07 0.896797
0.265 0.075 0.872136
0.265 0.08 0.845293
0.265 0.085 0.816135
0.265 0.09 0.784582
0.265 0.095 0.750603
0.265 0.1 0.714204
0.265 0.105 0.675428
0.265 0.11 0.634345
0.265 0.115 0.59105
0.265 0.12 0.545654
0.265 0.125 0.498287
0.265 0.13 0.449086
0.265 0.135 0.398198
0.265 0.14 0.345775
0.265 0.145 0.29197
0.265 0.15 0.236939
0.265 0.155 0.180837
0.265 0.16 0.123817
0.265 0.165 0.0660319
0.265 0.17 0.00763139
0.265 0.175 -0.051237
0.265 0.18 -0.110428
0.265 0.185 -0.169797
0.265 0.19 -0.229204
0.265 0.195 -0.288511
0.265 0.2 -0.347613
0.27 0 1.44884
0.27 0.005 1.35158
0.27 0.01 1.28077
0.27 0.015 1.2277
0.27 0.02 1.18684
0.27 0.025 1.15446
0.27 0.03 1.12788
0.27 0.035 1.10514
0.27 0.04 1.08472
0.27 0.045 1.06545
0.27 0.05 1.04643
0.27 0.055 1.02691
0.27 0.06 1.00634
0.27 0.065 0.984252
0.27 0.07 0.960302
0.27 0.075 0.934226
0.27 0.08 0.905832
0.27 0.085 0.874994
0.27 0.09 0.841638
0.27 0.095 0.805739
0.27 0.1 0.767311
0.27 0.105 0.726403
0.27 0.11 0.683093
0.27 0.115 0.637482
0.27 0.12 0.589692
0.27 0.125 0.539857
0.27 0.13 0.488124
0.27 0.135 0.434645
0.27 0.14 0.379579
0.27 0.145 0.323088
0.27 0.15 0.265331
0.27 0.155 0.20647
0.27 0.16 0.146663
0.27 0.165 0.086067
0.27 0.17 0.0248362
0.27 0.175 -0.0368784
0.27 0.18 -0.0989278
0.27 0.185 -0.161166
0.27 0.19 -0.223448
0.27 0.195 -0.285634
0.27 0.2 -0.347613
0.275 0 1.51808
0.275 0.005 1.42431
0.275 0.01 1.35526
0.275 0.015 1.30309
0.275 0.02 1.26267
0.275 0.025 1.23041
0.275 0.03 1.20374
0.275 0.035 1.18069
0.275 0.04 1.15978
0.275 0.045 1.13985
0.275 0.05 1.11998
0.275 0.055 1.09945
0.275 0.06 1.07769
0.275 0.065 1.05425
0.275 0.07 1.0288
0.275 0.075 1.00107
0.275 0.08 0.97088
0.275 0.085 0.938117
0.275 0.09 0.902713
0.275 0.095 0.864652
0.275 0.1 0.823956
0.275 0.105 0.780683
0.275 0.11 0.734919
0.275 0.115 0.686774
0.275 0.12 0.636375
0.275 0.125 0.583867
0.275 0.13 0.529402
0.275 0.135 0.473141
0.275 0.14 0.415248
0.275 0.145 0.35589
0.275 0.15 0.295235
0.275 0.155 0.233447
0.275 0.16 0.170691
0.275 0.165 0.107127
0.275 0.17 0.0429118
0.275 0.175 -0.0217992
0.275 0.18 -0.0868549
0.275 0.185 -0.152106
0.275 0.19 -0.217407
0.275 0.195 -0.282615
0.275 0.2 -0.347613
0.28 0 1.59249
0.28 0.005 1.50271
0.28 0.01 1.43584
0.28 0.015 1.38489
0.28 0.02 1.3451
0.28 0.025 1.31308
0.28 0.03 1.28633
0.28 0.035 1.26294
0.28 0.04 1.24145
0.28 0.045 1.22071
0.28 0.05 1.19982
0.28 0.055 1.17806
0.28 0.06 1.15488
0.28 0.065 1.12984
0.28 0.07 1.10262
0.28 0.075 1.07296
0.28 0.08 1.04071
0.28 0.085 1.00574
0.28 0.09 0.968021
0.28 0.095 0.92753
0.28 0.1 0.884304
0.28 0.105 0.838412
0.28 0.11 0.789948
0.28 0.115 0.73903
0.28 0.12 0.685795
0.28 0.125 0.630394
0.28 0.13 0.572986
0.28 0.135 0.51374
0.28 0.14 0.452826
0.28 0.145 0.390416
0.28 0.15 0.326682
0.28 0.155 0.261796
0.28 0.16 0.195923
0.28 0.165 0.129228
0.28 0.17 0.0618714
0.28 0.175 -0.00598952
0.28 0.18 -0.0742014
0.28 0.185 -0.142614
0.28 0.19 -0.211079
0.28 0.195 -0.279452
0.28 0.2 -0.347613
0.285 0 1.6726
0.285 0.005 1.58733
0.285 0.01 1.5231
0.285 0.015 1.4737
0.285 0.02 1.43476
0.285 0.025 1.40309
0.285 0.03 1.37628
0.285 0.035 1.3525
0.285 0.04 1.3303
0.285 0.045 1.30858
0.285 0.05 1.28644
0.285 0.055 1.26321
0.285 0.06 1.23834
0.285 0.065 1.21141
0.285 0.07 1.18211
0.285 0.075 1.15022
0.285 0.08 1.11559
0.285 0.085 1.07812
0.285 0.09 1.03777
0.285 0.095 0.994557
0.285 0.1 0.948515
0.285 0.105 0.899726
0.285 0.11 0.848295
0.285 0.115 0.794349
0.285 0.12 0.738034
0.285 0.125 0.679506
0.285 0.13 0.618933
0.285 0.135 0.55649
0.285 0.14 0.492351
0.285 0.145 0.426695
0.285 0.15 0.359698
0.285 0.155 0.291533
0.285 0.16 0.222372
0.285 0.165 0.152382
0.285 0.17 0.0817238
0.285 0.175 0.0105575
0.285 0.18 -0.0609625
0.285 0.185 -0.132685
0.285 0.19 -0.20446
0.285 0.195 -0.276144
0.285 0.2 -0.347613
0.29 0 1.759
0.29 0.005 1.67881
0.29 0.01 1.61769
0.29 0.015 1.5702
0.29 0.02 1.53234
0.29 0.025 1.50112
0.29 0.03 1.47426
0.29 0.035 1.44999
0.29 0.04 1.42694
0.29 0.045 1.40402
0.29 0.05 1.38039
0.29 0.055 1.35539
0.29 0.06 1.3285
0.29 0.065 1.29934
0.29 0.07 1.26763
0.29 0.075 1.23316
0.29 0.08 1.19581
0.29 0.085 1.15548
0.29 0.09 1.11218
0.29 0.095 1.06591
0.29 0.1 1.01674
0.29 0.105 0.964752
0.29 0.11 0.910067
0.29 0.115 0.85282
0.29 0.12 0.793164
0.29 0.125 0.731263
0.29 0.13 0.667291
0.29 0.135 0.601428
0.29 0.14 0.533854
0.29 0.145 0.464751
0.29 0.15 0.394298
0.29 0.155 0.322674
0.29 0.16 0.25005
0.29 0.165 0.176595
0.29 0.17 0.102474
0.29 0.175 0.0278448
0.29 0.18 -0.0471362
0.29 0.185 -0.122318
0.29 0.19 -0.197551
0.29 0.195 -0.272691
0.29 0.2 -0.347613
0.295 0 1.8524
0.295 0.005 1.77787
0.295 0.01 1.72039
0.295 0.015 1.67517
0.295 0.02 1.63861
0.295 0.025 1.60794
0.295 0.03 1.58101
0.295 0.035 1.55615
0.295 0.04 1.53204
0.295 0.045 1.50766
0.295 0.05 1.48222
0.295 0.055 1.4551
0.295 0.06 1.42583
0.295 0.065 1.39406
0.295 0.07 1.35954
0.295 0.075 1.32209
0.295 0.08 1.28162
0.295 0.085 1.23807
0.295 0.09 1.19143
0.295 0.095 1.14176
0.295 0.1 1.08911
0.295 0.105 1.03361
0.295 0.11 0.975359
0.295 0.115 0.914519
0.295 0.12 0.851246
0.295 0.125 0.785712
0.295 0.13 0.718096
0.295 0.135 0.648582
0.295 0.14 0.577354
0.295 0.145 0.504597
0.295 0.15 0.430494
0.295 0.155 0.355223
0.295 0.16 0.278958
0.295 0.165 0.201869
0.295 0.17 0.124121
0.295 0.175 0.0458713
0.295 0.18 -0.032724
0.295 0.185 -0.111514
0.295 0.19 -0.190352
0.295 0.195 -0.269094
0.295 0.2 -0.347613
0.3 0 1.9536
0.3 0.005 1.88537
0.3 0.01 1.83205
0.3 0.015 1.78949
0.3 0.02 1.75446
0.3 0.025 1.72441
0.3 0.03 1.69735
0.3 0.035 1.67173
0.3 0.04 1.64631
0.3 0.045 1.62016
0.3 0.05 1.59253
0.3 0.055 1.56289
0.3 0.06 1.5308
0.3 0.065 1.49597
0.3 0.07 1.45819
0.3 0.075 1.41732
0.3 0.08 1.37329
0.3 0.085 1.32608
0.3 0.09 1.27571
0.3 0.095 1.22224
0.3 0.1 1.16576
0.3 0.105 1.10638
0.3 0.11 1.04425
0.3 0.115 0.979504
0.3 0.12 0.912325
0.3 0.125 0.842886
0.3 0.13 0.771371
0.3 0.135 0.697965
0.3 0.14 0.622859
0.3 0.145 0.546236
0.3 0.15 0.468283
0.3 0.155 0.389176
0.3 0.16 0.309092
0.3 0.165 0.228198
0.3 0.17 0.146658
0.3 0.175 0.064631
0.3 0.18 -0.017731
0.3 0.185 -0.100279
0.3 0.19 -0.182867
0.3 0.195 -0.265354
0.3 0.2 -0.347613
0.305 0 2.06352
0.305 0.005 2.00227
0.305 0.01 1.95367
0.305 0.015 1.91416
0.305 0.02 1.88086
0.305 0.025 1.85148
0.305 0.03 1.8242
0.305 0.035 1.79758
0.305 0.04 1.77054
0.305 0.045 1.74221
0.305 0.05 1.71196
0.305 0.055 1.6793
0.305 0.06 1.64389
0.305 0.065 1.60549
0.305 0.07 1.56393
0.305 0.075 1.51914
0.305 0.08 1.47107
0.305 0.085 1.41974
0.305 0.09 1.36519
0.305 0.095 1.3075
0.305 0.1 1.24678
0.305 0.105 1.18316
0.305 0.11 1.11679
0.305 0.115 1.04782
0.305 0.12 0.976427
0.305 0.125 0.9028
0.305 0.13 0.827121
0.305 0.135 0.749579
0.305 0.14 0.670363
0.305 0.145 0.58966
0.305 0.15 0.507654
0.305 0.155 0.424522
0.305 0.16 0.340438
0.305 0.165 0.255568
0.305 0.17 0.170075
0.305 0.175 0.0841133
0.305 0.18 -0.00216643
0.305 0.185 -0.0886183
0.305 0.19 -0.1751
0.305 0.195 -0.261473
0.305 0.2 -0.347613
0.31 0 2.18325
0.31 0.005 2.1297
0.31 0.01 2.08641
0.31 0.015 2.05034
0.31 0.02 2.01896
0.31 0.025 1.99023
0.31 0.03 1.96255
0.31 0.035 1.93464
0.31 0.04 1.90556
0.31 0.045 1.87457
0.31 0.05 1.84114
0.31 0.055 1.80489
0.31 0.06 1.76557
0.31 0.065 1.72301
0.31 0.07 1.6771
0.31 0.075 1.62782
0.31 0.08 1.57518
0.31 0.085 1.51921
0.31 0.09 1.45999
0.31 0.095 1.39763
0.31 0.1 1.33225
0.31 0.105 1.26399
0.31 0.11 1.19301
0.31 0.115 1.11947
0.31 0.12 1.04356
0.31 0.125 0.96545
0.31 0.13 0.885336
0.31 0.135 0.803406
0.31 0.14 0.719848
0.31 0.145 0.634847
0.31 0.15 0.548585
0.31 0.155 0.461237
0.31 0.16 0.372974
0.31 0.165 0.28396
0.31 0.17 0.194352
0.31 0.175 0.104302
0.31 0.18 0.0139564
0.31 0.185 -0.0765428
0.31 0.19 -0.167058
0.31 0.195 -0.257456
0.31 0.2 -0.347613
0.315 0 2.31408
0.315 0.005 2.26901
0.315 0.01 2.23163
0.315 0.015 2.19936
0.315 0.02 2.17002
0.315 0.025 2.14187
0.315 0.03 2.11352
0.315 0.035 2.08391
0.315 0.04 2.05226
0.315 0.045 2.01801
0.315 0.05 1.98075
0.315 0.055 1.94024
0.315 0.06 1.89633
0.315 0.065 1.84892
0.315 0.07 1.79801
0.315 0.075 1.74362
0.315 0.08 1.6858
0.315 0.085 1.62463
0.315 0.09 1.56023
0.315 0.095 1.49271
0.315 0.1 1.42222
0.315 0.105 1.3489
0.315 0.11 1.27293
0.315 0.115 1.19447
0.315 0.12 1.1137
0.315 0.125 1.03081
0.315 0.13 0.945985
0.315 0.135 0.859412
0.315 0.14 0.771276
0.315 0.145 0.681759
0.315 0.15 0.591038
0.315 0.155 0.499286
0.315 0.16 0.406668
0.315 0.165 0.313342
0.315 0.17 0.219462
0.315 0.175 0.125174
0.315 0.18 0.0306196
0.315 0.185 -0.0640663
0.315 0.19 -0.158751
0.315 0.195 -0.253306
0.315 0.2 -0.347613
0.32 0 2.4575
0.32 0.005 2.42175
0.32 0.01 2.39089
0.32 0.015 2.36275
0.32 0.02 2.33553
0.32 0.025 2.30777
0.32 0.03 2.27836
0.32 0.035 2.24649
0.32 0.04 2.21161
0.32 0.045 2.17334
0.32 0.05 2.13148
0.32 0.055 2.08591
0.32 0.06 2.0366
0.32 0.065 1.98359
0.32 0.07 1.92694
0.32 0.075 1.86673
0.32 0.08 1.80308
0.32 0.085 1.73611
0.32 0.09 1.66596
0.32 0.095 1.59276
0.32 0.1 1.51668
0.32 0.105 1.43787
0.32 0.11 1.3565
0.32 0.115 1.27276
0.32 0.12 1.1868
0.32 0.125 1.09883
0.32 0.13 1.00901
0.32 0.135 0.917542
0.32 0.14 0.824593
0.32 0.145 0.730344
0.32 0.15 0.634966
0.32 0.155 0.538624
0.32 0.16 0.441477
0.32 0.165 0.343679
0.32 0.17 0.245374
0.32 0.175 0.146703
0.32 0.18 0.0478002
0.32 0.185 -0.0512057
0.32 0.19 -0.15019
0.32 0.195 -0.249029
0.32 0.2 -0.347613
0.325 0 2.61531
0.325 0.005 2.5898
0.325 0.01 2.56606
0.325 0.015 2.54233
0.325 0.02 2.51716
0.325 0.025 2.48945
0.325 0.03 2.45842
0.325 0.035 2.42357
0.325 0.04 2.3846
0.325 0.045 2.34142
0.325 0.05 2.294
0.325 0.055 2.24242
0.325 0.06 2.18681
0.325 0.065 2.12732
0.325 0.07 2.0641
0.325 0.075 1.99731
0.325 0.08 1.92712
0.325 0.085 1.85369
0.325 0.09 1.77718
0.325 0.095 1.69777
0.325 0.1 1.6156
0.325 0.105 1.53085
0.325 0.11 1.44368
0.325 0.115 1.35427
0.325 0.12 1.2628
0.325 0.125 1.16943
0.325 0.13 1.07434
0.325 0.135 0.97772
0.325 0.14 0.879727
0.325 0.145 0.780533
0.325 0.15 0.680302
0.325 0.155 0.57919
0.325 0.16 0.477348
0.325 0.165 0.374921
0.325 0.17 0.272046
0.325 0.175 0.168853
0.325 0.18 0.0654706
0.325 0.185 -0.0379822
0.325 0.19 -0.141388
0.325 0.195 -0.244633
0.325 0.2 -0.347613
0.33 0 2.78967
0.33 0.005 2.77539
0.33 0.01 2.75936
0.33 0.015 2.7402
0.33 0.02 2.71687
0.33 0.025 2.68868
0.33 0.03 2.65523
0.33 0.035 2.61642
0.33 0.04 2.5723
0.33 0.045 2.52306
0.33 0.05 2.46896
0.33 0.055 2.41028
0.33 0.06 2.34731
0.33 0.065 2.28035
0.33 0.07 2.20964
0.33 0.075 2.13543
0.33 0.08 2.05793
0.33 0.085 1.97735
0.33 0.09 1.89387
0.33 0.095 1.80765
0.33 0.1 1.71889
0.33 0.105 1.62773
0.33 0.11 1.53435
0.33 0.115 1.4389
0.33 0.12 1.34157
0.33 0.125 1.2425
0.33 0.13 1.14187
0.33 0.135 1.03985
0.33 0.14 0.936584
0.33 0.145 0.83224
0.33 0.15 0.726967
0.33 0.155 0.620913
0.33 0.16 0.514217
0.33 0.165 0.407012
0.33 0.17 0.299428
0.33 0.175 0.191584
0.33 0.18 0.0835978
0.33 0.185 -0.0244204
0.33 0.19 -0.132363
0.33 0.195 -0.240126
0.33 0.2 -0.347613
0.335 0 2.9832
0.335 0.005 2.9812
0.335 0.01 2.97342
0.335 0.015 2.95885
0.335 0.02 2.93691
0.335 0.025 2.9074
0.335 0.03 2.87044
0.335 0.035 2.8264
0.335 0.04 2.77577
0.335 0.045 2.7191
0.335 0.05 2.65696
0.335 0.055 2.58989
0.335 0.06 2.51837
0.335 0.065 2.44283
0.335 0.07 2.36364
0.335 0.075 2.28109
0.335 0.08 2.19547
0.335 0.085 2.107
0.335 0.09 2.01588
0.335 0.095 1.92229
0.335 0.1 1.8264
0.335 0.105 1.72837
0.335 0.11 1.62835
0.335 0.115 1.5265
0.335 0.12 1.42297
0.335 0.125 1.31791
0.335 0.13 1.21147
0.335 0.135 1.1038
0.335 0.14 0.99505
0.335 0.145 0.885359
0.335 0.15 0.774866
0.335 0.155 0.663706
0.335 0.16 0.552006
0.335 0.165 0.439886
0.335 0.17 0.327464
0.335 0.175 0.214848
0.335 0.18 0.102144
0.335 0.185 -0.0105486
0.335 0.19 -0.123134
0.335 0.195 -0.235517
0.335 0.2 -0.347613
0.34 0 3.19909
0.34 0.005 3.21052
0.34 0.01 3.21142
0.34 0.015 3.20121
0.34 0.02 3.17986
0.34 0.025 3.14781
0.34 0.03 3.10584
0.34 0.035 3.05492
0.34 0.04 2.99606
0.34 0.045 2.93028
0.34 0.05 2.85851
0.34 0.055 2.78157
0.34 0.06 2.70014
0.34 0.065 2.61481
0.34 0.07 2.52603
0.34 0.075 2.43418
0.34 0.08 2.33957
0.34 0.085 2.24245
0.34 0.09 2.14302
0.34 0.095 2.04146
0.34 0.1 1.93792
0.34 0.105 1.83255
0.34 0.11 1.72549
0.34 0.115 1.61687
0.34 0.12 1.50683
0.34 0.125 1.39548
0.34 0.13 1.28298
0.34 0.135 1.16943
0.34 0.14 1.05499
0.34 0.145 0.939767
0.34 0.15 0.823888
0.34 0.155 0.70747
0.34 0.16 0.590627
0.34 0.165 0.473466
0.34 0.17 0.356088
0.34 0.175 0.238591
0.34 0.18 0.121066
0.34 0.185 0.00360079
0.34 0.19 -0.113721
0.34 0.195 -0.230817
0.34 0.2 -0.347613
0.345 0 3.44131
0.345 0.005 3.46737
0.345 0.01 3.47721
0.345 0.015 3.47076
0.345 0.02 3.44873
0.345 0.025 3.41239
0.345 0.03 3.36336
0.345 0.035 3.30338
0.345 0.04 3.23416
0.345 0.045 3.15724
0.345 0.05 3.07397
0.345 0.055 2.98546
0.345 0.06 2.89261
0.345 0.065 2.79614
0.345 0.07 2.69661
0.345 0.075 2.59444
0.345 0.08 2.48996
0.345 0.085 2.38341
0.345 0.09 2.275
0.345 0.095 2.16488
0.345 0.1 2.05318
0.345 0.105 1.94002
0.345 0.11 1.82552
0.345 0.115 1.70978
0.345 0.12 1.59291
0.345 0.125 1.47501
0.345 0.13 1.3562
0.345 0.135 1.23657
0.345 0.14 1.11625
0.345 0.145 0.995321
0.345 0.15 0.873903
0.345 0.155 0.752091
0.345 0.16 0.629982
0.345 0.165 0.507665
0.345 0.17 0.385228
0.345 0.175 0.262752
0.345 0.18 0.140316
0.345 0.185 0.017992
0.345 0.19 -0.104149
0.345 0.195 -0.226038
0.345 0.2 -0.347613
0.35 0 3.71482
0.35 0.005 3.75676
0.35 0.01 3.77551
0.35 0.015 3.77168
0.35 0.02 3.74697
0.35 0.025 3.70381
0.35 0.03 3.64496
0.35 0.035 3.57315
0.35 0.04 3.49092
0.35 0.045 3.40043
0.35 0.05 3.30347
0.35 0.055 3.20148
0.35 0.06 3.09556
0.35 0.065 2.98653
0.35 0.07 2.87503
0.35 0.075 2.76148
0.35 0.08 2.64623
0.35 0.085 2.52948
0.35 0.09 2.41142
0.35 0.095 2.29217
0.35 0.1 2.17182
0.35 0.105 2.05044
0.35 0.11 1.92813
0.35 0.115 1.80495
0.35 0.12 1.68097
0.35 0.125 1.55627
0.35 0.13 1.43093
0.35 0.135 1.30502
0.35 0.14 1.17864
0.35 0.145 1.05186
0.35 0.15 0.924771
0.35 0.155 0.797444
0.35 0.16 0.669959
0.35 0.165 0.542388
0.35 0.17 0.414802
0.35 0.175 0.287266
0.35 0.18 0.159841
0.35 0.185 0.0325857
0.35 0.19 -0.0944433
0.35 0.195 -0.221193
0.35 0.2 -0.347613
0.355 0 4.02597
0.355 0.005 4.08504
0.355 0.01 4.11216
0.355 0.015 4.10893
0.355 0.02 4.07851
0.355 0.025 4.02498
0.355 0.03 3.9526
0.355 0.035 3.8654
0.355 0.04 3.7669
0.355 0.045 3.65996
0.355 0.05 3.54685
0.355 0.055 3.42927
0.355 0.06 3.30849
0.355 0.065 3.18543
0.355 0.07 3.06069
0.355 0.075 2.93473
0.355 0.08 2.80782
0.355 0.085 2.68014
0.355 0.09 2.5518
0.355 0.095 2.42287
0.355 0.1 2.29341
0.355 0.105 2.16343
0.355 0.11 2.03296
0.355 0.115 1.90204
0.355 0.12 1.7707
0.355 0.125 1.63897
0.355 0.13 1.50691
0.355 0.135 1.37456
0.355 0.14 1.24197
0.355 0.145 1.10921
0.355 0.15 0.976333
0.355 0.155 0.843389
0.355 0.16 0.710438
0.355 0.165 0.577532
0.355 0.17 0.444723
0.355 0.175 0.312058
0.355 0.18 0.179583
0.355 0.185 0.047339
0.355 0.19 -0.0846331
0.355 0.195 -0.216295
0.355 0.2 -0.347613
0.36 0 4.38299
0.36 0.005 4.46034
0.36 0.01 4.49446
0.36 0.015 4.48848
0.36 0.02 4.4478
0.36 0.025 4.37886
0.36 0.03 4.28802
0.36 0.035 4.18093
0.36 0.04 4.06223
0.36 0.045 3.93553
0.36 0.05 3.8035
0.36 0.055 3.66808
0.36 0.06 3.53061
0.36 0.065 3.39199
0.36 0.07 3.25281
0.36 0.075 3.11342
0.36 0.08 2.97402
0.36 0.085 2.83471
0.36 0.09 2.69552
0.36 0.095 2.55644
0.36 0.1 2.41745
0.36 0.105 2.27851
0.36 0.11 2.1396
0.36 0.115 2.00068
0.36 0.12 1.86176
0.36 0.125 1.72282
0.36 0.13 1.58388
0.36 0.135 1.44494
0.36 0.14 1.30603
0.36 0.145 1.16718
0.36 0.15 1.02842
0.36 0.155 0.889776
0.36 0.16 0.751287
0.36 0.165 0.612984
0.36 0.17 0.474896
0.36 0.175 0.337053
0.36 0.18 0.199481
0.36 0.185 0.0622065
0.36 0.19 -0.0747483
0.36 0.195 -0.211361
0.36 0.2 -0.347613
0.365 0 4.79679
0.365 0.005 4.89333
0.365 0.01 4.93165
0.365 0.015 4.91744
0.365 0.02 4.85968
0.365 0.025 4.76829
0.365 0.03 4.65249
0.365 0.035 4.5199
0.365 0.04 4.37637
0.365 0.045 4.22618
0.365 0.05 4.07229
0.365 0.055 3.9167
0.365 0.06 3.76071
0.365 0.065 3.6051
0.365 0.07 3.45032
0.365 0.075 3.29658
0.365 0.08 3.14396
0.365 0.085 2.99241
0.365 0.09 2.84187
0.365 0.095 2.69223
0.365 0.1 2.54337
0.365 0.105 2.39518
0.365 0.11 2.24758
0.365 0.115 2.10047
0.365 0.12 1.95379
0.365 0.125 1.80749
0.365 0.13 1.66153
0.365 0.135 1.5159
0.365 0.14 1.37057
0.365 0.145 1.22556
0.365 0.15 1.08084
0.365 0.155 0.936445
0.365 0.16 0.792369
0.365 0.165 0.648624
0.365 0.17 0.50522
0.365 0.175 0.362166
0.365 0.18 0.219471
0.365 0.185 0.0771397
0.365 0.19 -0.0648207
0.365 0.195 -0.206406
0.365 0.2 -0.347613
0.37 0 5.28224
0.37 0.005 5.39836
0.37 0.01 5.43562
0.37 0.015 5.40424
0.37 0.02 5.31911
0.37 0.025 5.19546
0.37 0.03 5.04627
0.37 0.035 4.8814
0.37 0.04 4.70779
0.37 0.045 4.53012
0.37 0.05 4.35137
0.37 0.055 4.17337
0.37 0.06 3.99716
0.37 0.065 3.82327
0.37 0.07 3.6519
0.37 0.075 3.48305
0.37 0.08 3.31659
0.37 0.085 3.15233
0.37 0.09 2.99004
0.37 0.095 2.82952
0.37 0.1 2.67053
0.37 0.105 2.51288
0.37 0.11 2.35641
0.37 0.115 2.20095
0.37 0.12 2.04639
0.37 0.125 1.89262
0.37 0.13 1.73956
0.37 0.135 1.58716
0.37 0.14 1.43536
0.37 0.145 1.28412
0.37 0.15 1.13341
0.37 0.155 0.983226
0.37 0.16 0.833535
0.37 0.165 0.684328
0.37 0.17 0.535591
0.37 0.175 0.387314
0.37 0.18 0.239483
0.37 0.185 0.0920882
0.37 0.19 -0.054884
0.37 0.195 -0.201446
0.37 0.2 -0.347613
0.375 0 5.86024
0.375 0.005 5.99539
0.375 0.01 6.0219
0.375 0.015 5.95854
0.375 0.02 5.83052
0.375 0.025 5.66109
0.375 0.03 5.46791
0.375 0.035 5.2629
0.375 0.04 5.05361
0.375 0.045 4.84451
0.375 0.05 4.63811
0.375 0.055 4.43573
0.375 0.06 4.23789
0.375 0.065 4.0447
0.375 0.07 3.85598
0.375 0.075 3.67145
0.375 0.08 3.49072
0.375 0.085 3.31341
0.375 0.09 3.13913
0.375 0.095 2.96751
0.375 0.1 2.79823
0.375 0.105 2.63099
0.375 0.11 2.46553
0.375 0.115 2.30164
0.375 0.12 2.13913
0.375 0.125 1.97783
0.375 0.13 1.81764
0.375 0.135 1.65843
0.375 0.14 1.50012
0.375 0.145 1.34264
0.375 0.15 1.18593
0.375 0.155 1.02994
0.375 0.16 0.874635
0.375 0.165 0.719965
0.375 0.17 0.565899
0.375 0.175 0.412404
0.375 0.18 0.259448
0.375 0.185 0.107
0.375 0.19 -0.0449727
0.375 0.195 -0.1965
0.375 0.2 -0.347613
0.38 0 6.56153
0.38 0.005 6.71346
0.38 0.01 6.71102
0.38 0.015 6.59065
0.38 0.02 6.39627
0.38 0.025 6.1629
0.38 0.03 5.91306
0.38 0.035 5.65958
0.38 0.04 5.40921
0.38 0.045 5.16524
0.38 0.05 4.92899
0.38 0.055 4.70079
0.38 0.06 4.48038
0.38 0.065 4.26725
0.38 0.07 4.06077
0.38 0.075 3.86026
0.38 0.08 3.66506
0.38 0.085 3.47455
0.38 0.09 3.28816
0.38 0.095 3.10538
0.38 0.1 2.92574
0.38 0.105 2.74886
0.38 0.11 2.5744
0.38 0.115 2.40205
0.38 0.12 2.23157
0.38 0.125 2.06274
0.38 0.13 1.8954
0.38 0.135 1.72939
0.38 0.14 1.56459
0.38 0.145 1.40088
0.38 0.15 1.23818
0.38 0.155 1.07642
0.38 0.16 0.915511
0.38 0.165 0.755402
0.38 0.17 0.596033
0.38 0.175 0.437347
0.38 0.18 0.279293
0.38 0.185 0.12182
0.38 0.19 -0.0351222
0.38 0.195 -0.191583
0.38 0.2 -0.347613
0.385 0 7.43412
0.385 0.005 7.59756
0.385 0.01 7.53042
0.385 0.015 7.30929
0.385 0.02 7.01331
0.385 0.025 6.69301
0.385 0.03 6.37301
0.385 0.035 6.06351
0.385 0.04 5.76796
0.385 0.045 5.4869
0.385 0.05 5.21963
0.385 0.055 4.96501
0.385 0.06 4.72175
0.385 0.065 4.48857
0.385 0.07 4.2643
0.385 0.075 4.04784
0.385 0.08 3.83821
0.385 0.085 3.63456
0.385 0.09 3.43612
0.385 0.095 3.24223
0.385 0.1 3.0523
0.385 0.105 2.86584
0.385 0.11 2.68241
0.385 0.115 2.50166
0.385 0.12 2.32326
0.385 0.125 2.14695
0.385 0.13 1.97251
0.385 0.135 1.79974
0.385 0.14 1.62849
0.385 0.145 1.4586
0.385 0.15 1.28996
0.385 0.155 1.12246
0.385 0.16 0.956005
0.385 0.165 0.790504
0.385 0.17 0.625878
0.385 0.175 0.462049
0.385 0.18 0.298946
0.385 0.185 0.136496
0.385 0.19 -0.0253685
0.385 0.195 -0.186716
0.385 0.2 -0.347613
0.39 0 8.55552
0.39 0.005 8.71879
0.39 0.01 8.51372
0.39 0.015 8.11429
0.39 0.02 7.66632
0.39 0.025 7.23397
0.39 0.03 6.83297
0.39 0.035 6.46326
0.39 0.04 6.12123
0.39 0.045 5.80298
0.39 0.05 5.50505
0.39 0.055 5.22452
0.39 0.06 4.95892
0.39 0.065 4.70618
0.39 0.07 4.46453
0.39 0.075 4.23249
0.39 0.08 4.00876
0.39 0.085 3.79224
0.39 0.09 3.58198
0.39 0.095 3.37718
0.39 0.1 3.17714
0.39 0.105 2.98124
0.39 0.11 2.789
0.39 0.115 2.59996
0.39 0.12 2.41375
0.39 0.125 2.23006
0.39 0.13 2.04861
0.39 0.135 1.86918
0.39 0.14 1.69155
0.39 0.145 1.51556
0.39 0.15 1.34105
0.39 0.155 1.16789
0.39 0.16 0.995958
0.39 0.165 0.825135
0.39 0.17 0.655321
0.39 0.175 0.486417
0.39 0.18 0.318331
0.39 0.185 0.150972
0.39 0.19 -0.0157477
0.39 0.195 -0.181914
0.39 0.2 -0.347613
0.395 0 9.92292
0.395 0.005 10.0512
0.395 0.01 9.62597
0.395 0.015 8.95832
0.395 0.02 8.31144
0.395 0.025 7.75375
0.395 0.03 7.27143
0.395 0.035 6.84445
0.395 0.04 6.45913
0.395 0.045 6.10642
0.395 0.05 5.78004
0.395 0.055 5.47535
0.395 0.06 5.1888
0.395 0.065 4.9176
0.395 0.07 4.65947
0.395 0.075 4.41256
0.395 0.08 4.17531
0.395 0.085 3.94641
0.395 0.09 3.72475
0.395 0.095 3.50938
0.395 0.1 3.2995
0.395 0.105 3.09443
0.395 0.11 2.89357
0.395 0.115 2.69644
0.395 0.12 2.50259
0.395 0.125 2.31167
0.395 0.13 2.12335
0.395 0.135 1.93738
0.395 0.14 1.7535
0.395 0.145 1.57152
0.395 0.15 1.39125
0.395 0.155 1.21253
0.395 0.16 1.03521
0.395 0.165 0.859159
0.395 0.17 0.684248
0.395 0.175 0.510358
0.395 0.18 0.337377
0.395 0.185 0.165194
0.395 0.19 -0.00629565
0.395 0.195 -0.177197
0.395 0.2 -0.347613
0.4 0 10.6149
0.4 0.005 10.5856
0.4 0.01 10.3438
0.4 0.015 9.6106
0.4 0.02 8.84778
0.4 0.025 8.20499
0.4 0.03 7.66344
0.4 0.035 7.19237
0.4 0.04 6.77217
0.4 0.045 6.39068
0.4 0.05 6.03983
0.4 0.055 5.71388
0.4 0.06 5.40856
0.4 0.065 5.12056
0.4 0.07 4.84725
0.4 0.075 4.58651
0.4 0.08 4.33657
0.4 0.085 4.09596
0.4 0.09 3.86345
0.4 0.095 3.63798
0.4 0.1 3.41867
0.4 0.105 3.20475
0.4 0.11 2.99558
0.4 0.115 2.79061
0.4 0.12 2.58935
0.4 0.125 2.3914
0.4 0.13 2.1964
0.4 0.135 2.00405
0.4 0.14 1.81407
0.4 0.145 1.62624
0.4 0.15 1.44034
0.4 0.155 1.25619
0.4 0.16 1.07361
0.4 0.165 0.892444
0.4 0.17 0.712548
0.4 0.175 0.533781
0.4 0.18 0.356011
0.4 0.185 0.179109
0.4 0.19 0.00295229
0.4 0.195 -0.172582
0.4 0.2 -0.347613
0.405 0 10.6149
0.405 0.005 10.6014
0.405 0.01 10.4917
0.405 0.015 9.94034
0.405 0.02 9.21292
0.405 0.025 8.55802
0.405 0.03 7.99289
0.405 0.035 7.49705
0.405 0.04 7.05357
0.405 0.045 6.65084
0.405 0.05 6.28069
0.405 0.055 5.9372
0.405 0.06 5.61584
0.405 0.065 5.31314
0.405 0.07 5.02627
0.405 0.075 4.75298
0.405 0.08 4.49138
0.405 0.085 4.23991
0.405 0.09 3.99723
0.405 0.095 3.76224
0.405 0.1 3.53398
0.405 0.105 3.31164
0.405 0.11 3.09452
0.405 0.115 2.88202
0.405 0.12 2.67362
0.405 0.125 2.46888
0.405 0.13 2.26742
0.405 0.135 2.0689
0.405 0.14 1.87301
0.405 0.145 1.6795
0.405 0.15 1.48813
0.405 0.155 1.2987
0.405 0.16 1.111
0.405 0.165 0.924862
0.405 0.17 0.740113
0.405 0.175 0.556597
0.405 0.18 0.374163
0.405 0.185 0.192665
0.405 0.19 0.0119617
0.405 0.195 -0.168085
0.405 0.2 -0.347613
0.41 0 10.615
0.41 0.005 10.6004
0.41 0.01 10.5226
0.41 0.015 10.1124
0.41 0.02 9.45493
0.41 0.025 8.82364
0.41 0.03 8.26012
0.41 0.035 7.75621
0.41 0.04 7.30062
0.41 0.045 6.88433
0.41 0.05 6.50037
0.41 0.055 6.14334
0.41 0.06 5.80897
0.41 0.065 5.49387
0.41 0.07 5.19526
0.41 0.075 4.91086
0.41 0.08 4.63877
0.41 0.085 4.37738
0.41 0.09 4.12534
0.41 0.095 3.88149
0.41 0.1 3.64484
0.41 0.105 3.41455
0.41 0.11 3.18989
0.41 0.115 2.97023
0.41 0.12 2.75502
0.41 0.125 2.54379
0.41 0.13 2.33612
0.41 0.135 2.13166
0.41 0.14 1.93007
0.41 0.145 1.73109
0.41 0.15 1.53444
0.41 0.155 1.3399
0.41 0.16 1.14724
0.41 0.165 0.956288
0.41 0.17 0.766838
0.41 0.175 0.57872
0.41 0.18 0.391765
0.41 0.185 0.205811
0.41 0.19 0.0206992
0.41 0.195 -0.163724
0.41 0.2 -0.347613
0.415 0 10.615
0.415 0.005 10.5997
0.415 0.01 10.5356
0.415 0.015 10.2137
0.415 0.02 9.62021
0.415 0.025 9.02301
0.415 0.03 8.47401
0.415 0.035 7.97311
0.415 0.04 7.51409
0.415 0.045 7.09084
0.415 0.05 6.69807
0.415 0.055 6.33133
0.415 0.06 5.98694
0.415 0.065 5.66179
0.415 0.07 5.35331
0.415 0.075 5.05931
0.415 0.08 4.77796
0.415 0.085 4.50768
0.415 0.09 4.24713
0.415 0.095 3.99514
0.415 0.1 3.75073
0.415 0.105 3.51302
0.415 0.11 3.28129
0.415 0.115 3.05487
0.415 0.12 2.8332
0.415 0.125 2.61579
0.415 0.13 2.40221
0.415 0.135 2.19207
0.415 0.14 1.98503
0.415 0.145 1.78079
0.415 0.15 1.57907
0.415 0.155 1.37962
0.415 0.16 1.1822
0.415 0.165 0.986605
0.415 0.17 0.792625
0.415 0.175 0.600069
0.415 0.18 0.408754
0.415 0.185 0.218499
0.415 0.19 0.0291331
0.415 0.195 -0.159515
0.415 0.2 -0.347613
0.42 0 10.615
0.42 0.005 10.5996
0.42 0.01 10.5437
0.42 0.015 10.28
0.42 0.02 9.73825
0.42 0.025 9.1749
0.42 0.03 8.64527
0.42 0.035 8.15351
0.42 0.04 7.69686
0.42 0.045 7.27163
0.42 0.05 6.87417
0.42 0.055 6.5011
0.42 0.06 6.14939
0.42 0.065 5.81641
0.42 0.07 5.49987
0.42 0.075 5.19778
0.42 0.08 4.90842
0.42 0.085 4.63029
0.42 0.09 4.36211
0.42 0.095 4.10274
0.42 0.1 3.8512
0.42 0.105 3.60665
0.42 0.11 3.36833
0.42 0.115 3.13559
0.42 0.12 2.90785
0.42 0.125 2.68462
0.42 0.13 2.46544
0.42 0.135 2.24991
0.42 0.14 2.03769
0.42 0.145 1.82844
0.42 0.15 1.62187
0.42 0.155 1.41772
0.42 0.16 1.21574
0.42 0.165 1.0157
0.42 0.17 0.817379
0.42 0.175 0.620567
0.42 0.18 0.425067
0.42 0.185 0.230685
0.42 0.19 0.0372332
0.42 0.195 -0.155472
0.42 0.2 -0.347613
0.425 0 10.6151
0.425 0.005 10.5998
0.425 0.01 10.5494
0.425 0.015 10.3269
0.425 0.02 9.82614
0.425 0.025 9.29295
0.425 0.03 8.78337
0.425 0.035 8.30351
0.425 0.04 7.85266
0.425 0.045 7.42889
0.425 0.05 7.02987
0.425 0.055 6.65318
0.425 0.06 6.29649
0.425 0.065 5.95766
0.425 0.07 5.63473
0.425 0.075 5.32596
0.425 0.08 5.02979
0.425 0.085 4.74484
0.425 0.09 4.46991
0.425 0.095 4.20392
0.425 0.1 3.94592
0.425 0.105 3.6951
0.425 0.11 3.45071
0.425 0.115 3.2121
0.425 0.12 2.97871
0.425 0.125 2.75002
0.425 0.13 2.52558
0.425 0.135 2.30497
0.425 0.14 2.08784
0.425 0.145 1.87384
0.425 0.15 1.66268
0.425 0.155 1.45407
0.425 0.16 1.24775
0.425 0.165 1.04348
0.425 0.17 0.841015
0.425 0.175 0.640142
0.425 0.18 0.440648
0.425 0.185 0.242324
0.425 0.19 0.0449711
0.425 0.195 -0.15161
0.425 0.2 -0.347613
0.43 0 10.6151
0.43 0.005 10.6
0.43 0.01 10.5535
0.43 0.015 10.3617
0.43 0.02 9.89379
0.43 0.025 9.3865
0.43 0.03 8.8958
0.43 0.035 8.4286
0.43 0.04 7.98532
0.43 0.045 7.56517
0.43 0.05 7.16679
0.43 0.055 6.78857
0.43 0.06 6.4288
0.43 0.065 6.08579
0.43 0.07 5.75795
0.43 0.075 5.44377
0.43 0.08 5.14191
0.43 0.085 4.85111
0.43 0.09 4.57028
0.43 0.095 4.29842
0.43 0.1 4.03462
0.43 0.105 3.77811
0.43 0.11 3.52817
0.43 0.115 3.28417
0.43 0.12 3.04554
0.43 0.125 2.81178
0.43 0.13 2.58242
0.43 0.135 2.35706
0.43 0.14 2.13532
0.43 0.145 1.91686
0.43 0.15 1.70137
0.43 0.155 1.48854
0.43 0.16 1.27812
0.43 0.165 1.06984
0.43 0.17 0.86345
0.43 0.175 0.658728
0.43 0.18 0.455443
0.43 0.185 0.253379
0.43 0.19 0.0523206
0.43 0.195 -0.147941
0.43 0.2 -0.347613
0.435 0 10.6151
0.435 0.005 10.6003
0.435 0.01 10.5565
0.435 0.015 10.3883
0.435 0.02 9.94717
0.435 0.025 9.46186
0.435 0.03 8.98819
0.435 0.035 8.53335
0.435 0.04 8.09831
0.435 0.045 7.68298
0.435 0.05 7.2867
0.435 0.055 6.90846
0.435 0.06 6.54708
0.435 0.065 6.20127
0.435 0.07 5.86976
0.435 0.075 5.55131
0.435 0.08 5.24476
0.435 0.085 4.94902
0.435 0.09 4.66309
0.435 0.095 4.38607
0.435 0.1 4.11712
0.435 0.105 3.8555
0.435 0.11 3.60053
0.435 0.115 3.3516
0.435 0.12 3.10816
0.435 0.125 2.86971
0.435 0.13 2.63581
0.435 0.135 2.40602
0.435 0.14 2.17999
0.435 0.145 1.95736
0.435 0.15 1.7378
0.435 0.155 1.52103
0.435 0.16 1.30675
0.435 0.165 1.09469
0.435 0.17 0.884613
0.435 0.175 0.676263
0.435 0.18 0.469405
0.435 0.185 0.263812
0.435 0.19 0.0592574
0.435 0.195 -0.144478
0.435 0.2 -0.347613
0.44 0 10.6152
0.44 0.005 10.6005
0.44 0.01 10.5588
0.44 0.015 10.4092
0.44 0.02 9.99003
0.44 0.025 9.52334
0.44 0.03 9.06474
0.44 0.035 8.62141
0.44 0.04 8.19462
0.44 0.045 7.78467
0.44 0.05 7.39136
0.44 0.055 7.01416
0.44 0.06 6.65225
0.44 0.065 6.30472
0.44 0.07 5.97058
0.44 0.075 5.64882
0.44 0.08 5.33847
0.44 0.085 5.03859
0.44 0.09 4.74831
0.44 0.095 4.46679
0.44 0.1 4.19329
0.44 0.105 3.92712
0.44 0.11 3.66762
0.44 0.115 3.41423
0.44 0.12 3.16641
0.44 0.125 2.92368
0.44 0.13 2.68558
0.44 0.135 2.45172
0.44 0.14 2.22171
0.44 0.145 1.99521
0.44 0.15 1.77188
0.44 0.155 1.55142
0.44 0.16 1.33354
0.44 0.165 1.11797
0.44 0.17 0.904436
0.44 0.175 0.692691
0.44 0.18 0.482489
0.44 0.185 0.27359
0.44 0.19 0.0657594
0.44 0.195 -0.141232
0.44 0.2 -0.347613
0.445 0 10.6152
0.445 0.005 10.6007
0.445 0.01 10.5606
0.445 0.015 10.4257
0.445 0.02 10.0249
0.445 0.025 9.57397
0.445 0.03 9.12853
0.445 0.035 8.69567
0.445 0.04 8.27674
0.445 0.045 7.87229
0.445 0.05 7.48242
0.445 0.055 7.1069
0.445 0.06 6.74525
0.445 0.065 6.39682
0.445 0.07 6.06087
0.445 0.075 5.7366
0.445 0.08 5.42322
0.445 0.085 5.11992
0.445 0.09 4.82594
0.445 0.095 4.54056
0.445 0.1 4.26309
0.445 0.105 3.99288
0.445 0.11 3.72935
0.445 0.115 3.47195
0.445 0.12 3.22017
0.445 0.125 2.97355
0.445 0.13 2.73163
0.445 0.135 2.49404
0.445 0.14 2.26038
0.445 0.145 2.03031
0.445 0.15 1.8035
0.445 0.155 1.57964
0.445 0.16 1.35843
0.445 0.165 1.1396
0.445 0.17 0.922861
0.445 0.175 0.707965
0.445 0.18 0.494654
0.445 0.185 0.282683
0.445 0.19 0.0718068
0.445 0.195 -0.138213
0.445 0.2 -0.347613
0.45 0 10.6152
0.45 0.005 10.6008
0.45 0.01 10.562
0.45 0.015 10.4388
0.45 0.02 10.0534
0.45 0.025 9.61592
0.45 0.03 9.18189
0.45 0.035 8.75837
0.45 0.04 8.34672
0.45 0.045 7.94761
0.45 0.05 7.56134
0.45 0.055 7.18789
0.45 0.06 6.82701
0.45 0.065 6.47829
0.45 0.07 6.14117
0.45 0.075 5.81505
0.45 0.08 5.49927
0.45 0.085 5.19317
0.45 0.09 4.8961
0.45 0.095 4.60741
0.45 0.1 4.32649
0.45 0.105 4.05275
0.45 0.11 3.78566
0.45 0.115 3.52469
0.45 0.12 3.26936
0.45 0.125 3.01923
0.45 0.13 2.77387
0.45 0.135 2.53288
0.45 0.14 2.2959
0.45 0.145 2.06258
0.45 0.15 1.83259
0.45 0.155 1.60561
0.45 0.16 1.38135
0.45 0.165 1.15951
0.45 0.17 0.939834
0.45 0.175 0.722038
0.45 0.18 0.505867
0.45 0.185 0.291065
0.45 0.19 0.0773817
0.45 0.195 -0.135429
0.45 0.2 -0.347613
0.455 0 10.6153
0.455 0.005 10.6009
0.455 0.01 10.5631
0.455 0.015 10.4493
0.455 0.02 10.0769
0.455 0.025 9.65076
0.455 0.03 9.22658
0.455 0.035 8.81128
0.455 0.04 8.40623
0.455 0.045 8.01214
0.455 0.05 7.62941
0.455 0.055 7.25819
0.455 0.06 6.89841
0.455 0.065 6.5498
0.455 0.07 6.212
0.455 0.075 5.88454
0.455 0.08 5.56691
0.455 0.085 5.25854
0.455 0.09 4.9589
0.455 0.095 4.6674
0.455 0.1 4.38352
0.455 0.105 4.10673
0.455 0.11 3.83651
0.455 0.115 3.57239
0.455 0.12 3.31392
0.455 0.125 3.06066
0.455 0.13 2.8122
0.455 0.135 2.56817
0.455 0.14 2.3282
0.455 0.145 2.09194
0.455 0.15 1.85907
0.455 0.155 1.62926
0.455 0.16 1.40223
0.455 0.165 1.17767
0.455 0.17 0.955311
0.455 0.175 0.734874
0.455 0.18 0.516095
0.455 0.185 0.298712
0.455 0.19 0.0824684
0.455 0.195 -0.132889
0.455 0.2 -0.347613
0.46 0 10.6153
0.46 0.005 10.601
0.46 0.01 10.5639
0.46 0.015 10.4578
0.46 0.02 10.0962
0.46 0.025 9.6797
0.46 0.03 9.26394
0.46 0.035 8.85581
0.46 0.04 8.45662
0.46 0.045 8.0671
0.46 0.05 7.68773
0.46 0.055 7.31876
0.46 0.06 6.96023
0.46 0.065 6.61202
0.46 0.07 6.27389
0.46 0.075 5.9455
0.46 0.08 5.62644
0.46 0.085 5.31626
0.46 0.09 5.01449
0.46 0.095 4.72065
0.46 0.1 4.43425
0.46 0.105 4.15482
0.46 0.11 3.8819
0.46 0.115 3.61503
0.46 0.12 3.35379
0.46 0.125 3.09777
0.46 0.13 2.84659
0.46 0.135 2.59985
0.46 0.14 2.35721
0.46 0.145 2.11833
0.46 0.15 1.88288
0.46 0.155 1.65055
0.46 0.16 1.42103
0.46 0.165 1.19402
0.46 0.17 0.969252
0.46 0.175 0.746439
0.46 0.18 0.525312
0.46 0.185 0.305604
0.46 0.19 0.0870532
0.46 0.195 -0.1306
0.46 0.2 -0.347613
0.465 0 10.6153
0.465 0.005 10.6011
0.465 0.01 10.5646
0.465 0.015 10.4645
0.465 0.02 10.1121
0.465 0.025 9.70364
0.465 0.03 9.29502
0.465 0.035 8.89305
0.465 0.04 8.49897
0.465 0.045 8.11353
0.465 0.05 7.73724
0.465 0.055 7.37041
0.465 0.06 7.01318
0.465 0.065 6.66553
0.465 0.07 6.32731
0.465 0.075 5.99829
0.465 0.08 5.67816
0.465 0.085 5.36654
0.465 0.09 5.06305
0.465 0.095 4.76726
0.465 0.1 4.47874
0.465 0.105 4.19708
0.465 0.11 3.92183
0.465 0.115 3.6526
0.465 0.12 3.38897
0.465 0.125 3.13055
0.465 0.13 2.87698
0.465 0.135 2.62787
0.465 0.14 2.3829
0.465 0.145 2.14171
0.465 0.15 1.90399
0.465 0.155 1.66942
0.465 0.16 1.4377
0.465 0.165 1.20853
0.465 0.17 0.981623
0.465 0.175 0.756703
0.465 0.18 0.533494
0.465 0.185 0.311723
0.465 0.19 0.0911242
0.465 0.195 -0.128567
0.465 0.2 -0.347613
0.47 0 10.6153
0.47 0.005 10.6012
0.47 0.01 10.5651
0.47 0.015 10.4699
0.47 0.02 10.125
0.47 0.025 9.72326
0.47 0.03 9.32063
0.47 0.035 8.92386
0.47 0.04 8.53417
0.47 0.045 8.15227
0.47 0.05 7.77871
0.47 0.055 7.41385
0.47 0.06 7.05787
0.47 0.065 6.71085
0.47 0.07 6.37271
0.47 0.075 6.04329
0.47 0.08 5.72236
0.47 0.085 5.40961
0.47 0.09 5.10473
0.47 0.095 4.80735
0.47 0.1 4.51708
0.47 0.105 4.23354
0.47 0.11 3.95635
0.47 0.115 3.68511
0.47 0.12 3.41944
0.47 0.125 3.15897
0.47 0.13 2.90335
0.47 0.135 2.65221
0.47 0.14 2.40521
0.47 0.145 2.16203
0.47 0.15 1.92235
0.47 0.155 1.68584
0.47 0.16 1.45221
0.47 0.165 1.22116
0.47 0.17 0.992396
0.47 0.175 0.765644
0.47 0.18 0.540621
0.47 0.185 0.317054
0.47 0.19 0.0946713
0.47 0.195 -0.126796
0.47 0.2 -0.347613
0.475 0 10.6153
0.475 0.005 10.6013
0.475 0.01 10.5655
0.475 0.015 10.4741
0.475 0.02 10.1354
0.475 0.025 9.73911
0.475 0.03 9.34139
0.475 0.035 8.94893
0.475 0.04 8.5629
0.475 0.045 8.18401
0.475 0.05 7.8128
0.475 0.055 7.44966
0.475 0.06 7.09484
0.475 0.065 6.74844
0.475 0.07 6.41046
0.475 0.075 6.0808
0.475 0.08 5.75929
0.475 0.085 5.44568
0.475 0.09 5.1397
0.475 0.095 4.84103
0.475 0.1 4.54934
0.475 0.105 4.26427
0.475 0.11 3.98547
0.475 0.115 3.71256
0.475 0.12 3.4452
0.475 0.125 3.18302
0.475 0.13 2.92568
0.475 0.135 2.67283
0.475 0.14 2.42413
0.475 0.145 2.17927
0.475 0.15 1.93792
0.475 0.155 1.69977
0.475 0.16 1.46453
0.475 0.165 1.23188
0.475 0.17 1.00155
0.475 0.175 0.77324
0.475 0.18 0.546678
0.475 0.185 0.321585
0.475 0.19 0.0976861
0.475 0.195 -0.12529
0.475 0.2 -0.347613
0.48 0 10.6154
0.48 0.005 10.6013
0.48 0.01 10.5658
0.48 0.015 10.4773
0.48 0.02 10.1435
0.48 0.025 9.75158
0.48 0.03 9.35779
0.48 0.035 8.96879
0.48 0.04 8.58572
0.48 0.045 8.20929
0.48 0.05 7.84002
0.48 0.055 7.47834
0.48 0.06 7.12451
0.48 0.065 6.77868
0.48 0.07 6.4409
0.48 0.075 6.11111
0.48 0.08 5.78918
0.48 0.085 5.47492
0.48 0.09 5.1681
0.48 0.095 4.86843
0.48 0.1 4.57561
0.48 0.105 4.28933
0.48 0.11 4.00923
0.48 0.115 3.73499
0.48 0.12 3.46626
0.48 0.125 3.20269
0.48 0.13 2.94395
0.48 0.135 2.68971
0.48 0.14 2.43963
0.48 0.145 2.1934
0.48 0.15 1.95069
0.48 0.155 1.71121
0.48 0.16 1.47464
0.48 0.165 1.24068
0.48 0.17 1.00906
0.48 0.175 0.779476
0.48 0.18 0.551651
0.48 0.185 0.325305
0.48 0.19 0.100162
0.48 0.195 -0.124054
0.48 0.2 -0.347613
0.485 0 10.6154
0.485 0.005 10.6013
0.485 0.01 10.5661
0.485 0.015 10.4797
0.485 0.02 10.1496
0.485 0.025 9.761
0.485 0.03 9.37019
0.485 0.035 8.98384
0.485 0.04 8.60306
0.485 0.045 8.22853
0.485 0.05 7.86079
0.485 0.055 7.50026
0.485 0.06 7.14723
0.485 0.065 6.80188
0.485 0.07 6.46429
0.485 0.075 6.13444
0.485 0.08 5.81223
0.485 0.085 5.4975
0.485 0.09 5.19005
0.485 0.095 4.88963
0.485 0.1 4.59597
0.485 0.105 4.30875
0.485 0.11 4.02767
0.485 0.115 3.75241
0.485 0.12 3.48262
0.485 0.125 3.21799
0.485 0.13 2.95817
0.485 0.135 2.70285
0.485 0.14 2.4517
0.485 0.145 2.2044
0.485 0.15 1.96064
0.485 0.155 1.72011
0.485 0.16 1.48251
0.485 0.165 1.24755
0.485 0.17 1.01492
0.485 0.175 0.784339
0.485 0.18 0.55553
0.485 0.185 0.328207
0.485 0.19 0.102093
0.485 0.195 -0.123089
0.485 0.2 -0.347613
0.49 0 10.6154
0.49 0.005 10.6014
0.49 0.01 10.5662
0.49 0.015 10.4814
0.49 0.02 10.1538
0.49 0.025 9.76757
0.49 0.03 9.37887
0.49 0.035 8.99439
0.49 0.04 8.61523
0.49 0.045 8.24206
0.49 0.05 7.87541
0.49 0.055 7.51571
0.49 0.06 7.16327
0.49 0.065 6.81829
0.49 0.07 6.48085
0.49 0.075 6.15097
0.49 0.08 5.82858
0.49 0.085 5.51354
0.49 0.09 5.20566
0.49 0.095 4.90472
0.49 0.1 4.61046
0.49 0.105 4.32259
0.49 0.11 4.04082
0.49 0.115 3.76483
0.49 0.12 3.4943
0.49 0.125 3.22891
0.49 0.13 2.96833
0.49 0.135 2.71224
0.49 0.14 2.46033
0.49 0.145 2.21227
0.49 0.15 1.96776
0.49 0.155 1.72649
0.49 0.16 1.48815
0.49 0.165 1.25246
0.49 0.17 1.01911
0.49 0.175 0.78782
0.49 0.18 0.558305
0.49 0.185 0.330284
0.49 0.19 0.103475
0.49 0.195 -0.122399
0.49 0.2 -0.347613
0.495 0 10.6154
0.495 0.005 10.6014
0.495 0.01 10.5663
0.495 0.015 10.4823
0.495 0.02 10.1563
0.495 0.025 9.77145
0.495 0.03 9.38401
0.495 0.035 9.00064
0.495 0.04 8.62245
0.495 0.045 8.25009
0.495 0.05 7.88409
0.495 0.055 7.5249
0.495 0.06 7.17282
0.495 0.065 6.82806
0.495 0.07 6.49073
0.495 0.075 6.16084
0.495 0.08 5.83835
0.495 0.085 5.52312
0.495 0.09 5.21499
0.495 0.095 4.91375
0.495 0.1 4.61914
0.495 0.105 4.33089
0.495 0.11 4.0487
0.495 0.115 3.77228
0.495 0.12 3.50131
0.495 0.125 3.23546
0.495 0.13 2.97443
0.495 0.135 2.71788
0.495 0.14 2.46551
0.495 0.145 2.217
0.495 0.15 1.97203
0.495 0.155 1.73031
0.495 0.16 1.49154
0.495 0.165 1.2554
0.495 0.17 1.02163
0.495 0.175 0.78991
0.495 0.18 0.559973
0.495 0.185 0.331531
0.495 0.19 0.104305
0.495 0.195 -0.121984
0.495 0.2 -0.347613
0.5 0 10.6154
0.5 0.005 10.6014
0.5 0.01 10.5663
0.5 0.015 10.4826
0.5 0.02 10.1572
0.5 0.025 9.77274
0.5 0.03 9.38571
0.5 0.035 9.00271
0.5 0.04 8.62484
0.5 0.045 8.25275
0.5 0.05 7.88697
0.5 0.055 7.52795
0.5 0.06 7.17599
0.5 0.065 6.83131
0.5 0.07 6.49401
0.5 0.075 6.16412
0.5 0.08 5.84159
0.5 0.085 5.52631
0.5 0.09 5.2181
0.5 0.095 4.91675
0.5 0.1 4.62203
0.5 0.105 4.33365
0.5 0.11 4.05133
0.5 0.115 3.77476
0.5 0.12 3.50364
0.5 0.125 3.23764
0.5 0.13 2.97646
0.5 0.135 2.71976
0.5 0.14 2.46724
0.5 0.145 2.21857
0.5 0.15 1.97346
0.5 0.155 1.73159
0.5 0.16 1.49267
0.5 0.165 1.25639
0.5 0.17 1.02247
0.5 0.175 0.790608
0.5 0.18 0.560529
0.5 0.185 0.331948
0.5 0.19 0.104582
0.5 0.195 -0.121846
0.5 0.2 -0.347613
