0 0 0.409476
0 0.005 0.413334
0 0.01 0.451232
0 0.015 0.474474
0 0.02 -0.0559245
0 0.025 -2.16397
0 0.03 -6.05283
0 0.035 -11.2095
0 0.04 -17.1056
0 0.045 -23.3923
0 0.05 -29.869
0 0.055 -36.4183
0 0.06 -42.9567
0 0.065 -49.4077
0 0.07 -55.6908
0 0.075 -61.7191
0 0.08 -67.4015
0 0.085 -72.6471
0 0.09 -77.3681
0 0.095 -81.4843
0 0.1 -84.925
0 0.105 -87.6312
0 0.11 -89.5566
0 0.115 -90.6677
0 0.12 -90.9441
0 0.125 -90.3773
0 0.13 -88.9707
0 0.135 -86.7381
0 0.14 -83.7027
0 0.145 -79.8966
0 0.15 -75.3593
0 0.155 -70.1373
0 0.16 -64.2829
0 0.165 -57.8544
0 0.17 -50.915
0 0.175 -43.5337
0 0.18 -35.7852
0 0.185 -27.7505
0 0.19 -19.5164
0 0.195 -11.1716
0 0.2 -4.19052
0.005 0 0.684646
0.005 0.005 0.835826
0.005 0.01 0.909343
0.005 0.015 0.807088
0.005 0.02 -0.728801
0.005 0.025 -5.56378
0.005 0.03 -13.798
0.005 0.035 -24.375
0.005 0.04 -36.3036
0.005 0.045 -48.9452
0.005 0.05 -61.9334
0.005 0.055 -75.0483
0.005 0.06 -88.1261
0.005 0.065 -101.011
0.005 0.07 -113.538
0.005 0.075 -125.528
0.005 0.08 -136.797
0.005 0.085 -147.162
0.005 0.09 -156.446
0.005 0.095 -164.492
0.005 0.1 -171.161
0.005 0.105 -176.339
0.005 0.11 -179.937
0.005 0.115 -181.892
0.005 0.12 -182.168
0.005 0.125 -180.752
0.005 0.13 -177.656
0.005 0.135 -172.91
0.005 0.14 -166.564
0.005 0.145 -158.686
0.005 0.15 -149.358
0.005 0.155 -138.674
0.005 0.16 -126.742
0.005 0.165 -113.681
0.005 0.17 -99.6187
0.005 0.175 -84.6958
0.005 0.18 -69.064
0.005 0.185 -52.8875
0.005 0.19 -36.3411
0.005 0.195 -19.6
0.005 0.2 -8.40544
0.01 0 1.50781
0.01 0.005 1.67655
0.01 0.01 1.81079
0.01 0.015 1.43281
0.01 0.02 -2.15516
0.01 0.025 -12.4669
0.01 0.03 -29.3793
0.01 0.035 -50.7647
0.01 0.04 -74.7294
0.01 0.045 -100.072
0.01 0.05 -126.105
0.01 0.055 -152.405
0.01 0.06 -178.647
0.01 0.065 -204.51
0.01 0.07 -229.651
0.01 0.075 -253.701
0.01 0.08 -276.279
0.01 0.085 -297.011
0.01 0.09 -315.541
0.01 0.095 -331.549
0.01 0.1 -344.759
0.01 0.105 -354.945
0.01 0.11 -361.932
0.01 0.115 -365.602
0.01 0.12 -365.885
0.01 0.125 -362.764
0.01 0.13 -356.263
0.01 0.135 -346.452
0.01 0.14 -333.435
0.01 0.145 -317.351
0.01 0.15 -298.369
0.01 0.155 -276.682
0.01 0.16 -252.509
0.01 0.165 -226.089
0.01 0.17 -197.683
0.01 0.175 -167.575
0.01 0.18 -136.071
0.01 0.185 -103.503
0.01 0.19 -70.223
0.01 0.195 -36.579
0.01 0.2 -14.0906
0.015 0 2.33001
0.015 0.005 2.50421
0.015 0.01 2.66838
0.015 0.015 1.94369
0.015 0.02 -3.80957
0.015 0.025 -19.6543
0.015 0.03 -45.1996
0.015 0.035 -77.2942
0.015 0.04 -113.207
0.015 0.045 -151.222
0.015 0.05 -190.357
0.015 0.055 -229.994
0.015 0.06 -269.635
0.015 0.065 -308.779
0.015 0.07 -346.882
0.015 0.075 -383.36
0.015 0.08 -417.618
0.015 0.085 -449.068
0.015 0.09 -477.161
0.015 0.095 -501.407
0.015 0.1 -521.384
0.015 0.105 -536.75
0.015 0.11 -547.247
0.015 0.115 -552.699
0.015 0.12 -553.009
0.015 0.125 -548.154
0.015 0.13 -538.181
0.015 0.135 -523.2
0.015 0.14 -503.374
0.015 0.145 -478.917
0.015 0.15 -450.089
0.015 0.155 -417.184
0.015 0.16 -380.536
0.015 0.165 -340.508
0.015 0.17 -297.497
0.015 0.175 -251.93
0.015 0.18 -204.272
0.015 0.185 -155.024
0.015 0.19 -104.718
0.015 0.195 -53.8769
0.015 0.2 -19.8984
0.02 0 3.14939
0.02 0.005 3.30744
0.02 0.01 3.44763
0.02 0.015 2.2559
0.02 0.02 -5.84339
0.02 0.025 -27.2924
0.02 0.03 -61.3676
0.02 0.035 -103.981
0.02 0.04 -151.675
0.02 0.045 -202.302
0.02 0.05 -254.625
0.02 0.055 -307.837
0.02 0.06 -361.254
0.02 0.065 -414.162
0.02 0.07 -465.777
0.02 0.075 -515.267
0.02 0.08 -561.779
0.02 0.085 -604.491
0.02 0.09 -642.637
0.02 0.095 -675.539
0.02 0.1 -702.622
0.02 0.105 -723.427
0.02 0.11 -737.609
0.02 0.115 -744.94
0.02 0.12 -745.297
0.02 0.125 -738.663
0.02 0.13 -725.11
0.02 0.135 -704.793
0.02 0.14 -677.944
0.02 0.145 -644.859
0.02 0.15 -605.889
0.02 0.155 -561.441
0.02 0.16 -511.964
0.02 0.165 -457.951
0.02 0.17 -399.936
0.02 0.175 -338.498
0.02 0.18 -274.26
0.02 0.185 -207.898
0.02 0.19 -140.125
0.02 0.195 -71.6432
0.02 0.2 -25.8791
0.025 0 3.96252
0.025 0.005 4.06857
0.025 0.01 4.09777
0.025 0.015 2.25281
0.025 0.02 -8.45438
0.025 0.025 -35.577
0.025 0.03 -77.9739
0.025 0.035 -130.768
0.025 0.04 -189.954
0.025 0.045 -253.074
0.025 0.05 -318.693
0.025 0.055 -385.826
0.025 0.06 -453.567
0.025 0.065 -520.937
0.025 0.07 -586.858
0.025 0.075 -650.184
0.025 0.08 -709.765
0.025 0.085 -764.495
0.025 0.09 -813.366
0.025 0.095 -855.495
0.025 0.1 -890.144
0.025 0.105 -916.73
0.025 0.11 -934.826
0.025 0.115 -944.155
0.025 0.12 -944.58
0.025 0.125 -936.092
0.025 0.13 -918.802
0.025 0.135 -892.921
0.025 0.14 -858.754
0.025 0.145 -816.687
0.025 0.15 -767.177
0.025 0.155 -710.741
0.025 0.16 -647.956
0.025 0.165 -579.449
0.025 0.17 -505.896
0.025 0.175 -428.03
0.025 0.18 -346.64
0.025 0.185 -262.579
0.025 0.19 -176.747
0.025 0.195 -90.0299
0.025 0.2 -32.0835
0.03 0 4.76323
0.03 0.005 4.75893
0.03 0.01 4.54016
0.03 0.015 1.7634
0.03 0.02 -11.9136
0.03 0.025 -44.7458
0.03 0.03 -95.0725
0.03 0.035 -157.471
0.03 0.04 -227.665
0.03 0.045 -303.065
0.03 0.05 -382.12
0.03 0.055 -463.655
0.03 0.06 -546.489
0.03 0.065 -629.296
0.03 0.07 -710.61
0.03 0.075 -788.895
0.03 0.08 -862.63
0.03 0.085 -930.378
0.03 0.09 -990.852
0.03 0.095 -1042.94
0.03 0.1 -1085.73
0.03 0.105 -1118.53
0.03 0.11 -1140.81
0.03 0.115 -1152.28
0.03 0.12 -1152.78
0.03 0.125 -1142.33
0.03 0.13 -1121.09
0.03 0.135 -1089.34
0.03 0.14 -1047.47
0.03 0.145 -995.964
0.03 0.15 -935.398
0.03 0.155 -866.41
0.03 0.16 -789.707
0.03 0.165 -706.058
0.03 0.17 -616.29
0.03 0.175 -521.294
0.03 0.18 -422.03
0.03 0.185 -319.532
0.03 0.19 -214.894
0.03 0.195 -109.192
0.03 0.2 -38.5637
0.035 0 5.54053
0.035 0.005 5.33084
0.035 0.01 4.64905
0.035 0.015 0.528193
0.035 0.02 -16.6049
0.035 0.025 -55.0909
0.035 0.03 -112.643
0.035 0.035 -183.695
0.035 0.04 -264.12
0.035 0.045 -351.458
0.035 0.05 -444.13
0.035 0.055 -540.744
0.035 0.06 -639.743
0.035 0.065 -739.32
0.035 0.07 -837.494
0.035 0.075 -932.221
0.035 0.08 -1021.52
0.035 0.085 -1103.56
0.035 0.09 -1176.74
0.035 0.095 -1239.69
0.035 0.1 -1291.33
0.035 0.105 -1330.84
0.035 0.11 -1357.63
0.035 0.115 -1371.37
0.035 0.12 -1371.92
0.035 0.125 -1359.35
0.035 0.13 -1333.88
0.035 0.135 -1295.87
0.035 0.14 -1245.82
0.035 0.145 -1184.31
0.035 0.15 -1112.05
0.035 0.155 -1029.82
0.035 0.16 -938.449
0.035 0.165 -838.868
0.035 0.17 -732.059
0.035 0.175 -619.078
0.035 0.18 -501.061
0.035 0.185 -379.233
0.035 0.19 -254.886
0.035 0.195 -129.29
0.035 0.2 -45.3734
0.04 0 6.27503
0.04 0.005 5.70366
0.04 0.01 4.21893
0.04 0.015 -1.85596
0.04 0.02 -23.0831
0.04 0.025 -66.9682
0.04 0.03 -130.52
0.04 0.035 -208.688
0.04 0.04 -298.138
0.04 0.045 -396.9
0.04 0.05 -503.464
0.04 0.055 -616.136
0.04 0.06 -732.801
0.04 0.065 -850.971
0.04 0.07 -967.956
0.04 0.075 -1081.06
0.04 0.08 -1187.72
0.04 0.085 -1285.65
0.04 0.09 -1372.87
0.04 0.095 -1447.78
0.04 0.1 -1509.08
0.04 0.105 -1555.86
0.04 0.11 -1587.5
0.04 0.115 -1603.64
0.04 0.12 -1604.2
0.04 0.125 -1589.29
0.04 0.13 -1559.22
0.04 0.135 -1514.46
0.04 0.14 -1455.62
0.04 0.145 -1383.42
0.04 0.15 -1298.7
0.04 0.155 -1202.38
0.04 0.16 -1095.45
0.04 0.165 -979.002
0.04 0.17 -854.172
0.04 0.175 -722.193
0.04 0.18 -584.387
0.04 0.185 -442.173
0.04 0.19 -297.048
0.04 0.195 -150.486
0.04 0.2 -52.5676
0.045 0 6.93268
0.045 0.005 5.73908
0.045 0.01 2.90779
0.045 0.015 -6.02695
0.045 0.02 -32.1614
0.045 0.025 -80.7941
0.045 0.03 -148.252
0.045 0.035 -231.099
0.045 0.04 -327.761
0.045 0.045 -437.25
0.045 0.05 -558.185
0.045 0.055 -688.372
0.045 0.06 -824.834
0.045 0.065 -964.088
0.045 0.07 -1102.48
0.045 0.075 -1236.44
0.045 0.08 -1362.72
0.045 0.085 -1478.48
0.045 0.09 -1581.36
0.045 0.095 -1669.47
0.045 0.1 -1741.37
0.045 0.105 -1796.05
0.045 0.11 -1832.87
0.045 0.115 -1851.51
0.045 0.12 -1851.95
0.045 0.125 -1834.38
0.045 0.13 -1799.25
0.045 0.135 -1747.13
0.045 0.14 -1678.78
0.045 0.145 -1595.06
0.045 0.15 -1496.97
0.045 0.155 -1385.58
0.045 0.16 -1262.05
0.045 0.165 -1127.62
0.045 0.17 -983.632
0.045 0.175 -831.48
0.045 0.18 -672.68
0.045 0.185 -508.855
0.045 0.19 -341.718
0.045 0.195 -172.95
0.045 0.2 -60.2029
0.05 0 7.45334
0.05 0.005 5.19613
0.05 0.01 0.137075
0.05 0.015 -13.0094
0.05 0.02 -45.0388
0.05 0.025 -97.0011
0.05 0.03 -164.836
0.05 0.035 -248.548
0.05 0.04 -349.796
0.05 0.045 -469.181
0.05 0.05 -605.401
0.05 0.055 -755.348
0.05 0.06 -914.674
0.05 0.065 -1078.43
0.05 0.07 -1241.64
0.05 0.075 -1399.64
0.05 0.08 -1548.33
0.05 0.085 -1684.26
0.05 0.09 -1804.67
0.05 0.095 -1907.4
0.05 0.1 -1990.9
0.05 0.105 -2054.11
0.05 0.11 -2096.42
0.05 0.115 -2117.59
0.05 0.12 -2117.69
0.05 0.125 -2097.06
0.05 0.13 -2056.26
0.05 0.135 -1996.04
0.05 0.14 -1917.3
0.05 0.145 -1821.09
0.05 0.15 -1708.55
0.05 0.155 -1580.94
0.05 0.16 -1439.6
0.05 0.165 -1285.94
0.05 0.17 -1121.48
0.05 0.175 -947.804
0.05 0.18 -766.635
0.05 0.185 -579.803
0.05 0.19 -389.242
0.05 0.195 -196.855
0.05 0.2 -68.3381
0.055 0 7.72971
0.055 0.005 3.64848
0.055 0.01 -5.08746
0.055 0.015 -24.4701
0.055 0.02 -63.4779
0.055 0.025 -115.887
0.055 0.03 -178.17
0.055 0.035 -256.873
0.055 0.04 -359.069
0.055 0.045 -487.619
0.055 0.05 -640.931
0.055 0.055 -814.188
0.055 0.06 -1000.83
0.055 0.065 -1193.8
0.055 0.07 -1386.3
0.055 0.075 -1572.33
0.055 0.08 -1746.81
0.055 0.085 -1905.65
0.055 0.09 -2045.69
0.055 0.095 -2164.59
0.055 0.1 -2260.74
0.055 0.105 -2333.09
0.055 0.11 -2381.14
0.055 0.115 -2404.75
0.055 0.12 -2404.18
0.055 0.125 -2379.91
0.055 0.13 -2332.7
0.055 0.135 -2263.47
0.055 0.14 -2173.31
0.055 0.145 -2063.45
0.055 0.15 -1935.23
0.055 0.155 -1790.08
0.055 0.16 -1629.54
0.055 0.165 -1455.2
0.055 0.17 -1268.78
0.055 0.175 -1072.06
0.055 0.18 -866.97
0.055 0.185 -655.554
0.055 0.19 -439.982
0.055 0.195 -222.381
0.055 0.2 -77.0336
0.06 0 7.56784
0.06 0.005 0.328528
0.06 0.01 -14.5012
0.06 0.015 -43.1481
0.06 0.02 -90.0281
0.06 0.025 -137.182
0.06 0.03 -183.969
0.06 0.035 -248.777
0.06 0.04 -347.244
0.06 0.045 -484.94
0.06 0.05 -658.917
0.06 0.055 -861.163
0.06 0.06 -1081.63
0.06 0.065 -1310.21
0.06 0.07 -1537.81
0.06 0.075 -1756.81
0.06 0.08 -1961.08
0.06 0.085 -2145.94
0.06 0.09 -2307.92
0.06 0.095 -2444.59
0.06 0.1 -2554.39
0.06 0.105 -2636.4
0.06 0.11 -2690.29
0.06 0.115 -2716.12
0.06 0.12 -2714.36
0.06 0.125 -2685.72
0.06 0.13 -2631.16
0.06 0.135 -2551.83
0.06 0.14 -2449.02
0.06 0.145 -2324.18
0.06 0.15 -2178.85
0.06 0.155 -2014.66
0.06 0.16 -1833.35
0.06 0.165 -1636.71
0.06 0.17 -1426.65
0.06 0.175 -1205.18
0.06 0.18 -974.425
0.06 0.185 -736.665
0.06 0.19 -494.306
0.06 0.195 -249.714
0.06 0.2 -86.3518
0.065 0 6.61119
0.065 0.005 -6.17347
0.065 0.01 -31.1806
0.065 0.015 -73.5716
0.065 0.02 -128.207
0.065 0.025 -158.909
0.065 0.03 -173.5
0.065 0.035 -211.387
0.065 0.04 -300.949
0.065 0.045 -449.921
0.065 0.05 -651.473
0.065 0.055 -891.814
0.065 0.06 -1155.52
0.065 0.065 -1428.36
0.065 0.07 -1698.42
0.065 0.075 -1956.32
0.065 0.08 -2194.97
0.065 0.085 -2409.23
0.065 0.09 -2595.53
0.065 0.095 -2751.53
0.065 0.1 -2875.86
0.065 0.105 -2967.88
0.065 0.11 -3027.5
0.065 0.115 -3055.11
0.065 0.12 -3051.43
0.065 0.125 -3017.45
0.065 0.13 -2954.4
0.065 0.135 -2863.66
0.065 0.14 -2746.78
0.065 0.145 -2605.43
0.065 0.15 -2441.35
0.065 0.155 -2256.42
0.065 0.16 -2052.56
0.065 0.165 -1831.8
0.065 0.17 -1596.25
0.065 0.175 -1348.12
0.065 0.18 -1089.77
0.065 0.185 -823.71
0.065 0.19 -552.597
0.065 0.195 -279.045
0.065 0.2 -96.3571
0.07 0 4.19014
0.07 0.005 -18.51
0.07 0.01 -60.6644
0.07 0.015 -123.215
0.07 0.02 -182.274
0.07 0.025 -174.364
0.07 0.03 -128.796
0.07 0.035 -121.834
0.07 0.04 -198.951
0.07 0.045 -366.56
0.07 0.05 -608.645
0.07 0.055 -901.48
0.07 0.06 -1221.84
0.07 0.065 -1550.29
0.07 0.07 -1871.84
0.07 0.075 -2175.48
0.07 0.08 -2453.5
0.07 0.085 -2700.64
0.07 0.09 -2913.55
0.07 0.095 -3090.23
0.07 0.1 -3229.71
0.07 0.105 -3331.77
0.07 0.11 -3396.75
0.07 0.115 -3425.4
0.07 0.12 -3418.8
0.07 0.125 -3378.27
0.07 0.13 -3305.32
0.07 0.135 -3201.64
0.07 0.14 -3069.03
0.07 0.145 -2909.4
0.07 0.15 -2724.74
0.07 0.155 -2517.15
0.07 0.16 -2288.78
0.07 0.165 -2041.87
0.07 0.17 -1778.75
0.07 0.175 -1501.87
0.07 0.18 -1213.79
0.07 0.185 -917.279
0.07 0.19 -615.25
0.07 0.195 -310.571
0.07 0.2 -107.116
0.075 0 -0.989206
0.075 0.005 -41.8342
0.075 0.01 -113.073
0.075 0.015 -204.183
0.075 0.02 -255.161
0.075 0.025 -163.986
0.075 0.03 -12.2928
0.075 0.035 60.5972
0.075 0.04 -8.28003
0.075 0.045 -213.257
0.075 0.05 -519.211
0.075 0.055 -886.65
0.075 0.06 -1282.11
0.075 0.065 -1680.44
0.075 0.07 -2063.97
0.075 0.075 -2420.8
0.075 0.08 -2743.23
0.075 0.085 -3026.51
0.075 0.09 -3267.93
0.075 0.095 -3466.21
0.075 0.1 -3621.04
0.075 0.105 -3732.8
0.075 0.11 -3802.36
0.075 0.115 -3830.97
0.075 0.12 -3820.12
0.075 0.125 -3771.51
0.075 0.13 -3687
0.075 0.135 -3568.57
0.075 0.14 -3418.31
0.075 0.145 -3238.4
0.075 0.15 -3031.09
0.075 0.155 -2798.71
0.075 0.16 -2543.64
0.075 0.165 -2268.35
0.075 0.17 -1975.39
0.075 0.175 -1667.43
0.075 0.18 -1347.3
0.075 0.185 -1017.98
0.075 0.19 -682.669
0.075 0.195 -344.495
0.075 0.2 -118.696
0.08 0 -11.5294
0.08 0.005 -86.6171
0.08 0.01 -207.12
0.08 0.015 -334.757
0.08 0.02 -338.777
0.08 0.025 -72.5275
0.08 0.03 255.928
0.08 0.035 407.64
0.08 0.04 319.82
0.08 0.045 36.1674
0.08 0.05 -373.434
0.08 0.055 -847.714
0.08 0.06 -1342.14
0.08 0.065 -1827.09
0.08 0.07 -2283.88
0.08 0.075 -2701.2
0.08 0.08 -3072.55
0.08 0.085 -3394.52
0.08 0.09 -3665.65
0.08 0.095 -3885.77
0.08 0.1 -4055.52
0.08 0.105 -4176.07
0.08 0.11 -4248.97
0.08 0.115 -4276.03
0.08 0.12 -4259.22
0.08 0.125 -4200.67
0.08 0.13 -4102.6
0.08 0.135 -3967.33
0.08 0.14 -3797.26
0.08 0.145 -3594.82
0.08 0.15 -3362.55
0.08 0.155 -3103.01
0.08 0.16 -2818.82
0.08 0.165 -2512.7
0.08 0.17 -2187.41
0.08 0.175 -1845.87
0.08 0.18 -1491.13
0.08 0.185 -1126.44
0.08 0.19 -755.271
0.08 0.195 -381.025
0.08 0.2 -131.168
0.085 0 -32.9787
0.085 0.005 -175.493
0.085 0.01 -377.201
0.085 0.015 -534.591
0.085 0.02 -370.846
0.085 0.025 258.836
0.085 0.03 847.39
0.085 0.035 1040.75
0.085 0.04 850.088
0.085 0.045 406.306
0.085 0.05 -169.48
0.085 0.055 -793.714
0.085 0.06 -1415.11
0.085 0.065 -2004.14
0.085 0.07 -2544.68
0.085 0.075 -3028.46
0.085 0.08 -3451.83
0.085 0.085 -3813.73
0.085 0.09 -4114.63
0.085 0.095 -4355.87
0.085 0.1 -4539.3
0.085 0.105 -4667.06
0.085 0.11 -4741.48
0.085 0.115 -4764.98
0.085 0.12 -4740.08
0.085 0.125 -4669.36
0.085 0.13 -4555.41
0.085 0.135 -4400.92
0.085 0.14 -4208.57
0.085 0.145 -3981.1
0.085 0.15 -3721.31
0.085 0.155 -3432
0.085 0.16 -3116.07
0.085 0.165 -2776.43
0.085 0.17 -2416.11
0.085 0.175 -2038.24
0.085 0.18 -1646.13
0.085 0.185 -1243.3
0.085 0.19 -833.481
0.085 0.195 -420.373
0.085 0.2 -144.602
0.09 0 -78.1226
0.09 0.005 -357.392
0.09 0.01 -672.515
0.09 0.015 -754.026
0.09 0.02 -23.3223
0.09 0.025 1306.38
0.09 0.03 2123.17
0.09 0.035 2144.03
0.09 0.04 1647.36
0.09 0.045 902.675
0.09 0.05 74.5673
0.09 0.055 -749.186
0.09 0.06 -1524.95
0.09 0.065 -2232.6
0.09 0.07 -2864.06
0.09 0.075 -3417.32
0.09 0.08 -3893.32
0.09 0.085 -4294.42
0.09 0.09 -4623.58
0.09 0.095 -4883.99
0.09 0.1 -5078.89
0.09 0.105 -5211.5
0.09 0.11 -5284.96
0.09 0.115 -5302.38
0.09 0.12 -5266.81
0.09 0.125 -5181.28
0.09 0.13 -5048.8
0.09 0.135 -4872.37
0.09 0.14 -4655.01
0.09 0.145 -4399.73
0.09 0.15 -4109.61
0.09 0.155 -3787.7
0.09 0.16 -3437.13
0.09 0.165 -3061.07
0.09 0.17 -2662.79
0.09 0.175 -2245.64
0.09 0.18 -1813.18
0.09 0.185 -1369.21
0.09 0.19 -917.736
0.09 0.195 -462.759
0.09 0.2 -159.073
0.095 0 -175.395
0.095 0.005 -465.097
0.095 0.01 -631.078
0.095 0.015 97.9467
0.095 0.02 2534.66
0.095 0.025 4556.87
0.095 0.03 4767.49
0.095 0.035 3914.28
0.095 0.04 2716.77
0.095 0.045 1475.68
0.095 0.05 303.41
0.095 0.055 -761.274
0.095 0.06 -1708.79
0.095 0.065 -2541.04
0.095 0.07 -3264.06
0.095 0.075 -3884.95
0.095 0.08 -4410.69
0.095 0.085 -4847.67
0.095 0.09 -5201.68
0.095 0.095 -5477.88
0.095 0.1 -5680.96
0.095 0.105 -5815.2
0.095 0.11 -5884.57
0.095 0.115 -5892.82
0.095 0.12 -5843.54
0.095 0.125 -5740.18
0.095 0.13 -5586.15
0.095 0.135 -5384.77
0.095 0.14 -5139.37
0.095 0.145 -4853.25
0.095 0.15 -4529.72
0.095 0.155 -4172.12
0.095 0.16 -3783.81
0.095 0.165 -3368.2
0.095 0.17 -2928.78
0.095 0.175 -2469.17
0.095 0.18 -1993.17
0.095 0.185 -1504.83
0.095 0.19 -1008.48
0.095 0.195 -508.404
0.095 0.2 -174.654
0.1 0 15773.2
0.1 0.005 26466.8
0.1 0.01 24792.6
0.1 0.015 22169.7
0.1 0.02 19603.8
0.1 0.025 14437.3
0.1 0.03 9577.78
0.1 0.035 6265.93
0.1 0.04 3865
0.1 0.045 1971.03
0.1 0.05 410.531
0.1 0.055 -901.704
0.1 0.06 -2015.49
0.1 0.065 -2963.63
0.1 0.07 -3769.3
0.1 0.075 -4449.72
0.1 0.08 -5018.06
0.1 0.085 -5484.72
0.1 0.09 -5858.11
0.1 0.095 -6145.24
0.1 0.1 -6352.1
0.1 0.105 -6483.91
0.1 0.11 -6545.4
0.1 0.115 -6540.87
0.1 0.12 -6474.38
0.1 0.125 -6349.8
0.1 0.13 -6170.86
0.1 0.135 -5941.22
0.1 0.14 -5664.47
0.1 0.145 -5344.18
0.1 0.15 -4983.94
0.1 0.155 -4587.32
0.1 0.16 -4157.91
0.1 0.165 -3699.38
0.1 0.17 -3215.45
0.1 0.175 -2709.97
0.1 0.18 -2186.99
0.1 0.185 -1650.85
0.1 0.19 -1106.16
0.1 0.195 -557.534
0.1 0.2 -191.422
0.105 0 59965.2
0.105 0.005 74427.4
0.105 0.01 72433.2
0.105 0.015 60081
0.105 0.02 40895.1
0.105 0.025 23485.1
0.105 0.03 13423.8
0.105 0.035 7954.91
0.105 0.04 4544.9
0.105 0.045 2119.84
0.105 0.05 250.923
0.105 0.055 -1254.96
0.105 0.06 -2497.62
0.105 0.065 -3534.99
0.105 0.07 -4403.84
0.105 0.075 -5129.14
0.105 0.08 -5728.76
0.105 0.085 -6216.08
0.105 0.09 -6601.48
0.105 0.095 -6893.33
0.105 0.1 -7098.57
0.105 0.105 -7223.16
0.105 0.11 -7272.37
0.105 0.115 -7250.96
0.105 0.12 -7163.39
0.105 0.125 -7013.83
0.105 0.13 -6806.32
0.105 0.135 -6544.79
0.105 0.14 -6233.11
0.105 0.145 -5875.11
0.105 0.15 -5474.58
0.105 0.155 -5035.36
0.105 0.16 -4561.28
0.105 0.165 -4056.22
0.105 0.17 -3524.16
0.105 0.175 -2969.17
0.105 0.18 -2395.57
0.105 0.185 -1807.95
0.105 0.19 -1211.24
0.105 0.195 -610.38
0.105 0.2 -209.453
0.11 0 66397.4
0.11 0.005 74141.7
0.11 0.01 75824.5
0.11 0.015 59257.5
0.11 0.02 37685.3
0.11 0.025 22161.8
0.11 0.03 13186.9
0.11 0.035 7822.97
0.11 0.04 4268.59
0.11 0.045 1691.68
0.11 0.05 -295.907
0.11 0.055 -1889.8
0.11 0.06 -3197.5
0.11 0.065 -4283
0.11 0.07 -5187.13
0.11 0.075 -5937.54
0.11 0.08 -6553.88
0.11 0.085 -7050.72
0.11 0.09 -7439.3
0.11 0.095 -7728.61
0.11 0.1 -7926.08
0.11 0.105 -8038.05
0.11 0.11 -8070.12
0.11 0.115 -8027.35
0.11 0.12 -7914.45
0.11 0.125 -7735.85
0.11 0.13 -7495.83
0.11 0.135 -7198.56
0.11 0.14 -6848.12
0.11 0.145 -6448.57
0.11 0.15 -6003.96
0.11 0.155 -5518.34
0.11 0.16 -4995.76
0.11 0.165 -4440.35
0.11 0.17 -3856.3
0.11 0.175 -3247.94
0.11 0.18 -2619.83
0.11 0.185 -1976.83
0.11 0.19 -1324.19
0.11 0.195 -667.175
0.11 0.2 -228.827
0.115 0 21782.5
0.115 0.005 31547.7
0.115 0.01 37082.8
0.115 0.015 31757.8
0.115 0.02 23189.2
0.115 0.025 15682.9
0.115 0.03 10123
0.115 0.035 6067.43
0.115 0.04 3018.29
0.115 0.045 641.28
0.115 0.05 -1267.99
0.115 0.055 -2834.16
0.115 0.06 -4135.39
0.115 0.065 -5222.7
0.115 0.07 -6130.8
0.115 0.075 -6884.29
0.115 0.08 -7501.24
0.115 0.085 -7995.39
0.115 0.09 -8377.55
0.115 0.095 -8656.5
0.115 0.1 -8839.58
0.115 0.105 -8933.17
0.115 0.11 -8942.93
0.115 0.115 -8874.04
0.115 0.12 -8731.31
0.115 0.125 -8519.37
0.115 0.13 -8242.65
0.115 0.135 -7905.52
0.115 0.14 -7512.26
0.115 0.145 -7067.13
0.115 0.15 -6574.4
0.115 0.155 -6038.33
0.115 0.16 -5463.21
0.115 0.165 -4853.38
0.115 0.17 -4213.27
0.115 0.175 -3547.44
0.115 0.18 -2860.7
0.115 0.185 -2158.2
0.115 0.19 -1445.48
0.115 0.195 -728.157
0.115 0.2 -249.621
0.12 0 -6016.15
0.12 0.005 1933.55
0.12 0.01 10415.1
0.12 0.015 12829
0.12 0.02 11596.3
0.12 0.025 8931.16
0.12 0.03 6043.53
0.12 0.035 3384.58
0.12 0.04 1064.5
0.12 0.045 -925.133
0.12 0.05 -2623.81
0.12 0.055 -4072.79
0.12 0.06 -5307.08
0.12 0.065 -6354.68
0.12 0.07 -7237.57
0.12 0.075 -7973.06
0.12 0.08 -8574.94
0.12 0.085 -9054.35
0.12 0.09 -9420.51
0.12 0.095 -9681.22
0.12 0.1 -9843.24
0.12 0.105 -9912.57
0.12 0.11 -9894.7
0.12 0.115 -9794.74
0.12 0.12 -9617.53
0.12 0.125 -9367.75
0.12 0.13 -9049.96
0.12 0.135 -8668.65
0.12 0.14 -8228.29
0.12 0.145 -7733.33
0.12 0.15 -7188.23
0.12 0.155 -6597.45
0.12 0.16 -5965.51
0.12 0.165 -5296.97
0.12 0.17 -4596.49
0.12 0.175 -3868.86
0.12 0.18 -3119.15
0.12 0.185 -2352.77
0.12 0.19 -1575.59
0.12 0.195 -793.565
0.12 0.2 -271.918
0.125 0 -15213.3
0.125 0.005 -9243.65
0.125 0.01 -1796.82
0.125 0.015 2215.18
0.125 0.02 3515.26
0.125 0.025 3137.95
0.125 0.03 1910.47
0.125 0.035 343.984
0.125 0.04 -1286.91
0.125 0.045 -2848.13
0.125 0.05 -4280.55
0.125 0.055 -5562.52
0.125 0.06 -6690.22
0.125 0.065 -7667.79
0.125 0.07 -8502.5
0.125 0.075 -9202.47
0.125 0.08 -9775.68
0.125 0.085 -10229.6
0.125 0.09 -10570.9
0.125 0.095 -10805.9
0.125 0.1 -10940.4
0.125 0.105 -10979.7
0.125 0.11 -10928.9
0.125 0.115 -10792.9
0.125 0.12 -10576.5
0.125 0.125 -10284.3
0.125 0.13 -9920.86
0.125 0.135 -9490.89
0.125 0.14 -8998.97
0.125 0.145 -8449.72
0.125 0.15 -7847.77
0.125 0.155 -7197.8
0.125 0.16 -6504.54
0.125 0.165 -5772.78
0.125 0.17 -5007.38
0.125 0.175 -4213.4
0.125 0.18 -3396.13
0.125 0.185 -2561.27
0.125 0.19 -1715
0.125 0.195 -863.645
0.125 0.2 -295.799
0.13 0 -19482.5
0.13 0.005 -14622.4
0.13 0.01 -8357.42
0.13 0.015 -4344.88
0.13 0.02 -2271.69
0.13 0.025 -1626.72
0.13 0.03 -1909.24
0.13 0.035 -2726.48
0.13 0.04 -3808.31
0.13 0.045 -4983.74
0.13 0.05 -6150.66
0.13 0.055 -7251.1
0.13 0.06 -8254.01
0.13 0.065 -9144.24
0.13 0.07 -9915.74
0.13 0.075 -10567.6
0.13 0.08 -11101.6
0.13 0.085 -11521.2
0.13 0.09 -11830.1
0.13 0.095 -12032.9
0.13 0.1 -12133.9
0.13 0.105 -12137.7
0.13 0.11 -12048.9
0.13 0.115 -11871.9
0.13 0.12 -11611.5
0.13 0.125 -11272.1
0.13 0.13 -10858.4
0.13 0.135 -10375.2
0.13 0.14 -9827.05
0.13 0.145 -9218.84
0.13 0.15 -8555.37
0.13 0.155 -7841.52
0.13 0.16 -7082.22
0.13 0.165 -6282.48
0.13 0.17 -5447.4
0.13 0.175 -4582.27
0.13 0.18 -3692.62
0.13 0.185 -2784.44
0.13 0.19 -1864.21
0.13 0.195 -938.643
0.13 0.2 -321.346
0.135 0 -22267.4
0.135 0.005 -18062.4
0.135 0.01 -12608.4
0.135 0.015 -8888.11
0.135 0.02 -6648.29
0.135 0.025 -5573.06
0.135 0.03 -5345.19
0.135 0.035 -5683.81
0.135 0.04 -6366.35
0.135 0.045 -7230.1
0.135 0.05 -8162.93
0.135 0.055 -9091.05
0.135 0.06 -9967.77
0.135 0.065 -10764.8
0.135 0.07 -11465.7
0.135 0.075 -12061.9
0.135 0.08 -12549.7
0.135 0.085 -12928.3
0.135 0.09 -13198.9
0.135 0.095 -13363.8
0.135 0.1 -13426.1
0.135 0.105 -13389.4
0.135 0.11 -13257.6
0.135 0.115 -13034.9
0.135 0.12 -12725.7
0.135 0.125 -12334.4
0.135 0.13 -11865.7
0.135 0.135 -11324.4
0.135 0.14 -10715.3
0.135 0.145 -10043.3
0.135 0.15 -9313.42
0.135 0.155 -8530.76
0.135 0.16 -7700.47
0.135 0.165 -6827.77
0.135 0.17 -5918.01
0.135 0.175 -4976.69
0.135 0.18 -4009.61
0.135 0.185 -3023.01
0.135 0.19 -2023.71
0.135 0.195 -1018.81
0.135 0.2 -348.645
0.14 0 -24541.7
0.14 0.005 -20769
0.14 0.01 -15843.4
0.14 0.015 -12400.3
0.14 0.02 -10184.5
0.14 0.025 -8943.76
0.14 0.03 -8449.37
0.14 0.035 -8494.06
0.14 0.04 -8900.88
0.14 0.045 -9528.32
0.14 0.05 -10269.3
0.14 0.055 -11046.6
0.14 0.06 -11806.4
0.14 0.065 -12512.4
0.14 0.07 -13141.5
0.14 0.075 -13679
0.14 0.08 -14116.6
0.14 0.085 -14449.9
0.14 0.09 -14677.6
0.14 0.095 -14800.1
0.14 0.1 -14819.2
0.14 0.105 -14737.4
0.14 0.11 -14558.1
0.14 0.115 -14285
0.14 0.12 -13922.3
0.14 0.125 -13474.4
0.14 0.13 -12945.9
0.14 0.135 -12341.6
0.14 0.14 -11666.5
0.14 0.145 -10925.7
0.14 0.15 -10124.3
0.14 0.155 -9267.72
0.14 0.16 -8361.26
0.14 0.165 -7410.4
0.14 0.17 -6420.69
0.14 0.175 -5397.91
0.14 0.18 -4348.09
0.14 0.185 -3277.74
0.14 0.19 -2194.02
0.14 0.195 -1104.4
0.14 0.2 -377.78
0.145 0 -26636.7
0.145 0.005 -23182.7
0.145 0.01 -18614.5
0.145 0.015 -15382.4
0.145 0.02 -13235.5
0.145 0.025 -11941
0.145 0.03 -11309.9
0.145 0.035 -11177
0.145 0.04 -11398.3
0.145 0.045 -11853
0.145 0.05 -12443.7
0.145 0.055 -13095.5
0.145 0.06 -13752.6
0.145 0.065 -14375
0.145 0.07 -14935
0.145 0.075 -15414
0.145 0.08 -15799.8
0.145 0.085 -16085.4
0.145 0.09 -16267.2
0.145 0.095 -16343.7
0.145 0.1 -16315.6
0.145 0.105 -16184.6
0.145 0.11 -15953.4
0.145 0.115 -15625.5
0.145 0.12 -15204.7
0.145 0.125 -14695.3
0.145 0.13 -14102
0.145 0.135 -13429.7
0.145 0.14 -12683.5
0.145 0.145 -11868.6
0.145 0.15 -10990.5
0.145 0.155 -10054.6
0.145 0.16 -9066.59
0.145 0.165 -8032.1
0.145 0.17 -6956.97
0.145 0.175 -5847.2
0.145 0.18 -4709.08
0.145 0.185 -3549.41
0.145 0.19 -2375.64
0.145 0.195 -1195.68
0.145 0.2 -408.837
0.15 0 -28685.4
0.15 0.005 -25489.3
0.15 0.01 -21179.4
0.15 0.015 -18100.2
0.15 0.02 -16020.3
0.15 0.025 -14715.5
0.15 0.03 -14014
0.15 0.035 -13773.3
0.15 0.04 -13870.8
0.15 0.045 -14201.2
0.15 0.05 -14677
0.15 0.055 -15227.4
0.15 0.06 -15797.4
0.15 0.065 -16345.6
0.15 0.07 -16841.8
0.15 0.075 -17264.3
0.15 0.08 -17598.6
0.15 0.085 -17835.4
0.15 0.09 -17969
0.15 0.095 -17996.8
0.15 0.1 -17918.2
0.15 0.105 -17734.2
0.15 0.11 -17447.1
0.15 0.115 -17059.8
0.15 0.12 -16576.2
0.15 0.125 -16000.5
0.15 0.13 -15337.5
0.15 0.135 -14592
0.15 0.14 -13769.3
0.15 0.145 -12875
0.15 0.15 -11914.6
0.15 0.155 -10893.8
0.15 0.16 -9818.5
0.15 0.165 -8694.68
0.15 0.17 -7528.37
0.15 0.175 -6325.83
0.15 0.18 -5093.62
0.15 0.185 -3838.78
0.15 0.19 -2569.1
0.15 0.195 -1292.89
0.15 0.2 -441.906
0.155 0 -30751.1
0.155 0.005 -27779.1
0.155 0.01 -23670
0.155 0.015 -20702.3
0.155 0.02 -18676.5
0.155 0.025 -17375.6
0.155 0.03 -16636.4
0.155 0.035 -16328.6
0.155 0.04 -16342.4
0.155 0.045 -16583.5
0.155 0.05 -16972.1
0.155 0.055 -17441.8
0.155 0.06 -17939.3
0.155 0.065 -18422.9
0.155 0.07 -18861
0.155 0.075 -19230.2
0.155 0.08 -19514.2
0.155 0.085 -19701.7
0.155 0.09 -19785.8
0.155 0.095 -19762.5
0.155 0.1 -19630.4
0.155 0.105 -19389.9
0.155 0.11 -19042.8
0.155 0.115 -18591.9
0.155 0.12 -18040.8
0.155 0.125 -17393.8
0.155 0.13 -16655.7
0.155 0.135 -15831.6
0.155 0.14 -14927
0.155 0.145 -13947.5
0.155 0.15 -12899
0.155 0.155 -11787.5
0.155 0.16 -10619.1
0.155 0.165 -9399.96
0.155 0.17 -8136.47
0.155 0.175 -6835.13
0.155 0.18 -5502.74
0.155 0.185 -4146.64
0.155 0.19 -2774.93
0.155 0.195 -1396.32
0.155 0.2 -477.073
0.16 0 -32870
0.16 0.005 -30103.2
0.16 0.01 -26161.3
0.16 0.015 -23278.2
0.16 0.02 -21293.3
0.16 0.025 -19999.2
0.16 0.03 -19238.1
0.16 0.035 -18886.4
0.16 0.04 -18842.1
0.16 0.045 -19018.1
0.16 0.05 -19340
0.16 0.055 -19745.4
0.16 0.06 -20182.6
0.16 0.065 -20610.1
0.16 0.07 -20995.7
0.16 0.075 -21315
0.16 0.08 -21550
0.16 0.085 -21688.2
0.16 0.09 -21721.4
0.16 0.095 -21644.9
0.16 0.1 -21456.5
0.16 0.105 -21156
0.16 0.11 -20744.9
0.16 0.115 -20225.8
0.16 0.12 -19602.4
0.16 0.125 -18879
0.16 0.13 -18060.5
0.16 0.135 -17152.2
0.16 0.14 -16159.8
0.16 0.145 -15089.3
0.16 0.15 -13946.7
0.16 0.155 -12738.3
0.16 0.16 -11470.5
0.16 0.165 -10149.8
0.16 0.17 -8782.87
0.16 0.175 -7376.41
0.16 0.18 -5937.52
0.16 0.185 -4473.79
0.16 0.19 -2993.65
0.16 0.195 -1506.22
0.16 0.2 -514.43
0.165 0 -35066.3
0.165 0.005 -32494.8
0.165 0.01 -28701.1
0.165 0.015 -25885.8
0.165 0.02 -23931.9
0.165 0.025 -22643.7
0.165 0.03 -21868.2
0.165 0.035 -21486
0.165 0.04 -21399.5
0.165 0.045 -21526.6
0.165 0.05 -21796.7
0.165 0.055 -22150
0.165 0.06 -22536.3
0.165 0.065 -22914.8
0.165 0.07 -23252.6
0.165 0.075 -23524.5
0.165 0.08 -23711.6
0.165 0.085 -23800.2
0.165 0.09 -23781.4
0.165 0.095 -23649.4
0.165 0.1 -23401.6
0.165 0.105 -23037.5
0.165 0.11 -22558.1
0.165 0.115 -21966.3
0.165 0.12 -21265.5
0.165 0.125 -20460.3
0.165 0.13 -19555.7
0.165 0.135 -18557.3
0.165 0.14 -17471.1
0.165 0.145 -16303.3
0.165 0.15 -15060.2
0.165 0.155 -13748.5
0.165 0.16 -12374.9
0.165 0.165 -10946.2
0.165 0.17 -9469.18
0.165 0.175 -7951.02
0.165 0.18 -6399.01
0.165 0.185 -4821.03
0.165 0.19 -3225.8
0.165 0.195 -1622.86
0.165 0.2 -554.065
0.17 0 -37358.9
0.17 0.005 -34979.1
0.17 0.01 -31323.8
0.17 0.015 -28567
0.17 0.02 -26637.6
0.17 0.025 -25353.9
0.17 0.03 -24567.6
0.17 0.035 -24162.4
0.17 0.04 -24043.9
0.17 0.045 -24132.7
0.17 0.05 -24361.1
0.17 0.055 -24670.9
0.17 0.06 -25013.4
0.17 0.065 -25347.7
0.17 0.07 -25641
0.17 0.075 -25867.3
0.17 0.08 -26006.9
0.17 0.085 -26045.2
0.17 0.09 -25972.5
0.17 0.095 -25782.5
0.17 0.1 -25472
0.17 0.105 -25040.2
0.17 0.11 -24488.2
0.17 0.115 -23818.5
0.17 0.12 -23035
0.17 0.125 -22142.2
0.17 0.13 -21145.6
0.17 0.135 -20050.9
0.17 0.14 -18864.5
0.17 0.145 -17592.8
0.17 0.15 -16242.6
0.17 0.155 -14820.9
0.17 0.16 -13334.6
0.17 0.165 -11790.9
0.17 0.17 -10197.1
0.17 0.175 -8560.32
0.17 0.18 -6888.31
0.17 0.185 -5189.16
0.17 0.19 -3471.92
0.17 0.195 -1746.52
0.17 0.2 -596.069
0.175 0 -39764.3
0.175 0.005 -37576.9
0.175 0.01 -34057
0.175 0.015 -31354.3
0.175 0.02 -29446.3
0.175 0.025 -28166.2
0.175 0.03 -27371.3
0.175 0.035 -26947.9
0.175 0.04 -26803.6
0.175 0.045 -26861
0.175 0.05 -27054.1
0.175 0.055 -27326.3
0.175 0.06 -27629.3
0.175 0.065 -27922.6
0.175 0.07 -28173.1
0.175 0.075 -28354.3
0.175 0.08 -28445.7
0.175 0.085 -28432.2
0.175 0.09 -28303.2
0.175 0.095 -28051.9
0.175 0.1 -27674.8
0.175 0.105 -27170.9
0.175 0.11 -26541.2
0.175 0.115 -25788.3
0.175 0.12 -24916.2
0.175 0.125 -23929.8
0.175 0.13 -22834.6
0.175 0.135 -21637
0.175 0.14 -20343.5
0.175 0.145 -18961.1
0.175 0.15 -17496.8
0.175 0.155 -15957.9
0.175 0.16 -14351.9
0.175 0.165 -12686.1
0.175 0.17 -10968.2
0.175 0.175 -9205.67
0.175 0.18 -7406.48
0.175 0.185 -5579
0.175 0.19 -3732.54
0.175 0.195 -1877.46
0.175 0.2 -640.53
0.18 0 -42298
0.18 0.005 -40307.5
0.18 0.01 -36924.7
0.18 0.015 -34276.1
0.18 0.02 -32388.7
0.18 0.025 -31112.6
0.18 0.03 -30310.7
0.18 0.035 -29872.1
0.18 0.04 -29706
0.18 0.045 -29736.4
0.18 0.05 -29898.3
0.18 0.055 -30136
0.18 0.06 -30401.8
0.18 0.065 -30655.4
0.18 0.07 -30863.3
0.18 0.075 -30998.5
0.18 0.08 -31040
0.18 0.085 -30971.9
0.18 0.09 -30783.2
0.18 0.095 -30466.7
0.18 0.1 -30018.4
0.18 0.105 -29437.2
0.18 0.11 -28724.1
0.18 0.115 -27882
0.18 0.12 -26914.9
0.18 0.125 -25828.2
0.18 0.13 -24627.7
0.18 0.135 -23320
0.18 0.14 -21912.2
0.18 0.145 -20411.6
0.18 0.15 -18825.8
0.18 0.155 -17162.3
0.18 0.16 -15429
0.18 0.165 -13633.7
0.18 0.17 -11784.2
0.18 0.175 -9888.43
0.18 0.18 -7954.6
0.18 0.185 -5991.32
0.18 0.19 -4008.19
0.18 0.195 -2015.95
0.18 0.2 -687.536
0.185 0 -44975.2
0.185 0.005 -43189.3
0.185 0.01 -39949.6
0.185 0.015 -37358.2
0.185 0.02 -35493.2
0.185 0.025 -34222.4
0.185 0.03 -33415.5
0.185 0.035 -32964
0.185 0.04 -32778.6
0.185 0.045 -32784.3
0.185 0.05 -32917.1
0.185 0.055 -33121.7
0.185 0.06 -33350.8
0.185 0.065 -33564
0.185 0.07 -33727.8
0.185 0.075 -33814.7
0.185 0.08 -33803.1
0.185 0.085 -33676.7
0.185 0.09 -33423.9
0.185 0.095 -33037
0.185 0.1 -32511.9
0.185 0.105 -31847.4
0.185 0.11 -31044.6
0.185 0.115 -30106.5
0.185 0.12 -29037.5
0.185 0.125 -27843.1
0.185 0.13 -26529.7
0.185 0.135 -25104.4
0.185 0.14 -23574.5
0.185 0.145 -21948
0.185 0.15 -20232.7
0.185 0.155 -18436.8
0.185 0.16 -16568.4
0.185 0.165 -14635.6
0.185 0.17 -12646.7
0.185 0.175 -10609.9
0.185 0.18 -8533.72
0.185 0.185 -6426.92
0.185 0.19 -4299.39
0.185 0.195 -2162.23
0.185 0.2 -737.171
0.19 0 -47811.8
0.19 0.005 -46241
0.19 0.01 -43154.1
0.19 0.015 -40625.8
0.19 0.02 -38786.8
0.19 0.025 -37524.1
0.19 0.03 -36714.3
0.19 0.035 -36251.8
0.19 0.04 -36048.9
0.19 0.045 -36031.1
0.19 0.05 -36135.2
0.19 0.055 -36306.4
0.19 0.06 -36497.5
0.19 0.065 -36668.3
0.19 0.07 -36784.9
0.19 0.075 -36819.7
0.19 0.08 -36750.4
0.19 0.085 -36560.4
0.19 0.09 -36237.6
0.19 0.095 -35774.1
0.19 0.1 -35165.6
0.19 0.105 -34410.9
0.19 0.11 -33511
0.19 0.115 -32469.3
0.19 0.12 -31290.5
0.19 0.125 -29980.4
0.19 0.13 -28546
0.19 0.135 -26994.8
0.19 0.14 -25334.6
0.19 0.145 -23573.8
0.19 0.15 -21720.8
0.19 0.155 -19784.1
0.19 0.16 -17772.3
0.19 0.165 -15693.9
0.19 0.17 -13557.4
0.19 0.175 -11371.5
0.19 0.18 -9144.87
0.19 0.185 -6886.54
0.19 0.19 -4606.62
0.19 0.195 -2316.56
0.19 0.2 -789.516
0.195 0 -50824.2
0.195 0.005 -49481.7
0.195 0.01 -46560.7
0.195 0.015 -44104.4
0.195 0.02 -42297
0.195 0.025 -41046.1
0.195 0.03 -40236
0.195 0.035 -39764.5
0.195 0.04 -39544.9
0.195 0.045 -39504
0.195 0.05 -39578.7
0.195 0.055 -39714.7
0.195 0.06 -39865
0.195 0.065 -39989.6
0.195 0.07 -40054.4
0.195 0.075 -40031.5
0.195 0.08 -39898.4
0.195 0.085 -39638.1
0.195 0.09 -39238.2
0.195 0.095 -38690.5
0.195 0.1 -37990.7
0.195 0.105 -37137.5
0.195 0.11 -36132.2
0.195 0.115 -34978.3
0.195 0.12 -33681
0.195 0.125 -32246.5
0.195 0.13 -30682.2
0.195 0.135 -28996.1
0.195 0.14 -27196.7
0.195 0.145 -25292.8
0.195 0.15 -23293.2
0.195 0.155 -21206.9
0.195 0.16 -19043
0.195 0.165 -16810.4
0.195 0.17 -14517.9
0.195 0.175 -12174.5
0.195 0.18 -9789.02
0.195 0.185 -7370.89
0.195 0.19 -4930.36
0.195 0.195 -2479.17
0.195 0.2 -844.646
0.2 0 -54029.9
0.2 0.005 -52931.7
0.2 0.01 -50193.2
0.2 0.015 -47820.2
0.2 0.02 -46051.9
0.2 0.025 -44817.6
0.2 0.03 -44010.4
0.2 0.035 -43531.6
0.2 0.04 -43296
0.2 0.045 -43231.2
0.2 0.05 -43274.6
0.2 0.055 -43372.4
0.2 0.06 -43477.8
0.2 0.065 -43550.8
0.2 0.07 -43557.6
0.2 0.075 -43469.9
0.2 0.08 -43265.3
0.2 0.085 -42926.3
0.2 0.09 -42440.5
0.2 0.095 -41799.7
0.2 0.1 -40999.2
0.2 0.105 -40038.1
0.2 0.11 -38917.7
0.2 0.115 -37642
0.2 0.12 -36216.3
0.2 0.125 -34647.7
0.2 0.13 -32943.8
0.2 0.135 -31113.2
0.2 0.14 -29165
0.2 0.145 -27108.4
0.2 0.15 -24952.9
0.2 0.155 -22707.9
0.2 0.16 -20382.8
0.2 0.165 -17986.9
0.2 0.17 -15529.6
0.2 0.175 -13019.9
0.2 0.18 -10467.1
0.2 0.185 -7880.64
0.2 0.19 -5271.03
0.2 0.195 -2650.26
0.2 0.2 -902.628
0.205 0 -57447.6
0.205 0.005 -56612.2
0.205 0.01 -54076.3
0.205 0.015 -51800.8
0.205 0.02 -50081
0.205 0.025 -48869.4
0.205 0.03 -48068.7
0.205 0.035 -47584.3
0.205 0.04 -47332.9
0.205 0.045 -47242.7
0.205 0.05 -47252
0.205 0.055 -47307.1
0.205 0.06 -47361.9
0.205 0.065 -47376.5
0.205 0.07 -47317.1
0.205 0.075 -47155.9
0.205 0.08 -46870.2
0.205 0.085 -46442.6
0.205 0.09 -45860.5
0.205 0.095 -45115.7
0.205 0.1 -44203.8
0.205 0.105 -43123.8
0.205 0.11 -41877.5
0.205 0.115 -40469
0.205 0.12 -38904.3
0.205 0.125 -37190.6
0.205 0.13 -35336.5
0.205 0.135 -33351
0.205 0.14 -31243.7
0.205 0.145 -29024.4
0.205 0.15 -26703
0.205 0.155 -24289.5
0.205 0.16 -21793.6
0.205 0.165 -19225.2
0.205 0.17 -16593.9
0.205 0.175 -13908.9
0.205 0.18 -11179.9
0.205 0.185 -8416.36
0.205 0.19 -5629.01
0.205 0.195 -2830.03
0.205 0.2 -963.522
0.21 0 -61097.8
0.21 0.005 -60546.2
0.21 0.01 -58236.4
0.21 0.015 -56075.5
0.21 0.02 -54415.3
0.21 0.025 -53233.7
0.21 0.03 -52443.8
0.21 0.035 -51955.6
0.21 0.04 -51688
0.21 0.045 -51570.2
0.21 0.05 -51541.2
0.21 0.055 -51548
0.21 0.06 -51544.9
0.21 0.065 -51492.4
0.21 0.07 -51357.3
0.21 0.075 -51111.8
0.21 0.08 -50733.6
0.21 0.085 -50205.5
0.21 0.09 -49514.9
0.21 0.095 -48653.7
0.21 0.1 -47617.9
0.21 0.105 -46406.5
0.21 0.11 -45021.8
0.21 0.115 -43468.3
0.21 0.12 -41752.5
0.21 0.125 -39882.1
0.21 0.13 -37866.2
0.21 0.135 -35714.4
0.21 0.14 -33436.9
0.21 0.145 -31044.1
0.21 0.15 -28546.3
0.21 0.155 -25954.1
0.21 0.16 -23277.6
0.21 0.165 -20526.9
0.21 0.17 -17711.9
0.21 0.175 -14842.5
0.21 0.18 -11928.1
0.21 0.185 -8978.57
0.21 0.19 -6004.63
0.21 0.195 -3018.62
0.21 0.2 -1027.37
0.215 0 -65002.5
0.215 0.005 -64758.4
0.215 0.01 -62701.7
0.215 0.015 -60675.4
0.215 0.02 -59088.3
0.215 0.025 -57945
0.215 0.03 -57170.7
0.215 0.035 -56680.4
0.215 0.04 -56395.7
0.215 0.045 -56247.1
0.215 0.05 -56174.6
0.215 0.055 -56125.9
0.215 0.06 -56055.9
0.215 0.065 -55926.1
0.215 0.07 -55703.6
0.215 0.075 -55361.2
0.215 0.08 -54877.2
0.215 0.085 -54234.5
0.215 0.09 -53421.2
0.215 0.095 -52429.4
0.215 0.1 -51255.2
0.215 0.105 -49898.3
0.215 0.11 -48361.3
0.215 0.115 -46649.1
0.215 0.12 -44768.8
0.215 0.125 -42728.7
0.215 0.13 -40538.4
0.215 0.135 -38208.1
0.215 0.14 -35748.6
0.215 0.145 -33170.7
0.215 0.15 -30485.5
0.215 0.155 -27703.8
0.215 0.16 -24836.2
0.215 0.165 -21893.1
0.215 0.17 -18884.9
0.215 0.175 -15821.3
0.215 0.18 -12712.3
0.215 0.185 -9567.64
0.215 0.19 -6398.11
0.215 0.195 -3216.15
0.215 0.2 -1094.22
0.22 0 -69186
0.22 0.005 -69275.4
0.22 0.01 -67502.4
0.22 0.015 -65633.9
0.22 0.02 -64135.6
0.22 0.025 -63040.5
0.22 0.03 -62286.9
0.22 0.035 -61796.2
0.22 0.04 -61492.8
0.22 0.045 -61309.2
0.22 0.05 -61186.5
0.22 0.055 -61073.5
0.22 0.06 -60926
0.22 0.065 -60706.3
0.22 0.07 -60382.7
0.22 0.075 -59928.7
0.22 0.08 -59323.2
0.22 0.085 -58550
0.22 0.09 -57597.6
0.22 0.095 -56458.7
0.22 0.1 -55130
0.22 0.105 -53611.6
0.22 0.11 -51906.6
0.22 0.115 -50020.5
0.22 0.12 -47960.9
0.22 0.125 -45736.8
0.22 0.13 -43358.4
0.22 0.135 -40836.4
0.22 0.14 -38182.2
0.22 0.145 -35407.2
0.22 0.15 -32522.8
0.22 0.155 -29540.4
0.22 0.16 -26470.9
0.22 0.165 -23325.1
0.22 0.17 -20113.4
0.22 0.175 -16846
0.22 0.18 -13532.9
0.22 0.185 -10183.8
0.22 0.19 -6809.61
0.22 0.195 -3422.69
0.22 0.2 -1164.07
0.225 0 -73675.2
0.225 0.005 -74126.4
0.225 0.01 -72671.2
0.225 0.015 -70987
0.225 0.02 -69595.4
0.225 0.025 -68559.7
0.225 0.03 -67832.7
0.225 0.035 -67342.9
0.225 0.04 -67018.6
0.225 0.045 -66794.6
0.225 0.05 -66613.4
0.225 0.055 -66425.3
0.225 0.06 -66187.4
0.225 0.065 -65863.4
0.225 0.07 -65422.6
0.225 0.075 -64839.7
0.225 0.08 -64094.9
0.225 0.085 -63172.7
0.225 0.09 -62062.6
0.225 0.095 -60758
0.225 0.1 -59256.4
0.225 0.105 -57558.6
0.225 0.11 -55668.1
0.225 0.115 -53591.3
0.225 0.12 -51336.3
0.225 0.125 -48912.7
0.225 0.13 -46331.2
0.225 0.135 -43603.4
0.225 0.14 -40741
0.225 0.145 -37755.9
0.225 0.15 -34660.1
0.225 0.155 -31465.2
0.225 0.16 -28182.7
0.225 0.165 -24823.4
0.225 0.17 -21398
0.225 0.175 -17916.9
0.225 0.18 -14390
0.225 0.185 -10827.2
0.225 0.19 -7239.17
0.225 0.195 -3638.25
0.225 0.2 -1236.92
0.23 0 -78499.6
0.23 0.005 -79343.3
0.23 0.01 -78243.6
0.23 0.015 -76773.5
0.23 0.02 -75509.2
0.23 0.025 -74545.4
0.23 0.03 -73851.2
0.23 0.035 -73363.4
0.23 0.04 -73015.1
0.23 0.045 -72743.6
0.23 0.05 -72493.9
0.23 0.055 -72217.9
0.23 0.06 -71874.5
0.23 0.065 -71429
0.23 0.07 -70852.3
0.23 0.075 -70120.9
0.23 0.08 -69216.1
0.23 0.085 -68124
0.23 0.09 -66835
0.23 0.095 -65343.9
0.23 0.1 -63648.8
0.23 0.105 -61751.4
0.23 0.11 -59656.2
0.23 0.115 -57370.1
0.23 0.12 -54901.9
0.23 0.125 -52261.9
0.23 0.13 -49461.4
0.23 0.135 -46512.5
0.23 0.14 -43427.5
0.23 0.145 -40218.8
0.23 0.15 -36898.8
0.23 0.155 -33479.3
0.23 0.16 -29972.1
0.23 0.165 -26388.3
0.23 0.17 -22738.8
0.23 0.175 -19033.9
0.23 0.18 -15283.6
0.23 0.185 -11497.7
0.23 0.19 -7686.69
0.23 0.195 -3862.76
0.23 0.2 -1312.75
0.235 0 -83692.4
0.235 0.005 -84961.5
0.235 0.01 -84258.2
0.235 0.015 -83035.4
0.235 0.02 -81921.4
0.235 0.025 -81043.6
0.235 0.03 -80388.9
0.235 0.035 -79903.9
0.235 0.04 -79527
0.235 0.045 -79199.5
0.235 0.05 -78869
0.235 0.055 -78489.7
0.235 0.06 -78022.9
0.235 0.065 -77435.9
0.235 0.07 -76701.9
0.235 0.075 -75799.2
0.235 0.08 -74711
0.235 0.085 -73425.2
0.235 0.09 -71933.7
0.235 0.095 -70232.4
0.235 0.1 -68320.9
0.235 0.105 -66201.8
0.235 0.11 -63880.5
0.235 0.115 -61364.7
0.235 0.12 -58664
0.235 0.125 -55789.3
0.235 0.13 -52752.7
0.235 0.135 -49566.5
0.235 0.14 -46243.8
0.235 0.145 -42797.2
0.235 0.15 -39239.4
0.235 0.155 -35582.8
0.235 0.16 -31839.1
0.235 0.165 -28019.7
0.235 0.17 -24135.5
0.235 0.175 -20196.7
0.235 0.18 -16213.3
0.235 0.185 -12195
0.235 0.19 -8151.94
0.235 0.195 -4096.09
0.235 0.2 -1391.5
0.24 0 -89290.7
0.24 0.005 -91020.3
0.24 0.01 -90757.5
0.24 0.015 -89818.6
0.24 0.02 -88880.4
0.24 0.025 -88104.1
0.24 0.03 -87496
0.24 0.035 -87013.7
0.24 0.04 -86602.5
0.24 0.045 -86208.2
0.24 0.05 -85781.9
0.24 0.055 -85281.2
0.24 0.06 -84669.9
0.24 0.065 -83918.3
0.24 0.07 -83002.1
0.24 0.075 -81902.2
0.24 0.08 -80604.1
0.24 0.085 -79097.7
0.24 0.09 -77376.9
0.24 0.095 -75439.4
0.24 0.1 -73286
0.24 0.105 -70920.7
0.24 0.11 -68349.9
0.24 0.115 -65582.2
0.24 0.12 -62628.1
0.24 0.125 -59499.1
0.24 0.13 -56207.8
0.24 0.135 -52767.3
0.24 0.14 -49190.7
0.24 0.145 -45491.4
0.24 0.15 -41682.1
0.24 0.155 -37775.4
0.24 0.16 -33783.2
0.24 0.165 -29716.8
0.24 0.17 -25587.1
0.24 0.175 -21404.4
0.24 0.18 -17178.3
0.24 0.185 -12918.4
0.24 0.19 -8634.49
0.24 0.195 -4338.03
0.24 0.2 -1473.09
0.245 0 -95336.5
0.245 0.005 -97563.6
0.245 0.01 -97788.5
0.245 0.015 -97173.3
0.245 0.02 -96438.8
0.245 0.025 -95780.9
0.245 0.03 -95226.5
0.245 0.035 -94746
0.245 0.04 -94292.8
0.245 0.045 -93818.5
0.245 0.05 -93278.7
0.245 0.055 -92634.8
0.245 0.06 -91854.5
0.245 0.065 -90911.4
0.245 0.07 -89784.5
0.245 0.075 -88457.7
0.245 0.08 -86919.6
0.245 0.085 -85162.4
0.245 0.09 -83182.6
0.245 0.095 -80979.7
0.245 0.1 -78556.4
0.245 0.105 -75917.9
0.245 0.11 -73072.1
0.245 0.115 -70028.5
0.245 0.12 -66798.3
0.245 0.125 -63394
0.245 0.13 -59828.5
0.245 0.135 -56115.5
0.245 0.14 -52268.5
0.245 0.145 -48300.9
0.245 0.15 -44225.8
0.245 0.155 -40055.8
0.245 0.16 -35802.8
0.245 0.165 -31478.1
0.245 0.17 -27092.5
0.245 0.175 -22655.8
0.245 0.18 -18177.7
0.245 0.185 -13667.3
0.245 0.19 -9133.75
0.245 0.195 -4588.26
0.245 0.2 -1557.39
0.25 0 -103634
0.25 0.005 -105342
0.25 0.01 -105487
0.25 0.015 -105052
0.25 0.02 -104504
0.25 0.025 -103975
0.25 0.03 -103479
0.25 0.035 -102987
0.25 0.04 -102459
0.25 0.045 -101853
0.25 0.05 -101131
0.25 0.055 -100263
0.25 0.06 -99221.2
0.25 0.065 -97986.1
0.25 0.07 -96542.3
0.25 0.075 -94878.9
0.25 0.08 -92988.9
0.25 0.085 -90869.2
0.25 0.09 -88519.7
0.25 0.095 -85943.3
0.25 0.1 -83145.3
0.25 0.105 -80133.6
0.25 0.11 -76917.7
0.25 0.115 -73509
0.25 0.12 -69919.7
0.25 0.125 -66163.3
0.25 0.13 -62253.3
0.25 0.135 -58203.7
0.25 0.14 -54028.4
0.25 0.145 -49740.6
0.25 0.15 -45353.4
0.25 0.155 -40879.1
0.25 0.16 -36329.2
0.25 0.165 -31714.6
0.25 0.17 -27045.4
0.25 0.175 -22331.1
0.25 0.18 -17580.7
0.25 0.185 -12802.6
0.25 0.19 -8005.76
0.25 0.195 -3201.66
0.25 0.2 0
0.255 0 -111640
0.255 0.005 -112546
0.255 0.01 -113836
0.255 0.015 -113941
0.255 0.02 -113662
0.255 0.025 -113260
0.255 0.03 -112806
0.255 0.035 -112297
0.255 0.04 -111707
0.255 0.045 -111003
0.255 0.05 -110153
0.255 0.055 -109129
0.255 0.06 -107910
0.255 0.065 -106477
0.255 0.07 -104819
0.255 0.075 -102928
0.255 0.08 -100800
0.255 0.085 -98433.1
0.255 0.09 -95830.5
0.255 0.095 -92996.4
0.255 0.1 -89937.6
0.255 0.105 -86662.9
0.255 0.11 -83182.7
0.255 0.115 -79509
0.255 0.12 -75654.5
0.255 0.125 -71632.9
0.255 0.13 -67458.2
0.255 0.135 -63144.6
0.255 0.14 -58705.9
0.255 0.145 -54155.7
0.255 0.15 -49507
0.255 0.155 -44772.2
0.255 0.16 -39962.8
0.255 0.165 -35089.4
0.255 0.17 -30162.2
0.255 0.175 -25190.2
0.255 0.18 -20182
0.255 0.185 -15145.8
0.255 0.19 -10089.4
0.255 0.195 -5022.47
0.255 0.2 -1644.27
0.26 0 -119574
0.26 0.005 -120890
0.26 0.01 -122823
0.26 0.015 -123383
0.26 0.02 -123398
0.26 0.025 -123164
0.26 0.03 -122777
0.26 0.035 -122253
0.26 0.04 -121579
0.26 0.045 -120732
0.26 0.05 -119689
0.26 0.055 -118429
0.26 0.06 -116938
0.26 0.065 -115204
0.26 0.07 -113222
0.26 0.075 -110989
0.26 0.08 -108506
0.26 0.085 -105776
0.26 0.09 -102804
0.26 0.095 -99598.9
0.26 0.1 -96169.4
0.26 0.105 -92526.6
0.26 0.11 -88682.5
0.26 0.115 -84650.2
0.26 0.12 -80443.4
0.26 0.125 -76076.3
0.26 0.13 -71563.4
0.26 0.135 -66918.8
0.26 0.14 -62156.6
0.26 0.145 -57290
0.26 0.15 -52331.9
0.26 0.155 -47294.2
0.26 0.16 -42188.1
0.26 0.165 -37023.7
0.26 0.17 -31810.4
0.26 0.175 -26556.8
0.26 0.18 -21270.8
0.26 0.185 -15959.7
0.26 0.19 -10630.7
0.26 0.195 -5292.38
0.26 0.2 -1733.51
0.265 0 -128222
0.265 0.005 -129968
0.265 0.01 -132599
0.265 0.015 -133661
0.265 0.02 -134004
0.265 0.025 -133956
0.265 0.03 -133638
0.265 0.035 -133088
0.265 0.04 -132308
0.265 0.045 -131288
0.265 0.05 -130014
0.265 0.055 -128476
0.265 0.06 -126667
0.265 0.065 -124586
0.265 0.07 -122231
0.265 0.075 -119608
0.265 0.08 -116721
0.265 0.085 -113581
0.265 0.09 -110195
0.265 0.095 -106577
0.265 0.1 -102737
0.265 0.105 -98688.7
0.265 0.11 -94446.5
0.265 0.115 -90024.4
0.265 0.12 -85436.8
0.265 0.125 -80698.6
0.265 0.13 -75824.2
0.265 0.135 -70827.9
0.265 0.14 -65723.5
0.265 0.145 -60524.1
0.265 0.15 -55241.9
0.265 0.155 -49888.4
0.265 0.16 -44474
0.265 0.165 -39008.2
0.265 0.17 -33499.7
0.265 0.175 -27956.3
0.265 0.18 -22385
0.265 0.185 -16792.2
0.265 0.19 -11184.2
0.265 0.195 -5568.4
0.265 0.2 -1824.88
0.27 0 -137673
0.27 0.005 -139868
0.27 0.01 -143252
0.27 0.015 -144865
0.27 0.02 -145569
0.27 0.025 -145721
0.27 0.03 -145472
0.27 0.035 -144881
0.27 0.04 -143967
0.27 0.045 -142735
0.27 0.05 -141186
0.27 0.055 -139320
0.27 0.06 -137141
0.27 0.065 -134656
0.27 0.07 -131874
0.27 0.075 -128804
0.27 0.08 -125462
0.27 0.085 -121859
0.27 0.09 -118011
0.27 0.095 -113933
0.27 0.1 -109640
0.27 0.105 -105148
0.27 0.11 -100471
0.27 0.115 -95626.3
0.27 0.12 -90628.3
0.27 0.125 -85492.2
0.27 0.13 -80232.7
0.27 0.135 -74863.7
0.27 0.14 -69398.6
0.27 0.145 -63849.9
0.27 0.15 -58229.3
0.27 0.155 -52547.4
0.27 0.16 -46813.8
0.27 0.165 -41037.1
0.27 0.17 -35225
0.27 0.175 -29384.4
0.27 0.18 -23521.1
0.27 0.185 -17640.7
0.27 0.19 -11748.1
0.27 0.195 -5849.64
0.27 0.2 -1918.1
0.275 0 -148033
0.275 0.005 -150694
0.275 0.01 -154887
0.275 0.015 -157099
0.275 0.02 -158193
0.275 0.025 -158558
0.275 0.03 -158371
0.275 0.035 -157715
0.275 0.04 -156632
0.275 0.045 -155143
0.275 0.05 -153265
0.275 0.055 -151013
0.275 0.06 -148402
0.275 0.065 -145450
0.275 0.07 -142176
0.275 0.075 -138599
0.275 0.08 -134740
0.275 0.085 -130619
0.275 0.09 -126255
0.275 0.095 -121668
0.275 0.1 -116876
0.275 0.105 -111897
0.275 0.11 -106748
0.275 0.115 -101447
0.275 0.12 -96007.8
0.275 0.125 -90446.7
0.275 0.13 -84778
0.275 0.135 -79015.3
0.275 0.14 -73171.2
0.275 0.145 -67257.4
0.275 0.15 -61284.6
0.275 0.155 -55262.5
0.275 0.16 -49199.5
0.275 0.165 -43103.1
0.275 0.17 -36980
0.275 0.175 -30835.6
0.275 0.18 -24674.9
0.275 0.185 -18501.8
0.275 0.19 -12320.2
0.275 0.195 -6135.02
0.275 0.2 -2012.82
0.28 0 -159424
0.28 0.005 -162568
0.28 0.01 -167625
0.28 0.015 -170480
0.28 0.02 -171993
0.28 0.025 -172576
0.28 0.03 -172437
0.28 0.035 -171686
0.28 0.04 -170387
0.28 0.045 -168585
0.28 0.05 -166314
0.28 0.055 -163605
0.28 0.06 -160489
0.28 0.065 -156998
0.28 0.07 -153160
0.28 0.075 -149007
0.28 0.08 -144565
0.28 0.085 -139863
0.28 0.09 -134926
0.28 0.095 -129776
0.28 0.1 -124436
0.28 0.105 -118927
0.28 0.11 -113267
0.28 0.115 -107473
0.28 0.12 -101562
0.28 0.125 -95548.1
0.28 0.13 -89446.4
0.28 0.135 -83269.2
0.28 0.14 -77028.2
0.28 0.145 -70734.1
0.28 0.15 -64396.2
0.28 0.155 -58023
0.28 0.16 -51621.5
0.28 0.165 -45197.9
0.28 0.17 -38757.3
0.28 0.175 -32304
0.28 0.18 -25841.3
0.28 0.185 -19371.9
0.28 0.19 -12898.2
0.28 0.195 -6423.32
0.28 0.2 -2108.65
0.285 0 -171994
0.285 0.005 -175635
0.285 0.01 -181610
0.285 0.015 -185150
0.285 0.02 -187102
0.285 0.025 -187901
0.285 0.03 -187786
0.285 0.035 -186896
0.285 0.04 -185323
0.285 0.045 -183137
0.285 0.05 -180394
0.285 0.055 -177146
0.285 0.06 -173442
0.285 0.065 -169327
0.285 0.07 -164845
0.285 0.075 -160037
0.285 0.08 -154940
0.285 0.085 -149589
0.285 0.09 -144015
0.285 0.095 -138246
0.285 0.1 -132307
0.285 0.105 -126221
0.285 0.11 -120008
0.285 0.115 -113686
0.285 0.12 -107272
0.285 0.125 -100779
0.285 0.13 -94220.4
0.285 0.135 -87608.7
0.285 0.14 -80954
0.285 0.145 -74265.4
0.285 0.15 -67550.6
0.285 0.155 -60816.6
0.285 0.16 -54068.7
0.285 0.165 -47311.6
0.285 0.17 -40548.7
0.285 0.175 -33782.5
0.285 0.18 -27014.8
0.285 0.185 -20246.8
0.285 0.19 -13479.1
0.285 0.195 -6713.16
0.285 0.2 -2205.15
0.29 0 -185915
0.29 0.005 -190064
0.29 0.01 -197011
0.29 0.015 -201273
0.29 0.02 -203675
0.29 0.025 -204676
0.29 0.03 -204546
0.29 0.035 -203458
0.29 0.04 -201536
0.29 0.045 -198879
0.29 0.05 -195570
0.29 0.055 -191686
0.29 0.06 -187294
0.29 0.065 -182460
0.29 0.07 -177242
0.29 0.075 -171692
0.29 0.08 -165859
0.29 0.085 -159785
0.29 0.09 -153507
0.29 0.095 -147059
0.29 0.1 -140467
0.29 0.105 -133758
0.29 0.11 -126951
0.29 0.115 -120065
0.29 0.12 -113115
0.29 0.125 -106116
0.29 0.13 -99078.9
0.29 0.135 -92014
0.29 0.14 -84929.9
0.29 0.145 -77834
0.29 0.15 -70732.1
0.29 0.155 -63629.1
0.29 0.16 -56528.7
0.29 0.165 -49433.3
0.29 0.17 -42344.5
0.29 0.175 -35263.2
0.29 0.18 -28189.2
0.29 0.185 -21121.8
0.29 0.19 -14059.9
0.29 0.195 -7002.98
0.29 0.2 -2301.83
0.295 0 -201393
0.295 0.005 -206060
0.295 0.01 -214031
0.295 0.015 -219041
0.295 0.02 -221893
0.295 0.025 -223065
0.295 0.03 -222862
0.295 0.035 -221496
0.295 0.04 -219129
0.295 0.045 -215893
0.295 0.05 -211905
0.295 0.055 -207268
0.295 0.06 -202075
0.295 0.065 -196412
0.295 0.07 -190353
0.295 0.075 -183965
0.295 0.08 -177308
0.295 0.085 -170432
0.295 0.09 -163380
0.295 0.095 -156188
0.295 0.1 -148889
0.295 0.105 -141507
0.295 0.11 -134065
0.295 0.115 -126579
0.295 0.12 -119065
0.295 0.125 -111534
0.295 0.13 -103997
0.295 0.135 -96461.6
0.295 0.14 -88934.3
0.295 0.145 -81420
0.295 0.15 -73922.6
0.295 0.155 -66444.5
0.295 0.16 -58986.9
0.295 0.165 -51550.4
0.295 0.17 -44134.4
0.295 0.175 -36737.4
0.295 0.18 -29357.4
0.295 0.185 -21991.6
0.295 0.19 -14637
0.295 0.195 -7291.08
0.295 0.2 -2398.12
0.3 0 -218676
0.3 0.005 -223867
0.3 0.01 -232910
0.3 0.015 -238684
0.3 0.02 -241966
0.3 0.025 -243257
0.3 0.03 -242899
0.3 0.035 -241149
0.3 0.04 -238212
0.3 0.045 -234264
0.3 0.05 -229459
0.3 0.055 -223932
0.3 0.06 -217805
0.3 0.065 -211187
0.3 0.07 -204171
0.3 0.075 -196840
0.3 0.08 -189263
0.3 0.085 -181499
0.3 0.09 -173598
0.3 0.095 -165599
0.3 0.1 -157535
0.3 0.105 -149433
0.3 0.11 -141314
0.3 0.115 -133194
0.3 0.12 -125087
0.3 0.125 -117001
0.3 0.13 -108945
0.3 0.135 -100924
0.3 0.14 -92942.3
0.3 0.145 -85001.1
0.3 0.15 -77101.9
0.3 0.155 -69244.6
0.3 0.16 -61427.8
0.3 0.165 -53649.4
0.3 0.17 -45906.6
0.3 0.175 -38195.5
0.3 0.18 -30511.8
0.3 0.185 -22850.7
0.3 0.19 -15206.9
0.3 0.195 -7575.59
0.3 0.2 -2493.42
0.305 0 -238060
0.305 0.005 -243776
0.305 0.01 -253936
0.305 0.015 -260473
0.305 0.02 -264143
0.305 0.025 -265469
0.305 0.03 -264840
0.305 0.035 -262564
0.305 0.04 -258901
0.305 0.045 -254076
0.305 0.05 -248286
0.305 0.055 -241707
0.305 0.06 -234493
0.305 0.065 -226777
0.305 0.07 -218675
0.305 0.075 -210284
0.305 0.08 -201685
0.305 0.085 -192944
0.305 0.09 -184116
0.305 0.095 -175243
0.305 0.1 -166359
0.305 0.105 -157490
0.305 0.11 -148655
0.305 0.115 -139869
0.305 0.12 -131142
0.305 0.125 -122481
0.305 0.13 -113890
0.305 0.135 -105372
0.305 0.14 -96926.1
0.305 0.145 -88552.1
0.305 0.15 -80247.6
0.305 0.155 -72009.5
0.305 0.16 -63833.7
0.305 0.165 -55715.2
0.305 0.17 -47648.4
0.305 0.175 -39627
0.305 0.18 -31644.2
0.305 0.185 -23692.8
0.305 0.19 -15765.3
0.305 0.195 -7854.47
0.305 0.2 -2587.08
0.31 0 -259908
0.31 0.005 -266143
0.31 0.01 -277455
0.31 0.015 -284732
0.31 0.02 -288713
0.31 0.025 -289951
0.31 0.03 -288890
0.31 0.035 -285904
0.31 0.04 -281315
0.31 0.045 -275407
0.31 0.05 -268432
0.31 0.055 -260611
0.31 0.06 -252132
0.31 0.065 -243158
0.31 0.07 -233827
0.31 0.075 -224250
0.31 0.08 -214519
0.31 0.085 -204709
0.31 0.09 -194875
0.31 0.095 -185062
0.31 0.1 -175303
0.31 0.105 -165622
0.31 0.11 -156036
0.31 0.115 -146555
0.31 0.12 -137186
0.31 0.125 -127933
0.31 0.13 -118794
0.31 0.135 -109769
0.31 0.14 -100855
0.31 0.145 -92045.1
0.31 0.15 -83335
0.31 0.155 -74717.7
0.31 0.16 -66185.9
0.31 0.165 -57731.6
0.31 0.17 -49346.2
0.31 0.175 -41020.7
0.31 0.18 -32745.7
0.31 0.185 -24511.4
0.31 0.19 -16307.9
0.31 0.195 -8125.6
0.31 0.2 -2678.39
0.315 0 -284659
0.315 0.005 -291396
0.315 0.01 -303885
0.315 0.015 -311849
0.315 0.02 -316017
0.315 0.025 -316989
0.315 0.03 -315280
0.315 0.035 -311339
0.315 0.04 -305570
0.315 0.045 -298329
0.315 0.05 -289928
0.315 0.055 -280639
0.315 0.06 -270693
0.315 0.065 -260282
0.315 0.07 -249565
0.315 0.075 -238668
0.315 0.08 -227693
0.315 0.085 -216717
0.315 0.09 -205800
0.315 0.095 -194983
0.315 0.1 -184298
0.315 0.105 -173765
0.315 0.11 -163395
0.315 0.115 -153195
0.315 0.12 -143167
0.315 0.125 -133309
0.315 0.13 -123615
0.315 0.135 -114079
0.315 0.14 -104694
0.315 0.145 -95449.9
0.315 0.15 -86337.3
0.315 0.155 -77345.7
0.315 0.16 -68464.1
0.315 0.165 -59681.3
0.315 0.17 -50985.5
0.315 0.175 -42364.7
0.315 0.18 -33806.9
0.315 0.185 -25299.6
0.315 0.19 -16830.2
0.315 0.195 -8386.68
0.315 0.2 -2766.6
0.32 0 -312856
0.32 0.005 -320063
0.32 0.01 -333734
0.32 0.015 -342284
0.32 0.02 -346455
0.32 0.025 -346912
0.32 0.03 -344258
0.32 0.035 -339048
0.32 0.04 -331779
0.32 0.045 -322894
0.32 0.05 -312780
0.32 0.055 -301764
0.32 0.06 -290121
0.32 0.065 -278074
0.32 0.07 -265802
0.32 0.075 -253445
0.32 0.08 -241110
0.32 0.085 -228876
0.32 0.09 -216799
0.32 0.095 -204920
0.32 0.1 -193263
0.32 0.105 -181842
0.32 0.11 -170664
0.32 0.115 -159727
0.32 0.12 -149028
0.32 0.125 -138557
0.32 0.13 -128305
0.32 0.135 -118260
0.32 0.14 -108407
0.32 0.145 -98734.3
0.32 0.15 -89226.3
0.32 0.155 -79868.8
0.32 0.16 -70647
0.32 0.165 -61546.1
0.32 0.17 -52551
0.32 0.175 -43646.7
0.32 0.18 -34818.1
0.32 0.185 -26050
0.32 0.19 -17327.4
0.32 0.195 -8635.36
0.32 0.2 -2850.95
0.325 0 -345176
0.325 0.005 -352796
0.325 0.01 -367622
0.325 0.015 -376596
0.325 0.02 -380498
0.325 0.025 -380088
0.325 0.03 -376097
0.325 0.035 -369207
0.325 0.04 -360036
0.325 0.045 -349131
0.325 0.05 -336961
0.325 0.055 -323918
0.325 0.06 -310321
0.325 0.065 -296423
0.325 0.07 -282419
0.325 0.075 -268459
0.325 0.08 -254649
0.325 0.085 -241067
0.325 0.09 -227763
0.325 0.095 -214769
0.325 0.1 -202102
0.325 0.105 -189768
0.325 0.11 -177763
0.325 0.115 -166080
0.325 0.12 -154705
0.325 0.125 -143623
0.325 0.13 -132816
0.325 0.135 -122267
0.325 0.14 -111956
0.325 0.145 -101864
0.325 0.15 -91971.8
0.325 0.155 -82261
0.325 0.16 -72712.3
0.325 0.165 -63307.1
0.325 0.17 -54027
0.325 0.175 -44853.7
0.325 0.18 -35769.1
0.325 0.185 -26755.4
0.325 0.19 -17794.5
0.325 0.195 -8869.21
0.325 0.2 -2930.61
0.33 0 -382470
0.33 0.005 -390408
0.33 0.01 -406315
0.33 0.015 -415455
0.33 0.02 -418692
0.33 0.025 -416934
0.33 0.03 -411080
0.33 0.035 -401980
0.33 0.04 -390404
0.33 0.045 -377021
0.33 0.05 -362396
0.33 0.055 -346986
0.33 0.06 -331153
0.33 0.065 -315175
0.33 0.07 -299258
0.33 0.075 -283552
0.33 0.08 -268160
0.33 0.085 -253150
0.33 0.09 -238561
0.33 0.095 -224412
0.33 0.1 -210709
0.33 0.105 -197446
0.33 0.11 -184608
0.33 0.115 -172177
0.33 0.12 -160130
0.33 0.125 -148444
0.33 0.13 -137093
0.33 0.135 -126053
0.33 0.14 -115298
0.33 0.145 -104802
0.33 0.15 -94542.9
0.33 0.155 -84495.4
0.33 0.16 -74637
0.33 0.165 -64944.9
0.33 0.17 -55397.3
0.33 0.175 -45972.7
0.33 0.18 -36649.9
0.33 0.185 -27408
0.33 0.19 -18226.7
0.33 0.195 -9085.74
0.33 0.2 -3004.78
0.335 0 -425822
0.335 0.005 -433928
0.335 0.01 -450761
0.335 0.015 -459672
0.335 0.02 -461678
0.335 0.025 -457904
0.335 0.03 -449486
0.335 0.035 -437497
0.335 0.04 -422892
0.335 0.045 -406485
0.335 0.05 -388942
0.335 0.055 -370786
0.335 0.06 -352415
0.335 0.065 -334122
0.335 0.07 -316113
0.335 0.075 -298531
0.335 0.08 -281463
0.335 0.085 -264959
0.335 0.09 -249042
0.335 0.095 -233714
0.335 0.1 -218963
0.335 0.105 -204769
0.335 0.11 -191103
0.335 0.115 -177934
0.335 0.12 -165230
0.335 0.125 -152957
0.335 0.13 -141082
0.335 0.135 -129570
0.335 0.14 -118391
0.335 0.145 -107514
0.335 0.15 -96907.7
0.335 0.155 -86544.9
0.335 0.16 -76397.8
0.335 0.165 -66440
0.335 0.17 -56645.8
0.335 0.175 -46990.5
0.335 0.18 -37449.9
0.335 0.185 -28000.4
0.335 0.19 -18618.8
0.335 0.195 -9282.5
0.335 0.2 -3072.63
0.34 0 -476635
0.34 0.005 -484668
0.34 0.01 -502149
0.34 0.015 -510230
0.34 0.02 -510191
0.34 0.025 -503482
0.34 0.03 -491572
0.34 0.035 -475824
0.34 0.04 -457424
0.34 0.045 -437348
0.34 0.05 -416364
0.34 0.055 -395051
0.34 0.06 -373831
0.34 0.065 -352993
0.34 0.07 -332730
0.34 0.075 -313159
0.34 0.08 -294341
0.34 0.085 -276302
0.34 0.09 -259036
0.34 0.095 -242524
0.34 0.1 -226732
0.34 0.105 -211621
0.34 0.11 -197147
0.34 0.115 -183265
0.34 0.12 -169930
0.34 0.125 -157097
0.34 0.13 -144723
0.34 0.135 -132768
0.34 0.14 -121193
0.34 0.145 -109960
0.34 0.15 -99034.3
0.34 0.155 -88382.1
0.34 0.16 -77971.8
0.34 0.165 -67772.9
0.34 0.17 -57756.4
0.34 0.175 -47894.2
0.34 0.18 -38159.2
0.34 0.185 -28525.1
0.34 0.19 -18966.1
0.34 0.195 -9457.04
0.34 0.2 -3133.34
0.345 0 -536749
0.345 0.005 -544333
0.345 0.01 -561982
0.345 0.015 -568323
0.345 0.02 -565064
0.345 0.025 -554153
0.345 0.03 -537523
0.345 0.035 -516917
0.345 0.04 -493793
0.345 0.045 -469302
0.345 0.05 -444303
0.345 0.055 -419409
0.345 0.06 -395036
0.345 0.065 -371446
0.345 0.07 -348795
0.345 0.075 -327155
0.345 0.08 -306549
0.345 0.085 -286961
0.345 0.09 -268355
0.345 0.095 -250679
0.345 0.1 -233875
0.345 0.105 -217881
0.345 0.11 -202636
0.345 0.115 -188078
0.345 0.12 -174150
0.345 0.125 -160794
0.345 0.13 -147960
0.345 0.135 -135598
0.345 0.14 -123661
0.345 0.145 -112105
0.345 0.15 -100891
0.345 0.155 -89980.3
0.345 0.16 -79336.2
0.345 0.165 -68924.7
0.345 0.17 -58713.4
0.345 0.175 -48671.1
0.345 0.18 -38768
0.345 0.185 -28974.9
0.345 0.19 -19263.8
0.345 0.195 -9607.01
0.345 0.2 -3186.12
0.35 0 -608629
0.35 0.005 -615169
0.35 0.01 -632183
0.35 0.015 -635393
0.35 0.02 -627217
0.35 0.025 -610351
0.35 0.03 -587384
0.35 0.035 -560542
0.35 0.04 -531595
0.35 0.045 -501856
0.35 0.05 -472242
0.35 0.055 -443354
0.35 0.06 -415560
0.35 0.065 -389059
0.35 0.07 -363934
0.35 0.075 -340195
0.35 0.08 -317805
0.35 0.085 -296698
0.35 0.09 -276793
0.35 0.095 -258004
0.35 0.1 -240243
0.35 0.105 -223423
0.35 0.11 -207462
0.35 0.115 -192282
0.35 0.12 -177812
0.35 0.125 -163984
0.35 0.13 -150736
0.35 0.135 -138010
0.35 0.14 -125752
0.35 0.145 -113914
0.35 0.15 -102449
0.35 0.155 -91313.8
0.35 0.16 -80469.4
0.35 0.165 -69877.3
0.35 0.17 -59502
0.35 0.175 -49309.4
0.35 0.18 -39266.8
0.35 0.185 -29343
0.35 0.19 -19507.3
0.35 0.195 -9730.17
0.35 0.2 -3230.2
0.355 0 -695647
0.355 0.005 -700202
0.355 0.01 -715239
0.355 0.015 -713179
0.355 0.02 -697603
0.355 0.025 -672360
0.355 0.03 -640943
0.355 0.035 -606177
0.355 0.04 -570148
0.355 0.045 -534278
0.355 0.05 -499466
0.355 0.055 -466229
0.355 0.06 -434821
0.355 0.065 -405324
0.355 0.07 -377716
0.355 0.075 -351915
0.355 0.08 -327804
0.355 0.085 -305256
0.355 0.09 -284137
0.355 0.095 -264321
0.355 0.1 -245686
0.355 0.105 -228119
0.355 0.11 -211518
0.355 0.115 -195788
0.355 0.12 -180842
0.355 0.125 -166602
0.355 0.13 -152995
0.355 0.135 -139957
0.355 0.14 -127428
0.355 0.145 -115351
0.355 0.15 -103677
0.355 0.155 -92358.6
0.355 0.16 -81351.1
0.355 0.165 -70613.9
0.355 0.17 -60108.3
0.355 0.175 -49797.7
0.355 0.18 -39647.1
0.355 0.185 -29622.9
0.355 0.19 -19692.6
0.355 0.195 -9824.45
0.355 0.2 -3264.88
0.36 0 -802541
0.36 0.005 -803598
0.36 0.01 -814414
0.36 0.015 -803732
0.36 0.02 -777100
0.36 0.025 -740129
0.36 0.03 -697547
0.36 0.035 -652852
0.36 0.04 -608374
0.36 0.045 -565516
0.36 0.05 -525021
0.36 0.055 -487203
0.36 0.06 -452114
0.36 0.065 -419657
0.36 0.07 -389660
0.36 0.075 -361919
0.36 0.08 -336223
0.36 0.085 -312369
0.36 0.09 -290169
0.36 0.095 -269450
0.36 0.1 -250056
0.36 0.105 -231849
0.36 0.11 -214703
0.36 0.115 -198509
0.36 0.12 -183167
0.36 0.125 -168586
0.36 0.13 -154688
0.36 0.135 -141398
0.36 0.14 -128652
0.36 0.145 -116388
0.36 0.15 -104552
0.36 0.155 -93092.8
0.36 0.16 -81963.2
0.36 0.165 -71119.3
0.36 0.17 -60520
0.36 0.175 -50126.3
0.36 0.18 -39901.1
0.36 0.185 -29809.1
0.36 0.19 -19815.8
0.36 0.195 -9887.96
0.36 0.2 -3289.5
0.365 0 -936185
0.365 0.005 -931273
0.365 0.01 -934041
0.365 0.015 -909384
0.365 0.02 -866248
0.365 0.025 -812951
0.365 0.03 -755808
0.365 0.035 -698936
0.365 0.04 -644673
0.365 0.045 -594136
0.365 0.05 -547688
0.365 0.055 -505274
0.365 0.06 -466631
0.365 0.065 -431412
0.365 0.07 -399250
0.365 0.075 -369797
0.365 0.08 -342734
0.365 0.085 -317778
0.365 0.09 -294679
0.365 0.095 -273220
0.365 0.1 -253215
0.365 0.105 -234497
0.365 0.11 -216924
0.365 0.115 -200370
0.365 0.12 -184723
0.365 0.125 -169885
0.365 0.13 -155768
0.365 0.135 -142294
0.365 0.14 -129392
0.365 0.145 -116997
0.365 0.15 -105050
0.365 0.155 -93497.3
0.365 0.16 -82289.5
0.365 0.165 -71380.2
0.365 0.17 -60726
0.365 0.175 -50286.3
0.365 0.18 -40022.1
0.365 0.185 -29896.6
0.365 0.19 -19873.8
0.365 0.195 -9919.09
0.365 0.2 -3303.51
0.37 0 -1.10698e+06
0.37 0.005 -1.09195e+06
0.37 0.01 -1.07994e+06
0.37 0.015 -1.03253e+06
0.37 0.02 -964709
0.37 0.025 -888891
0.37 0.03 -813170
0.37 0.035 -741870
0.37 0.04 -676785
0.37 0.045 -618273
0.37 0.05 -565986
0.37 0.055 -519291
0.37 0.06 -477487
0.37 0.065 -439909
0.37 0.07 -405966
0.37 0.075 -375149
0.37 0.08 -347027
0.37 0.085 -321237
0.37 0.09 -297474
0.37 0.095 -275481
0.37 0.1 -255040
0.37 0.105 -235966
0.37 0.11 -218100
0.37 0.115 -201303
0.37 0.12 -185455
0.37 0.125 -170452
0.37 0.13 -156199
0.37 0.135 -142614
0.37 0.14 -129622
0.37 0.145 -117155
0.37 0.15 -105152
0.37 0.155 -93556.3
0.37 0.16 -82317
0.37 0.165 -71385.7
0.37 0.17 -60717.6
0.37 0.175 -50270.5
0.37 0.18 -40004.5
0.37 0.185 -29881.2
0.37 0.19 -19863.8
0.37 0.195 -9916.47
0.37 0.2 -3306.41
0.375 0 -1.33158e+06
0.375 0.005 -1.29911e+06
0.375 0.01 -1.25998e+06
0.375 0.015 -1.17495e+06
0.375 0.02 -1.07014e+06
0.375 0.025 -963818
0.375 0.03 -865295
0.375 0.035 -777867
0.375 0.04 -701693
0.375 0.045 -635641
0.375 0.05 -578227
0.375 0.055 -528020
0.375 0.06 -483782
0.375 0.065 -444491
0.375 0.07 -409323
0.375 0.075 -377613
0.375 0.08 -348829
0.375 0.085 -322540
0.375 0.09 -298395
0.375 0.095 -276105
0.375 0.1 -255433
0.375 0.105 -236176
0.375 0.11 -218166
0.375 0.115 -201256
0.375 0.12 -185322
0.375 0.125 -170252
0.375 0.13 -155951
0.375 0.135 -142333
0.375 0.14 -129321
0.375 0.145 -116845
0.375 0.15 -104844
0.375 0.155 -93257.9
0.375 0.16 -82035.6
0.375 0.165 -71127.5
0.375 0.17 -60487.9
0.375 0.175 -50073.6
0.375 0.18 -39844
0.375 0.185 -29759.9
0.375 0.19 -19783.7
0.375 0.195 -9879.07
0.375 0.2 -3297.82
0.38 0 -1.63865e+06
0.38 0.005 -1.57501e+06
0.38 0.01 -1.48459e+06
0.38 0.015 -1.33589e+06
0.38 0.02 -1.17593e+06
0.38 0.025 -1.02984e+06
0.38 0.03 -905312
0.38 0.035 -801701
0.38 0.04 -715679
0.38 0.045 -643677
0.38 0.05 -582665
0.38 0.055 -530273
0.38 0.06 -484701
0.38 0.065 -444592
0.38 0.07 -408921
0.38 0.075 -376903
0.38 0.08 -347932
0.38 0.085 -321532
0.38 0.09 -297325
0.38 0.095 -275005
0.38 0.1 -254324
0.38 0.105 -235074
0.38 0.11 -217081
0.38 0.115 -200196
0.38 0.12 -184294
0.38 0.125 -169263
0.38 0.13 -155006
0.38 0.135 -141436
0.38 0.14 -128476
0.38 0.145 -116057
0.38 0.15 -104116
0.38 0.155 -92594
0.38 0.16 -81438.5
0.38 0.165 -70600
0.38 0.17 -60032.2
0.38 0.175 -49691.9
0.38 0.18 -39537.8
0.38 0.185 -29530.5
0.38 0.19 -19632.3
0.38 0.195 -9806.16
0.38 0.2 -3277.47
0.385 0 -2.07682e+06
0.385 0.005 -1.95551e+06
0.385 0.01 -1.76483e+06
0.385 0.015 -1.50656e+06
0.385 0.02 -1.26657e+06
0.385 0.025 -1.07304e+06
0.385 0.03 -923223
0.385 0.035 -806858
0.385 0.04 -714678
0.385 0.045 -639882
0.385 0.05 -577762
0.385 0.055 -525093
0.385 0.06 -479638
0.385 0.065 -439821
0.385 0.07 -404503
0.385 0.075 -372846
0.385 0.08 -344217
0.385 0.085 -318130
0.385 0.09 -294205
0.385 0.095 -272138
0.385 0.1 -251682
0.385 0.105 -232634
0.385 0.11 -214824
0.385 0.115 -198107
0.385 0.12 -182360
0.385 0.125 -167473
0.385 0.13 -153353
0.385 0.135 -139914
0.385 0.14 -127081
0.385 0.145 -114785
0.385 0.15 -102964
0.385 0.155 -91561
0.385 0.16 -80522.8
0.385 0.165 -69800.6
0.385 0.17 -59348.5
0.385 0.175 -49123.5
0.385 0.18 -39084.4
0.385 0.185 -29192.1
0.385 0.19 -19408.7
0.385 0.195 -9697.37
0.385 0.2 -3245.19
0.39 0 -2.54747e+06
0.39 0.005 -2.3803e+06
0.39 0.01 -2.05212e+06
0.39 0.015 -1.64216e+06
0.39 0.02 -1.30701e+06
0.39 0.025 -1.07098e+06
0.39 0.03 -906332
0.39 0.035 -786582
0.39 0.04 -695178
0.39 0.045 -622437
0.39 0.05 -562573
0.39 0.055 -511988
0.39 0.06 -468340
0.39 0.065 -430050
0.39 0.07 -396009
0.39 0.075 -365416
0.39 0.08 -337676
0.39 0.085 -312335
0.39 0.09 -289040
0.39 0.095 -267508
0.39 0.1 -247512
0.39 0.105 -228862
0.39 0.11 -211401
0.39 0.115 -194993
0.39 0.12 -179523
0.39 0.125 -164887
0.39 0.13 -150997
0.39 0.135 -137771
0.39 0.14 -125138
0.39 0.145 -113031
0.39 0.15 -101390
0.39 0.155 -90159.5
0.39 0.16 -79288.8
0.39 0.165 -68729.6
0.39 0.17 -58437
0.39 0.175 -48368.6
0.39 0.18 -38484.1
0.39 0.185 -28744.6
0.39 0.19 -19113
0.39 0.195 -9552.66
0.39 0.2 -3200.94
0.395 0 -1.72924e+06
0.395 0.005 -1.93966e+06
0.395 0.01 -1.88164e+06
0.395 0.015 -1.54707e+06
0.395 0.02 -1.2194e+06
0.395 0.025 -993061
0.395 0.03 -842884
0.395 0.035 -736577
0.395 0.04 -655776
0.395 0.045 -591032
0.395 0.05 -537179
0.395 0.055 -491156
0.395 0.06 -451021
0.395 0.065 -415473
0.395 0.07 -383602
0.395 0.075 -354749
0.395 0.08 -328420
0.395 0.085 -304237
0.395 0.09 -281902
0.395 0.095 -261176
0.395 0.1 -241863
0.395 0.105 -223798
0.395 0.11 -206844
0.395 0.115 -190881
0.395 0.12 -175804
0.395 0.125 -161521
0.395 0.13 -147951
0.395 0.135 -135018
0.395 0.14 -122655
0.395 0.145 -110801
0.395 0.15 -99398.5
0.395 0.155 -88394.8
0.395 0.16 -77740.8
0.395 0.165 -67390.5
0.395 0.17 -57300.4
0.395 0.175 -47429.4
0.395 0.18 -37738.3
0.395 0.185 -28189.3
0.395 0.19 -18745.8
0.395 0.195 -9372.37
0.395 0.2 -3144.79
0.4 0 -471856
0.4 0.005 -646758
0.4 0.01 -865191
0.4 0.015 -1.01568e+06
0.4 0.02 -936086
0.4 0.025 -824781
0.4 0.03 -732945
0.4 0.035 -659538
0.4 0.04 -598990
0.4 0.045 -547578
0.4 0.05 -502960
0.4 0.055 -463591
0.4 0.06 -428401
0.4 0.065 -396619
0.4 0.07 -367678
0.4 0.075 -341143
0.4 0.08 -316678
0.4 0.085 -294013
0.4 0.09 -272931
0.4 0.095 -253251
0.4 0.1 -234820
0.4 0.105 -217511
0.4 0.11 -201208
0.4 0.115 -185814
0.4 0.12 -171240
0.4 0.125 -157406
0.4 0.13 -144239
0.4 0.135 -131674
0.4 0.14 -119650
0.4 0.145 -108110
0.4 0.15 -97002
0.4 0.155 -86276.1
0.4 0.16 -75886.4
0.4 0.165 -65789.4
0.4 0.17 -55943.6
0.4 0.175 -46309.7
0.4 0.18 -36850
0.4 0.185 -27528.1
0.4 0.19 -18308.7
0.4 0.195 -9157.14
0.4 0.2 -3076.9
0.405 0 683.483
0.405 0.005 -20128.6
0.405 0.01 -181782
0.405 0.015 -464489
0.405 0.02 -603216
0.405 0.025 -623218
0.405 0.03 -601848
0.405 0.035 -568055
0.405 0.04 -531695
0.405 0.045 -496129
0.405 0.05 -462461
0.405 0.055 -430969
0.405 0.06 -401627
0.405 0.065 -374300
0.405 0.07 -348825
0.405 0.075 -325035
0.405 0.08 -302777
0.405 0.085 -281914
0.405 0.09 -262319
0.405 0.095 -243884
0.405 0.1 -226506
0.405 0.105 -210096
0.405 0.11 -194572
0.405 0.115 -179857
0.405 0.12 -165882
0.405 0.125 -152582
0.405 0.13 -139897
0.405 0.135 -127769
0.405 0.14 -116146
0.405 0.145 -104978
0.405 0.15 -94216
0.405 0.155 -83816.5
0.405 0.16 -73736.4
0.405 0.165 -63935.1
0.405 0.17 -54373.8
0.405 0.175 -45015.2
0.405 0.18 -35823.6
0.405 0.185 -26764.3
0.405 0.19 -17803.4
0.405 0.195 -8907.93
0.405 0.2 -2997.59
0.41 0 391.159
0.41 0.005 -3233.12
0.41 0.01 -62720.9
0.41 0.015 -247616
0.41 0.02 -395347
0.41 0.025 -461962
0.41 0.03 -481591
0.41 0.035 -477612
0.41 0.04 -462234
0.41 0.045 -441583
0.41 0.05 -418747
0.41 0.055 -395307
0.41 0.06 -372082
0.41 0.065 -349493
0.41 0.07 -327751
0.41 0.075 -306948
0.41 0.08 -287115
0.41 0.085 -268243
0.41 0.09 -250305
0.41 0.095 -233261
0.41 0.1 -217067
0.41 0.105 -201673
0.41 0.11 -187029
0.41 0.115 -173086
0.41 0.12 -159793
0.41 0.125 -147102
0.41 0.13 -134966
0.41 0.135 -123337
0.41 0.14 -112172
0.41 0.145 -101427
0.41 0.15 -91060.6
0.41 0.155 -81032.6
0.41 0.16 -71304.4
0.41 0.165 -61838.8
0.41 0.17 -52599.9
0.41 0.175 -43553
0.41 0.18 -34664.6
0.41 0.185 -25901.8
0.41 0.19 -17232.8
0.41 0.195 -8626.01
0.41 0.2 -2907.22
0.415 0 16.6266
0.415 0.005 -2224.24
0.415 0.01 -35989.9
0.415 0.015 -155404
0.415 0.02 -273256
0.415 0.025 -346356
0.415 0.03 -383356
0.415 0.035 -397090
0.415 0.04 -396723
0.415 0.045 -388056
0.415 0.05 -374622
0.415 0.055 -358555
0.415 0.06 -341152
0.415 0.065 -323205
0.415 0.07 -305203
0.415 0.075 -287446
0.415 0.08 -270120
0.415 0.085 -253334
0.415 0.09 -237147
0.415 0.095 -221590
0.415 0.1 -206667
0.415 0.105 -192373
0.415 0.11 -178688
0.415 0.115 -165588
0.415 0.12 -153045
0.415 0.125 -141025
0.415 0.13 -129495
0.415 0.135 -118419
0.415 0.14 -107762
0.415 0.145 -97486.9
0.415 0.15 -87559.3
0.415 0.155 -77943.9
0.415 0.16 -68606.5
0.415 0.165 -59513.7
0.415 0.17 -50632.7
0.415 0.175 -41931.6
0.415 0.18 -33379.4
0.415 0.185 -24945.4
0.415 0.19 -16599.8
0.415 0.195 -8312.88
0.415 0.2 -2806.28
0.42 0 -150.738
0.42 0.005 -1929.76
0.42 0.01 -24741.4
0.42 0.015 -107460
0.42 0.02 -198746
0.42 0.025 -265340
0.42 0.03 -306864
0.42 0.035 -329283
0.42 0.04 -338268
0.42 0.045 -338192
0.42 0.05 -332161
0.42 0.055 -322300
0.42 0.06 -310043
0.42 0.065 -296354
0.42 0.07 -281885
0.42 0.075 -267074
0.42 0.08 -252220
0.42 0.085 -237523
0.42 0.09 -223115
0.42 0.095 -209083
0.42 0.1 -195481
0.42 0.105 -182337
0.42 0.11 -169663
0.42 0.115 -157459
0.42 0.12 -145715
0.42 0.125 -134416
0.42 0.13 -123539
0.42 0.135 -113060
0.42 0.14 -102952
0.42 0.145 -93188.2
0.42 0.15 -83737.9
0.42 0.155 -74572
0.42 0.16 -65660.8
0.42 0.165 -56974.6
0.42 0.17 -48484.2
0.42 0.175 -40160.7
0.42 0.18 -31975.5
0.42 0.185 -23900.5
0.42 0.19 -15907.9
0.42 0.195 -7970.26
0.42 0.2 -2695.31
0.425 0 -204.342
0.425 0.005 -1633.4
0.425 0.01 -18133.2
0.425 0.015 -78877
0.425 0.02 -150501
0.425 0.025 -207839
0.425 0.03 -248067
0.425 0.035 -273645
0.425 0.04 -287734
0.425 0.045 -293265
0.425 0.05 -292628
0.425 0.055 -287649
0.425 0.06 -279676
0.425 0.065 -269692
0.425 0.07 -258404
0.425 0.075 -246321
0.425 0.08 -233808
0.425 0.085 -221128
0.425 0.09 -208465
0.425 0.095 -195952
0.425 0.1 -183679
0.425 0.105 -171706
0.425 0.11 -160071
0.425 0.115 -148795
0.425 0.12 -137885
0.425 0.125 -127341
0.425 0.13 -117152
0.425 0.135 -107306
0.425 0.14 -97783.8
0.425 0.145 -88564.2
0.425 0.15 -79624.6
0.425 0.155 -70940.4
0.425 0.16 -62486.6
0.425 0.165 -54237.6
0.425 0.17 -46167.6
0.425 0.175 -38250.6
0.425 0.18 -30460.9
0.425 0.185 -22772.9
0.425 0.19 -15161.1
0.425 0.195 -7600.02
0.425 0.2 -2574.93
0.43 0 -207.54
0.43 0.005 -1342.8
0.43 0.01 -13733.8
0.43 0.015 -60135.6
0.43 0.02 -117404
0.43 0.025 -165952
0.43 0.03 -202651
0.43 0.035 -228366
0.43 0.04 -244732
0.43 0.045 -253579
0.43 0.05 -256608
0.43 0.055 -255256
0.43 0.06 -250680
0.43 0.065 -243778
0.43 0.07 -235242
0.43 0.075 -225593
0.43 0.08 -215225
0.43 0.085 -204432
0.43 0.09 -193435
0.43 0.095 -182393
0.43 0.1 -171426
0.43 0.105 -160618
0.43 0.11 -150027
0.43 0.115 -139691
0.43 0.12 -129635
0.43 0.125 -119868
0.43 0.13 -110394
0.43 0.135 -101207
0.43 0.14 -92296.6
0.43 0.145 -83649.4
0.43 0.15 -75248.1
0.43 0.155 -67073.3
0.43 0.16 -59104.4
0.43 0.165 -51319.6
0.43 0.17 -43696.6
0.43 0.175 -36212.5
0.43 0.18 -28844.3
0.43 0.185 -21568.9
0.43 0.19 -14363.3
0.43 0.195 -7204.2
0.43 0.2 -2445.79
0.435 0 -191.191
0.435 0.005 -1086.07
0.435 0.01 -10612.2
0.435 0.015 -46976.5
0.435 0.02 -93541.1
0.435 0.025 -134532
0.435 0.03 -167099
0.435 0.035 -191442
0.435 0.04 -208342
0.435 0.045 -218883
0.435 0.05 -224218
0.435 0.055 -225419
0.435 0.06 -223416
0.435 0.065 -218984
0.435 0.07 -212747
0.435 0.075 -205205
0.435 0.08 -196746
0.435 0.085 -187675
0.435 0.09 -178227
0.435 0.095 -168580
0.435 0.1 -158870
0.435 0.105 -149197
0.435 0.11 -139636
0.435 0.115 -130239
0.435 0.12 -121041
0.435 0.125 -112063
0.435 0.13 -103318
0.435 0.135 -94808.4
0.435 0.14 -86531.1
0.435 0.145 -78478.1
0.435 0.15 -70637.7
0.435 0.155 -62995.5
0.435 0.16 -55534.8
0.435 0.165 -48237.8
0.435 0.17 -41085.4
0.435 0.175 -34057.6
0.435 0.18 -27134.4
0.435 0.185 -20295
0.435 0.19 -13518.8
0.435 0.195 -6784.88
0.435 0.2 -2308.59
0.44 0 -168.798
0.44 0.005 -871.858
0.44 0.01 -8307.02
0.44 0.015 -37274.4
0.44 0.02 -75625.1
0.44 0.025 -110293
0.44 0.03 -138801
0.44 0.035 -161098
0.44 0.04 -177513
0.44 0.045 -188661
0.44 0.05 -195294
0.44 0.055 -198182
0.44 0.06 -198046
0.44 0.065 -195521
0.44 0.07 -191150
0.44 0.075 -185381
0.44 0.08 -178581
0.44 0.085 -171047
0.44 0.09 -163012
0.44 0.095 -154661
0.44 0.1 -146139
0.44 0.105 -137556
0.44 0.11 -128997
0.44 0.115 -120522
0.44 0.12 -112175
0.44 0.125 -103988
0.44 0.13 -95978.9
0.44 0.135 -88157.5
0.44 0.14 -80526.6
0.44 0.145 -73083.8
0.44 0.15 -65822.1
0.44 0.155 -58731.3
0.44 0.16 -51798.6
0.44 0.165 -45009.6
0.44 0.17 -38348.2
0.44 0.175 -31797.6
0.44 0.18 -25340.2
0.44 0.185 -18957.8
0.44 0.19 -12632
0.44 0.195 -6344.2
0.44 0.2 -2164.03
0.445 0 -146.048
0.445 0.005 -698.127
0.445 0.01 -6557.9
0.445 0.015 -29868.3
0.445 0.02 -61733.1
0.445 0.025 -91116.4
0.445 0.03 -115877
0.445 0.035 -135894
0.445 0.04 -151263
0.445 0.045 -162313
0.445 0.05 -169523
0.445 0.055 -173431
0.445 0.06 -174581
0.445 0.065 -173478
0.445 0.07 -170576
0.445 0.075 -166266
0.445 0.08 -160879
0.445 0.085 -154689
0.445 0.09 -147921
0.445 0.095 -140757
0.445 0.1 -133343
0.445 0.105 -125792
0.445 0.11 -118193
0.445 0.115 -110613
0.445 0.12 -103104
0.445 0.125 -95699.5
0.445 0.13 -88425.5
0.445 0.135 -81296.5
0.445 0.14 -74320.4
0.445 0.145 -67498.9
0.445 0.15 -60829.1
0.445 0.155 -54304.5
0.445 0.16 -47915.8
0.445 0.165 -41651.7
0.445 0.17 -35499.1
0.445 0.175 -29443.7
0.445 0.18 -23470.5
0.445 0.185 -17563.7
0.445 0.19 -11707.1
0.445 0.195 -5884.29
0.445 0.2 -2012.82
0.45 0 -124.97
0.45 0.005 -558.871
0.45 0.01 -5204.53
0.45 0.015 -24070.8
0.45 0.02 -50679
0.45 0.025 -75604
0.45 0.03 -96986.7
0.45 0.035 -114703
0.45 0.04 -128737
0.45 0.045 -139249
0.45 0.05 -146535
0.45 0.055 -150965
0.45 0.06 -152939
0.45 0.065 -152854
0.45 0.07 -151076
0.45 0.075 -147939
0.45 0.08 -143731
0.45 0.085 -138699
0.45 0.09 -133052
0.45 0.095 -126961
0.45 0.1 -120566
0.45 0.105 -113981
0.45 0.11 -107295
0.45 0.115 -100578
0.45 0.12 -93882.2
0.45 0.125 -87247.7
0.45 0.13 -80702.3
0.45 0.135 -74264.9
0.45 0.14 -67946.8
0.45 0.145 -61753.2
0.45 0.15 -55684.6
0.45 0.155 -49737.6
0.45 0.16 -43905.8
0.45 0.165 -38180.6
0.45 0.17 -32551.6
0.45 0.175 -27007
0.45 0.18 -21534
0.45 0.185 -16119.2
0.45 0.19 -10748.4
0.45 0.195 -5407.25
0.45 0.2 -1855.67
0.455 0 -106.107
0.455 0.005 -447.384
0.455 0.01 -4140.79
0.455 0.015 -19444.1
0.455 0.02 -41692.7
0.455 0.025 -62805.2
0.455 0.03 -81161
0.455 0.035 -96656.4
0.455 0.04 -109226
0.455 0.045 -118933
0.455 0.05 -125953
0.455 0.055 -130539
0.455 0.06 -132982
0.455 0.065 -133583
0.455 0.07 -132639
0.455 0.075 -130423
0.455 0.08 -127184
0.455 0.085 -123137
0.455 0.09 -118469
0.455 0.095 -113338
0.455 0.1 -107875
0.455 0.105 -102187
0.455 0.11 -96362.2
0.455 0.115 -90468.5
0.455 0.12 -84559.6
0.455 0.125 -78676.4
0.455 0.13 -72848.7
0.455 0.135 -67097.6
0.455 0.14 -61436.9
0.455 0.145 -55874.3
0.455 0.15 -50412.8
0.455 0.155 -45051.6
0.455 0.16 -39786.7
0.455 0.165 -34611.8
0.455 0.17 -29518.8
0.455 0.175 -24498.1
0.455 0.18 -19539.1
0.455 0.185 -14630.4
0.455 0.19 -9759.86
0.455 0.195 -4915.12
0.455 0.2 -1693.27
0.46 0 -89.3747
0.46 0.005 -357.641
0.46 0.01 -3292.77
0.46 0.015 -15691.3
0.46 0.02 -34249.1
0.46 0.025 -52052.7
0.46 0.03 -67690
0.46 0.035 -81082.4
0.46 0.04 -92146.5
0.46 0.045 -100893
0.46 0.05 -107421
0.46 0.055 -111899
0.46 0.06 -114537
0.46 0.065 -115564
0.46 0.07 -115211
0.46 0.075 -113704
0.46 0.08 -111247
0.46 0.085 -108027
0.46 0.09 -104208
0.46 0.095 -99930.6
0.46 0.1 -95313
0.46 0.105 -90454.9
0.46 0.11 -85437.8
0.46 0.115 -80327.3
0.46 0.12 -75175.4
0.46 0.125 -70022.2
0.46 0.13 -64898.1
0.46 0.135 -59825.1
0.46 0.14 -54818.2
0.46 0.145 -49886.8
0.46 0.15 -45035.7
0.46 0.155 -40265.8
0.46 0.16 -35575.2
0.46 0.165 -30959.6
0.46 0.17 -26412.7
0.46 0.175 -21927
0.46 0.18 -17493.7
0.46 0.185 -13103.2
0.46 0.19 -8745.47
0.46 0.195 -4409.84
0.46 0.2 -1526.27
0.465 0 -74.4651
0.465 0.005 -284.609
0.465 0.01 -2606.95
0.465 0.015 -12600.4
0.465 0.02 -27974.3
0.465 0.025 -42862.5
0.465 0.03 -56042.2
0.465 0.035 -67457.6
0.465 0.04 -77024.1
0.465 0.045 -84724.1
0.465 0.05 -90610.6
0.465 0.055 -94793.6
0.465 0.06 -97422.2
0.465 0.065 -98668.3
0.465 0.07 -98712.5
0.465 0.075 -97733.5
0.465 0.08 -95901.2
0.465 0.085 -93371.5
0.465 0.09 -90284
0.465 0.095 -86761.2
0.465 0.1 -82908.4
0.465 0.105 -78814.5
0.465 0.11 -74553.5
0.465 0.115 -70185.9
0.465 0.12 -65760.2
0.465 0.125 -61314.7
0.465 0.13 -56878.4
0.465 0.135 -52473.3
0.465 0.14 -48114.5
0.465 0.145 -43812.4
0.465 0.15 -39572.6
0.465 0.155 -35397.6
0.465 0.16 -31286.7
0.465 0.165 -27237.3
0.465 0.17 -23244.7
0.465 0.175 -19303
0.465 0.18 -15405.1
0.465 0.185 -11543.2
0.465 0.19 -7708.9
0.465 0.195 -3893.26
0.465 0.2 -1355.31
0.47 0 -61.0582
0.47 0.005 -224.264
0.47 0.01 -2043.3
0.47 0.015 -10013.5
0.47 0.02 -22591.7
0.47 0.025 -34872.5
0.47 0.03 -45810.4
0.47 0.035 -55368.1
0.47 0.04 -63468.1
0.47 0.045 -70080
0.47 0.05 -75228.2
0.47 0.055 -78983.6
0.47 0.06 -81451.1
0.47 0.065 -82758.2
0.47 0.07 -83043.1
0.47 0.075 -82446.5
0.47 0.08 -81105.1
0.47 0.085 -79147
0.47 0.09 -76688.6
0.47 0.095 -73833.6
0.47 0.1 -70672.6
0.47 0.105 -67282.8
0.47 0.11 -63729.4
0.47 0.115 -60066.3
0.47 0.12 -56337
0.47 0.125 -52576.6
0.47 0.13 -48811.9
0.47 0.135 -45063.4
0.47 0.14 -41346
0.47 0.145 -37669.7
0.47 0.15 -34040.8
0.47 0.155 -30462.5
0.47 0.16 -26935
0.47 0.165 -23457
0.47 0.17 -20025
0.47 0.175 -16634.6
0.47 0.18 -13280.2
0.47 0.185 -9955.52
0.47 0.19 -6653.57
0.47 0.195 -3367.11
0.47 0.2 -1180.96
0.475 0 -48.8643
0.475 0.005 -173.476
0.475 0.01 -1571.22
0.475 0.015 -7809.33
0.475 0.02 -17889.6
0.475 0.025 -27803.6
0.475 0.03 -36675
0.475 0.035 -44480.8
0.475 0.04 -51154.3
0.475 0.045 -56661.9
0.475 0.05 -61011.2
0.475 0.055 -64246.9
0.475 0.06 -66442.1
0.475 0.065 -67689.4
0.475 0.07 -68092.9
0.475 0.075 -67761.1
0.475 0.08 -66801.4
0.475 0.085 -65316.1
0.475 0.09 -63399.7
0.475 0.095 -61137.3
0.475 0.1 -58604.1
0.475 0.105 -55865.2
0.475 0.11 -52975.7
0.475 0.115 -49981.8
0.475 0.12 -46921.3
0.475 0.125 -43824.6
0.475 0.13 -40715.6
0.475 0.135 -37612.6
0.475 0.14 -34529.1
0.475 0.145 -31474.5
0.475 0.15 -28455.1
0.475 0.155 -25474
0.475 0.16 -22532.5
0.475 0.165 -19629.6
0.475 0.17 -16763.2
0.475 0.175 -13929.9
0.475 0.18 -11125.5
0.475 0.185 -8344.92
0.475 0.19 -5582.7
0.475 0.195 -2833.01
0.475 0.2 -1003.78
0.48 0 -37.5844
0.48 0.005 -129.784
0.48 0.01 -1167
0.48 0.015 -5892.34
0.48 0.02 -13701.4
0.48 0.025 -21434.4
0.48 0.03 -28378.7
0.48 0.035 -34521.9
0.48 0.04 -39809.8
0.48 0.045 -44210.9
0.48 0.05 -47724.5
0.48 0.055 -50377.5
0.48 0.06 -52219.7
0.48 0.065 -53317
0.48 0.07 -53745.6
0.48 0.075 -53586.5
0.48 0.08 -52921.3
0.48 0.085 -51828.8
0.48 0.09 -50382.7
0.48 0.095 -48650
0.48 0.1 -46690.8
0.48 0.105 -44557.1
0.48 0.11 -42293.7
0.48 0.115 -39938.3
0.48 0.12 -37521.9
0.48 0.125 -35069.8
0.48 0.13 -32602.1
0.48 0.135 -30134
0.48 0.14 -27677.3
0.48 0.145 -25240.1
0.48 0.15 -22828
0.48 0.155 -20444.2
0.48 0.16 -18089.8
0.48 0.165 -15764.9
0.48 0.17 -13467.8
0.48 0.175 -11196.1
0.48 0.18 -8946.74
0.48 0.185 -6715.86
0.48 0.19 -4499.27
0.48 0.195 -2292.45
0.48 0.2 -824.287
0.485 0 -26.979
0.485 0.005 -91.19
0.485 0.01 -811.719
0.485 0.015 -4185.56
0.485 0.02 -9891.89
0.485 0.025 -15584.1
0.485 0.03 -20708.7
0.485 0.035 -25260.8
0.485 0.04 -29199.7
0.485 0.045 -32499.4
0.485 0.05 -35155.4
0.485 0.055 -37183.5
0.485 0.06 -38616
0.485 0.065 -39497.8
0.485 0.07 -39881.9
0.485 0.075 -39825.8
0.485 0.08 -39388
0.485 0.085 -38625.9
0.485 0.09 -37593.4
0.485 0.095 -36340.5
0.485 0.1 -34911.6
0.485 0.105 -33346.1
0.485 0.11 -31677.7
0.485 0.115 -29935.3
0.485 0.12 -28142.5
0.485 0.125 -26318.8
0.485 0.13 -24479.8
0.485 0.135 -22637.6
0.485 0.14 -20801.2
0.485 0.145 -18977.3
0.485 0.15 -17170.4
0.485 0.155 -15383.2
0.485 0.16 -13616.9
0.485 0.165 -11871.6
0.485 0.17 -10146.4
0.485 0.175 -8439.76
0.485 0.18 -6749.33
0.485 0.185 -5072.44
0.485 0.19 -3406.04
0.485 0.195 -1746.83
0.485 0.2 -642.953
0.49 0 -16.836
0.49 0.005 -56.0983
0.49 0.01 -489.986
0.49 0.015 -2625.27
0.49 0.02 -6348.2
0.49 0.025 -10100.2
0.49 0.03 -13483.3
0.49 0.035 -16498.2
0.49 0.04 -19117.6
0.49 0.045 -21323
0.49 0.05 -23109.6
0.49 0.055 -24485.6
0.49 0.06 -25470.1
0.49 0.065 -26091
0.49 0.07 -26381.5
0.49 0.075 -26378.3
0.49 0.08 -26119.3
0.49 0.085 -25641.7
0.49 0.09 -24981.1
0.49 0.095 -24170.3
0.49 0.1 -23239.1
0.49 0.105 -22213.5
0.49 0.11 -21116.5
0.49 0.115 -19967.3
0.49 0.12 -18782.1
0.49 0.125 -17574.2
0.49 0.13 -16354.1
0.49 0.135 -15130.3
0.49 0.14 -13909.1
0.49 0.145 -12695
0.49 0.15 -11491.3
0.49 0.155 -10300
0.49 0.16 -9122.09
0.49 0.165 -7957.67
0.49 0.17 -6806.29
0.49 0.175 -5666.97
0.49 0.18 -4538.27
0.49 0.185 -3418.46
0.49 0.19 -2305.58
0.49 0.195 -1197.46
0.49 0.2 -460.225
0.495 0 -6.9284
0.495 0.005 -23.0522
0.495 0.01 -188.915
0.495 0.015 -1157.64
0.495 0.02 -2972.6
0.495 0.025 -4849.12
0.495 0.03 -6542.24
0.495 0.035 -8055.96
0.495 0.04 -9376.61
0.495 0.045 -10494.3
0.495 0.05 -11405.5
0.495 0.055 -12113.5
0.495 0.06 -12626.7
0.495 0.065 -12958.2
0.495 0.07 -13123.8
0.495 0.075 -13141.4
0.495 0.08 -13029.5
0.495 0.085 -12806.4
0.495 0.09 -12489.9
0.495 0.095 -12096.4
0.495 0.1 -11640.8
0.495 0.105 -11136.3
0.495 0.11 -10594.4
0.495 0.115 -10025.1
0.495 0.12 -9436.55
0.495 0.125 -8835.59
0.495 0.13 -8227.69
0.495 0.135 -7617.17
0.495 0.14 -7007.34
0.495 0.145 -6400.64
0.495 0.15 -5798.75
0.495 0.155 -5202.77
0.495 0.16 -4613.25
0.495 0.165 -4030.36
0.495 0.17 -3453.9
0.495 0.175 -2883.42
0.495 0.18 -2318.25
0.495 0.185 -1757.53
0.495 0.19 -1200.33
0.495 0.195 -645.565
0.495 0.2 -276.52
0.5 0 -2.99952
0.5 0.005 -6.85532
0.5 0.01 -42.1048
0.5 0.015 -440.778
0.5 0.02 -1315.33
0.5 0.025 -2266.1
0.5 0.03 -3123.78
0.5 0.035 -3893.74
0.5 0.04 -4569.07
0.5 0.045 -5144.27
0.5 0.05 -5617
0.5 0.055 -5988.16
0.5 0.06 -6261.52
0.5 0.065 -6443.11
0.5 0.07 -6540.59
0.5 0.075 -6562.64
0.5 0.08 -6518.39
0.5 0.085 -6417.03
0.5 0.09 -6267.41
0.5 0.095 -6077.84
0.5 0.1 -5855.89
0.5 0.105 -5608.32
0.5 0.11 -5341.03
0.5 0.115 -5059.1
0.5 0.12 -4766.79
0.5 0.125 -4467.63
0.5 0.13 -4164.5
0.5 0.135 -3859.64
0.5 0.14 -3554.8
0.5 0.145 -3251.28
0.5 0.15 -2949.99
0.5 0.155 -2651.53
0.5 0.16 -2356.24
0.5 0.165 -2064.23
0.5 0.17 -1775.43
0.5 0.175 -1489.65
0.5 0.18 -1206.56
0.5 0.185 -925.767
0.5 0.19 -646.799
0.5 0.195 -369.139
0.5 0.2 -138.356
