0 0 27493.3
0 0.005 40115.7
0 0.01 71341.6
0 0.015 86740.3
0 0.02 90068.5
0 0.025 77528.5
0 0.03 64002.1
0 0.035 57662.4
0 0.04 54953.1
0 0.045 53541.7
0 0.05 52585.9
0 0.055 51798.9
0 0.06 51081
0 0.065 50396.5
0 0.07 49732.4
0 0.075 49083.4
0 0.08 48447.1
0 0.085 47822.1
0 0.09 47207.1
0 0.095 46600.8
0 0.1 46002
0 0.105 45409.1
0 0.11 44820.6
0 0.115 44234.9
0 0.12 43650.3
0 0.125 43065.2
0 0.13 42477.8
0 0.135 41886.5
0 0.14 41289.7
0 0.145 40685.9
0 0.15 40073.7
0 0.155 39451.9
0 0.16 38819.8
0 0.165 38177.3
0 0.17 37525.4
0 0.175 36867.6
0 0.18 36211.8
0 0.185 35574.5
0 0.19 34988.2
0 0.195 34516.1
0 0.2 34281
0.005 0 27493.3
0.005 0.005 46426.9
0.005 0.01 74332.2
0.005 0.015 88458.3
0.005 0.02 88294.7
0.005 0.025 74800.3
0.005 0.03 62684.3
0.005 0.035 57113.1
0.005 0.04 54679.6
0.005 0.045 53364.2
0.005 0.05 52443.5
0.005 0.055 51670.5
0.005 0.06 50959.2
0.005 0.065 50278.6
0.005 0.07 49617.3
0.005 0.075 48970.8
0.005 0.08 48336.9
0.005 0.085 47714.1
0.005 0.09 47101.2
0.005 0.095 46497
0.005 0.1 45899.9
0.005 0.105 45308.6
0.005 0.11 44721.5
0.005 0.115 44136.9
0.005 0.12 43553.1
0.005 0.125 42968.6
0.005 0.13 42381.4
0.005 0.135 41790.1
0.005 0.14 41193
0.005 0.145 40588.6
0.005 0.15 39975.6
0.005 0.155 39352.8
0.005 0.16 38719.5
0.005 0.165 38075.8
0.005 0.17 37423.1
0.005 0.175 36765.3
0.005 0.18 36111.6
0.005 0.185 35480.3
0.005 0.19 34908
0.005 0.195 34465.4
0.005 0.2 34293.6
0.01 0 27493.3
0.01 0.005 46427
0.01 0.01 74332.2
0.01 0.015 88457.4
0.01 0.02 88290
0.01 0.025 74790
0.01 0.03 62669.7
0.01 0.035 57095.9
0.01 0.04 54661
0.01 0.045 53344.9
0.01 0.05 52423.8
0.01 0.055 51650.8
0.01 0.06 50939.6
0.01 0.065 50259.5
0.01 0.07 49598.9
0.01 0.075 48953.3
0.01 0.08 48320.7
0.01 0.085 47699.4
0.01 0.09 47088.3
0.01 0.095 46486
0.01 0.1 45891.1
0.01 0.105 45302.1
0.01 0.11 44717.4
0.01 0.115 44135.3
0.01 0.12 43554.1
0.01 0.125 42972.1
0.01 0.13 42387.5
0.01 0.135 41798.6
0.01 0.14 41203.9
0.01 0.145 40601.7
0.01 0.15 39990.8
0.01 0.155 39369.9
0.01 0.16 38738.4
0.01 0.165 38096.3
0.01 0.17 37445
0.01 0.175 36788.4
0.01 0.18 36135.6
0.01 0.185 35505
0.01 0.19 34933.1
0.01 0.195 34490.6
0.01 0.2 34324.5
0.015 0 27493.3
0.015 0.005 46427.1
0.015 0.01 74332.4
0.015 0.015 88455.6
0.015 0.02 88281.6
0.015 0.025 74772.5
0.015 0.03 62645.3
0.015 0.035 57067.2
0.015 0.04 54630
0.015 0.045 53312.7
0.015 0.05 52391
0.015 0.055 51617.8
0.015 0.06 50906.9
0.015 0.065 50227.4
0.015 0.07 49567.9
0.015 0.075 48924
0.015 0.08 48293.4
0.015 0.085 47674.6
0.015 0.09 47066.5
0.015 0.095 46467.6
0.015 0.1 45876.4
0.015 0.105 45291.3
0.015 0.11 44710.8
0.015 0.115 44132.9
0.015 0.12 43556
0.015 0.125 42978.2
0.015 0.13 42397.8
0.015 0.135 41813
0.015 0.14 41222.2
0.015 0.145 40623.8
0.015 0.15 40016.4
0.015 0.155 39398.8
0.015 0.16 38770.3
0.015 0.165 38130.8
0.015 0.17 37481.8
0.015 0.175 36827.1
0.015 0.18 36175.9
0.015 0.185 35546.4
0.015 0.19 34975.2
0.015 0.195 34532.9
0.015 0.2 34372.6
0.02 0 27493.3
0.02 0.005 46427.2
0.02 0.01 74332.4
0.02 0.015 88452.7
0.02 0.02 88269.4
0.02 0.025 74747.7
0.02 0.03 62611.1
0.02 0.035 57027.2
0.02 0.04 54586.7
0.02 0.045 53267.5
0.02 0.05 52344.8
0.02 0.055 51571.3
0.02 0.06 50860.5
0.02 0.065 50181.9
0.02 0.07 49523.9
0.02 0.075 48882.2
0.02 0.08 48254.6
0.02 0.085 47639.5
0.02 0.09 47035.6
0.02 0.095 46441.5
0.02 0.1 45855.5
0.02 0.105 45276.1
0.02 0.11 44701.4
0.02 0.115 44129.5
0.02 0.12 43558.7
0.02 0.125 42987
0.02 0.13 42412.5
0.02 0.135 41833.5
0.02 0.14 41248.3
0.02 0.145 40655.2
0.02 0.15 40052.7
0.02 0.155 39439.7
0.02 0.16 38815.3
0.02 0.165 38179.6
0.02 0.17 37533.8
0.02 0.175 36881.9
0.02 0.18 36232.8
0.02 0.185 35604.9
0.02 0.19 35034.6
0.02 0.195 34592.7
0.02 0.2 34438.3
0.025 0 27493.3
0.025 0.005 46427.3
0.025 0.01 74332.4
0.025 0.015 88448.6
0.025 0.02 88253.2
0.025 0.025 74715.8
0.025 0.03 62567.3
0.025 0.035 56976.1
0.025 0.04 54531.2
0.025 0.045 53209.4
0.025 0.05 52285.2
0.025 0.055 51510.8
0.025 0.06 50800.1
0.025 0.065 50122.3
0.025 0.07 49466.2
0.025 0.075 48827.4
0.025 0.08 48203.6
0.025 0.085 47593.3
0.025 0.09 46995
0.025 0.095 46407.2
0.025 0.1 45828.2
0.025 0.105 45256.2
0.025 0.11 44689.1
0.025 0.115 44125.2
0.025 0.12 43562.3
0.025 0.125 42998.5
0.025 0.13 42431.8
0.025 0.135 41860.4
0.025 0.14 41282.4
0.025 0.145 40696.1
0.025 0.15 40100.1
0.025 0.155 39493
0.025 0.16 38874.1
0.025 0.165 38243.2
0.025 0.17 37601.6
0.025 0.175 36953.2
0.025 0.18 36306.9
0.025 0.185 35681
0.025 0.19 35111.9
0.025 0.195 34670.4
0.025 0.2 34522.1
0.03 0 27493.1
0.03 0.005 46427.3
0.03 0.01 74332
0.03 0.015 88443
0.03 0.02 88232.7
0.03 0.025 74676.9
0.03 0.03 62514.4
0.03 0.035 56914.3
0.03 0.04 54463.9
0.03 0.045 53138.4
0.03 0.05 52211.7
0.03 0.055 51435.9
0.03 0.06 50724.8
0.03 0.065 50047.8
0.03 0.07 49393.9
0.03 0.075 48758.6
0.03 0.08 48139.5
0.03 0.085 47535.3
0.03 0.09 46944.1
0.03 0.095 46364.3
0.03 0.1 45794
0.03 0.105 45231.2
0.03 0.11 44673.8
0.03 0.115 44119.7
0.03 0.12 43566.8
0.03 0.125 43012.9
0.03 0.13 42455.9
0.03 0.135 41893.8
0.03 0.14 41324.8
0.03 0.145 40747.1
0.03 0.15 40159
0.03 0.155 39559.3
0.03 0.16 38947.1
0.03 0.165 38322.1
0.03 0.17 37685.7
0.03 0.175 37041.7
0.03 0.18 36398.8
0.03 0.185 35775.3
0.03 0.19 35207.7
0.03 0.195 34766.7
0.03 0.2 34624.9
0.035 0 27492.8
0.035 0.005 46427
0.035 0.01 74331
0.035 0.015 88435.4
0.035 0.02 88207.8
0.035 0.025 74631.1
0.035 0.03 62453.2
0.035 0.035 56842.7
0.035 0.04 54385.2
0.035 0.045 53054.6
0.035 0.05 52124.1
0.035 0.055 51345.7
0.035 0.06 50633.6
0.035 0.065 49957.2
0.035 0.07 49305.6
0.035 0.075 48674.4
0.035 0.08 48061.2
0.035 0.085 47464.3
0.035 0.09 46881.8
0.035 0.095 46311.8
0.035 0.1 45752.2
0.035 0.105 45200.8
0.035 0.11 44655.2
0.035 0.115 44113.2
0.035 0.12 43572.3
0.035 0.125 43030.3
0.035 0.13 42485
0.035 0.135 41934.3
0.035 0.14 41376.1
0.035 0.145 40808.6
0.035 0.15 40230.1
0.035 0.155 39639.2
0.035 0.16 39035
0.035 0.165 38417.2
0.035 0.17 37787
0.035 0.175 37148.1
0.035 0.18 36509.3
0.035 0.185 35888.8
0.035 0.19 35322.8
0.035 0.195 34882.5
0.035 0.2 34747.4
0.04 0 27492.1
0.04 0.005 46426.3
0.04 0.01 74329.2
0.04 0.015 88425.3
0.04 0.02 88178
0.04 0.025 74579.2
0.04 0.03 62384.6
0.04 0.035 56762.3
0.04 0.04 54295.8
0.04 0.045 52958
0.04 0.05 52021.7
0.04 0.055 51239.3
0.04 0.06 50525
0.04 0.065 49848.8
0.04 0.07 49199.7
0.04 0.075 48573.3
0.04 0.08 47967.1
0.04 0.085 47379
0.04 0.09 46807.1
0.04 0.095 46249
0.04 0.1 45702.4
0.04 0.105 45164.6
0.04 0.11 44633.1
0.04 0.115 44105.4
0.04 0.12 43578.9
0.04 0.125 43051.1
0.04 0.13 42519.6
0.04 0.135 41982.3
0.04 0.14 41436.8
0.04 0.145 40881.3
0.04 0.15 40314
0.04 0.155 39733.5
0.04 0.16 39138.6
0.04 0.165 38529.2
0.04 0.17 37906.2
0.04 0.175 37273.4
0.04 0.18 36639.4
0.04 0.185 36022.3
0.04 0.19 35458.4
0.04 0.195 35018.7
0.04 0.2 34890.7
0.045 0 27490.9
0.045 0.005 46424.8
0.045 0.01 74325.8
0.045 0.015 88411.6
0.045 0.02 88143.1
0.045 0.025 74522.3
0.045 0.03 62310.8
0.045 0.035 56675
0.045 0.04 54196.9
0.045 0.045 52848.8
0.045 0.05 51903.9
0.045 0.055 51115
0.045 0.06 50397.1
0.045 0.065 49720.3
0.045 0.07 49073.8
0.045 0.075 48453
0.045 0.08 47855.2
0.045 0.085 47277.9
0.045 0.09 46718.7
0.045 0.095 46174.9
0.045 0.1 45643.6
0.045 0.105 45122.1
0.045 0.11 44607.3
0.045 0.115 44096.5
0.045 0.12 43586.8
0.045 0.125 43075.6
0.045 0.13 42560.2
0.045 0.135 42038.3
0.045 0.14 41507.7
0.045 0.145 40966.1
0.045 0.15 40411.8
0.045 0.155 39843.1
0.045 0.16 39259.1
0.045 0.165 38659.2
0.045 0.17 38044.6
0.045 0.175 37418.7
0.045 0.18 36790.2
0.045 0.185 36177
0.045 0.19 35615.4
0.045 0.195 35176.6
0.045 0.2 35056
0.05 0 27488.7
0.05 0.005 46421.9
0.05 0.01 74320.1
0.05 0.015 88393.3
0.05 0.02 88102.9
0.05 0.025 74462.4
0.05 0.03 62234.9
0.05 0.035 56583.6
0.05 0.04 54089.9
0.05 0.045 52727
0.05 0.05 51769.2
0.05 0.055 50970.6
0.05 0.06 50247
0.05 0.065 49568.7
0.05 0.07 48925.1
0.05 0.075 48311
0.05 0.08 47723.3
0.05 0.085 47159
0.05 0.09 46615
0.05 0.095 46088.2
0.05 0.1 45575.2
0.05 0.105 45072.8
0.05 0.11 44577.6
0.05 0.115 44086.4
0.05 0.12 43596.2
0.05 0.125 43104.1
0.05 0.13 42607.3
0.05 0.135 42103.3
0.05 0.14 41589.5
0.05 0.145 41063.8
0.05 0.15 40524.3
0.05 0.155 39969.2
0.05 0.16 39397.4
0.05 0.165 38808.5
0.05 0.17 38203.3
0.05 0.175 37585.3
0.05 0.18 36963
0.05 0.185 36354.3
0.05 0.19 35795.3
0.05 0.195 35357.4
0.05 0.2 35244.8
0.055 0 27484.9
0.055 0.005 46416.8
0.055 0.01 74310.5
0.055 0.015 88368.6
0.055 0.02 88057.6
0.055 0.025 74403.2
0.055 0.03 62162
0.055 0.035 56492.3
0.055 0.04 53977
0.055 0.045 52592.3
0.055 0.05 51615.5
0.055 0.055 50802.8
0.055 0.06 50070.7
0.055 0.065 49390.1
0.055 0.07 48749.7
0.055 0.075 48143.8
0.055 0.08 47568.5
0.055 0.085 47020
0.055 0.09 46494.3
0.055 0.095 45987.8
0.055 0.1 45496.4
0.055 0.105 45016.3
0.055 0.11 44543.8
0.055 0.115 44075.3
0.055 0.12 43607.6
0.055 0.125 43137.4
0.055 0.13 42661.8
0.055 0.135 42177.9
0.055 0.14 41683.3
0.055 0.145 41175.6
0.055 0.15 40652.8
0.055 0.155 40113
0.055 0.16 39555
0.055 0.165 38978.3
0.055 0.17 38383.8
0.055 0.175 37774.7
0.055 0.18 37159.4
0.055 0.185 36555.6
0.055 0.19 35999.5
0.055 0.195 35562.6
0.055 0.2 35458.5
0.06 0 27478.3
0.06 0.005 46407.8
0.06 0.01 74294.9
0.06 0.015 88335.1
0.06 0.02 88008.5
0.06 0.025 74351.3
0.06 0.03 62100.3
0.06 0.035 56407
0.06 0.04 53860.3
0.06 0.045 52443.4
0.06 0.05 51439
0.06 0.055 50606.3
0.06 0.06 49862.8
0.06 0.065 49179
0.06 0.07 48542.8
0.06 0.075 47947.4
0.06 0.08 47387.6
0.06 0.085 46858.3
0.06 0.09 46354.8
0.06 0.095 45872.3
0.06 0.1 45406.2
0.06 0.105 44952.2
0.06 0.11 44505.9
0.06 0.115 44063.6
0.06 0.12 43621.5
0.06 0.125 43176.2
0.06 0.13 42724.5
0.06 0.135 42263.4
0.06 0.14 41790.4
0.06 0.145 41302.8
0.06 0.15 40798.6
0.06 0.155 40275.9
0.06 0.16 39733.4
0.06 0.165 39170.4
0.06 0.17 38587.6
0.06 0.175 37988.4
0.06 0.18 37380.8
0.06 0.185 36782.6
0.06 0.19 36229.7
0.06 0.195 35793.9
0.06 0.2 35698.9
0.065 0 27466.8
0.065 0.005 46392
0.065 0.01 74269.5
0.065 0.015 88289.7
0.065 0.02 87958.8
0.065 0.025 74318.4
0.065 0.03 62062.8
0.065 0.035 56336.1
0.065 0.04 53741.7
0.065 0.045 52277
0.065 0.05 51233.3
0.065 0.055 50373.4
0.065 0.06 49615.3
0.065 0.065 48928.4
0.065 0.07 48298.5
0.065 0.075 47717
0.065 0.08 47176.7
0.065 0.085 46671.2
0.065 0.09 46194.4
0.065 0.095 45740.5
0.065 0.1 45304.2
0.065 0.105 44880.3
0.065 0.11 44464.2
0.065 0.115 44051.7
0.065 0.12 43638.6
0.065 0.125 43221.3
0.065 0.13 42796.5
0.065 0.135 42361
0.065 0.14 41912
0.065 0.145 41446.9
0.065 0.15 40963.4
0.065 0.155 40459.7
0.065 0.16 39934.2
0.065 0.165 39386.3
0.065 0.17 38816.6
0.065 0.175 38228.3
0.065 0.18 37629.3
0.065 0.185 37037.2
0.065 0.19 36487.8
0.065 0.195 36053.3
0.065 0.2 35967.9
0.07 0 27446.6
0.07 0.005 46364.5
0.07 0.01 74228.5
0.07 0.015 88228.7
0.07 0.02 87916.9
0.07 0.025 74326.2
0.07 0.03 62069.8
0.07 0.035 56289.6
0.07 0.04 53620.7
0.07 0.045 52085.4
0.07 0.05 50987.2
0.07 0.055 50092.4
0.07 0.06 49317.6
0.07 0.065 48629.1
0.07 0.07 48009.5
0.07 0.075 47446.9
0.07 0.08 46931.8
0.07 0.085 46455.8
0.07 0.09 46011.3
0.07 0.095 45591.3
0.07 0.1 45189.7
0.07 0.105 44800.6
0.07 0.11 44419.1
0.07 0.115 44040.3
0.07 0.12 43659.9
0.07 0.125 43274.1
0.07 0.13 42879.2
0.07 0.135 42472.1
0.07 0.14 42049.7
0.07 0.145 41609.5
0.07 0.15 41148.9
0.07 0.155 40666
0.07 0.16 40159.4
0.07 0.165 39628.1
0.07 0.17 39072.8
0.07 0.175 38496.4
0.07 0.18 37906.8
0.07 0.185 37321.4
0.07 0.19 36775.9
0.07 0.195 36342.7
0.07 0.2 36267.8
0.075 0 27410.6
0.075 0.005 46316
0.075 0.01 74162.7
0.075 0.015 88149
0.075 0.02 87902.7
0.075 0.025 74413.8
0.075 0.03 62151.7
0.075 0.035 56277.1
0.075 0.04 53490.1
0.075 0.045 51852.4
0.075 0.05 50682.2
0.075 0.055 49746
0.075 0.06 48955.2
0.075 0.065 48269.9
0.075 0.07 47667.3
0.075 0.075 47131.1
0.075 0.08 46648.8
0.075 0.085 46209.4
0.075 0.09 45803.9
0.075 0.095 45424
0.075 0.1 45062.7
0.075 0.105 44713.6
0.075 0.11 44371.2
0.075 0.115 44030.4
0.075 0.12 43686.7
0.075 0.125 43335.9
0.075 0.13 42974.3
0.075 0.135 42598.5
0.075 0.14 42205.5
0.075 0.145 41792.5
0.075 0.15 41357.1
0.075 0.155 40897.1
0.075 0.16 40411
0.075 0.165 39897.9
0.075 0.17 39358.2
0.075 0.175 38794.9
0.075 0.18 38215.6
0.075 0.185 37637.5
0.075 0.19 37096.2
0.075 0.195 36664.4
0.075 0.2 36600.7
0.08 0 27345.4
0.08 0.005 46229.4
0.08 0.01 74057.8
0.08 0.015 88052.8
0.08 0.02 87963.4
0.08 0.025 74653.7
0.08 0.03 62348.4
0.08 0.035 56297.9
0.08 0.04 53325.3
0.08 0.045 51546.5
0.08 0.05 50288.8
0.08 0.055 49310.1
0.08 0.06 48509.9
0.08 0.065 47837.8
0.08 0.07 47262.9
0.08 0.075 46763.7
0.08 0.08 46323.8
0.08 0.085 45929.9
0.08 0.09 45571.1
0.08 0.095 45238.3
0.08 0.1 44923.5
0.08 0.105 44620.1
0.08 0.11 44321.8
0.08 0.115 44023.6
0.08 0.12 43720.6
0.08 0.125 43408.5
0.08 0.13 43083.5
0.08 0.135 42742.2
0.08 0.14 42381.4
0.08 0.145 41998.2
0.08 0.15 41590.2
0.08 0.155 41155.1
0.08 0.16 40691.4
0.08 0.165 40198
0.08 0.17 39675.4
0.08 0.175 39126.3
0.08 0.18 38558.2
0.08 0.185 37987.9
0.08 0.19 37451.2
0.08 0.195 37020.9
0.08 0.2 36969.3
0.085 0 27223.4
0.085 0.005 46071.4
0.085 0.01 73895.3
0.085 0.015 87964.1
0.085 0.02 88216.8
0.085 0.025 75174.1
0.085 0.03 62692
0.085 0.035 56313.9
0.085 0.04 53065.8
0.085 0.045 51110.8
0.085 0.05 49762.5
0.085 0.055 48753.2
0.085 0.06 47960.5
0.085 0.065 47318.8
0.085 0.07 46787.7
0.085 0.075 46339.5
0.085 0.08 45954
0.085 0.085 45615.9
0.085 0.09 45312.8
0.085 0.095 45034.8
0.085 0.1 44773.3
0.085 0.105 44521.3
0.085 0.11 44272.5
0.085 0.115 44021.6
0.085 0.12 43763.5
0.085 0.125 43494
0.085 0.13 43209.2
0.085 0.135 42905.5
0.085 0.14 42579.7
0.085 0.145 42228.9
0.085 0.15 41850.6
0.085 0.155 41442.6
0.085 0.16 41003.1
0.085 0.165 40531.1
0.085 0.17 40026.9
0.085 0.175 39493.2
0.085 0.18 38937.1
0.085 0.185 38375.4
0.085 0.19 37843.6
0.085 0.195 37414.9
0.085 0.2 37376.2
0.09 0 26986.3
0.09 0.005 45777.8
0.09 0.01 73668.4
0.09 0.015 88003.1
0.09 0.02 88975.6
0.09 0.025 76149.9
0.09 0.03 63118.7
0.09 0.035 56183.5
0.09 0.04 52583.7
0.09 0.045 50453.9
0.09 0.05 49044.4
0.09 0.055 48039.1
0.09 0.06 47285.6
0.09 0.065 46701
0.09 0.07 46235.2
0.09 0.075 45855.3
0.09 0.08 45538.5
0.09 0.085 45267.8
0.09 0.09 45030.1
0.09 0.095 44815
0.09 0.1 44613.9
0.09 0.105 44419.5
0.09 0.11 44225.6
0.09 0.115 44026.7
0.09 0.12 43817.9
0.09 0.125 43594.9
0.09 0.13 43353.8
0.09 0.135 43090.9
0.09 0.14 42803
0.09 0.145 42487.3
0.09 0.15 42141.1
0.09 0.155 41762.3
0.09 0.16 41348.9
0.09 0.165 40900
0.09 0.17 40415.6
0.09 0.175 39898.4
0.09 0.18 39355.3
0.09 0.185 38802.9
0.09 0.19 38276.3
0.09 0.195 37849.2
0.09 0.2 37824.5
0.095 0 26505.8
0.095 0.005 45369
0.095 0.01 73521.9
0.095 0.015 88753.6
0.095 0.02 90947.3
0.095 0.025 77426.8
0.095 0.03 63158.3
0.095 0.035 55537.4
0.095 0.04 51655.3
0.095 0.045 49452.8
0.095 0.05 48070
0.095 0.055 47135.3
0.095 0.06 46469.6
0.095 0.065 45977.6
0.095 0.07 45603.3
0.095 0.075 45311.7
0.095 0.08 45079
0.095 0.085 44887.9
0.095 0.09 44725.5
0.095 0.095 44581.7
0.095 0.1 44448
0.095 0.105 44317.4
0.095 0.11 44183.7
0.095 0.115 44041.7
0.095 0.12 43886.6
0.095 0.125 43714
0.095 0.13 43520.1
0.095 0.135 43301.3
0.095 0.14 43054.3
0.095 0.145 42776.4
0.095 0.15 42464.7
0.095 0.155 42117.1
0.095 0.16 41731.8
0.095 0.165 41307.6
0.095 0.17 40844.6
0.095 0.175 40345.1
0.095 0.18 39815.9
0.095 0.185 39273.3
0.095 0.19 38752.4
0.095 0.195 38327
0.095 0.2 38317.3
0.1 0 26032.4
0.1 0.005 46597.5
0.1 0.01 72364.1
0.1 0.015 89815.8
0.1 0.02 91646.9
0.1 0.025 75838.2
0.1 0.03 61174.2
0.1 0.035 53684.8
0.1 0.04 49999.1
0.1 0.045 47994.8
0.1 0.05 46796.3
0.1 0.055 46027.8
0.1 0.06 45510.6
0.1 0.065 45151.4
0.1 0.07 44896.7
0.1 0.075 44713.6
0.1 0.08 44580.1
0.1 0.085 44480.6
0.1 0.09 44403.3
0.1 0.095 44338.8
0.1 0.1 44279.3
0.1 0.105 44218.5
0.1 0.11 44150.4
0.1 0.115 44070.1
0.1 0.12 43972.8
0.1 0.125 43854.6
0.1 0.13 43711.4
0.1 0.135 43539.9
0.1 0.14 43336.8
0.1 0.145 43099.2
0.1 0.15 42824.5
0.1 0.155 42510.4
0.1 0.16 42155.1
0.1 0.165 41757.3
0.1 0.17 41317
0.1 0.175 40836.5
0.1 0.18 40322.2
0.1 0.185 39790.2
0.1 0.19 39275.3
0.1 0.195 38851.6
0.1 0.2 38858
0.105 0 31506.4
0.105 0.005 51067.4
0.105 0.01 65826.1
0.105 0.015 81526.3
0.105 0.02 79572
0.105 0.025 65830.5
0.105 0.03 55459.9
0.105 0.035 50176.6
0.105 0.04 47517.9
0.105 0.045 46077.2
0.105 0.05 45243.1
0.105 0.055 44738.7
0.105 0.06 44427.9
0.105 0.065 44238.2
0.105 0.07 44128
0.105 0.075 44071.2
0.105 0.08 44050.5
0.105 0.085 44053.1
0.105 0.09 44069.4
0.105 0.095 44091.5
0.105 0.1 44112.7
0.105 0.105 44127.1
0.105 0.11 44129.6
0.105 0.115 44115.4
0.105 0.12 44080.2
0.105 0.125 44020
0.105 0.13 43931.1
0.105 0.135 43810.1
0.105 0.14 43653.8
0.105 0.145 43459.3
0.105 0.15 43224
0.105 0.155 42945.6
0.105 0.16 42622.2
0.105 0.165 42252.5
0.105 0.17 41836.5
0.105 0.175 41376.1
0.105 0.18 40877.7
0.105 0.185 40356.9
0.105 0.19 39848.4
0.105 0.195 39426.7
0.105 0.2 39450.3
0.11 0 54325.1
0.11 0.005 63761.5
0.11 0.01 55345.4
0.11 0.015 59989.1
0.11 0.02 57454
0.11 0.025 52091.5
0.11 0.03 48124.2
0.11 0.035 45831.9
0.11 0.04 44571.1
0.11 0.045 43882.2
0.11 0.05 43513.6
0.11 0.055 43331.5
0.11 0.06 43262.9
0.11 0.065 43266.4
0.11 0.07 43317.4
0.11 0.075 43399.5
0.11 0.08 43501.3
0.11 0.085 43614.3
0.11 0.09 43731.2
0.11 0.095 43846
0.11 0.1 43953.3
0.11 0.105 44048
0.11 0.11 44125.7
0.11 0.115 44181.9
0.11 0.12 44212.7
0.11 0.125 44214.3
0.11 0.13 44183
0.11 0.135 44115.6
0.11 0.14 44009
0.11 0.145 43860.3
0.11 0.15 43666.8
0.11 0.155 43426.3
0.11 0.16 43136.8
0.11 0.165 42797.1
0.11 0.17 42406.8
0.11 0.175 41967.8
0.11 0.18 41486.3
0.11 0.185 40977.5
0.11 0.19 40475.7
0.11 0.195 40055.9
0.11 0.2 40098
0.115 0 92059.8
0.115 0.005 80774.2
0.115 0.01 49795.7
0.115 0.015 44965.5
0.115 0.02 43868.3
0.115 0.025 43009
0.115 0.03 42320.3
0.115 0.035 41900.9
0.115 0.04 41712.5
0.115 0.045 41683.7
0.115 0.05 41756.8
0.115 0.055 41893.6
0.115 0.06 42070.2
0.115 0.065 42272.1
0.115 0.07 42489.8
0.115 0.075 42716.3
0.115 0.08 42946.2
0.115 0.085 43174.6
0.115 0.09 43397.1
0.115 0.095 43609.4
0.115 0.1 43807.2
0.115 0.105 43986.6
0.115 0.11 44143.6
0.115 0.115 44274.1
0.115 0.12 44374.6
0.115 0.125 44441.5
0.115 0.13 44471.2
0.115 0.135 44460.5
0.115 0.14 44406.4
0.115 0.145 44306.1
0.115 0.15 44156.9
0.115 0.155 43956.5
0.115 0.16 43702.9
0.115 0.165 43394.8
0.115 0.17 43031.8
0.115 0.175 42615.5
0.115 0.18 42151.9
0.115 0.185 41655.7
0.115 0.19 41161.1
0.115 0.195 40743.3
0.115 0.2 40805.3
0.12 0 119729
0.12 0.005 93602.7
0.12 0.01 52610.2
0.12 0.015 41901.9
0.12 0.02 39074.1
0.12 0.025 38504.4
0.12 0.03 38600.7
0.12 0.035 38909.6
0.12 0.04 39291.3
0.12 0.045 39696.3
0.12 0.05 40104.6
0.12 0.055 40508.2
0.12 0.06 40904.3
0.12 0.065 41291.9
0.12 0.07 41670.8
0.12 0.075 42040.2
0.12 0.08 42398.8
0.12 0.085 42744.7
0.12 0.09 43075.6
0.12 0.095 43388.7
0.12 0.1 43680.7
0.12 0.105 43948.3
0.12 0.11 44188.2
0.12 0.115 44396.7
0.12 0.12 44570.4
0.12 0.125 44705.9
0.12 0.13 44799.8
0.12 0.135 44848.9
0.12 0.14 44850.2
0.12 0.145 44800.9
0.12 0.15 44698.4
0.12 0.155 44540.3
0.12 0.16 44324.6
0.12 0.165 44049.9
0.12 0.17 43715.7
0.12 0.175 43323.5
0.12 0.18 42878.8
0.12 0.185 42396
0.12 0.19 41909
0.12 0.195 41493.2
0.12 0.2 41576.5
0.125 0 134842
0.125 0.005 103850
0.125 0.01 58160.2
0.125 0.015 43490.5
0.125 0.02 38325.3
0.125 0.025 36721.8
0.125 0.03 36519.1
0.125 0.035 36865.5
0.125 0.04 37414.6
0.125 0.045 38024.6
0.125 0.05 38638.4
0.125 0.055 39234.8
0.125 0.06 39807.6
0.125 0.065 40356.6
0.125 0.07 40883
0.125 0.075 41388
0.125 0.08 41872.2
0.125 0.085 42335
0.125 0.09 42775.3
0.125 0.095 43191
0.125 0.1 43579.8
0.125 0.105 43938.7
0.125 0.11 44264.7
0.125 0.115 44554.5
0.125 0.12 44804.7
0.125 0.125 45012.1
0.125 0.13 45173.3
0.125 0.135 45285.2
0.125 0.14 45344.7
0.125 0.145 45349.1
0.125 0.15 45295.8
0.125 0.155 45182.2
0.125 0.16 45006.4
0.125 0.165 44766.9
0.125 0.17 44463
0.125 0.175 44096.1
0.125 0.18 43671.4
0.125 0.185 43202.9
0.125 0.19 42723.8
0.125 0.195 42310.1
0.125 0.2 42416.1
0.13 0 145069
0.13 0.005 111982
0.13 0.01 63548
0.13 0.015 46284.3
0.13 0.02 39195.3
0.13 0.025 36384.1
0.13 0.03 35526.9
0.13 0.035 35578
0.13 0.04 36043
0.13 0.045 36684.4
0.13 0.05 37389
0.13 0.055 38104.2
0.13 0.06 38806.7
0.13 0.065 39487.5
0.13 0.07 40143.3
0.13 0.075 40773.3
0.13 0.08 41377.2
0.13 0.085 41954.4
0.13 0.09 42503.6
0.13 0.095 43023
0.13 0.1 43510.5
0.13 0.105 43963.2
0.13 0.11 44378.2
0.13 0.115 44752.3
0.13 0.12 45082.2
0.13 0.125 45364.6
0.13 0.13 45596.2
0.13 0.135 45773.9
0.13 0.14 45894.5
0.13 0.145 45955.3
0.13 0.15 45953.5
0.13 0.155 45886.7
0.13 0.16 45752.8
0.13 0.165 45550.3
0.13 0.17 45278.4
0.13 0.175 44938.2
0.13 0.18 44534.5
0.13 0.185 44080.9
0.13 0.19 43610.3
0.13 0.195 43198.7
0.13 0.2 43329.1
0.135 0 153272
0.135 0.005 118803
0.135 0.01 68363.3
0.135 0.015 49243.7
0.135 0.02 40663.9
0.135 0.025 36769.9
0.135 0.03 35200.9
0.135 0.035 34830.5
0.135 0.04 35079.4
0.135 0.045 35640.7
0.135 0.05 36350.8
0.135 0.055 37123.1
0.135 0.06 37912.5
0.135 0.065 38696
0.135 0.07 39462.3
0.135 0.075 40205.4
0.135 0.08 40922.1
0.135 0.085 41610
0.135 0.09 42266.9
0.135 0.095 42890.5
0.135 0.1 43478.2
0.135 0.105 44026.9
0.135 0.11 44533.6
0.135 0.115 44995
0.135 0.12 45407.7
0.135 0.125 45768.2
0.135 0.13 46073.3
0.135 0.135 46319.7
0.135 0.14 46504.3
0.135 0.145 46624.1
0.135 0.15 46676.3
0.135 0.155 46658.6
0.135 0.16 46568.8
0.135 0.165 46405.1
0.135 0.17 46166.7
0.135 0.175 45854.5
0.135 0.18 45473
0.135 0.185 45035.2
0.135 0.19 44573.4
0.135 0.195 44164.1
0.135 0.2 44320.4
0.14 0 160416
0.14 0.005 124821
0.14 0.01 72702.7
0.14 0.015 52098.6
0.14 0.02 42320.4
0.14 0.025 37501.1
0.14 0.03 35263
0.14 0.035 34444.4
0.14 0.04 34420.5
0.14 0.045 34839.2
0.14 0.05 35498.6
0.14 0.055 36282.5
0.14 0.06 37124.1
0.14 0.065 37985.5
0.14 0.07 38844.9
0.14 0.075 39689.8
0.14 0.08 40512.3
0.14 0.085 41307.2
0.14 0.09 42070.5
0.14 0.095 42798.5
0.14 0.1 43487.7
0.14 0.105 44134.6
0.14 0.11 44735.7
0.14 0.115 45287.3
0.14 0.12 45785.8
0.14 0.125 46227.7
0.14 0.13 46609.4
0.14 0.135 46927.6
0.14 0.14 47178.9
0.14 0.145 47360.5
0.14 0.15 47469.4
0.14 0.155 47503.1
0.14 0.16 47459.3
0.14 0.165 47336.3
0.14 0.17 47133.1
0.14 0.175 46850.3
0.14 0.18 46492.1
0.14 0.185 46071
0.14 0.19 45618.5
0.14 0.195 45211.5
0.14 0.2 45395.5
0.145 0 166881
0.145 0.005 130310
0.145 0.01 76704.5
0.145 0.015 54809.4
0.145 0.02 44010.6
0.145 0.025 38390.1
0.145 0.03 35545.4
0.145 0.035 34292.4
0.145 0.04 33979.3
0.145 0.045 34225.2
0.145 0.05 34800.4
0.145 0.055 35565.1
0.145 0.06 36433.5
0.145 0.065 37353.2
0.145 0.07 38291.6
0.145 0.075 39228.5
0.145 0.08 40150.9
0.145 0.085 41049.7
0.145 0.09 41918.2
0.145 0.095 42751
0.145 0.1 43543.2
0.145 0.105 44290.6
0.145 0.11 44988.8
0.145 0.115 45633.8
0.145 0.12 46221.4
0.145 0.125 46747.9
0.145 0.13 47209.4
0.145 0.135 47602.5
0.145 0.14 47923.6
0.145 0.145 48169.7
0.145 0.15 48337.8
0.145 0.155 48425.3
0.145 0.16 48429.8
0.145 0.165 48349.4
0.145 0.17 48183
0.145 0.175 47931
0.145 0.18 47597.3
0.145 0.185 47193.6
0.145 0.19 46751.1
0.145 0.195 46346.4
0.145 0.2 46559.9
0.15 0 172845
0.15 0.005 135415
0.15 0.01 80471.2
0.15 0.015 57396.8
0.15 0.02 45683.9
0.15 0.025 39348.4
0.15 0.03 35952.3
0.15 0.035 34290
0.15 0.04 33690.2
0.15 0.045 33751.8
0.15 0.05 34225.1
0.15 0.055 34951.5
0.15 0.06 35829.4
0.15 0.065 36793.1
0.15 0.07 37799.8
0.15 0.075 38821.5
0.15 0.08 39839.2
0.15 0.085 40839.6
0.15 0.09 41812.9
0.15 0.095 42751.4
0.15 0.1 43648.7
0.15 0.105 44499.1
0.15 0.11 45297.4
0.15 0.115 46039
0.15 0.12 46719.1
0.15 0.125 47333.6
0.15 0.13 47878.4
0.15 0.135 48349.6
0.15 0.14 48743.6
0.15 0.145 49057.1
0.15 0.15 49287.1
0.15 0.155 49430.8
0.15 0.16 49485.7
0.15 0.165 49449.8
0.15 0.17 49322
0.15 0.175 49102.3
0.15 0.18 48794.2
0.15 0.185 48409
0.15 0.19 47976.8
0.15 0.195 47574.6
0.15 0.2 47819.4
0.155 0 178397
0.155 0.005 140219
0.155 0.01 84068.8
0.155 0.015 59890.3
0.155 0.02 47329.5
0.155 0.025 40336.3
0.155 0.03 36430.9
0.155 0.035 34384
0.155 0.04 33506.9
0.155 0.045 33382.5
0.155 0.05 33745.6
0.155 0.055 34423.1
0.155 0.06 35299.5
0.155 0.065 36297.8
0.155 0.07 37365.6
0.155 0.075 38467.1
0.155 0.08 39577.3
0.155 0.085 40678.3
0.155 0.09 41756.9
0.155 0.095 42802.7
0.155 0.1 43807.4
0.155 0.105 44763.9
0.155 0.11 45665.8
0.155 0.115 46507.5
0.155 0.12 47283.8
0.155 0.125 47990
0.155 0.13 48621.5
0.155 0.135 49174.2
0.155 0.14 49644.3
0.155 0.145 50028.3
0.155 0.15 50322.9
0.155 0.155 50525.3
0.155 0.16 50632.9
0.155 0.165 50643.5
0.155 0.17 50556
0.155 0.175 50370.1
0.155 0.18 50088.9
0.155 0.185 49722.9
0.155 0.19 49301.7
0.155 0.195 48902.2
0.155 0.2 49180.3
0.16 0 183590
0.16 0.005 144766
0.16 0.01 87538.3
0.16 0.015 62314.3
0.16 0.02 48949.6
0.16 0.025 41337
0.16 0.03 36952.8
0.16 0.035 34541.8
0.16 0.04 33398
0.16 0.045 33090.4
0.16 0.05 33340.9
0.16 0.055 33963.9
0.16 0.06 34832.8
0.16 0.065 35860
0.16 0.07 36984.5
0.16 0.075 38163
0.16 0.08 39364.5
0.16 0.085 40566.5
0.16 0.09 41751.9
0.16 0.095 42907.5
0.16 0.1 44022.7
0.16 0.105 45088.7
0.16 0.11 46098
0.16 0.115 47043.9
0.16 0.12 47920.4
0.16 0.125 48722.1
0.16 0.13 49444.1
0.16 0.135 50082
0.16 0.14 50631.6
0.16 0.145 51089.1
0.16 0.15 51451.2
0.16 0.155 51714.8
0.16 0.16 51877.4
0.16 0.165 51936.7
0.16 0.17 51891.1
0.16 0.175 51740.5
0.16 0.18 51487.4
0.16 0.185 51141.7
0.16 0.19 50732.1
0.16 0.195 50335.3
0.16 0.2 50648.9
0.165 0 188452
0.165 0.005 149082
0.165 0.01 90904.3
0.165 0.015 64685.8
0.165 0.02 50549.8
0.165 0.025 42344.1
0.165 0.03 37502.8
0.165 0.035 34743.6
0.165 0.04 33343
0.165 0.045 32856.6
0.165 0.05 32994.9
0.165 0.055 33561.5
0.165 0.06 34419.9
0.165 0.065 35473.4
0.165 0.07 36652.6
0.165 0.075 37907.2
0.165 0.08 39200.5
0.165 0.085 40505
0.165 0.09 41799.6
0.165 0.095 43068.2
0.165 0.1 44297.7
0.165 0.105 45477.5
0.165 0.11 46598.5
0.165 0.115 47652.9
0.165 0.12 48633.9
0.165 0.125 49535.4
0.165 0.13 50352
0.165 0.135 51078.8
0.165 0.14 51711.3
0.165 0.145 52245.6
0.165 0.15 52678.1
0.165 0.155 53005.7
0.165 0.16 53225.7
0.165 0.165 53335.6
0.165 0.17 53333.9
0.165 0.175 53220
0.165 0.18 52996.3
0.165 0.185 52672
0.165 0.19 52274.5
0.165 0.195 51880.6
0.165 0.2 52231.8
0.17 0 193001
0.17 0.005 153182
0.17 0.01 94180.8
0.17 0.015 67016
0.17 0.02 52134.8
0.17 0.025 43355.6
0.17 0.03 38072.9
0.17 0.035 34977.6
0.17 0.04 33328.5
0.17 0.045 32668.1
0.17 0.05 32696.1
0.17 0.055 33206.5
0.17 0.06 34053.8
0.17 0.065 35132.8
0.17 0.07 36366.7
0.17 0.075 37698.3
0.17 0.08 39085.1
0.17 0.085 40494.7
0.17 0.09 41902.1
0.17 0.095 43287.7
0.17 0.1 44636.1
0.17 0.105 45934.3
0.17 0.11 47171.8
0.17 0.115 48339.6
0.17 0.12 49429.8
0.17 0.125 50435.6
0.17 0.13 51351
0.17 0.135 52170.7
0.17 0.14 52889.9
0.17 0.145 53504.3
0.17 0.15 54010.4
0.17 0.155 54404.6
0.17 0.16 54684.3
0.17 0.165 54847
0.17 0.17 54890.9
0.17 0.175 54815.5
0.17 0.18 54622.4
0.17 0.185 54320.3
0.17 0.19 53935.8
0.17 0.195 53544.9
0.17 0.2 53936
0.175 0 197243
0.175 0.005 157071
0.175 0.01 97374.5
0.175 0.015 69311
0.175 0.02 53707.8
0.175 0.025 44370.5
0.175 0.03 38658.4
0.175 0.035 35236.7
0.175 0.04 33346.1
0.175 0.045 32516.3
0.175 0.05 32436.8
0.175 0.055 32892.6
0.175 0.06 33729.7
0.175 0.065 34835.2
0.175 0.07 36125.1
0.175 0.075 37535.8
0.175 0.08 39019
0.175 0.085 40537.3
0.175 0.09 42061.7
0.175 0.095 43569.3
0.175 0.1 45041.5
0.175 0.105 46463.6
0.175 0.11 47823
0.175 0.115 49109.4
0.175 0.12 50313.9
0.175 0.125 51428.8
0.175 0.13 52447.5
0.175 0.135 53364.3
0.175 0.14 54174
0.175 0.145 54872.1
0.175 0.15 55454.7
0.175 0.155 55918.5
0.175 0.16 56260.4
0.175 0.165 56478
0.175 0.17 56569.4
0.175 0.175 56533.8
0.175 0.18 56372.7
0.175 0.185 56093.9
0.175 0.19 55722.9
0.175 0.195 55335.3
0.175 0.2 55768.7
0.18 0 201179
0.18 0.005 160749
0.18 0.01 100487
0.18 0.015 71573
0.18 0.02 55270
0.18 0.025 45388
0.18 0.03 39256.5
0.18 0.035 35516.1
0.18 0.04 33390.2
0.18 0.045 32395.8
0.18 0.05 32212.2
0.18 0.055 32615.7
0.18 0.06 33444.7
0.18 0.065 34578.9
0.18 0.07 35927.3
0.18 0.075 37420.3
0.18 0.08 39003.7
0.18 0.085 40635.4
0.18 0.09 42281.9
0.18 0.095 43916.8
0.18 0.1 45518.7
0.18 0.105 47070.4
0.18 0.11 48557.5
0.18 0.115 49968.1
0.18 0.12 51292.3
0.18 0.125 52521.4
0.18 0.13 53648.3
0.18 0.135 54666.5
0.18 0.14 55570.6
0.18 0.145 56356
0.18 0.15 57018.5
0.18 0.155 57554.5
0.18 0.16 57961.1
0.18 0.165 58235.7
0.18 0.17 58376.5
0.18 0.175 58382.3
0.18 0.18 58254.5
0.18 0.185 58000.1
0.18 0.19 57643.3
0.18 0.195 57259.2
0.18 0.2 57737.3
0.185 0 204805
0.185 0.005 164210
0.185 0.01 103515
0.185 0.015 73801.4
0.185 0.02 56820.9
0.185 0.025 46406.8
0.185 0.03 39864.9
0.185 0.035 35813
0.185 0.04 33457.6
0.185 0.045 32303.3
0.185 0.05 32019.4
0.185 0.055 32374.1
0.185 0.06 33198
0.185 0.065 34364.1
0.185 0.07 35774.6
0.185 0.075 37353.9
0.185 0.08 39042.2
0.185 0.085 40792.4
0.185 0.09 42566.8
0.185 0.095 44335.1
0.185 0.1 46073
0.185 0.105 47760.6
0.185 0.11 49381.5
0.185 0.115 50922.4
0.185 0.12 52371.9
0.185 0.125 53720.6
0.185 0.13 54960.5
0.185 0.135 56084.7
0.185 0.14 57087.4
0.185 0.145 57963.7
0.185 0.15 58709.2
0.185 0.155 59320.4
0.185 0.16 59794.2
0.185 0.165 60128
0.185 0.17 60319.9
0.185 0.175 60368.7
0.185 0.18 60275.4
0.185 0.185 60046.3
0.185 0.19 59704.5
0.185 0.195 59324.2
0.185 0.2 59849.5
0.19 0 208112
0.19 0.005 167446
0.19 0.01 106454
0.19 0.015 75992.7
0.19 0.02 58358.2
0.19 0.025 47425.1
0.19 0.03 40481.6
0.19 0.035 36125.2
0.19 0.04 33546.3
0.19 0.045 32237.2
0.19 0.05 31857.7
0.19 0.055 32167.7
0.19 0.06 32990.6
0.19 0.065 34192.6
0.19 0.07 35669.7
0.19 0.075 37340.1
0.19 0.08 39138.7
0.19 0.085 41013.3
0.19 0.09 42921.8
0.19 0.095 44830.1
0.19 0.1 46710.6
0.19 0.105 48540.8
0.19 0.11 50302.1
0.19 0.115 51979.6
0.19 0.12 53560.4
0.19 0.125 55034.1
0.19 0.13 56392.1
0.19 0.135 57626.9
0.19 0.14 58732.4
0.19 0.145 59703.2
0.19 0.15 60535.1
0.19 0.155 61224.4
0.19 0.16 61767.8
0.19 0.165 62162.9
0.19 0.17 62407.6
0.19 0.175 62500.9
0.19 0.18 62443.3
0.19 0.185 62240.6
0.19 0.19 61914.4
0.19 0.195 61538.1
0.19 0.2 62113.4
0.195 0 211085
0.195 0.005 170443
0.195 0.01 109293
0.195 0.015 78141.2
0.195 0.02 59878.2
0.195 0.025 48440
0.195 0.03 41104.4
0.195 0.035 36451.1
0.195 0.04 33655.3
0.195 0.045 32197.4
0.195 0.05 31727.6
0.195 0.055 31998
0.195 0.06 32824.9
0.195 0.065 34067.8
0.195 0.07 35616.7
0.195 0.075 37383.9
0.195 0.08 39298.9
0.195 0.085 41304.3
0.195 0.09 43353.5
0.195 0.095 45408.8
0.195 0.1 47438.9
0.195 0.105 49418.7
0.195 0.11 51327.3
0.195 0.115 53147.7
0.195 0.12 54865.9
0.195 0.125 56470.4
0.195 0.13 57951.7
0.195 0.135 59301.8
0.195 0.14 60514.1
0.195 0.145 61583.3
0.195 0.15 62504.8
0.195 0.155 63274.8
0.195 0.16 63890.2
0.195 0.165 64348.6
0.195 0.17 64647.9
0.195 0.175 64787
0.195 0.18 64766.3
0.195 0.185 64590.9
0.195 0.19 64281.2
0.195 0.195 63909.1
0.195 0.2 64537.1
0.2 0 213709
0.2 0.005 173184
0.2 0.01 112020
0.2 0.015 80238.9
0.2 0.02 61375.7
0.2 0.025 49448.1
0.2 0.03 41731
0.2 0.035 36789.4
0.2 0.04 33784.2
0.2 0.045 32184.4
0.2 0.05 31631
0.2 0.055 31868
0.2 0.06 32704.9
0.2 0.065 33994.8
0.2 0.07 35621.7
0.2 0.075 37492
0.2 0.08 39529.9
0.2 0.085 41673
0.2 0.09 43870.3
0.2 0.095 46079.7
0.2 0.1 48266.8
0.2 0.105 50403.3
0.2 0.11 52466
0.2 0.115 54436
0.2 0.12 56297.8
0.2 0.125 58038.7
0.2 0.13 59648.4
0.2 0.135 61118.5
0.2 0.14 62441.8
0.2 0.145 63612.9
0.2 0.15 64627.1
0.2 0.155 65480.6
0.2 0.16 66170.3
0.2 0.165 66693.9
0.2 0.17 67049.4
0.2 0.175 67235.7
0.2 0.18 67253
0.2 0.185 67105.7
0.2 0.19 66813.1
0.2 0.195 66445.5
0.2 0.2 67129
0.205 0 215960
0.205 0.005 175649
0.205 0.01 114619
0.205 0.015 82275.4
0.205 0.02 62843.9
0.205 0.025 50444.9
0.205 0.03 42358.9
0.205 0.035 37139
0.205 0.04 33933.5
0.205 0.045 32200.2
0.205 0.05 31570.9
0.205 0.055 31782.1
0.205 0.06 32636.2
0.205 0.065 33980.2
0.205 0.07 35692.1
0.205 0.075 37672.7
0.205 0.08 39840.7
0.205 0.085 42128.9
0.205 0.09 44481.7
0.205 0.095 46852.8
0.205 0.1 49204.2
0.205 0.105 51504.7
0.205 0.11 53728.6
0.205 0.115 55854.8
0.205 0.12 57866.3
0.205 0.125 59749.3
0.205 0.13 61492.6
0.205 0.135 63087
0.205 0.14 64525.4
0.205 0.145 65801.9
0.205 0.15 66911.7
0.205 0.155 67851.2
0.205 0.16 68617.4
0.205 0.165 69207.9
0.205 0.17 69621
0.205 0.175 69855.6
0.205 0.18 69911.8
0.205 0.185 69793.6
0.205 0.19 69518.7
0.205 0.195 69155.9
0.205 0.2 69897.8
0.21 0 217816
0.21 0.005 177813
0.21 0.01 117072
0.21 0.015 84238.3
0.21 0.02 64274.6
0.21 0.025 51425.4
0.21 0.03 42985.3
0.21 0.035 37499.3
0.21 0.04 34104.1
0.21 0.045 32247.3
0.21 0.05 31551.7
0.21 0.055 31746
0.21 0.06 32626
0.21 0.065 34032.4
0.21 0.07 35837.2
0.21 0.075 37936
0.21 0.08 40242.1
0.21 0.085 42683.2
0.21 0.09 45199.2
0.21 0.095 47739.7
0.21 0.1 50263
0.21 0.105 52734.8
0.21 0.11 55126.6
0.21 0.115 57415.5
0.21 0.12 59582.8
0.21 0.125 61613.3
0.21 0.13 63495
0.21 0.135 65218.2
0.21 0.14 66775.4
0.21 0.145 68160.5
0.21 0.15 69368.8
0.21 0.155 70396.6
0.21 0.16 71241.1
0.21 0.165 71900.1
0.21 0.17 72372
0.21 0.175 72655.9
0.21 0.18 72751.8
0.21 0.185 72663.3
0.21 0.19 72406.7
0.21 0.195 72049
0.21 0.2 72852.2
0.215 0 219248
0.215 0.005 179650
0.215 0.01 119356
0.215 0.015 86112.2
0.215 0.02 65657.9
0.215 0.025 52383.5
0.215 0.03 43607.2
0.215 0.035 37869.5
0.215 0.04 34297.8
0.215 0.045 32329.4
0.215 0.05 31578.8
0.215 0.055 31767
0.215 0.06 32683
0.215 0.065 34161.3
0.215 0.07 36068.4
0.215 0.075 38294.1
0.215 0.08 40746.7
0.215 0.085 43349
0.215 0.09 46036.1
0.215 0.095 48753.8
0.215 0.1 51456.5
0.215 0.105 54106.6
0.215 0.11 56673.2
0.215 0.115 59131.1
0.215 0.12 61459.8
0.215 0.125 63643
0.215 0.13 65667.7
0.215 0.135 67523.7
0.215 0.14 69203.1
0.215 0.145 70699.7
0.215 0.15 72008.9
0.215 0.155 73126.9
0.215 0.16 74051.3
0.215 0.165 74780.1
0.215 0.17 75311.9
0.215 0.175 75645.9
0.215 0.18 75782.1
0.215 0.185 75723.9
0.215 0.19 75486.1
0.215 0.195 75133.7
0.215 0.2 76001.1
0.22 0 220224
0.22 0.005 181128
0.22 0.01 121446
0.22 0.015 87879.4
0.22 0.02 66982.2
0.22 0.025 53312.4
0.22 0.03 44221.2
0.22 0.035 38249.6
0.22 0.04 34516.9
0.22 0.045 32451.5
0.22 0.05 31659.3
0.22 0.055 31854
0.22 0.06 32817.8
0.22 0.065 34379.1
0.22 0.07 36398.7
0.22 0.075 38761.1
0.22 0.08 41369.3
0.22 0.085 44141.3
0.22 0.09 47007.9
0.22 0.095 49910.4
0.22 0.1 52799.8
0.22 0.105 55635.2
0.22 0.11 58383
0.22 0.115 61015.7
0.22 0.12 63511.1
0.22 0.125 65851.7
0.22 0.13 68023.6
0.22 0.135 70016
0.22 0.14 71820.6
0.22 0.145 73431.2
0.22 0.15 74843.2
0.22 0.155 76053.1
0.22 0.16 77058.7
0.22 0.165 77858.1
0.22 0.17 78450.4
0.22 0.175 78835
0.22 0.18 79012
0.22 0.185 78984.4
0.22 0.19 78765.7
0.22 0.195 78418.9
0.22 0.2 79353.6
0.225 0 220712
0.225 0.005 182214
0.225 0.01 123312
0.225 0.015 89519.4
0.225 0.02 68234.2
0.225 0.025 54204.2
0.225 0.03 44824.2
0.225 0.035 38639.9
0.225 0.04 34764.9
0.225 0.045 32619.7
0.225 0.05 31801.9
0.225 0.055 32017.8
0.225 0.06 33043.1
0.225 0.065 34700
0.225 0.07 36843.7
0.225 0.075 39353.3
0.225 0.08 42126.9
0.225 0.085 45077.7
0.225 0.09 48131.9
0.225 0.095 51227
0.225 0.1 54310.2
0.225 0.105 57337.4
0.225 0.11 60272.2
0.225 0.115 63085
0.225 0.12 65752
0.225 0.125 68254.1
0.225 0.13 70576.7
0.225 0.135 72708.3
0.225 0.14 74640.6
0.225 0.145 76367.1
0.225 0.15 77883.4
0.225 0.155 79186.3
0.225 0.16 80273.8
0.225 0.165 81144.5
0.225 0.17 81797.6
0.225 0.175 82233
0.225 0.18 82450.9
0.225 0.185 82454
0.225 0.19 82254.8
0.225 0.195 81913.6
0.225 0.2 82918.7
0.23 0 220675
0.23 0.005 182870
0.23 0.01 124921
0.23 0.015 91008.7
0.23 0.02 69398.6
0.23 0.025 55050.2
0.23 0.03 45412.4
0.23 0.035 39041.1
0.23 0.04 35046.5
0.23 0.045 32841.7
0.23 0.05 32017.1
0.23 0.055 32271.4
0.23 0.06 33373.9
0.23 0.065 35140.7
0.23 0.07 37421.3
0.23 0.075 40089.7
0.23 0.08 43039
0.23 0.085 46177.8
0.23 0.09 49428.1
0.23 0.095 52723.2
0.23 0.1 56006.9
0.23 0.105 59231.8
0.23 0.11 62359
0.23 0.115 65356.5
0.23 0.12 68198.9
0.23 0.125 70865.9
0.23 0.13 73342
0.23 0.135 75615.1
0.23 0.14 77676.7
0.23 0.145 79520.4
0.23 0.15 81141.9
0.23 0.155 82538.3
0.23 0.16 83707.9
0.23 0.165 84649.8
0.23 0.17 85363.7
0.23 0.175 85849.6
0.23 0.18 86108.2
0.23 0.185 86142
0.23 0.19 85962.3
0.23 0.195 85626.9
0.23 0.2 86705.3
0.235 0 220075
0.235 0.005 183056
0.235 0.01 126238
0.235 0.015 92320.6
0.235 0.02 70458.2
0.235 0.025 55840.6
0.235 0.03 45982.5
0.235 0.035 39454.9
0.235 0.04 35367.3
0.235 0.045 33127.2
0.235 0.05 32317.5
0.235 0.055 32630.2
0.235 0.06 33827.7
0.235 0.065 35720.4
0.235 0.07 38152.2
0.235 0.075 40991.8
0.235 0.08 44127.8
0.235 0.085 47464.2
0.235 0.09 50918.7
0.235 0.095 54421
0.235 0.1 57911.3
0.235 0.105 61339.2
0.235 0.11 64663.2
0.235 0.115 67849.2
0.235 0.12 70870.1
0.235 0.125 73704.4
0.235 0.13 76335.6
0.235 0.135 78751.6
0.235 0.14 80943.3
0.235 0.145 82904.5
0.235 0.15 84631.2
0.235 0.155 86120.9
0.235 0.16 87372.3
0.235 0.165 88384.9
0.235 0.17 89158.9
0.235 0.175 89694.8
0.235 0.18 89993.6
0.235 0.185 90057.6
0.235 0.19 89897.3
0.235 0.195 89567.6
0.235 0.2 90722.3
0.24 0 218871
0.24 0.005 182730
0.24 0.01 127221
0.24 0.015 93425.7
0.24 0.02 71393.7
0.24 0.025 56565.1
0.24 0.03 46531
0.24 0.035 39883.7
0.24 0.04 35735
0.24 0.045 33487.7
0.24 0.05 32718.4
0.24 0.055 33112.2
0.24 0.06 34425.2
0.24 0.065 36461.7
0.24 0.07 39060.1
0.24 0.075 42084.5
0.24 0.08 45418.5
0.24 0.085 48962.1
0.24 0.09 52628.9
0.24 0.095 56345
0.24 0.1 60047.2
0.24 0.105 63682.4
0.24 0.11 67206.6
0.24 0.115 70583.7
0.24 0.12 73784.9
0.24 0.125 76787.7
0.24 0.13 79574.9
0.24 0.135 82133.8
0.24 0.14 84455.4
0.24 0.145 86533.7
0.24 0.15 88364.7
0.24 0.155 89946.6
0.24 0.16 91278.6
0.24 0.165 92360.6
0.24 0.17 93193.6
0.24 0.175 93778.4
0.24 0.18 94116.3
0.24 0.185 94209.9
0.24 0.19 94068.6
0.24 0.195 93744.6
0.24 0.2 94978.4
0.245 0 217022
0.245 0.005 181847
0.245 0.01 127827
0.245 0.015 94291.5
0.245 0.02 72183.8
0.245 0.025 57212
0.245 0.03 47054.7
0.245 0.035 40331.4
0.245 0.04 36159.1
0.245 0.045 33937.7
0.245 0.05 33238.1
0.245 0.055 33739
0.245 0.06 35190.2
0.245 0.065 37390.3
0.245 0.07 40172.5
0.245 0.075 43395.8
0.245 0.08 46939.7
0.245 0.085 50700
0.245 0.09 54586.6
0.245 0.095 58522.3
0.245 0.1 62440.9
0.245 0.105 66286.6
0.245 0.11 70013.1
0.245 0.115 73582.5
0.245 0.12 76964.5
0.245 0.125 80135.7
0.245 0.13 83078.1
0.245 0.135 85778.9
0.245 0.14 88228.9
0.245 0.145 90422.4
0.245 0.15 92355.9
0.245 0.155 94028
0.245 0.16 95438.5
0.245 0.165 96588.1
0.245 0.17 97478
0.245 0.175 98110
0.245 0.18 98485.7
0.245 0.185 98607.8
0.245 0.19 98485
0.245 0.195 98166.3
0.245 0.2 99481.9
0.25 0 213373
0.25 0.005 169954
0.25 0.01 121465
0.25 0.015 90528
0.25 0.02 69831.6
0.25 0.025 55731.8
0.25 0.03 46182.6
0.25 0.035 39932.2
0.25 0.04 36161
0.25 0.045 34300.9
0.25 0.05 33939.3
0.25 0.055 34762.9
0.25 0.06 36525.1
0.25 0.065 39025.9
0.25 0.07 42098.4
0.25 0.075 45601.1
0.25 0.08 49412.3
0.25 0.085 53426.9
0.25 0.09 57553.8
0.25 0.095 61714.6
0.25 0.1 65842.4
0.25 0.105 69880.9
0.25 0.11 73783.2
0.25 0.115 77511.4
0.25 0.12 81035.3
0.25 0.125 84331.6
0.25 0.13 87383
0.25 0.135 90177.2
0.25 0.14 92705.8
0.25 0.145 94964
0.25 0.15 96949.2
0.25 0.155 98660.8
0.25 0.16 100100
0.25 0.165 101267
0.25 0.17 102165
0.25 0.175 102796
0.25 0.18 103162
0.25 0.185 103266
0.25 0.19 103118
0.25 0.195 102774
0.25 0.2 102597
0.255 0 208601
0.255 0.005 179191
0.255 0.01 128045
0.255 0.015 95266.5
0.255 0.02 73268
0.255 0.025 58241
0.255 0.03 48036.6
0.255 0.035 41334.1
0.255 0.04 37265.4
0.255 0.045 35228
0.255 0.05 34783.1
0.255 0.055 35597.9
0.255 0.06 37410.7
0.255 0.065 40009.4
0.255 0.07 43217.5
0.255 0.075 46885.5
0.255 0.08 50885.1
0.255 0.085 55105.3
0.255 0.09 59449.8
0.255 0.095 63835.7
0.255 0.1 68192
0.255 0.105 72458.5
0.255 0.11 76585.3
0.255 0.115 80531.8
0.255 0.12 84265.4
0.255 0.125 87761.3
0.255 0.13 91000.8
0.255 0.135 93970.9
0.255 0.14 96662.9
0.255 0.145 99071.8
0.255 0.15 101195
0.255 0.155 103034
0.255 0.16 104587
0.255 0.165 105859
0.255 0.17 106852
0.255 0.175 107567
0.255 0.18 108010
0.255 0.185 108181
0.255 0.19 108089
0.255 0.195 107775
0.255 0.2 105885
0.26 0 204007
0.26 0.005 176401
0.26 0.01 127297
0.26 0.015 95244.9
0.26 0.02 73519.8
0.26 0.025 58616.8
0.26 0.03 48503.2
0.26 0.035 41902.6
0.26 0.04 37962.3
0.26 0.045 36082.2
0.26 0.05 35820.7
0.26 0.055 36840.4
0.26 0.06 38874.5
0.26 0.065 41705.9
0.26 0.07 45154.1
0.26 0.075 49065.6
0.26 0.08 53308.9
0.26 0.085 57770.2
0.26 0.09 62350.9
0.26 0.095 66965.9
0.26 0.1 71542.1
0.26 0.105 76018.1
0.26 0.11 80342.4
0.26 0.115 84473.4
0.26 0.12 88378
0.26 0.125 92030.7
0.26 0.13 95412.8
0.26 0.135 98511.3
0.26 0.14 101318
0.26 0.145 103828
0.26 0.15 106041
0.26 0.155 107956
0.26 0.16 109576
0.26 0.165 110904
0.26 0.17 111944
0.26 0.175 112698
0.26 0.18 113171
0.26 0.185 113365
0.26 0.19 113288
0.26 0.195 112978
0.26 0.2 110997
0.265 0 198556
0.265 0.005 172851
0.265 0.01 125975
0.265 0.015 94834.6
0.265 0.02 73532.8
0.265 0.025 58873.6
0.265 0.03 48948.1
0.265 0.035 42530.7
0.265 0.04 38787.4
0.265 0.045 37122.6
0.265 0.05 37093.6
0.265 0.055 38359.2
0.265 0.06 40648.2
0.265 0.065 43739.4
0.265 0.07 47448.3
0.265 0.075 51618.6
0.265 0.08 56116.1
0.265 0.085 60824.7
0.265 0.09 65644.1
0.265 0.095 70487.5
0.265 0.1 75280.9
0.265 0.105 79961.5
0.265 0.11 84477.1
0.265 0.115 88785.5
0.265 0.12 92853
0.265 0.125 96654.2
0.265 0.13 100170
0.265 0.135 103389
0.265 0.14 106302
0.265 0.145 108906
0.265 0.15 111200
0.265 0.155 113185
0.265 0.16 114865
0.265 0.165 116243
0.265 0.17 117324
0.265 0.175 118112
0.265 0.18 118612
0.265 0.185 118826
0.265 0.19 118762
0.265 0.195 118455
0.265 0.2 116380
0.27 0 192199
0.27 0.005 168487
0.27 0.01 124026
0.27 0.015 93994
0.27 0.02 73282.1
0.27 0.025 59002.9
0.27 0.03 49378.1
0.27 0.035 43237.6
0.27 0.04 39770
0.27 0.045 38386.7
0.27 0.05 38645.4
0.27 0.055 40202.1
0.27 0.06 42782.4
0.27 0.065 46161.5
0.27 0.07 50152.3
0.27 0.075 54595.9
0.27 0.08 59356.5
0.27 0.085 64316.5
0.27 0.09 69374.7
0.27 0.095 74443.4
0.27 0.1 79448.1
0.27 0.105 84325.4
0.27 0.11 89023.1
0.27 0.115 93498.4
0.27 0.12 97718
0.27 0.125 101656
0.27 0.13 105296
0.27 0.135 108623
0.27 0.14 111632
0.27 0.145 114319
0.27 0.15 116685
0.27 0.155 118732
0.27 0.16 120463
0.27 0.165 121884
0.27 0.17 123001
0.27 0.175 123817
0.27 0.18 124339
0.27 0.185 124570
0.27 0.19 124517
0.27 0.195 124212
0.27 0.2 122041
0.275 0 184883
0.275 0.005 163256
0.275 0.01 121394
0.275 0.015 92682.5
0.275 0.02 72745
0.275 0.025 59000.2
0.275 0.03 49804.8
0.275 0.035 44049
0.275 0.04 40947.1
0.275 0.045 39920.2
0.275 0.05 40528
0.275 0.055 42425.4
0.275 0.06 45335.6
0.275 0.065 49031.8
0.275 0.07 53325
0.275 0.075 58055.2
0.275 0.08 63085.6
0.275 0.085 68298.4
0.275 0.09 73592.2
0.275 0.095 78879.7
0.275 0.1 84086.2
0.275 0.105 89148.8
0.275 0.11 94015.5
0.275 0.115 98644.1
0.275 0.12 103002
0.275 0.125 107063
0.275 0.13 110811
0.275 0.135 114234
0.275 0.14 117325
0.275 0.145 120084
0.275 0.15 122510
0.275 0.155 124607
0.275 0.16 126381
0.275 0.165 127837
0.275 0.17 128981
0.275 0.175 129820
0.275 0.18 130359
0.275 0.185 130602
0.275 0.19 130557
0.275 0.195 130253
0.275 0.2 127985
0.28 0 176554
0.28 0.005 157101
0.28 0.01 118028
0.28 0.015 90861.3
0.28 0.02 71902.2
0.28 0.025 58866.3
0.28 0.03 50247.2
0.28 0.035 44999.1
0.28 0.04 42365.1
0.28 0.045 41778.7
0.28 0.05 42803.3
0.28 0.055 45094.8
0.28 0.06 48375.6
0.28 0.065 52418.2
0.28 0.07 57033.2
0.28 0.075 62060.8
0.28 0.08 67364.7
0.28 0.085 72828
0.28 0.09 78350.4
0.28 0.095 83845.6
0.28 0.1 89240.2
0.28 0.105 94472.5
0.28 0.11 99491.2
0.28 0.115 104255
0.28 0.12 108733
0.28 0.125 112899
0.28 0.13 116739
0.28 0.135 120240
0.28 0.14 123399
0.28 0.145 126214
0.28 0.15 128687
0.28 0.155 130823
0.28 0.16 132628
0.28 0.165 134108
0.28 0.17 135272
0.28 0.175 136126
0.28 0.18 136675
0.28 0.185 136927
0.28 0.19 136887
0.28 0.195 136582
0.28 0.2 134215
0.285 0 167152
0.285 0.005 149966
0.285 0.01 113876
0.285 0.015 88496
0.285 0.02 70740.8
0.285 0.025 58610
0.285 0.03 50733.9
0.285 0.035 46132.9
0.285 0.04 44082.2
0.285 0.045 44029.7
0.285 0.05 45545.4
0.285 0.055 48287.8
0.285 0.06 51980.8
0.285 0.065 56398.3
0.285 0.07 61352.1
0.285 0.075 66684.5
0.285 0.08 72261.3
0.285 0.085 77968.1
0.285 0.09 83706.9
0.285 0.095 89393.9
0.285 0.1 94957.9
0.285 0.105 100339
0.285 0.11 105488
0.285 0.115 110366
0.285 0.12 114941
0.285 0.125 119191
0.285 0.13 123101
0.285 0.135 126662
0.285 0.14 129869
0.285 0.145 132723
0.285 0.15 135227
0.285 0.155 137387
0.285 0.16 139210
0.285 0.165 140705
0.285 0.17 141878
0.285 0.175 142738
0.285 0.18 143292
0.285 0.185 143547
0.285 0.19 143508
0.285 0.195 143201
0.285 0.2 140734
0.29 0 156610
0.29 0.005 141790
0.29 0.01 108890
0.29 0.015 85558
0.29 0.02 69256.2
0.29 0.025 58251.1
0.29 0.03 51306.4
0.29 0.035 47510.1
0.29 0.04 46171.5
0.29 0.045 46756
0.29 0.05 48842.6
0.29 0.055 52095.3
0.29 0.06 56242.1
0.29 0.065 61060.4
0.29 0.07 66366.3
0.29 0.075 72005.9
0.29 0.08 77849.3
0.29 0.085 83786.5
0.29 0.09 89723.4
0.29 0.095 95580
0.29 0.1 101289
0.29 0.105 106792
0.29 0.11 112045
0.29 0.115 117008
0.29 0.12 121655
0.29 0.125 125963
0.29 0.13 129919
0.29 0.135 133516
0.29 0.14 136750
0.29 0.145 139623
0.29 0.15 142141
0.29 0.155 144309
0.29 0.16 146136
0.29 0.165 147631
0.29 0.17 148803
0.29 0.175 149660
0.29 0.18 150212
0.29 0.185 150463
0.29 0.19 150421
0.29 0.195 150109
0.29 0.2 147543
0.295 0 144855
0.295 0.005 132514
0.295 0.01 103028
0.295 0.015 82028.1
0.295 0.02 67456.9
0.295 0.025 57825
0.295 0.03 52023.7
0.295 0.035 49208.6
0.295 0.04 48725.1
0.295 0.045 50058.7
0.295 0.05 52800.8
0.295 0.055 56624.2
0.295 0.06 61264.1
0.295 0.065 66505.3
0.295 0.07 72170.6
0.295 0.075 78112.9
0.295 0.08 84209.4
0.295 0.085 90356.2
0.295 0.09 96465.3
0.295 0.095 102462
0.295 0.1 108284
0.295 0.105 113877
0.295 0.11 119200
0.295 0.115 124217
0.295 0.12 128903
0.295 0.125 133239
0.295 0.13 137213
0.295 0.135 140819
0.295 0.14 144055
0.295 0.145 146926
0.295 0.15 149436
0.295 0.155 151593
0.295 0.16 153408
0.295 0.165 154890
0.295 0.17 156048
0.295 0.175 156893
0.295 0.18 157433
0.295 0.185 157675
0.295 0.19 157626
0.295 0.195 157307
0.295 0.2 154641
0.3 0 131806
0.3 0.005 122074
0.3 0.01 96251.8
0.3 0.015 77899.8
0.3 0.02 65368.4
0.3 0.025 57387.7
0.3 0.03 52967.8
0.3 0.035 51330.5
0.3 0.04 51858.7
0.3 0.045 54061.5
0.3 0.05 57546.6
0.3 0.055 61999.6
0.3 0.06 67167.9
0.3 0.065 72846.9
0.3 0.07 78870.6
0.3 0.075 85102.2
0.3 0.08 91428.5
0.3 0.085 97754.8
0.3 0.09 104001
0.3 0.095 110100
0.3 0.1 115995
0.3 0.105 121638
0.3 0.11 126991
0.3 0.115 132023
0.3 0.12 136712
0.3 0.125 141041
0.3 0.13 145000
0.3 0.135 148585
0.3 0.14 151796
0.3 0.145 154639
0.3 0.15 157119
0.3 0.155 159246
0.3 0.16 161030
0.3 0.165 162483
0.3 0.17 163615
0.3 0.175 164436
0.3 0.18 164956
0.3 0.185 165181
0.3 0.19 165120
0.3 0.195 164791
0.3 0.2 162026
0.305 0 117372
0.305 0.005 110404
0.305 0.01 88535
0.305 0.015 73184.3
0.305 0.02 63040.4
0.305 0.025 57023.2
0.305 0.03 54250.9
0.305 0.035 54008.3
0.305 0.04 55717.9
0.305 0.045 58915.9
0.305 0.05 63231.3
0.305 0.055 68368.5
0.305 0.06 74091.9
0.305 0.065 80213.9
0.305 0.07 86583.5
0.305 0.075 93078.8
0.305 0.08 99599.9
0.305 0.085 106064
0.305 0.09 112402
0.305 0.095 118555
0.305 0.1 124474
0.305 0.105 130119
0.305 0.11 135455
0.305 0.115 140458
0.305 0.12 145107
0.305 0.125 149388
0.305 0.13 153296
0.305 0.135 156826
0.305 0.14 159982
0.305 0.145 162768
0.305 0.15 165193
0.305 0.155 167267
0.305 0.16 169002
0.305 0.165 170409
0.305 0.17 171500
0.305 0.175 172285
0.305 0.18 172775
0.305 0.185 172977
0.305 0.19 172898
0.305 0.195 172557
0.305 0.2 169693
0.31 0 101448
0.31 0.005 97436.7
0.31 0.01 79863.3
0.31 0.015 67917.4
0.31 0.02 60554.7
0.31 0.025 56852.7
0.31 0.03 56024.3
0.31 0.035 57413.7
0.31 0.04 60485
0.31 0.045 64806.5
0.31 0.05 70035.4
0.31 0.055 75901.9
0.31 0.06 82195.1
0.31 0.065 88750.2
0.31 0.07 95438
0.31 0.075 102156
0.31 0.08 108822
0.31 0.085 115368
0.31 0.09 121739
0.31 0.095 127887
0.31 0.1 133772
0.31 0.105 139361
0.31 0.11 144626
0.31 0.115 149547
0.31 0.12 154108
0.31 0.125 158298
0.31 0.13 162113
0.31 0.135 165551
0.31 0.14 168617
0.31 0.145 171317
0.31 0.15 173660
0.31 0.155 175657
0.31 0.16 177321
0.31 0.165 178665
0.31 0.17 179699
0.31 0.175 180436
0.31 0.18 180885
0.31 0.185 181055
0.31 0.19 180954
0.31 0.195 180597
0.31 0.2 177637
0.315 0 83920.5
0.315 0.005 83103.5
0.315 0.01 70241.8
0.315 0.015 62168.7
0.315 0.02 58037
0.315 0.025 57046.9
0.315 0.03 58490.5
0.315 0.035 61768.2
0.315 0.04 66388.2
0.315 0.045 71958.5
0.315 0.05 78173.5
0.315 0.055 84798.8
0.315 0.06 91657.4
0.315 0.065 98615.9
0.315 0.07 105574
0.315 0.075 112454
0.315 0.08 119197
0.315 0.085 125754
0.315 0.09 132084
0.315 0.095 138155
0.315 0.1 143936
0.315 0.105 149402
0.315 0.11 154534
0.315 0.115 159316
0.315 0.12 163734
0.315 0.125 167783
0.315 0.13 171460
0.315 0.135 174765
0.315 0.14 177704
0.315 0.145 180285
0.315 0.15 182517
0.315 0.155 184412
0.315 0.16 185983
0.315 0.165 187243
0.315 0.17 188205
0.315 0.175 188879
0.315 0.18 189278
0.315 0.185 189408
0.315 0.19 189278
0.315 0.195 188902
0.315 0.2 185849
0.32 0 64660.5
0.32 0.005 67339.3
0.32 0.01 59703
0.32 0.015 56054.4
0.32 0.02 55672.4
0.32 0.025 57842.2
0.32 0.03 61918.8
0.32 0.035 67355.8
0.32 0.04 73712
0.32 0.045 80645.1
0.32 0.05 87899.2
0.32 0.055 95288.5
0.32 0.06 102681
0.32 0.065 109987
0.32 0.07 117141
0.32 0.075 124099
0.32 0.08 130830
0.32 0.085 137306
0.32 0.09 143507
0.32 0.095 149414
0.32 0.1 155009
0.32 0.105 160277
0.32 0.11 165204
0.32 0.115 169780
0.32 0.12 173997
0.32 0.125 177851
0.32 0.13 181340
0.32 0.135 184469
0.32 0.14 187242
0.32 0.145 189668
0.32 0.15 191758
0.32 0.155 193524
0.32 0.16 194979
0.32 0.165 196136
0.32 0.17 197008
0.32 0.175 197606
0.32 0.18 197942
0.32 0.185 198024
0.32 0.19 197859
0.32 0.195 197461
0.32 0.2 194317
0.325 0 43527.7
0.325 0.005 50086.2
0.325 0.01 48320.1
0.325 0.015 49756.7
0.325 0.02 53727.2
0.325 0.025 59562.5
0.325 0.03 66664.5
0.325 0.035 74540.3
0.325 0.04 82809.5
0.325 0.045 91195.7
0.325 0.05 99510.2
0.325 0.055 107633
0.325 0.06 115492
0.325 0.065 123052
0.325 0.07 130296
0.325 0.075 137220
0.325 0.08 143823
0.325 0.085 150106
0.325 0.09 156070
0.325 0.095 161712
0.325 0.1 167027
0.325 0.105 172010
0.325 0.11 176653
0.325 0.115 180952
0.325 0.12 184902
0.325 0.125 188501
0.325 0.13 191752
0.325 0.135 194656
0.325 0.14 197222
0.325 0.145 199457
0.325 0.15 201373
0.325 0.155 202982
0.325 0.16 204296
0.325 0.165 205330
0.325 0.17 206094
0.325 0.175 206602
0.325 0.18 206864
0.325 0.185 206889
0.325 0.19 206683
0.325 0.195 206259
0.325 0.2 203029
0.33 0 20372.4
0.33 0.005 31302.9
0.33 0.01 36227.1
0.33 0.015 43550.6
0.33 0.02 52579.6
0.33 0.025 62648.9
0.33 0.03 73194.7
0.33 0.035 83784.4
0.33 0.04 94116.6
0.33 0.045 104005
0.33 0.05 113352
0.33 0.055 122126
0.33 0.06 130335
0.33 0.065 138013
0.33 0.07 145200
0.33 0.075 151941
0.33 0.08 158274
0.33 0.085 164228
0.33 0.09 169829
0.33 0.095 175089
0.33 0.1 180017
0.33 0.105 184617
0.33 0.11 188890
0.33 0.115 192833
0.33 0.12 196447
0.33 0.125 199730
0.33 0.13 202686
0.33 0.135 205318
0.33 0.14 207633
0.33 0.145 209640
0.33 0.15 211349
0.33 0.155 212771
0.33 0.16 213921
0.33 0.165 214809
0.33 0.17 215449
0.33 0.175 215852
0.33 0.18 216028
0.33 0.185 215987
0.33 0.19 215734
0.33 0.195 215281
0.33 0.2 211969
0.335 0 -4959
0.335 0.005 10980.1
0.335 0.01 23649.4
0.335 0.015 37844.7
0.335 0.02 52762.1
0.335 0.025 67699.4
0.335 0.03 82121.3
0.335 0.035 95674
0.335 0.04 108167
0.335 0.045 119539
0.335 0.05 129820
0.335 0.055 139094
0.335 0.06 147472
0.335 0.065 155074
0.335 0.07 162011
0.335 0.075 168382
0.335 0.08 174269
0.335 0.085 179733
0.335 0.09 184823
0.335 0.095 189569
0.335 0.1 193992
0.335 0.105 198105
0.335 0.11 201913
0.335 0.115 205418
0.335 0.12 208621
0.335 0.125 211524
0.335 0.13 214128
0.335 0.135 216437
0.335 0.14 218457
0.335 0.145 220197
0.335 0.15 221665
0.335 0.155 222873
0.335 0.16 223832
0.335 0.165 224555
0.335 0.17 225053
0.335 0.175 225336
0.335 0.18 225415
0.335 0.185 225298
0.335 0.19 224992
0.335 0.195 224506
0.335 0.2 221120
0.34 0 -32612.6
0.34 0.005 -10834.8
0.34 0.01 10951.9
0.34 0.015 33241.4
0.34 0.02 55023.8
0.34 0.025 75523.1
0.34 0.03 94242.3
0.34 0.035 110946
0.34 0.04 125607
0.34 0.045 138344
0.34 0.05 149357
0.34 0.055 158886
0.34 0.06 167171
0.34 0.065 174435
0.34 0.07 180873
0.34 0.075 186645
0.34 0.08 191876
0.34 0.085 196663
0.34 0.09 201075
0.34 0.095 205161
0.34 0.1 208950
0.34 0.105 212462
0.34 0.11 215706
0.34 0.115 218686
0.34 0.12 221404
0.34 0.125 223859
0.34 0.13 226053
0.34 0.135 227989
0.34 0.14 229671
0.34 0.145 231105
0.34 0.15 232299
0.34 0.155 233264
0.34 0.16 234009
0.34 0.165 234545
0.34 0.17 234882
0.34 0.175 235032
0.34 0.18 235003
0.34 0.185 234802
0.34 0.19 234437
0.34 0.195 233915
0.34 0.2 230459
0.345 0 -62707.3
0.345 0.005 -33995.7
0.345 0.01 -1285.83
0.345 0.015 30628
0.345 0.02 60419.1
0.345 0.025 87213.5
0.345 0.03 110593
0.345 0.035 130518
0.345 0.04 147208
0.345 0.045 161038
0.345 0.05 172444
0.345 0.055 181862
0.345 0.06 189692
0.345 0.065 196280
0.345 0.07 201909
0.345 0.075 206804
0.345 0.08 211137
0.345 0.085 215034
0.345 0.09 218586
0.345 0.095 221852
0.345 0.1 224871
0.345 0.105 227664
0.345 0.11 230241
0.345 0.115 232608
0.345 0.12 234762
0.345 0.125 236704
0.345 0.13 238430
0.345 0.135 239943
0.345 0.14 241242
0.345 0.145 242334
0.345 0.15 243222
0.345 0.155 243915
0.345 0.16 244422
0.345 0.165 244752
0.345 0.17 244913
0.345 0.175 244915
0.345 0.18 244767
0.345 0.185 244474
0.345 0.19 244044
0.345 0.195 243482
0.345 0.2 239964
0.35 0 -95299.2
0.35 0.005 -58188.8
0.35 0.01 -12148
0.35 0.015 31317.2
0.35 0.02 70436.1
0.35 0.025 104246
0.35 0.03 132510
0.35 0.035 155517
0.35 0.04 173870
0.35 0.045 188310
0.35 0.05 199582
0.35 0.055 208373
0.35 0.06 215270
0.35 0.065 220752
0.35 0.07 225198
0.35 0.075 228895
0.35 0.08 232055
0.35 0.085 234830
0.35 0.09 237324
0.35 0.095 239603
0.35 0.1 241709
0.35 0.105 243662
0.35 0.11 245471
0.35 0.115 247136
0.35 0.12 248653
0.35 0.125 250015
0.35 0.13 251219
0.35 0.135 252260
0.35 0.14 253136
0.35 0.145 253848
0.35 0.15 254400
0.35 0.155 254796
0.35 0.16 255042
0.35 0.165 255146
0.35 0.17 255116
0.35 0.175 254958
0.35 0.18 254680
0.35 0.185 254288
0.35 0.19 253787
0.35 0.195 253182
0.35 0.2 249611
0.355 0 -130323
0.355 0.005 -82813
0.355 0.01 -20183
0.355 0.015 37267.5
0.355 0.02 87185.7
0.355 0.025 128610
0.355 0.03 161694
0.355 0.035 187297
0.355 0.04 206608
0.355 0.045 220876
0.355 0.05 231254
0.355 0.055 238723
0.355 0.06 244077
0.355 0.065 247934
0.355 0.07 250761
0.355 0.075 252898
0.355 0.08 254585
0.355 0.085 255991
0.355 0.09 257222
0.355 0.095 258345
0.355 0.1 259397
0.355 0.105 260392
0.355 0.11 261332
0.355 0.115 262211
0.355 0.12 263018
0.355 0.125 263741
0.355 0.13 264369
0.355 0.135 264893
0.355 0.14 265307
0.355 0.145 265608
0.355 0.15 265794
0.355 0.155 265869
0.355 0.16 265834
0.355 0.165 265696
0.355 0.17 265459
0.355 0.175 265129
0.355 0.18 264713
0.355 0.185 264214
0.355 0.19 263637
0.355 0.195 262987
0.355 0.2 259371
0.36 0 -167491
0.36 0.005 -106774
0.36 0.01 -23063
0.36 0.015 51436
0.36 0.02 113676
0.36 0.025 162966
0.36 0.03 200275
0.36 0.035 227432
0.36 0.04 246504
0.36 0.045 259433
0.36 0.05 267866
0.36 0.055 273117
0.36 0.06 276186
0.36 0.065 277815
0.36 0.07 278536
0.36 0.075 278722
0.36 0.08 278625
0.36 0.085 278409
0.36 0.09 278174
0.36 0.095 277976
0.36 0.1 277838
0.36 0.105 277764
0.36 0.11 277742
0.36 0.115 277757
0.36 0.12 277789
0.36 0.125 277816
0.36 0.13 277821
0.36 0.135 277789
0.36 0.14 277706
0.36 0.145 277566
0.36 0.15 277363
0.36 0.155 277094
0.36 0.16 276760
0.36 0.165 276364
0.36 0.17 275908
0.36 0.175 275396
0.36 0.18 274833
0.36 0.185 274221
0.36 0.19 273564
0.36 0.195 272867
0.36 0.2 269215
0.365 0 -206134
0.365 0.005 -128109
0.365 0.01 -16986.5
0.365 0.015 78354.5
0.365 0.02 154207
0.365 0.025 210833
0.365 0.03 250832
0.365 0.035 277643
0.365 0.04 294605
0.365 0.045 304543
0.365 0.05 309661
0.365 0.055 311596
0.365 0.06 311520
0.365 0.065 310254
0.365 0.07 308355
0.365 0.075 306192
0.365 0.08 304000
0.365 0.085 301921
0.365 0.09 300030
0.365 0.095 298358
0.365 0.1 296909
0.365 0.105 295665
0.365 0.11 294600
0.365 0.115 293684
0.365 0.12 292884
0.365 0.125 292168
0.365 0.13 291510
0.365 0.135 290887
0.365 0.14 290279
0.365 0.145 289672
0.365 0.15 289057
0.365 0.155 288427
0.365 0.16 287779
0.365 0.165 287112
0.365 0.17 286427
0.365 0.175 285724
0.365 0.18 285007
0.365 0.185 284277
0.365 0.19 283536
0.365 0.195 282788
0.365 0.2 279111
0.37 0 -244933
0.37 0.005 -143273
0.37 0.01 4425.24
0.37 0.015 125087
0.37 0.02 214918
0.37 0.025 276747
0.37 0.03 316311
0.37 0.035 339617
0.37 0.04 351727
0.37 0.045 356475
0.37 0.05 356592
0.37 0.055 353949
0.37 0.06 349796
0.37 0.065 344946
0.37 0.07 339919
0.37 0.075 335030
0.37 0.08 330462
0.37 0.085 326305
0.37 0.09 322592
0.37 0.095 319319
0.37 0.1 316456
0.37 0.105 313962
0.37 0.11 311789
0.37 0.115 309887
0.37 0.12 308210
0.37 0.125 306714
0.37 0.13 305361
0.37 0.135 304120
0.37 0.14 302963
0.37 0.145 301870
0.37 0.15 300827
0.37 0.155 299822
0.37 0.16 298848
0.37 0.165 297900
0.37 0.17 296976
0.37 0.175 296075
0.37 0.18 295198
0.37 0.185 294346
0.37 0.19 293519
0.37 0.195 292719
0.37 0.2 289028
0.375 0 -281491
0.375 0.005 -145669
0.375 0.01 52268.9
0.375 0.015 202837
0.375 0.02 304464
0.375 0.025 366239
0.375 0.03 399685
0.375 0.035 414613
0.375 0.04 418126
0.375 0.045 414967
0.375 0.05 408170
0.375 0.055 399620
0.375 0.06 390468
0.375 0.065 381395
0.375 0.07 372790
0.375 0.075 364857
0.375 0.08 357682
0.375 0.085 351280
0.375 0.09 345622
0.375 0.095 340652
0.375 0.1 336304
0.375 0.105 332503
0.375 0.11 329175
0.375 0.115 326251
0.375 0.12 323666
0.375 0.125 321364
0.375 0.13 319294
0.375 0.135 317416
0.375 0.14 315694
0.375 0.145 314103
0.375 0.15 312619
0.375 0.155 311229
0.375 0.16 309919
0.375 0.165 308683
0.375 0.17 307515
0.375 0.175 306411
0.375 0.18 305371
0.375 0.185 304393
0.375 0.19 303477
0.375 0.195 302625
0.375 0.2 298930
0.38 0 -311532
0.38 0.005 -122337
0.38 0.01 146749
0.38 0.015 329614
0.38 0.02 434606
0.38 0.025 485281
0.38 0.03 503114
0.38 0.035 502749
0.38 0.04 493013
0.38 0.045 478936
0.38 0.05 463304
0.38 0.055 447626
0.38 0.06 432695
0.38 0.065 418896
0.38 0.07 406386
0.38 0.075 395192
0.38 0.08 385264
0.38 0.085 376517
0.38 0.09 368843
0.38 0.095 362127
0.38 0.1 356256
0.38 0.105 351119
0.38 0.11 346614
0.38 0.115 342650
0.38 0.12 339143
0.38 0.125 336022
0.38 0.13 333225
0.38 0.135 330700
0.38 0.14 328406
0.38 0.145 326307
0.38 0.15 324378
0.38 0.155 322596
0.38 0.16 320946
0.38 0.165 319418
0.38 0.17 318002
0.38 0.175 316692
0.38 0.18 315487
0.38 0.185 314381
0.38 0.19 313376
0.38 0.195 312469
0.38 0.2 308782
0.385 0 -326753
0.385 0.005 -46491.7
0.385 0.01 326131
0.385 0.015 534189
0.385 0.02 619769
0.385 0.025 638326
0.385 0.03 626185
0.385 0.035 601870
0.385 0.04 573943
0.385 0.045 546184
0.385 0.05 520182
0.385 0.055 496525
0.385 0.06 475343
0.385 0.065 456558
0.385 0.07 440002
0.385 0.075 425472
0.385 0.08 412756
0.385 0.085 401648
0.385 0.09 391953
0.385 0.095 383492
0.385 0.1 376101
0.385 0.105 369633
0.385 0.11 363956
0.385 0.115 358954
0.385 0.12 354527
0.385 0.125 350589
0.385 0.13 347065
0.385 0.135 343895
0.385 0.14 341027
0.385 0.145 338422
0.385 0.15 336045
0.385 0.155 333871
0.385 0.16 331881
0.385 0.165 330059
0.385 0.17 328394
0.385 0.175 326879
0.385 0.18 325507
0.385 0.185 324274
0.385 0.19 323177
0.385 0.195 322217
0.385 0.2 318550
0.39 0 -303196
0.39 0.005 115130
0.39 0.01 647922
0.39 0.015 854273
0.39 0.02 871441
0.39 0.025 823109
0.39 0.03 762799
0.39 0.035 706102
0.39 0.04 656270
0.39 0.045 613266
0.39 0.05 576291
0.39 0.055 544477
0.39 0.06 517049
0.39 0.065 493356
0.39 0.07 472854
0.39 0.075 455089
0.39 0.08 439676
0.39 0.085 426287
0.39 0.09 414640
0.39 0.095 404490
0.39 0.1 395626
0.39 0.105 387865
0.39 0.11 381045
0.39 0.115 375032
0.39 0.12 369705
0.39 0.125 364965
0.39 0.13 360728
0.39 0.135 356922
0.39 0.14 353490
0.39 0.145 350383
0.39 0.15 347564
0.39 0.155 345003
0.39 0.16 342675
0.39 0.165 340562
0.39 0.17 338650
0.39 0.175 336930
0.39 0.18 335392
0.39 0.185 334032
0.39 0.19 332846
0.39 0.195 331832
0.39 0.2 328197
0.395 0 -151503
0.395 0.005 224149
0.395 0.01 1.04135e+06
0.395 0.015 1.26377e+06
0.395 0.02 1.16664e+06
0.395 0.025 1.01797e+06
0.395 0.03 896888
0.395 0.035 804840
0.395 0.04 733189
0.395 0.045 675757
0.395 0.05 628677
0.395 0.055 589446
0.395 0.06 556367
0.395 0.065 528233
0.395 0.07 504150
0.395 0.075 483435
0.395 0.08 465549
0.395 0.085 450056
0.395 0.09 436596
0.395 0.095 424869
0.395 0.1 414622
0.395 0.105 405638
0.395 0.11 397734
0.395 0.115 390754
0.395 0.12 384565
0.395 0.125 379054
0.395 0.13 374127
0.395 0.135 369706
0.395 0.14 365725
0.395 0.145 362130
0.395 0.15 358880
0.395 0.155 355939
0.395 0.16 353280
0.395 0.165 350882
0.395 0.17 348728
0.395 0.175 346805
0.395 0.18 345105
0.395 0.185 343620
0.395 0.19 342345
0.395 0.195 341278
0.395 0.2 337688
0.4 0 48058.9
0.4 0.005 174558
0.4 0.01 975546
0.4 0.015 1.4624e+06
0.4 0.02 1.37099e+06
0.4 0.025 1.16384e+06
0.4 0.03 1.00113e+06
0.4 0.035 884336
0.4 0.04 797146
0.4 0.045 729173
0.4 0.05 674495
0.4 0.055 629531
0.4 0.06 591967
0.4 0.065 560223
0.4 0.07 533167
0.4 0.075 509956
0.4 0.08 489941
0.4 0.085 472608
0.4 0.09 457540
0.4 0.095 444397
0.4 0.1 432893
0.4 0.105 422788
0.4 0.11 413881
0.4 0.115 406000
0.4 0.12 399001
0.4 0.125 392763
0.4 0.13 387181
0.4 0.135 382172
0.4 0.14 377665
0.4 0.145 373602
0.4 0.15 369936
0.4 0.155 366628
0.4 0.16 363649
0.4 0.165 360974
0.4 0.17 358585
0.4 0.175 356466
0.4 0.18 354608
0.4 0.185 353001
0.4 0.19 351639
0.4 0.195 350520
0.4 0.2 346986
0.405 0 27749.3
0.405 0.005 117875
0.405 0.01 658044
0.405 0.015 1.31607e+06
0.405 0.02 1.38625e+06
0.405 0.025 1.21546e+06
0.405 0.03 1.0558e+06
0.405 0.035 935095
0.405 0.04 842971
0.405 0.045 770400
0.405 0.05 711724
0.405 0.055 663339
0.405 0.06 622848
0.405 0.065 588583
0.405 0.07 559336
0.405 0.075 534206
0.405 0.08 512494
0.405 0.085 493650
0.405 0.09 477231
0.405 0.095 462872
0.405 0.1 450269
0.405 0.105 439169
0.405 0.11 429360
0.405 0.115 420660
0.405 0.12 412918
0.405 0.125 406005
0.405 0.13 399813
0.405 0.135 394253
0.405 0.14 389250
0.405 0.145 384743
0.405 0.15 380681
0.405 0.155 377024
0.405 0.16 373738
0.405 0.165 370797
0.405 0.17 368181
0.405 0.175 365874
0.405 0.18 363863
0.405 0.185 362138
0.405 0.19 360693
0.405 0.195 359524
0.405 0.2 356059
0.41 0 29615.1
0.41 0.005 87445.5
0.41 0.01 469217
0.41 0.015 1.09336e+06
0.41 0.02 1.30073e+06
0.41 0.025 1.19784e+06
0.41 0.03 1.06696e+06
0.41 0.035 957952
0.41 0.04 870157
0.41 0.045 798669
0.41 0.05 739624
0.41 0.055 690233
0.41 0.06 648478
0.41 0.065 612870
0.41 0.07 582290
0.41 0.075 555876
0.41 0.08 532949
0.41 0.085 512965
0.41 0.09 495482
0.41 0.095 480132
0.41 0.1 466610
0.41 0.105 454659
0.41 0.11 444063
0.41 0.115 434638
0.41 0.12 426229
0.41 0.125 418705
0.41 0.13 411954
0.41 0.135 405886
0.41 0.14 400422
0.41 0.145 395500
0.41 0.15 391067
0.41 0.155 387079
0.41 0.16 383503
0.41 0.165 380311
0.41 0.17 377480
0.41 0.175 374993
0.41 0.18 372836
0.41 0.185 370999
0.41 0.19 369474
0.41 0.195 368257
0.41 0.2 364871
0.415 0 30584.9
0.415 0.005 76395.6
0.415 0.01 371228
0.415 0.015 927588
0.415 0.02 1.20071e+06
0.415 0.025 1.15111e+06
0.415 0.03 1.05169e+06
0.415 0.035 960137
0.415 0.04 881787
0.415 0.045 815266
0.415 0.05 758682
0.415 0.055 710335
0.415 0.06 668811
0.415 0.065 632967
0.415 0.07 601883
0.415 0.075 574817
0.415 0.08 551161
0.415 0.085 530416
0.415 0.09 512166
0.415 0.095 496062
0.415 0.1 481811
0.415 0.105 469163
0.415 0.11 457905
0.415 0.115 447856
0.415 0.12 438864
0.415 0.125 430796
0.415 0.13 423544
0.415 0.135 417015
0.415 0.14 411130
0.415 0.145 405826
0.415 0.15 401048
0.415 0.155 396754
0.415 0.16 392907
0.415 0.165 389478
0.415 0.17 386444
0.415 0.175 383787
0.415 0.18 381492
0.415 0.185 379549
0.415 0.19 377948
0.415 0.195 376686
0.415 0.2 373390
0.42 0 30674.2
0.42 0.005 69420.6
0.42 0.01 308641
0.42 0.015 811221
0.42 0.02 1.11226e+06
0.42 0.025 1.09758e+06
0.42 0.03 1.02388e+06
0.42 0.035 949521
0.42 0.04 882184
0.42 0.045 822549
0.42 0.05 770178
0.42 0.055 724328
0.42 0.06 684199
0.42 0.065 649037
0.42 0.07 618173
0.42 0.075 591025
0.42 0.08 567092
0.42 0.085 545946
0.42 0.09 527219
0.42 0.095 510596
0.42 0.1 495805
0.42 0.105 482614
0.42 0.11 470821
0.42 0.115 460254
0.42 0.12 450764
0.42 0.125 442227
0.42 0.13 434533
0.42 0.135 427593
0.42 0.14 421329
0.42 0.145 415678
0.42 0.15 410586
0.42 0.155 406009
0.42 0.16 401911
0.42 0.165 398263
0.42 0.17 395041
0.42 0.175 392225
0.42 0.18 389802
0.42 0.185 387758
0.42 0.19 386087
0.42 0.195 384782
0.42 0.2 381587
0.425 0 30391.9
0.425 0.005 64448
0.425 0.01 264531
0.425 0.015 726019
0.425 0.02 1.03894e+06
0.425 0.025 1.04653e+06
0.425 0.03 991906
0.425 0.035 932146
0.425 0.04 875347
0.425 0.045 823063
0.425 0.05 775704
0.425 0.055 733200
0.425 0.06 695248
0.425 0.065 661448
0.425 0.07 631374
0.425 0.075 604618
0.425 0.08 580798
0.425 0.085 559573
0.425 0.09 540633
0.425 0.095 523709
0.425 0.1 508559
0.425 0.105 494974
0.425 0.11 482770
0.425 0.115 471788
0.425 0.12 461889
0.425 0.125 452954
0.425 0.13 444880
0.425 0.135 437580
0.425 0.14 430981
0.425 0.145 425019
0.425 0.15 419644
0.425 0.155 414810
0.425 0.16 410484
0.425 0.165 406635
0.425 0.17 403239
0.425 0.175 400277
0.425 0.18 397734
0.425 0.185 395598
0.425 0.19 393860
0.425 0.195 392515
0.425 0.2 389432
0.43 0 30003.5
0.43 0.005 60764.2
0.43 0.01 231789
0.43 0.015 660996
0.43 0.02 978778
0.43 0.025 1.00095e+06
0.43 0.03 960078
0.43 0.035 911948
0.43 0.04 864348
0.43 0.045 819039
0.43 0.05 776819
0.43 0.055 738019
0.43 0.06 702681
0.43 0.065 670681
0.43 0.07 641806
0.43 0.075 615803
0.43 0.08 592411
0.43 0.085 571374
0.43 0.09 552451
0.43 0.095 535418
0.43 0.1 520072
0.43 0.105 506231
0.43 0.11 493734
0.43 0.115 482435
0.43 0.12 472210
0.43 0.125 462947
0.43 0.13 454553
0.43 0.135 446946
0.43 0.14 440054
0.43 0.145 433820
0.43 0.15 428192
0.43 0.155 423129
0.43 0.16 418596
0.43 0.165 414564
0.43 0.17 411010
0.43 0.175 407915
0.43 0.18 405262
0.43 0.185 403041
0.43 0.19 401243
0.43 0.195 399861
0.43 0.2 396899
0.435 0 29621.1
0.435 0.005 57983.4
0.435 0.01 206709
0.435 0.015 609874
0.435 0.02 929161
0.435 0.025 961279
0.435 0.03 930349
0.435 0.035 891253
0.435 0.04 851324
0.435 0.045 812227
0.435 0.05 774872
0.435 0.055 739788
0.435 0.06 707229
0.435 0.065 677262
0.435 0.07 649839
0.435 0.075 624841
0.435 0.08 602109
0.435 0.085 581472
0.435 0.09 562750
0.435 0.095 545771
0.435 0.1 530370
0.435 0.105 516396
0.435 0.11 503709
0.435 0.115 492185
0.435 0.12 481711
0.435 0.125 472189
0.435 0.13 463533
0.435 0.135 455667
0.435 0.14 448525
0.435 0.145 442054
0.435 0.15 436205
0.435 0.155 430939
0.435 0.16 426222
0.435 0.165 422027
0.435 0.17 418330
0.435 0.175 415114
0.435 0.18 412362
0.435 0.185 410063
0.435 0.19 408210
0.435 0.195 406795
0.435 0.2 403962
0.44 0 29284.6
0.44 0.005 55858.6
0.44 0.01 187116
0.44 0.015 568862
0.44 0.02 887898
0.44 0.025 927112
0.44 0.03 903461
0.44 0.035 871337
0.44 0.04 837661
0.44 0.045 803901
0.44 0.05 770940
0.44 0.055 739372
0.44 0.06 709563
0.44 0.065 681703
0.44 0.07 655859
0.44 0.075 632015
0.44 0.08 610101
0.44 0.085 590015
0.44 0.09 571637
0.44 0.095 554841
0.44 0.1 539502
0.44 0.105 525498
0.44 0.11 512713
0.44 0.115 501043
0.44 0.12 490391
0.44 0.125 480671
0.44 0.13 471805
0.44 0.135 463727
0.44 0.14 456376
0.44 0.145 449703
0.44 0.15 443663
0.44 0.155 438220
0.44 0.16 433341
0.44 0.165 429001
0.44 0.17 425177
0.44 0.175 421852
0.44 0.18 419011
0.44 0.185 416643
0.44 0.19 414739
0.44 0.195 413294
0.44 0.2 410598
0.445 0 29002.8
0.445 0.005 54221.1
0.445 0.01 171620
0.445 0.015 535522
0.445 0.02 853330
0.445 0.025 897800
0.445 0.03 879579
0.445 0.035 852849
0.445 0.04 824218
0.445 0.045 794952
0.445 0.05 765841
0.445 0.055 737476
0.445 0.06 710266
0.445 0.065 684471
0.445 0.07 660234
0.445 0.075 637612
0.445 0.08 616604
0.445 0.085 597167
0.445 0.09 579232
0.445 0.095 562717
0.445 0.1 547530
0.445 0.105 533579
0.445 0.11 520773
0.445 0.115 509025
0.445 0.12 498256
0.445 0.125 488392
0.445 0.13 479365
0.445 0.135 471117
0.445 0.14 463594
0.445 0.145 456752
0.445 0.15 450549
0.445 0.155 444953
0.445 0.16 439934
0.445 0.165 435466
0.445 0.17 431531
0.445 0.175 428110
0.445 0.18 425189
0.445 0.185 422759
0.445 0.19 420811
0.445 0.195 419339
0.445 0.2 416788
0.45 0 28772.7
0.45 0.005 52950.5
0.45 0.01 159276
0.45 0.015 508199
0.45 0.02 824227
0.45 0.025 872710
0.45 0.03 858611
0.45 0.035 836082
0.45 0.04 811509
0.45 0.045 785978
0.45 0.05 760176
0.45 0.055 734653
0.45 0.06 709823
0.45 0.065 685975
0.45 0.07 663298
0.45 0.075 641901
0.45 0.08 621832
0.45 0.085 603096
0.45 0.09 585666
0.45 0.095 569496
0.45 0.1 554526
0.45 0.105 540692
0.45 0.11 527924
0.45 0.115 516156
0.45 0.12 505321
0.45 0.125 495359
0.45 0.13 486213
0.45 0.135 477833
0.45 0.14 470172
0.45 0.145 463190
0.45 0.15 456851
0.45 0.155 451125
0.45 0.16 445985
0.45 0.165 441408
0.45 0.17 437375
0.45 0.175 433870
0.45 0.18 430880
0.45 0.185 428395
0.45 0.19 426407
0.45 0.195 424911
0.45 0.2 422512
0.455 0 28587.2
0.455 0.005 51959.9
0.455 0.01 149404
0.455 0.015 485715
0.455 0.02 799678
0.455 0.025 851294
0.455 0.03 840371
0.455 0.035 821134
0.455 0.04 799821
0.455 0.045 777373
0.455 0.05 754377
0.455 0.055 731328
0.455 0.06 708622
0.455 0.065 686556
0.455 0.07 665344
0.455 0.075 645125
0.455 0.08 625984
0.455 0.085 607962
0.455 0.09 591065
0.455 0.095 575278
0.455 0.1 560569
0.455 0.105 546896
0.455 0.11 534211
0.455 0.115 522465
0.455 0.12 511605
0.455 0.125 501584
0.455 0.13 492355
0.455 0.135 483876
0.455 0.14 476106
0.455 0.145 469012
0.455 0.15 462561
0.455 0.155 456726
0.455 0.16 451484
0.455 0.165 446813
0.455 0.17 442696
0.455 0.175 439118
0.455 0.18 436068
0.455 0.185 433535
0.455 0.19 431513
0.455 0.195 429996
0.455 0.2 427755
0.46 0 28438.9
0.46 0.005 51185.5
0.46 0.01 141505
0.46 0.015 467210
0.46 0.02 779000
0.46 0.025 833098
0.46 0.03 824646
0.46 0.035 808004
0.46 0.04 789308
0.46 0.045 769389
0.46 0.05 748746
0.46 0.055 727817
0.46 0.06 706970
0.46 0.065 686498
0.46 0.07 666621
0.46 0.075 647500
0.46 0.08 629243
0.46 0.085 611916
0.46 0.09 595552
0.46 0.095 580162
0.46 0.1 565735
0.46 0.105 552250
0.46 0.11 539679
0.46 0.115 527986
0.46 0.12 517133
0.46 0.125 507084
0.46 0.13 497801
0.46 0.135 489250
0.46 0.14 481397
0.46 0.145 474214
0.46 0.15 467672
0.46 0.155 461748
0.46 0.16 456420
0.46 0.165 451670
0.46 0.17 447482
0.46 0.175 443842
0.46 0.18 440740
0.46 0.185 438166
0.46 0.19 436114
0.46 0.195 434579
0.46 0.2 432500
0.465 0 28321.3
0.465 0.005 50580.2
0.465 0.01 135202
0.465 0.015 452033
0.465 0.02 761674
0.465 0.025 817752
0.465 0.03 811235
0.465 0.035 796641
0.465 0.04 780043
0.465 0.045 762184
0.465 0.05 743492
0.465 0.055 724353
0.465 0.06 705105
0.465 0.065 686026
0.465 0.07 667339
0.465 0.075 649212
0.465 0.08 631768
0.465 0.085 615094
0.465 0.09 599241
0.465 0.095 584239
0.465 0.1 570099
0.465 0.105 556815
0.465 0.11 544374
0.465 0.115 532754
0.465 0.12 521931
0.465 0.125 511876
0.465 0.13 502563
0.465 0.135 493962
0.465 0.14 486048
0.465 0.145 478795
0.465 0.15 472181
0.465 0.155 466184
0.465 0.16 460786
0.465 0.165 455970
0.465 0.17 451723
0.465 0.175 448031
0.465 0.18 444885
0.465 0.185 442277
0.465 0.19 440199
0.465 0.195 438649
0.465 0.2 436737
0.47 0 28228.8
0.47 0.005 50109.2
0.47 0.01 130210
0.47 0.015 439691
0.47 0.02 747302
0.47 0.025 804961
0.47 0.03 799958
0.47 0.035 786977
0.47 0.04 772050
0.47 0.045 755854
0.47 0.05 738759
0.47 0.055 721108
0.47 0.06 703207
0.47 0.065 685321
0.47 0.07 667666
0.47 0.075 650413
0.47 0.08 633697
0.47 0.085 617614
0.47 0.09 602232
0.47 0.095 587596
0.47 0.1 573731
0.47 0.105 560646
0.47 0.11 548340
0.47 0.115 536805
0.47 0.12 526024
0.47 0.125 515981
0.47 0.13 506653
0.47 0.135 498021
0.47 0.14 490063
0.47 0.145 482758
0.47 0.15 476087
0.47 0.155 470032
0.47 0.16 464577
0.47 0.165 459708
0.47 0.17 455411
0.47 0.175 451677
0.47 0.18 448494
0.47 0.185 445857
0.47 0.19 443758
0.47 0.195 442195
0.47 0.2 440454
0.475 0 28157.3
0.475 0.005 49746.9
0.475 0.01 126311
0.475 0.015 429806
0.475 0.02 735578
0.475 0.025 794488
0.475 0.03 790661
0.475 0.035 778939
0.475 0.04 765326
0.475 0.045 750454
0.475 0.05 734644
0.475 0.055 718204
0.475 0.06 701414
0.475 0.065 684522
0.475 0.07 667737
0.475 0.075 651232
0.475 0.08 635144
0.475 0.085 619578
0.475 0.09 604614
0.475 0.095 590307
0.475 0.1 576693
0.475 0.105 563794
0.475 0.11 551620
0.475 0.115 540170
0.475 0.12 529439
0.475 0.125 519416
0.475 0.13 510086
0.475 0.135 501435
0.475 0.14 493446
0.475 0.145 486103
0.475 0.15 479389
0.475 0.155 473289
0.475 0.16 467790
0.475 0.165 462878
0.475 0.17 458542
0.475 0.175 454772
0.475 0.18 451560
0.475 0.185 448898
0.475 0.19 446783
0.475 0.195 445209
0.475 0.2 443643
0.48 0 28103.2
0.48 0.005 49474.4
0.48 0.01 123342
0.48 0.015 422089
0.48 0.02 726266
0.48 0.025 786147
0.48 0.03 783217
0.48 0.035 772458
0.48 0.04 759858
0.48 0.045 746013
0.48 0.05 731211
0.48 0.055 715729
0.48 0.06 699827
0.48 0.065 683737
0.48 0.07 667661
0.48 0.075 651770
0.48 0.08 636203
0.48 0.085 621071
0.48 0.09 606460
0.48 0.095 592435
0.48 0.1 579040
0.48 0.105 566305
0.48 0.11 554249
0.48 0.115 542880
0.48 0.12 532198
0.48 0.125 522199
0.48 0.13 512875
0.48 0.135 504214
0.48 0.14 496205
0.48 0.145 488834
0.48 0.15 482088
0.48 0.155 475954
0.48 0.16 470421
0.48 0.165 465475
0.48 0.17 461108
0.48 0.175 457311
0.48 0.18 454076
0.48 0.185 451396
0.48 0.19 449266
0.48 0.195 447683
0.48 0.2 446295
0.485 0 28064.2
0.485 0.005 49277.9
0.485 0.01 121181
0.485 0.015 416324
0.485 0.02 719185
0.485 0.025 779794
0.485 0.03 777524
0.485 0.035 767474
0.485 0.04 755625
0.485 0.045 742546
0.485 0.05 728502
0.485 0.055 713745
0.485 0.06 698519
0.485 0.065 683046
0.485 0.07 667519
0.485 0.075 652106
0.485 0.08 636949
0.485 0.085 622160
0.485 0.09 607832
0.485 0.095 594033
0.485 0.1 580816
0.485 0.105 568216
0.485 0.11 556259
0.485 0.115 544959
0.485 0.12 534321
0.485 0.125 524346
0.485 0.13 515030
0.485 0.135 506366
0.485 0.14 498344
0.485 0.145 490955
0.485 0.15 484186
0.485 0.155 478027
0.485 0.16 472468
0.485 0.165 467498
0.485 0.17 463108
0.485 0.175 459290
0.485 0.18 456037
0.485 0.185 453343
0.485 0.19 451203
0.485 0.195 449614
0.485 0.2 448406
0.49 0 28038.5
0.49 0.005 49147.9
0.49 0.01 119744
0.49 0.015 412355
0.49 0.02 714205
0.49 0.025 775322
0.49 0.03 773504
0.49 0.035 763941
0.49 0.04 752608
0.49 0.045 740060
0.49 0.05 726542
0.49 0.055 712293
0.49 0.06 697543
0.49 0.065 682506
0.49 0.07 667369
0.49 0.075 652300
0.49 0.08 637437
0.49 0.085 622898
0.49 0.09 608775
0.49 0.095 595142
0.49 0.1 582056
0.49 0.105 569558
0.49 0.11 557676
0.49 0.115 546428
0.49 0.12 535825
0.49 0.125 525870
0.49 0.13 516562
0.49 0.135 507898
0.49 0.14 499869
0.49 0.145 492467
0.49 0.15 485684
0.49 0.155 479508
0.49 0.16 473932
0.49 0.165 468945
0.49 0.17 464539
0.49 0.175 460707
0.49 0.18 457441
0.49 0.185 454737
0.49 0.19 452589
0.49 0.195 450996
0.49 0.2 449969
0.495 0 28024.9
0.495 0.005 49078
0.495 0.01 118973
0.495 0.015 410075
0.495 0.02 711236
0.495 0.025 772657
0.495 0.03 771102
0.495 0.035 761822
0.495 0.04 750791
0.495 0.045 738555
0.495 0.05 725347
0.495 0.055 711399
0.495 0.06 696933
0.495 0.065 682156
0.495 0.07 667255
0.495 0.075 652392
0.495 0.08 637708
0.495 0.085 623320
0.495 0.09 609323
0.495 0.095 595792
0.495 0.1 582788
0.495 0.105 570352
0.495 0.11 558517
0.495 0.115 547302
0.495 0.12 536721
0.495 0.125 526780
0.495 0.13 517478
0.495 0.135 508814
0.495 0.14 500782
0.495 0.145 493374
0.495 0.15 486582
0.495 0.155 480397
0.495 0.16 474810
0.495 0.165 469814
0.495 0.17 465398
0.495 0.175 461557
0.495 0.18 458285
0.495 0.185 455574
0.495 0.19 453422
0.495 0.195 451826
0.495 0.2 450982
0.5 0 28021
0.5 0.005 42046
0.5 0.01 102534
0.5 0.015 328752
0.5 0.02 690590
0.5 0.025 770904
0.5 0.03 771646
0.5 0.035 762820
0.5 0.04 752108
0.5 0.045 740154
0.5 0.05 727192
0.5 0.055 713449
0.5 0.06 699147
0.5 0.065 684495
0.5 0.07 669680
0.5 0.075 654869
0.5 0.08 640207
0.5 0.085 625814
0.5 0.09 611789
0.5 0.095 598212
0.5 0.1 585144
0.5 0.105 572633
0.5 0.11 560713
0.5 0.115 549406
0.5 0.12 538728
0.5 0.125 528685
0.5 0.13 519280
0.5 0.135 510511
0.5 0.14 502373
0.5 0.145 494860
0.5 0.15 487963
0.5 0.155 481675
0.5 0.16 475986
0.5 0.165 470888
0.5 0.17 466373
0.5 0.175 462434
0.5 0.18 459065
0.5 0.185 456259
0.5 0.19 454013
0.5 0.195 452323
0.5 0.2 451397
