0.001 0 534.043
0.001 0.005 534.043
0.001 0.01 534.043
0.001 0.015 534.043
0.001 0.02 534.043
0.001 0.025 534.043
0.001 0.03 534.043
0.001 0.035 534.043
0.001 0.04 534.043
0.001 0.045 534.043
0.001 0.05 534.043
0.001 0.055 534.043
0.001 0.06 534.043
0.001 0.065 534.043
0.001 0.07 534.043
0.001 0.075 534.043
0.001 0.08 534.043
0.001 0.085 534.043
0.001 0.09 534.043
0.001 0.095 534.043
0.001 0.1 534.043
0.00596667 0 475.693
0.00596667 0.005 446.518
0.00596667 0.01 446.518
0.00596667 0.015 446.518
0.00596667 0.02 446.518
0.00596667 0.025 446.518
0.00596667 0.03 446.518
0.00596667 0.035 446.518
0.00596667 0.04 446.518
0.00596667 0.045 446.518
0.00596667 0.05 446.518
0.00596667 0.055 446.518
0.00596667 0.06 446.518
0.00596667 0.065 446.518
0.00596667 0.07 446.518
0.00596667 0.075 446.518
0.00596667 0.08 446.518
0.00596667 0.085 446.518
0.00596667 0.09 446.518
0.00596667 0.095 446.518
0.00596667 0.1 417.343
0.0109333 0 341.205
0.0109333 0.005 332.311
0.0109333 0.01 332.311
0.0109333 0.015 332.311
0.0109333 0.02 332.311
0.0109333 0.025 332.311
0.0109333 0.03 332.311
0.0109333 0.035 332.311
0.0109333 0.04 332.311
0.0109333 0.045 332.311
0.0109333 0.05 332.311
0.0109333 0.055 332.311
0.0109333 0.06 332.311
0.0109333 0.065 332.311
0.0109333 0.07 332.311
0.0109333 0.075 332.311
0.0109333 0.08 332.311
0.0109333 0.085 332.311
0.0109333 0.09 332.311
0.0109333 0.095 332.311
0.0109333 0.1 323.417
0.0159 0 296.892
0.0159 0.005 292.524
0.0159 0.01 292.524
0.0159 0.015 292.524
0.0159 0.02 292.524
0.0159 0.025 292.524
0.0159 0.03 292.524
0.0159 0.035 292.524
0.0159 0.04 292.524
0.0159 0.045 292.524
0.0159 0.05 292.524
0.0159 0.055 292.524
0.0159 0.06 292.524
0.0159 0.065 292.524
0.0159 0.07 292.524
0.0159 0.075 292.524
0.0159 0.08 292.524
0.0159 0.085 292.524
0.0159 0.09 292.524
0.0159 0.095 292.524
0.0159 0.1 288.156
0.0208667 0 274.15
0.0208667 0.005 271.515
0.0208667 0.01 271.515
0.0208667 0.015 271.515
0.0208667 0.02 271.515
0.0208667 0.025 271.515
0.0208667 0.03 271.515
0.0208667 0.035 271.515
0.0208667 0.04 271.515
0.0208667 0.045 271.515
0.0208667 0.05 271.515
0.0208667 0.055 271.515
0.0208667 0.06 271.515
0.0208667 0.065 271.515
0.0208667 0.07 271.515
0.0208667 0.075 271.515
0.0208667 0.08 271.515
0.0208667 0.085 271.515
0.0208667 0.09 271.515
0.0208667 0.095 271.515
0.0208667 0.1 268.88
0.0258333 0 260.39
0.0258333 0.005 258.78
0.0258333 0.01 258.78
0.0258333 0.015 258.78
0.0258333 0.02 258.78
0.0258333 0.025 258.78
0.0258333 0.03 258.78
0.0258333 0.035 258.78
0.0258333 0.04 258.78
0.0258333 0.045 258.78
0.0258333 0.05 258.78
0.0258333 0.055 258.78
0.0258333 0.06 258.78
0.0258333 0.065 258.78
0.0258333 0.07 258.78
0.0258333 0.075 258.78
0.0258333 0.08 258.78
0.0258333 0.085 258.78
0.0258333 0.09 258.78
0.0258333 0.095 258.78
0.0258333 0.1 257.17
0.0308 0 251.407
0.0308 0.005 250.136
0.0308 0.01 250.136
0.0308 0.015 250.136
0.0308 0.02 250.136
0.0308 0.025 250.136
0.0308 0.03 250.136
0.0308 0.035 250.136
0.0308 0.04 250.136
0.0308 0.045 250.136
0.0308 0.05 250.136
0.0308 0.055 250.136
0.0308 0.06 250.136
0.0308 0.065 250.136
0.0308 0.07 250.136
0.0308 0.075 250.136
0.0308 0.08 250.136
0.0308 0.085 250.136
0.0308 0.09 250.136
0.0308 0.095 250.136
0.0308 0.1 248.865
0.0357667 0 244.767
0.0357667 0.005 243.988
0.0357667 0.01 243.988
0.0357667 0.015 243.988
0.0357667 0.02 243.988
0.0357667 0.025 243.988
0.0357667 0.03 243.988
0.0357667 0.035 243.988
0.0357667 0.04 243.988
0.0357667 0.045 243.988
0.0357667 0.05 243.988
0.0357667 0.055 243.988
0.0357667 0.06 243.988
0.0357667 0.065 243.988
0.0357667 0.07 243.988
0.0357667 0.075 243.988
0.0357667 0.08 243.988
0.0357667 0.085 243.988
0.0357667 0.09 243.988
0.0357667 0.095 243.988
0.0357667 0.1 243.21
0.0407333 0 240.533
0.0407333 0.005 239.972
0.0407333 0.01 239.972
0.0407333 0.015 239.972
0.0407333 0.02 239.972
0.0407333 0.025 239.972
0.0407333 0.03 239.972
0.0407333 0.035 239.972
0.0407333 0.04 239.972
0.0407333 0.045 239.972
0.0407333 0.05 239.972
0.0407333 0.055 239.972
0.0407333 0.06 239.972
0.0407333 0.065 239.972
0.0407333 0.07 239.972
0.0407333 0.075 239.972
0.0407333 0.08 239.972
0.0407333 0.085 239.972
0.0407333 0.09 239.972
0.0407333 0.095 239.972
0.0407333 0.1 239.412
0.0457 0 237.99
0.0457 0.005 237.84
0.0457 0.01 237.84
0.0457 0.015 237.84
0.0457 0.02 237.84
0.0457 0.025 237.84
0.0457 0.03 237.84
0.0457 0.035 237.84
0.0457 0.04 237.84
0.0457 0.045 237.84
0.0457 0.05 237.84
0.0457 0.055 237.84
0.0457 0.06 237.84
0.0457 0.065 237.84
0.0457 0.07 237.84
0.0457 0.075 237.84
0.0457 0.08 237.84
0.0457 0.085 237.84
0.0457 0.09 237.84
0.0457 0.095 237.84
0.0457 0.1 237.689
0.0506667 0 237.364
0.0506667 0.005 237.352
0.0506667 0.01 237.352
0.0506667 0.015 237.352
0.0506667 0.02 237.352
0.0506667 0.025 237.352
0.0506667 0.03 237.352
0.0506667 0.035 237.352
0.0506667 0.04 237.352
0.0506667 0.045 237.352
0.0506667 0.05 237.352
0.0506667 0.055 237.352
0.0506667 0.06 237.352
0.0506667 0.065 237.352
0.0506667 0.07 237.352
0.0506667 0.075 237.352
0.0506667 0.08 237.352
0.0506667 0.085 237.352
0.0506667 0.09 237.352
0.0506667 0.095 237.352
0.0506667 0.1 237.34
0.0556333 0 237.445
0.0556333 0.005 237.51
0.0556333 0.01 237.51
0.0556333 0.015 237.51
0.0556333 0.02 237.51
0.0556333 0.025 237.51
0.0556333 0.03 237.51
0.0556333 0.035 237.51
0.0556333 0.04 237.51
0.0556333 0.045 237.51
0.0556333 0.05 237.51
0.0556333 0.055 237.51
0.0556333 0.06 237.51
0.0556333 0.065 237.51
0.0556333 0.07 237.51
0.0556333 0.075 237.51
0.0556333 0.08 237.51
0.0556333 0.085 237.51
0.0556333 0.09 237.51
0.0556333 0.095 237.51
0.0556333 0.1 237.575
0.0606 0 238.583
0.0606 0.005 239.021
0.0606 0.01 239.021
0.0606 0.015 239.021
0.0606 0.02 239.021
0.0606 0.025 239.021
0.0606 0.03 239.021
0.0606 0.035 239.021
0.0606 0.04 239.021
0.0606 0.045 239.021
0.0606 0.05 239.021
0.0606 0.055 239.021
0.0606 0.06 239.021
0.0606 0.065 239.021
0.0606 0.07 239.021
0.0606 0.075 239.021
0.0606 0.08 239.021
0.0606 0.085 239.021
0.0606 0.09 239.021
0.0606 0.095 239.021
0.0606 0.1 239.46
0.0655667 0 241.7
0.0655667 0.005 242.382
0.0655667 0.01 242.382
0.0655667 0.015 242.382
0.0655667 0.02 242.382
0.0655667 0.025 242.382
0.0655667 0.03 242.382
0.0655667 0.035 242.382
0.0655667 0.04 242.382
0.0655667 0.045 242.382
0.0655667 0.05 242.382
0.0655667 0.055 242.382
0.0655667 0.06 242.382
0.0655667 0.065 242.382
0.0655667 0.07 242.382
0.0655667 0.075 242.382
0.0655667 0.08 242.382
0.0655667 0.085 242.382
0.0655667 0.09 242.382
0.0655667 0.095 242.382
0.0655667 0.1 243.064
0.0705333 0 246.482
0.0705333 0.005 247.51
0.0705333 0.01 247.51
0.0705333 0.015 247.51
0.0705333 0.02 247.51
0.0705333 0.025 247.51
0.0705333 0.03 247.51
0.0705333 0.035 247.51
0.0705333 0.04 247.51
0.0705333 0.045 247.51
0.0705333 0.05 247.51
0.0705333 0.055 247.51
0.0705333 0.06 247.51
0.0705333 0.065 247.51
0.0705333 0.07 247.51
0.0705333 0.075 247.51
0.0705333 0.08 247.51
0.0705333 0.085 247.51
0.0705333 0.09 247.51
0.0705333 0.095 247.51
0.0705333 0.1 248.537
0.0755 0 256.964
0.0755 0.005 260.151
0.0755 0.01 260.151
0.0755 0.015 260.151
0.0755 0.02 260.151
0.0755 0.025 260.151
0.0755 0.03 260.151
0.0755 0.035 260.151
0.0755 0.04 260.151
0.0755 0.045 260.151
0.0755 0.05 260.151
0.0755 0.055 260.151
0.0755 0.06 260.151
0.0755 0.065 260.151
0.0755 0.07 260.151
0.0755 0.075 260.151
0.0755 0.08 260.151
0.0755 0.085 260.151
0.0755 0.09 260.151
0.0755 0.095 260.151
0.0755 0.1 263.337
0.0804667 0 326.503
0.0804667 0.005 354.899
0.0804667 0.01 354.899
0.0804667 0.015 354.899
0.0804667 0.02 354.899
0.0804667 0.025 354.899
0.0804667 0.03 354.899
0.0804667 0.035 354.899
0.0804667 0.04 354.899
0.0804667 0.045 354.899
0.0804667 0.05 354.899
0.0804667 0.055 354.899
0.0804667 0.06 354.899
0.0804667 0.065 354.899
0.0804667 0.07 354.899
0.0804667 0.075 354.899
0.0804667 0.08 354.899
0.0804667 0.085 354.899
0.0804667 0.09 354.899
0.0804667 0.095 354.899
0.0804667 0.1 383.296
0.0854333 0 1132.44
0.0854333 0.005 1478.62
0.0854333 0.01 1478.62
0.0854333 0.015 1478.62
0.0854333 0.02 1478.62
0.0854333 0.025 1478.62
0.0854333 0.03 1478.62
0.0854333 0.035 1478.62
0.0854333 0.04 1478.62
0.0854333 0.045 1478.62
0.0854333 0.05 1478.62
0.0854333 0.055 1478.62
0.0854333 0.06 1478.62
0.0854333 0.065 1478.62
0.0854333 0.07 1478.62
0.0854333 0.075 1478.62
0.0854333 0.08 1478.62
0.0854333 0.085 1478.62
0.0854333 0.09 1478.62
0.0854333 0.095 1478.62
0.0854333 0.1 1824.8
0.0904 0 10956.5
0.0904 0.005 15176.1
0.0904 0.01 15176.1
0.0904 0.015 15176.1
0.0904 0.02 15176.1
0.0904 0.025 15176.1
0.0904 0.03 15176.1
0.0904 0.035 15176.1
0.0904 0.04 15176.1
0.0904 0.045 15176.1
0.0904 0.05 15176.1
0.0904 0.055 15176.1
0.0904 0.06 15176.1
0.0904 0.065 15176.1
0.0904 0.07 15176.1
0.0904 0.075 15176.1
0.0904 0.08 15176.1
0.0904 0.085 15176.1
0.0904 0.09 15176.1
0.0904 0.095 15176.1
0.0904 0.1 19395.8
0.0953667 0 115406
0.0953667 0.005 159192
0.0953667 0.01 159192
0.0953667 0.015 159192
0.0953667 0.02 159192
0.0953667 0.025 159192
0.0953667 0.03 159192
0.0953667 0.035 159192
0.0953667 0.04 159192
0.0953667 0.045 159192
0.0953667 0.05 159192
0.0953667 0.055 159192
0.0953667 0.06 159192
0.0953667 0.065 159192
0.0953667 0.07 159192
0.0953667 0.075 159192
0.0953667 0.08 159192
0.0953667 0.085 159192
0.0953667 0.09 159192
0.0953667 0.095 159192
0.0953667 0.1 202977
0.100333 0 290548
0.100333 0 233652
0.100333 0.005 290548
0.100333 0.005 233652
0.100333 0.01 290548
0.100333 0.01 233652
0.100333 0.015 290548
0.100333 0.015 233652
0.100333 0.02 290548
0.100333 0.02 233652
0.100333 0.025 290548
0.100333 0.025 233652
0.100333 0.03 290548
0.100333 0.03 233652
0.100333 0.035 290548
0.100333 0.035 233652
0.100333 0.04 290548
0.100333 0.04 233652
0.100333 0.045 290548
0.100333 0.045 233652
0.100333 0.05 290548
0.100333 0.05 233652
0.100333 0.055 290548
0.100333 0.055 233652
0.100333 0.06 290548
0.100333 0.06 233652
0.100333 0.065 290548
0.100333 0.065 233652
0.100333 0.07 290548
0.100333 0.07 233652
0.100333 0.075 290548
0.100333 0.075 233652
0.100333 0.08 290548
0.100333 0.08 233652
0.100333 0.085 290548
0.100333 0.085 233652
0.100333 0.09 290548
0.100333 0.09 233652
0.100333 0.095 290548
0.100333 0.095 233652
0.100333 0.1 290548
0.100333 0.1 233652
0.1053 0 227913
0.1053 0.005 225043
0.1053 0.01 225043
0.1053 0.015 225043
0.1053 0.02 225043
0.1053 0.025 225043
0.1053 0.03 225043
0.1053 0.035 225043
0.1053 0.04 225043
0.1053 0.045 225043
0.1053 0.05 225043
0.1053 0.055 225043
0.1053 0.06 225043
0.1053 0.065 225043
0.1053 0.07 225043
0.1053 0.075 225043
0.1053 0.08 225043
0.1053 0.085 225043
0.1053 0.09 225043
0.1053 0.095 225043
0.1053 0.1 222173
0.110267 0 212427
0.110267 0.005 210424
0.110267 0.01 210424
0.110267 0.015 210424
0.110267 0.02 210424
0.110267 0.025 210424
0.110267 0.03 210424
0.110267 0.035 210424
0.110267 0.04 210424
0.110267 0.045 210424
0.110267 0.05 210424
0.110267 0.055 210424
0.110267 0.06 210424
0.110267 0.065 210424
0.110267 0.07 210424
0.110267 0.075 210424
0.110267 0.08 210424
0.110267 0.085 210424
0.110267 0.09 210424
0.110267 0.095 210424
0.110267 0.1 208420
0.115233 0 200527
0.115233 0.005 198583
0.115233 0.01 198583
0.115233 0.015 198583
0.115233 0.02 198583
0.115233 0.025 198583
0.115233 0.03 198583
0.115233 0.035 198583
0.115233 0.04 198583
0.115233 0.045 198583
0.115233 0.05 198583
0.115233 0.055 198583
0.115233 0.06 198583
0.115233 0.065 198583
0.115233 0.07 198583
0.115233 0.075 198583
0.115233 0.08 198583
0.115233 0.085 198583
0.115233 0.09 198583
0.115233 0.095 198583
0.115233 0.1 196640
0.1202 0 188637
0.1202 0.005 186579
0.1202 0.01 186579
0.1202 0.015 186579
0.1202 0.02 186579
0.1202 0.025 186579
0.1202 0.03 186579
0.1202 0.035 186579
0.1202 0.04 186579
0.1202 0.045 186579
0.1202 0.05 186579
0.1202 0.055 186579
0.1202 0.06 186579
0.1202 0.065 186579
0.1202 0.07 186579
0.1202 0.075 186579
0.1202 0.08 186579
0.1202 0.085 186579
0.1202 0.09 186579
0.1202 0.095 186579
0.1202 0.1 184521
0.125167 0 175990
0.125167 0.005 173783
0.125167 0.01 173783
0.125167 0.015 173783
0.125167 0.02 173783
0.125167 0.025 173783
0.125167 0.03 173783
0.125167 0.035 173783
0.125167 0.04 173783
0.125167 0.045 173783
0.125167 0.05 173783
0.125167 0.055 173783
0.125167 0.06 173783
0.125167 0.065 173783
0.125167 0.07 173783
0.125167 0.075 173783
0.125167 0.08 173783
0.125167 0.085 173783
0.125167 0.09 173783
0.125167 0.095 173783
0.125167 0.1 171576
0.130133 0 162469
0.130133 0.005 160123
0.130133 0.01 160123
0.130133 0.015 160123
0.130133 0.02 160123
0.130133 0.025 160123
0.130133 0.03 160123
0.130133 0.035 160123
0.130133 0.04 160123
0.130133 0.045 160123
0.130133 0.05 160123
0.130133 0.055 160123
0.130133 0.06 160123
0.130133 0.065 160123
0.130133 0.07 160123
0.130133 0.075 160123
0.130133 0.08 160123
0.130133 0.085 160123
0.130133 0.09 160123
0.130133 0.095 160123
0.130133 0.1 157777
0.1351 0 148169
0.1351 0.005 145711
0.1351 0.01 145711
0.1351 0.015 145711
0.1351 0.02 145711
0.1351 0.025 145711
0.1351 0.03 145711
0.1351 0.035 145711
0.1351 0.04 145711
0.1351 0.045 145711
0.1351 0.05 145711
0.1351 0.055 145711
0.1351 0.06 145711
0.1351 0.065 145711
0.1351 0.07 145711
0.1351 0.075 145711
0.1351 0.08 145711
0.1351 0.085 145711
0.1351 0.09 145711
0.1351 0.095 145711
0.1351 0.1 143252
0.140067 0 133258
0.140067 0.005 130719
0.140067 0.01 130719
0.140067 0.015 130719
0.140067 0.02 130719
0.140067 0.025 130719
0.140067 0.03 130719
0.140067 0.035 130719
0.140067 0.04 130719
0.140067 0.045 130719
0.140067 0.05 130719
0.140067 0.055 130719
0.140067 0.06 130719
0.140067 0.065 130719
0.140067 0.07 130719
0.140067 0.075 130719
0.140067 0.08 130719
0.140067 0.085 130719
0.140067 0.09 130719
0.140067 0.095 130719
0.140067 0.1 128180
0.145033 0 117926
0.145033 0.005 115339
0.145033 0.01 115339
0.145033 0.015 115339
0.145033 0.02 115339
0.145033 0.025 115339
0.145033 0.03 115339
0.145033 0.035 115339
0.145033 0.04 115339
0.145033 0.045 115339
0.145033 0.05 115339
0.145033 0.055 115339
0.145033 0.06 115339
0.145033 0.065 115339
0.145033 0.07 115339
0.145033 0.075 115339
0.145033 0.08 115339
0.145033 0.085 115339
0.145033 0.09 115339
0.145033 0.095 115339
0.145033 0.1 112751
0.15 0 99754.3
0.15 0.005 99754.3
0.15 0.01 99754.3
0.15 0.015 99754.3
0.15 0.02 99754.3
0.15 0.025 99754.3
0.15 0.03 99754.3
0.15 0.035 99754.3
0.15 0.04 99754.3
0.15 0.045 99754.3
0.15 0.05 99754.3
0.15 0.055 99754.3
0.15 0.06 99754.3
0.15 0.065 99754.3
0.15 0.07 99754.3
0.15 0.075 99754.3
0.15 0.08 99754.3
0.15 0.085 99754.3
0.15 0.09 99754.3
0.15 0.095 99754.3
0.15 0.1 99754.3
0.154967 0 81537.6
0.154967 0.005 84136.7
0.154967 0.01 84136.7
0.154967 0.015 84136.7
0.154967 0.02 84136.7
0.154967 0.025 84136.7
0.154967 0.03 84136.7
0.154967 0.035 84136.7
0.154967 0.04 84136.7
0.154967 0.045 84136.7
0.154967 0.05 84136.7
0.154967 0.055 84136.7
0.154967 0.06 84136.7
0.154967 0.065 84136.7
0.154967 0.07 84136.7
0.154967 0.075 84136.7
0.154967 0.08 84136.7
0.154967 0.085 84136.7
0.154967 0.09 84136.7
0.154967 0.095 84136.7
0.154967 0.1 86735.7
0.159933 0 66064.5
0.159933 0.005 68633.3
0.159933 0.01 68633.3
0.159933 0.015 68633.3
0.159933 0.02 68633.3
0.159933 0.025 68633.3
0.159933 0.03 68633.3
0.159933 0.035 68633.3
0.159933 0.04 68633.3
0.159933 0.045 68633.3
0.159933 0.05 68633.3
0.159933 0.055 68633.3
0.159933 0.06 68633.3
0.159933 0.065 68633.3
0.159933 0.07 68633.3
0.159933 0.075 68633.3
0.159933 0.08 68633.3
0.159933 0.085 68633.3
0.159933 0.09 68633.3
0.159933 0.095 68633.3
0.159933 0.1 71202
0.1649 0 50835.4
0.1649 0.005 53358.3
0.1649 0.01 53358.3
0.1649 0.015 53358.3
0.1649 0.02 53358.3
0.1649 0.025 53358.3
0.1649 0.03 53358.3
0.1649 0.035 53358.3
0.1649 0.04 53358.3
0.1649 0.045 53358.3
0.1649 0.05 53358.3
0.1649 0.055 53358.3
0.1649 0.06 53358.3
0.1649 0.065 53358.3
0.1649 0.07 53358.3
0.1649 0.075 53358.3
0.1649 0.08 53358.3
0.1649 0.085 53358.3
0.1649 0.09 53358.3
0.1649 0.095 53358.3
0.1649 0.1 55881.2
0.169867 0 35892.2
0.169867 0.005 38366.5
0.169867 0.01 38366.5
0.169867 0.015 38366.5
0.169867 0.02 38366.5
0.169867 0.025 38366.5
0.169867 0.03 38366.5
0.169867 0.035 38366.5
0.169867 0.04 38366.5
0.169867 0.045 38366.5
0.169867 0.05 38366.5
0.169867 0.055 38366.5
0.169867 0.06 38366.5
0.169867 0.065 38366.5
0.169867 0.07 38366.5
0.169867 0.075 38366.5
0.169867 0.08 38366.5
0.169867 0.085 38366.5
0.169867 0.09 38366.5
0.169867 0.095 38366.5
0.169867 0.1 40840.9
0.174833 0 21124.8
0.174833 0.005 23579.5
0.174833 0.01 23579.5
0.174833 0.015 23579.5
0.174833 0.02 23579.5
0.174833 0.025 23579.5
0.174833 0.03 23579.5
0.174833 0.035 23579.5
0.174833 0.04 23579.5
0.174833 0.045 23579.5
0.174833 0.05 23579.5
0.174833 0.055 23579.5
0.174833 0.06 23579.5
0.174833 0.065 23579.5
0.174833 0.07 23579.5
0.174833 0.075 23579.5
0.174833 0.08 23579.5
0.174833 0.085 23579.5
0.174833 0.09 23579.5
0.174833 0.095 23579.5
0.174833 0.1 26034.1
0.1798 0 6047.83
0.1798 0.005 8589.72
0.1798 0.01 8589.72
0.1798 0.015 8589.72
0.1798 0.02 8589.72
0.1798 0.025 8589.72
0.1798 0.03 8589.72
0.1798 0.035 8589.72
0.1798 0.04 8589.72
0.1798 0.045 8589.72
0.1798 0.05 8589.72
0.1798 0.055 8589.72
0.1798 0.06 8589.72
0.1798 0.065 8589.72
0.1798 0.07 8589.72
0.1798 0.075 8589.72
0.1798 0.08 8589.72
0.1798 0.085 8589.72
0.1798 0.09 8589.72
0.1798 0.095 8589.72
0.1798 0.1 11131.6
0.184767 0 -10907.7
0.184767 0.005 -7939.76
0.184767 0.01 -7939.76
0.184767 0.015 -7939.76
0.184767 0.02 -7939.76
0.184767 0.025 -7939.76
0.184767 0.03 -7939.76
0.184767 0.035 -7939.76
0.184767 0.04 -7939.76
0.184767 0.045 -7939.76
0.184767 0.05 -7939.76
0.184767 0.055 -7939.76
0.184767 0.06 -7939.76
0.184767 0.065 -7939.76
0.184767 0.07 -7939.76
0.184767 0.075 -7939.76
0.184767 0.08 -7939.76
0.184767 0.085 -7939.76
0.184767 0.09 -7939.76
0.184767 0.095 -7939.76
0.184767 0.1 -4971.82
0.189733 0 -34887.3
0.189733 0.005 -30376.4
0.189733 0.01 -30376.4
0.189733 0.015 -30376.4
0.189733 0.02 -30376.4
0.189733 0.025 -30376.4
0.189733 0.03 -30376.4
0.189733 0.035 -30376.4
0.189733 0.04 -30376.4
0.189733 0.045 -30376.4
0.189733 0.05 -30376.4
0.189733 0.055 -30376.4
0.189733 0.06 -30376.4
0.189733 0.065 -30376.4
0.189733 0.07 -30376.4
0.189733 0.075 -30376.4
0.189733 0.08 -30376.4
0.189733 0.085 -30376.4
0.189733 0.09 -30376.4
0.189733 0.095 -30376.4
0.189733 0.1 -25865.4
0.1947 0 -92677.2
0.1947 0.005 -80485.2
0.1947 0.01 -80485.2
0.1947 0.015 -80485.2
0.1947 0.02 -80485.2
0.1947 0.025 -80485.2
0.1947 0.03 -80485.2
0.1947 0.035 -80485.2
0.1947 0.04 -80485.2
0.1947 0.045 -80485.2
0.1947 0.05 -80485.2
0.1947 0.055 -80485.2
0.1947 0.06 -80485.2
0.1947 0.065 -80485.2
0.1947 0.07 -80485.2
0.1947 0.075 -80485.2
0.1947 0.08 -80485.2
0.1947 0.085 -80485.2
0.1947 0.09 -80485.2
0.1947 0.095 -80485.2
0.1947 0.1 -68293.2
0.199667 0 -117061
0.199667 0 -3543.86
0.199667 0.005 -117061
0.199667 0.005 -3543.86
0.199667 0.01 -117061
0.199667 0.01 -3543.86
0.199667 0.015 -117061
0.199667 0.015 -3543.86
0.199667 0.02 -117061
0.199667 0.02 -3543.86
0.199667 0.025 -117061
0.199667 0.025 -3543.86
0.199667 0.03 -117061
0.199667 0.03 -3543.86
0.199667 0.035 -117061
0.199667 0.035 -3543.86
0.199667 0.04 -117061
0.199667 0.04 -3543.86
0.199667 0.045 -117061
0.199667 0.045 -3543.86
0.199667 0.05 -117061
0.199667 0.05 -3543.86
0.199667 0.055 -117061
0.199667 0.055 -3543.86
0.199667 0.06 -117061
0.199667 0.06 -3543.86
0.199667 0.065 -117061
0.199667 0.065 -3543.86
0.199667 0.07 -117061
0.199667 0.07 -3543.86
0.199667 0.075 -117061
0.199667 0.075 -3543.86
0.199667 0.08 -117061
0.199667 0.08 -3543.86
0.199667 0.085 -117061
0.199667 0.085 -3543.86
0.199667 0.09 -117061
0.199667 0.09 -3543.86
0.199667 0.095 -117061
0.199667 0.095 -3543.86
0.199667 0.1 -117061
0.199667 0.1 -3543.86
0.204633 0 -70.2547
0.204633 0.005 -938.656
0.204633 0.01 -938.656
0.204633 0.015 -938.656
0.204633 0.02 -938.656
0.204633 0.025 -938.656
0.204633 0.03 -938.656
0.204633 0.035 -938.656
0.204633 0.04 -938.656
0.204633 0.045 -938.656
0.204633 0.05 -938.656
0.204633 0.055 -938.656
0.204633 0.06 -938.656
0.204633 0.065 -938.656
0.204633 0.07 -938.656
0.204633 0.075 -938.656
0.204633 0.08 -938.656
0.204633 0.085 -938.656
0.204633 0.09 -938.656
0.204633 0.095 -938.656
0.204633 0.1 -1807.06
0.2096 0 1820.19
0.2096 0.005 1781.78
0.2096 0.01 1781.78
0.2096 0.015 1781.78
0.2096 0.02 1781.78
0.2096 0.025 1781.78
0.2096 0.03 1781.78
0.2096 0.035 1781.78
0.2096 0.04 1781.78
0.2096 0.045 1781.78
0.2096 0.05 1781.78
0.2096 0.055 1781.78
0.2096 0.06 1781.78
0.2096 0.065 1781.78
0.2096 0.07 1781.78
0.2096 0.075 1781.78
0.2096 0.08 1781.78
0.2096 0.085 1781.78
0.2096 0.09 1781.78
0.2096 0.095 1781.78
0.2096 0.1 1743.37
0.214567 0 1903.89
0.214567 0.005 1902.17
0.214567 0.01 1902.17
0.214567 0.015 1902.17
0.214567 0.02 1902.17
0.214567 0.025 1902.17
0.214567 0.03 1902.17
0.214567 0.035 1902.17
0.214567 0.04 1902.17
0.214567 0.045 1902.17
0.214567 0.05 1902.17
0.214567 0.055 1902.17
0.214567 0.06 1902.17
0.214567 0.065 1902.17
0.214567 0.07 1902.17
0.214567 0.075 1902.17
0.214567 0.08 1902.17
0.214567 0.085 1902.17
0.214567 0.09 1902.17
0.214567 0.095 1902.17
0.214567 0.1 1900.45
0.219533 0 1907.64
0.219533 0.005 1907.56
0.219533 0.01 1907.56
0.219533 0.015 1907.56
0.219533 0.02 1907.56
0.219533 0.025 1907.56
0.219533 0.03 1907.56
0.219533 0.035 1907.56
0.219533 0.04 1907.56
0.219533 0.045 1907.56
0.219533 0.05 1907.56
0.219533 0.055 1907.56
0.219533 0.06 1907.56
0.219533 0.065 1907.56
0.219533 0.07 1907.56
0.219533 0.075 1907.56
0.219533 0.08 1907.56
0.219533 0.085 1907.56
0.219533 0.09 1907.56
0.219533 0.095 1907.56
0.219533 0.1 1907.48
0.2245 0 1907.71
0.2245 0.005 1907.73
0.2245 0.01 1907.73
0.2245 0.015 1907.73
0.2245 0.02 1907.73
0.2245 0.025 1907.73
0.2245 0.03 1907.73
0.2245 0.035 1907.73
0.2245 0.04 1907.73
0.2245 0.045 1907.73
0.2245 0.05 1907.73
0.2245 0.055 1907.73
0.2245 0.06 1907.73
0.2245 0.065 1907.73
0.2245 0.07 1907.73
0.2245 0.075 1907.73
0.2245 0.08 1907.73
0.2245 0.085 1907.73
0.2245 0.09 1907.73
0.2245 0.095 1907.73
0.2245 0.1 1907.75
0.229467 0 1905.54
0.229467 0.005 1906.07
0.229467 0.01 1906.07
0.229467 0.015 1906.07
0.229467 0.02 1906.07
0.229467 0.025 1906.07
0.229467 0.03 1906.07
0.229467 0.035 1906.07
0.229467 0.04 1906.07
0.229467 0.045 1906.07
0.229467 0.05 1906.07
0.229467 0.055 1906.07
0.229467 0.06 1906.07
0.229467 0.065 1906.07
0.229467 0.07 1906.07
0.229467 0.075 1906.07
0.229467 0.08 1906.07
0.229467 0.085 1906.07
0.229467 0.09 1906.07
0.229467 0.095 1906.07
0.229467 0.1 1906.6
0.234433 0 1859.72
0.234433 0.005 1870.91
0.234433 0.01 1870.91
0.234433 0.015 1870.91
0.234433 0.02 1870.91
0.234433 0.025 1870.91
0.234433 0.03 1870.91
0.234433 0.035 1870.91
0.234433 0.04 1870.91
0.234433 0.045 1870.91
0.234433 0.05 1870.91
0.234433 0.055 1870.91
0.234433 0.06 1870.91
0.234433 0.065 1870.91
0.234433 0.07 1870.91
0.234433 0.075 1870.91
0.234433 0.08 1870.91
0.234433 0.085 1870.91
0.234433 0.09 1870.91
0.234433 0.095 1870.91
0.234433 0.1 1882.09
0.2394 0 1654.4
0.2394 0.005 1700.13
0.2394 0.01 1700.13
0.2394 0.015 1700.13
0.2394 0.02 1700.13
0.2394 0.025 1700.13
0.2394 0.03 1700.13
0.2394 0.035 1700.13
0.2394 0.04 1700.13
0.2394 0.045 1700.13
0.2394 0.05 1700.13
0.2394 0.055 1700.13
0.2394 0.06 1700.13
0.2394 0.065 1700.13
0.2394 0.07 1700.13
0.2394 0.075 1700.13
0.2394 0.08 1700.13
0.2394 0.085 1700.13
0.2394 0.09 1700.13
0.2394 0.095 1700.13
0.2394 0.1 1745.87
0.244367 0 1482.17
0.244367 0.005 1502.36
0.244367 0.01 1502.36
0.244367 0.015 1502.36
0.244367 0.02 1502.36
0.244367 0.025 1502.36
0.244367 0.03 1502.36
0.244367 0.035 1502.36
0.244367 0.04 1502.36
0.244367 0.045 1502.36
0.244367 0.05 1502.36
0.244367 0.055 1502.36
0.244367 0.06 1502.36
0.244367 0.065 1502.36
0.244367 0.07 1502.36
0.244367 0.075 1502.36
0.244367 0.08 1502.36
0.244367 0.085 1502.36
0.244367 0.09 1502.36
0.244367 0.095 1502.36
0.244367 0.1 1522.55
0.249333 0 1398.09
0.249333 0.005 1409.02
0.249333 0.01 1409.02
0.249333 0.015 1409.02
0.249333 0.02 1409.02
0.249333 0.025 1409.02
0.249333 0.03 1409.02
0.249333 0.035 1409.02
0.249333 0.04 1409.02
0.249333 0.045 1409.02
0.249333 0.05 1409.02
0.249333 0.055 1409.02
0.249333 0.06 1409.02
0.249333 0.065 1409.02
0.249333 0.07 1409.02
0.249333 0.075 1409.02
0.249333 0.08 1409.02
0.249333 0.085 1409.02
0.249333 0.09 1409.02
0.249333 0.095 1409.02
0.249333 0.1 1419.94
0.2543 0 1351.66
0.2543 0.005 1357.81
0.2543 0.01 1357.81
0.2543 0.015 1357.81
0.2543 0.02 1357.81
0.2543 0.025 1357.81
0.2543 0.03 1357.81
0.2543 0.035 1357.81
0.2543 0.04 1357.81
0.2543 0.045 1357.81
0.2543 0.05 1357.81
0.2543 0.055 1357.81
0.2543 0.06 1357.81
0.2543 0.065 1357.81
0.2543 0.07 1357.81
0.2543 0.075 1357.81
0.2543 0.08 1357.81
0.2543 0.085 1357.81
0.2543 0.09 1357.81
0.2543 0.095 1357.81
0.2543 0.1 1363.95
0.259267 0 1327.01
0.259267 0.005 1330.1
0.259267 0.01 1330.1
0.259267 0.015 1330.1
0.259267 0.02 1330.1
0.259267 0.025 1330.1
0.259267 0.03 1330.1
0.259267 0.035 1330.1
0.259267 0.04 1330.1
0.259267 0.045 1330.1
0.259267 0.05 1330.1
0.259267 0.055 1330.1
0.259267 0.06 1330.1
0.259267 0.065 1330.1
0.259267 0.07 1330.1
0.259267 0.075 1330.1
0.259267 0.08 1330.1
0.259267 0.085 1330.1
0.259267 0.09 1330.1
0.259267 0.095 1330.1
0.259267 0.1 1333.19
0.264233 0 1317.79
0.264233 0.005 1318.55
0.264233 0.01 1318.55
0.264233 0.015 1318.55
0.264233 0.02 1318.55
0.264233 0.025 1318.55
0.264233 0.03 1318.55
0.264233 0.035 1318.55
0.264233 0.04 1318.55
0.264233 0.045 1318.55
0.264233 0.05 1318.55
0.264233 0.055 1318.55
0.264233 0.06 1318.55
0.264233 0.065 1318.55
0.264233 0.07 1318.55
0.264233 0.075 1318.55
0.264233 0.08 1318.55
0.264233 0.085 1318.55
0.264233 0.09 1318.55
0.264233 0.095 1318.55
0.264233 0.1 1319.31
0.2692 0 1321.74
0.2692 0.005 1320.38
0.2692 0.01 1320.38
0.2692 0.015 1320.38
0.2692 0.02 1320.38
0.2692 0.025 1320.38
0.2692 0.03 1320.38
0.2692 0.035 1320.38
0.2692 0.04 1320.38
0.2692 0.045 1320.38
0.2692 0.05 1320.38
0.2692 0.055 1320.38
0.2692 0.06 1320.38
0.2692 0.065 1320.38
0.2692 0.07 1320.38
0.2692 0.075 1320.38
0.2692 0.08 1320.38
0.2692 0.085 1320.38
0.2692 0.09 1320.38
0.2692 0.095 1320.38
0.2692 0.1 1319.01
0.274167 0 1339.28
0.274167 0.005 1335.58
0.274167 0.01 1335.58
0.274167 0.015 1335.58
0.274167 0.02 1335.58
0.274167 0.025 1335.58
0.274167 0.03 1335.58
0.274167 0.035 1335.58
0.274167 0.04 1335.58
0.274167 0.045 1335.58
0.274167 0.05 1335.58
0.274167 0.055 1335.58
0.274167 0.06 1335.58
0.274167 0.065 1335.58
0.274167 0.07 1335.58
0.274167 0.075 1335.58
0.274167 0.08 1335.58
0.274167 0.085 1335.58
0.274167 0.09 1335.58
0.274167 0.095 1335.58
0.274167 0.1 1331.88
0.279133 0 1373.62
0.279133 0.005 1366.88
0.279133 0.01 1366.88
0.279133 0.015 1366.88
0.279133 0.02 1366.88
0.279133 0.025 1366.88
0.279133 0.03 1366.88
0.279133 0.035 1366.88
0.279133 0.04 1366.88
0.279133 0.045 1366.88
0.279133 0.05 1366.88
0.279133 0.055 1366.88
0.279133 0.06 1366.88
0.279133 0.065 1366.88
0.279133 0.07 1366.88
0.279133 0.075 1366.88
0.279133 0.08 1366.88
0.279133 0.085 1366.88
0.279133 0.09 1366.88
0.279133 0.095 1366.88
0.279133 0.1 1360.15
0.2841 0 1432.78
0.2841 0.005 1421.36
0.2841 0.01 1421.36
0.2841 0.015 1421.36
0.2841 0.02 1421.36
0.2841 0.025 1421.36
0.2841 0.03 1421.36
0.2841 0.035 1421.36
0.2841 0.04 1421.36
0.2841 0.045 1421.36
0.2841 0.05 1421.36
0.2841 0.055 1421.36
0.2841 0.06 1421.36
0.2841 0.065 1421.36
0.2841 0.07 1421.36
0.2841 0.075 1421.36
0.2841 0.08 1421.36
0.2841 0.085 1421.36
0.2841 0.09 1421.36
0.2841 0.095 1421.36
0.2841 0.1 1409.94
0.289067 0 1536.65
0.289067 0.005 1516.39
0.289067 0.01 1516.39
0.289067 0.015 1516.39
0.289067 0.02 1516.39
0.289067 0.025 1516.39
0.289067 0.03 1516.39
0.289067 0.035 1516.39
0.289067 0.04 1516.39
0.289067 0.045 1516.39
0.289067 0.05 1516.39
0.289067 0.055 1516.39
0.289067 0.06 1516.39
0.289067 0.065 1516.39
0.289067 0.07 1516.39
0.289067 0.075 1516.39
0.289067 0.08 1516.39
0.289067 0.085 1516.39
0.289067 0.09 1516.39
0.289067 0.095 1516.39
0.289067 0.1 1496.14
0.294033 0 1750.41
0.294033 0.005 1707.1
0.294033 0.01 1707.1
0.294033 0.015 1707.1
0.294033 0.02 1707.1
0.294033 0.025 1707.1
0.294033 0.03 1707.1
0.294033 0.035 1707.1
0.294033 0.04 1707.1
0.294033 0.045 1707.1
0.294033 0.05 1707.1
0.294033 0.055 1707.1
0.294033 0.06 1707.1
0.294033 0.065 1707.1
0.294033 0.07 1707.1
0.294033 0.075 1707.1
0.294033 0.08 1707.1
0.294033 0.085 1707.1
0.294033 0.09 1707.1
0.294033 0.095 1707.1
0.294033 0.1 1663.78
0.299 0 1837.03
0.299 0.005 1837.03
0.299 0.01 1837.03
0.299 0.015 1837.03
0.299 0.02 1837.03
0.299 0.025 1837.03
0.299 0.03 1837.03
0.299 0.035 1837.03
0.299 0.04 1837.03
0.299 0.045 1837.03
0.299 0.05 1837.03
0.299 0.055 1837.03
0.299 0.06 1837.03
0.299 0.065 1837.03
0.299 0.07 1837.03
0.299 0.075 1837.03
0.299 0.08 1837.03
0.299 0.085 1837.03
0.299 0.09 1837.03
0.299 0.095 1837.03
0.299 0.1 1837.03
