0.001 0 0
0.001 0.005 -1.22996e-08
0.001 0.01 1.3662e-09
0.001 0.015 3.47865e-09
0.001 0.02 1.09449e-08
0.001 0.025 2.4492e-08
0.001 0.03 5.84361e-09
0.001 0.035 4.77595e-09
0.001 0.04 4.35499e-09
0.001 0.045 3.88428e-09
0.001 0.05 3.36386e-09
0.001 0.055 2.8357e-09
0.001 0.06 2.3229e-09
0.001 0.065 1.82164e-09
0.001 0.07 9.91153e-10
0.001 0.075 -8.05168e-09
0.001 0.08 1.00494e-08
0.001 0.085 1.14808e-09
0.001 0.09 8.91642e-10
0.001 0.095 7.91782e-09
0.001 0.1 -1.06827e-08
0.00596667 0 -2.45991e-08
0.00596667 0.005 -1.07152e-08
0.00596667 0.01 6.36601e-09
0.00596667 0.015 1.70793e-08
0.00596667 0.02 4.21013e-08
0.00596667 0.025 3.77464e-08
0.00596667 0.03 1.46205e-08
0.00596667 0.035 1.28104e-08
0.00596667 0.04 1.16318e-08
0.00596667 0.045 1.02809e-08
0.00596667 0.05 8.83053e-09
0.00596667 0.055 7.3782e-09
0.00596667 0.06 5.96418e-09
0.00596667 0.065 4.2574e-09
0.00596667 0.07 -5.96417e-09
0.00596667 0.075 2.64629e-09
0.00596667 0.08 1.20776e-08
0.00596667 0.085 2.56976e-09
0.00596667 0.09 9.1864e-09
0.00596667 0.095 1.19207e-09
0.00596667 0.1 -1.44158e-08
0.0109333 0 -1.1427e-08
0.0109333 0.005 4.78742e-09
0.0109333 0.01 1.19896e-08
0.0109333 0.015 2.72378e-08
0.0109333 0.02 4.61636e-08
0.0109333 0.025 3.20577e-08
0.0109333 0.03 2.24542e-08
0.0109333 0.035 2.07895e-08
0.0109333 0.04 1.89334e-08
0.0109333 0.045 1.67158e-08
0.0109333 0.05 1.43355e-08
0.0109333 0.055 1.19494e-08
0.0109333 0.06 9.65136e-09
0.0109333 0.065 7.32845e-09
0.0109333 0.07 8.09391e-10
0.0109333 0.075 9.08691e-09
0.0109333 0.08 4.16364e-09
0.0109333 0.085 2.81084e-09
0.0109333 0.09 5.88381e-09
0.0109333 0.095 -2.70751e-09
0.0109333 0.1 -2.0665e-10
0.0159 0 2.93905e-09
0.0159 0.005 7.27298e-09
0.0159 0.01 1.47928e-08
0.0159 0.015 2.78405e-08
0.0159 0.02 3.70116e-08
0.0159 0.025 3.20635e-08
0.0159 0.03 2.71497e-08
0.0159 0.035 2.55348e-08
0.0159 0.04 2.33037e-08
0.0159 0.045 2.05733e-08
0.0159 0.05 1.76151e-08
0.0159 0.055 1.46301e-08
0.0159 0.06 1.17657e-08
0.0159 0.065 9.16153e-09
0.0159 0.07 6.75825e-09
0.0159 0.075 5.45713e-09
0.0159 0.08 3.9015e-09
0.0159 0.085 2.74196e-09
0.0159 0.09 1.95363e-09
0.0159 0.095 7.13711e-10
0.0159 0.1 4.01819e-10
0.0208667 0 4.08327e-09
0.0208667 0.005 8.245e-09
0.0208667 0.01 1.62833e-08
0.0208667 0.015 2.69488e-08
0.0208667 0.02 3.44572e-08
0.0208667 0.025 3.2825e-08
0.0208667 0.03 2.98898e-08
0.0208667 0.035 2.82959e-08
0.0208667 0.04 2.58371e-08
0.0208667 0.045 2.27661e-08
0.0208667 0.05 1.94003e-08
0.0208667 0.055 1.59695e-08
0.0208667 0.06 1.26918e-08
0.0208667 0.065 9.73364e-09
0.0208667 0.07 7.20027e-09
0.0208667 0.075 5.19307e-09
0.0208667 0.08 3.60875e-09
0.0208667 0.085 2.4205e-09
0.0208667 0.09 1.50971e-09
0.0208667 0.095 7.09893e-10
0.0208667 0.1 3.36768e-10
0.0258333 0 4.38558e-09
0.0258333 0.005 8.68509e-09
0.0258333 0.01 1.69569e-08
0.0258333 0.015 2.63614e-08
0.0258333 0.02 3.30833e-08
0.0258333 0.025 3.30259e-08
0.0258333 0.03 3.11699e-08
0.0258333 0.035 2.95856e-08
0.0258333 0.04 2.69737e-08
0.0258333 0.045 2.36481e-08
0.0258333 0.05 1.99533e-08
0.0258333 0.055 1.61647e-08
0.0258333 0.06 1.25445e-08
0.0258333 0.065 9.28209e-09
0.0258333 0.07 6.52483e-09
0.0258333 0.075 4.33586e-09
0.0258333 0.08 2.72282e-09
0.0258333 0.085 1.62451e-09
0.0258333 0.09 9.18451e-10
0.0258333 0.095 4.09474e-10
0.0258333 0.1 1.87518e-10
0.0308 0 4.43916e-09
0.0308 0.005 8.79607e-09
0.0308 0.01 1.71214e-08
0.0308 0.015 2.58582e-08
0.0308 0.02 3.21534e-08
0.0308 0.025 3.28556e-08
0.0308 0.03 3.15545e-08
0.0308 0.035 2.9951e-08
0.0308 0.04 2.71823e-08
0.0308 0.045 2.35927e-08
0.0308 0.05 1.95572e-08
0.0308 0.055 1.5407e-08
0.0308 0.06 1.14366e-08
0.0308 0.065 7.8891e-09
0.0308 0.07 4.93476e-09
0.0308 0.075 2.66925e-09
0.0308 0.08 1.11937e-09
0.0308 0.085 2.60221e-10
0.0308 0.09 -7.07867e-11
0.0308 0.095 -1.14807e-10
0.0308 0.1 -1.37758e-10
0.0357667 0 4.64583e-09
0.0357667 0.005 9.35287e-09
0.0357667 0.01 1.77146e-08
0.0357667 0.015 2.60973e-08
0.0357667 0.02 3.2008e-08
0.0357667 0.025 3.30833e-08
0.0357667 0.03 3.22854e-08
0.0357667 0.035 3.0483e-08
0.0357667 0.04 2.73602e-08
0.0357667 0.045 2.3321e-08
0.0357667 0.05 1.87574e-08
0.0357667 0.055 1.40638e-08
0.0357667 0.06 9.59397e-09
0.0357667 0.065 5.64081e-09
0.0357667 0.07 2.42049e-09
0.0357667 0.075 7.07981e-11
0.0357667 0.08 -1.41976e-09
0.0357667 0.085 -1.76037e-09
0.0357667 0.09 -1.64172e-09
0.0357667 0.095 -1.05239e-09
0.0357667 0.1 -1.69914e-09
0.0407333 0 5.54132e-09
0.0407333 0.005 9.67433e-09
0.0407333 0.01 1.77988e-08
0.0407333 0.015 2.56841e-08
0.0407333 0.02 3.08561e-08
0.0407333 0.025 3.23906e-08
0.0407333 0.03 3.20788e-08
0.0407333 0.035 3.00945e-08
0.0407333 0.04 2.66159e-08
0.0407333 0.045 2.20753e-08
0.0407333 0.05 1.69301e-08
0.0407333 0.055 1.16433e-08
0.0407333 0.06 6.63579e-09
0.0407333 0.065 2.26932e-09
0.0407333 0.07 -1.17294e-09
0.0407333 0.075 -3.67764e-09
0.0407333 0.08 -4.59225e-09
0.0407333 0.085 -4.37795e-09
0.0407333 0.09 -3.72929e-09
0.0407333 0.095 -3.34852e-09
0.0407333 0.1 -3.56283e-09
0.0457 0 5.2849e-09
0.0457 0.005 9.48872e-09
0.0457 0.01 1.81489e-08
0.0457 0.015 2.56056e-08
0.0457 0.02 3.04638e-08
0.0457 0.025 3.25609e-08
0.0457 0.03 3.22892e-08
0.0457 0.035 2.99395e-08
0.0457 0.04 2.58773e-08
0.0457 0.045 2.0579e-08
0.0457 0.05 1.45957e-08
0.0457 0.055 8.46313e-09
0.0457 0.06 2.7075e-09
0.0457 0.065 -2.22533e-09
0.0457 0.07 -5.98524e-09
0.0457 0.075 -8.31387e-09
0.0457 0.08 -8.71953e-09
0.0457 0.085 -8.10915e-09
0.0457 0.09 -6.59753e-09
0.0457 0.095 -4.60182e-09
0.0457 0.1 -2.56018e-09
0.0506667 0 4.8984e-09
0.0506667 0.005 9.56527e-09
0.0506667 0.01 1.83154e-08
0.0506667 0.015 2.5487e-08
0.0506667 0.02 3.0305e-08
0.0506667 0.025 3.24634e-08
0.0506667 0.03 3.20462e-08
0.0506667 0.035 2.9243e-08
0.0506667 0.04 2.44518e-08
0.0506667 0.045 1.8214e-08
0.0506667 0.05 1.1184e-08
0.0506667 0.055 4.02588e-09
0.0506667 0.06 -2.59653e-09
0.0506667 0.065 -8.10915e-09
0.0506667 0.07 -1.2047e-08
0.0506667 0.075 -1.40063e-08
0.0506667 0.08 -1.397e-08
0.0506667 0.085 -1.22326e-08
0.0506667 0.09 -9.18259e-09
0.0506667 0.095 -5.0266e-09
0.0506667 0.1 -2.57548e-09
0.0556333 0 5.08209e-09
0.0556333 0.005 1.00264e-08
0.0556333 0.01 1.91956e-08
0.0556333 0.015 2.65049e-08
0.0556333 0.02 3.12636e-08
0.0556333 0.025 3.33895e-08
0.0556333 0.03 3.27408e-08
0.0556333 0.035 2.92507e-08
0.0556333 0.04 2.33726e-08
0.0556333 0.045 1.5761e-08
0.0556333 0.05 7.19834e-09
0.0556333 0.055 -1.43699e-09
0.0556333 0.06 -9.2974e-09
0.0556333 0.065 -1.56385e-08
0.0556333 0.07 -1.98423e-08
0.0556333 0.075 -2.14592e-08
0.0556333 0.08 -2.06096e-08
0.0556333 0.085 -1.72745e-08
0.0556333 0.09 -1.19322e-08
0.0556333 0.095 -5.5968e-09
0.0556333 0.1 -2.24638e-09
0.0606 0 5.43415e-09
0.0606 0.005 1.07765e-08
0.0606 0.01 2.05273e-08
0.0606 0.015 2.785e-08
0.0606 0.02 3.23639e-08
0.0606 0.025 3.45586e-08
0.0606 0.03 3.38449e-08
0.0606 0.035 2.95549e-08
0.0606 0.04 2.22552e-08
0.0606 0.045 1.27435e-08
0.0606 0.05 2.09903e-09
0.0606 0.055 -8.50714e-09
0.0606 0.06 -1.79806e-08
0.0606 0.065 -2.53798e-08
0.0606 0.07 -2.98075e-08
0.0606 0.075 -3.10111e-08
0.0606 0.08 -2.91359e-08
0.0606 0.085 -2.32234e-08
0.0606 0.09 -1.38246e-08
0.0606 0.095 -4.47362e-09
0.0606 0.1 -3.17646e-10
0.0655667 0 6.17657e-09
0.0655667 0.005 1.2334e-08
0.0655667 0.01 2.31564e-08
0.0655667 0.015 3.04695e-08
0.0655667 0.02 3.44323e-08
0.0655667 0.025 3.68757e-08
0.0655667 0.03 3.65887e-08
0.0655667 0.035 3.1432e-08
0.0655667 0.04 2.20983e-08
0.0655667 0.045 9.79488e-09
0.0655667 0.05 -3.89576e-09
0.0655667 0.055 -1.73529e-08
0.0655667 0.06 -2.91436e-08
0.0655667 0.065 -3.80602e-08
0.0655667 0.07 -4.2972e-08
0.0655667 0.075 -4.39325e-08
0.0655667 0.08 -4.10107e-08
0.0655667 0.085 -3.10321e-08
0.0655667 0.09 -1.46742e-08
0.0655667 0.095 -5.89345e-10
0.0655667 0.1 4.47361e-09
0.0705333 0 7.61166e-09
0.0705333 0.005 1.56347e-08
0.0705333 0.01 2.73602e-08
0.0705333 0.015 3.32957e-08
0.0705333 0.02 3.32172e-08
0.0705333 0.025 3.61544e-08
0.0705333 0.03 4.06337e-08
0.0705333 0.035 3.51479e-08
0.0705333 0.04 2.29574e-08
0.0705333 0.045 6.55543e-09
0.0705333 0.05 -1.15055e-08
0.0705333 0.055 -2.89599e-08
0.0705333 0.06 -4.38942e-08
0.0705333 0.065 -5.46879e-08
0.0705333 0.07 -5.98657e-08
0.0705333 0.075 -6.01603e-08
0.0705333 0.08 -5.88688e-08
0.0705333 0.085 -4.35383e-08
0.0705333 0.09 -1.07841e-08
0.0705333 0.095 1.70678e-08
0.0705333 0.1 2.56592e-08
0.0755 0 1.25828e-08
0.0755 0.005 8.76544e-09
0.0755 0.01 3.34411e-08
0.0755 0.015 2.89292e-08
0.0755 0.02 -9.49448e-09
0.0755 0.025 1.34859e-08
0.0755 0.03 4.52107e-08
0.0755 0.035 4.24611e-08
0.0755 0.04 2.58563e-08
0.0755 0.045 3.08062e-09
0.0755 0.05 -2.13826e-08
0.0755 0.055 -4.45199e-08
0.0755 0.06 -6.36887e-08
0.0755 0.065 -7.60132e-08
0.0755 0.07 -7.64341e-08
0.0755 0.075 -6.55524e-08
0.0755 0.08 -9.12518e-08
0.0755 0.085 -8.04944e-08
0.0755 0.09 1.77529e-08
0.0755 0.095 1.25154e-07
0.0755 0.1 2.01668e-07
0.0804667 0 -3.39826e-08
0.0804667 0.005 1.48097e-09
0.0804667 0.01 3.61314e-08
0.0804667 0.015 -6.19953e-08
0.0804667 0.02 -3.01391e-07
0.0804667 0.025 -2.2396e-07
0.0804667 0.03 2.57893e-08
0.0804667 0.035 4.8739e-08
0.0804667 0.04 2.59424e-08
0.0804667 0.045 -6.51334e-09
0.0804667 0.05 -3.96579e-08
0.0804667 0.055 -6.99744e-08
0.0804667 0.06 -9.37086e-08
0.0804667 0.065 -1.00499e-07
0.0804667 0.07 -4.50231e-08
0.0804667 0.075 1.02181e-07
0.0804667 0.08 -1.78633e-07
0.0804667 0.085 -3.03907e-07
0.0804667 0.09 2.35466e-07
0.0804667 0.095 1.10356e-06
0.0804667 0.1 1.68499e-06
0.0854333 0 -5.27348e-09
0.0854333 0.005 3.37224e-08
0.0854333 0.01 -1.56233e-08
0.0854333 0.015 -6.76844e-07
0.0854333 0.02 -2.77463e-06
0.0854333 0.025 -2.36259e-06
0.0854333 0.03 -2.12887e-07
0.0854333 0.035 -2.3001e-09
0.0854333 0.04 -2.79171e-08
0.0854333 0.045 -7.35277e-08
0.0854333 0.05 -1.14733e-07
0.0854333 0.055 -1.49558e-07
0.0854333 0.06 -1.70935e-07
0.0854333 0.065 -1.17441e-07
0.0854333 0.07 4.41464e-07
0.0854333 0.075 1.87067e-06
0.0854333 0.08 -6.4147e-07
0.0854333 0.085 -2.07969e-06
0.0854333 0.09 2.14465e-06
0.0854333 0.095 9.38194e-06
0.0854333 0.1 1.43747e-05
0.0904 0 1.83576e-08
0.0904 0.005 -9.56885e-09
0.0904 0.01 -4.82855e-07
0.0904 0.015 -5.35483e-06
0.0904 0.02 -1.99182e-05
0.0904 0.025 -1.63898e-05
0.0904 0.03 -1.61561e-06
0.0904 0.035 -5.0163e-07
0.0904 0.04 -5.46859e-07
0.0904 0.045 -6.25142e-07
0.0904 0.05 -6.65784e-07
0.0904 0.055 -6.83221e-07
0.0904 0.06 -6.60545e-07
0.0904 0.065 -2.26301e-07
0.0904 0.07 4.14608e-06
0.0904 0.075 1.37894e-05
0.0904 0.08 -4.26758e-06
0.0904 0.085 -1.39532e-05
0.0904 0.09 1.62216e-05
0.0904 0.095 6.55483e-05
0.0904 0.1 9.87477e-05
0.0953667 0 -4.02178e-08
0.0953667 0.005 2.09292e-08
0.0953667 0.01 -1.42455e-06
0.0953667 0.015 -2.56076e-05
0.0953667 0.02 -4.29156e-05
0.0953667 0.025 -1.96102e-05
0.0953667 0.03 -1.48914e-06
0.0953667 0.035 -1.98385e-06
0.0953667 0.04 -3.07019e-06
0.0953667 0.045 -3.68054e-06
0.0953667 0.05 -3.98619e-06
0.0953667 0.055 -4.17246e-06
0.0953667 0.06 -4.28792e-06
0.0953667 0.065 -2.84438e-06
0.0953667 0.07 1.96369e-05
0.0953667 0.075 1.22414e-05
0.0953667 0.08 -2.90427e-05
0.0953667 0.085 -1.89832e-05
0.0953667 0.09 8.2482e-05
0.0953667 0.095 0.000137611
0.0953667 0.1 0.000114218
0.100333 0 5.84844e-07
0.100333 0 1.23848e-06
0.100333 0.005 1.92517e-06
0.100333 0.005 3.34332e-06
0.100333 0.01 4.48141e-06
0.100333 0.01 1.07871e-05
0.100333 0.015 -4.58517e-06
0.100333 0.015 2.91874e-05
0.100333 0.02 4.83986e-06
0.100333 0.02 4.84547e-05
0.100333 0.025 1.50686e-05
0.100333 0.025 3.58584e-05
0.100333 0.03 1.39778e-06
0.100333 0.03 9.36745e-06
0.100333 0.035 -4.58536e-06
0.100333 0.035 -3.0839e-06
0.100333 0.04 -7.62226e-06
0.100333 0.04 -9.95883e-06
0.100333 0.045 -9.25995e-06
0.100333 0.045 -1.40538e-05
0.100333 0.05 -1.0259e-05
0.100333 0.05 -1.67727e-05
0.100333 0.055 -1.11669e-05
0.100333 0.055 -1.91105e-05
0.100333 0.06 -1.25124e-05
0.100333 0.06 -2.21149e-05
0.100333 0.065 -1.41187e-05
0.100333 0.065 -2.75906e-05
0.100333 0.07 -3.82821e-06
0.100333 0.07 -4.15261e-05
0.100333 0.075 -2.48768e-05
0.100333 0.075 -4.7154e-05
0.100333 0.08 -3.07308e-05
0.100333 0.08 -2.4256e-05
0.100333 0.085 -1.3419e-05
0.100333 0.085 -2.93442e-05
0.100333 0.09 1.54512e-05
0.100333 0.09 -9.46394e-05
0.100333 0.095 -9.9995e-06
0.100333 0.095 -0.000140742
0.100333 0.1 -0.000109876
0.100333 0.1 -0.000108665
0.1053 0 2.93653e-06
0.1053 0.005 7.443e-06
0.1053 0.01 1.95122e-05
0.1053 0.015 4.2526e-05
0.1053 0.02 5.5457e-05
0.1053 0.025 3.727e-05
0.1053 0.03 1.22494e-05
0.1053 0.035 -2.88369e-06
0.1053 0.04 -1.23872e-05
0.1053 0.045 -1.86993e-05
0.1053 0.05 -2.34079e-05
0.1053 0.055 -2.78074e-05
0.1053 0.06 -3.33025e-05
0.1053 0.065 -4.20098e-05
0.1053 0.07 -5.86817e-05
0.1053 0.075 -5.71829e-05
0.1053 0.08 -4.0662e-05
0.1053 0.085 -6.08338e-05
0.1053 0.09 -0.000127185
0.1053 0.095 -0.000136788
0.1053 0.1 -0.000104053
0.110267 0 5.08389e-06
0.110267 0.005 1.15412e-05
0.110267 0.01 2.70827e-05
0.110267 0.015 4.98017e-05
0.110267 0.02 6.12458e-05
0.110267 0.025 4.35943e-05
0.110267 0.03 1.71022e-05
0.110267 0.035 -1.62989e-06
0.110267 0.04 -1.4779e-05
0.110267 0.045 -2.432e-05
0.110267 0.05 -3.1924e-05
0.110267 0.055 -3.91111e-05
0.110267 0.06 -4.74452e-05
0.110267 0.065 -5.8736e-05
0.110267 0.07 -7.5051e-05
0.110267 0.075 -7.63549e-05
0.110267 0.08 -6.61418e-05
0.110267 0.085 -8.65685e-05
0.110267 0.09 -0.000139025
0.110267 0.095 -0.000133108
0.110267 0.1 -9.69959e-05
0.115233 0 6.54514e-06
0.115233 0.005 1.41462e-05
0.115233 0.01 3.14695e-05
0.115233 0.015 5.40624e-05
0.115233 0.02 6.52466e-05
0.115233 0.025 4.77559e-05
0.115233 0.03 1.98364e-05
0.115233 0.035 -1.29697e-06
0.115233 0.04 -1.70498e-05
0.115233 0.045 -2.90662e-05
0.115233 0.05 -3.89743e-05
0.115233 0.055 -4.83497e-05
0.115233 0.06 -5.87518e-05
0.115233 0.065 -7.17257e-05
0.115233 0.07 -8.86052e-05
0.115233 0.075 -9.22693e-05
0.115233 0.08 -8.43271e-05
0.115233 0.085 -0.000102471
0.115233 0.09 -0.000146606
0.115233 0.095 -0.000134218
0.115233 0.1 -9.78844e-05
0.1202 0 7.40368e-06
0.1202 0.005 1.56462e-05
0.1202 0.01 3.40793e-05
0.1202 0.015 5.73607e-05
0.1202 0.02 6.88778e-05
0.1202 0.025 5.07218e-05
0.1202 0.03 2.11699e-05
0.1202 0.035 -1.7198e-06
0.1202 0.04 -1.92465e-05
0.1202 0.045 -3.29584e-05
0.1202 0.05 -4.44646e-05
0.1202 0.055 -5.53596e-05
0.1202 0.06 -6.71998e-05
0.1202 0.065 -8.14725e-05
0.1202 0.07 -9.94971e-05
0.1202 0.075 -0.000104266
0.1202 0.08 -9.6275e-05
0.1202 0.085 -0.000113189
0.1202 0.09 -0.000155277
0.1202 0.095 -0.000140163
0.1202 0.1 -0.000102532
0.125167 0 7.81631e-06
0.125167 0.005 1.63634e-05
0.125167 0.01 3.55032e-05
0.125167 0.015 5.97573e-05
0.125167 0.02 7.17925e-05
0.125167 0.025 5.27083e-05
0.125167 0.03 2.16305e-05
0.125167 0.035 -2.48943e-06
0.125167 0.04 -2.11019e-05
0.125167 0.045 -3.58074e-05
0.125167 0.05 -4.82451e-05
0.125167 0.055 -6.00369e-05
0.125167 0.06 -7.27657e-05
0.125167 0.065 -8.79621e-05
0.125167 0.07 -0.00010708
0.125167 0.075 -0.000112235
0.125167 0.08 -0.00010352
0.125167 0.085 -0.000120371
0.125167 0.09 -0.000163569
0.125167 0.095 -0.00014733
0.125167 0.1 -0.000107887
0.130133 0 7.84851e-06
0.130133 0.005 1.64021e-05
0.130133 0.01 3.59194e-05
0.130133 0.015 6.11249e-05
0.130133 0.02 7.36897e-05
0.130133 0.025 5.37896e-05
0.130133 0.03 2.16005e-05
0.130133 0.035 -3.18874e-06
0.130133 0.04 -2.22719e-05
0.130133 0.045 -3.73605e-05
0.130133 0.05 -5.01441e-05
0.130133 0.055 -6.22741e-05
0.130133 0.06 -7.53706e-05
0.130133 0.065 -9.10419e-05
0.130133 0.07 -0.000110908
0.130133 0.075 -0.00011609
0.130133 0.08 -0.000106699
0.130133 0.085 -0.000124242
0.130133 0.09 -0.000169769
0.130133 0.095 -0.000153335
0.130133 0.1 -0.000112231
0.1351 0 7.38697e-06
0.1351 0.005 1.55633e-05
0.1351 0.01 3.53439e-05
0.1351 0.015 6.1484e-05
0.1351 0.02 7.4516e-05
0.1351 0.025 5.40803e-05
0.1351 0.03 2.14466e-05
0.1351 0.035 -3.38798e-06
0.1351 0.04 -2.23911e-05
0.1351 0.045 -3.73623e-05
0.1351 0.05 -5.00114e-05
0.1351 0.055 -6.19936e-05
0.1351 0.06 -7.49467e-05
0.1351 0.065 -9.05525e-05
0.1351 0.07 -0.000110629
0.1351 0.075 -0.000115585
0.1351 0.08 -0.000105876
0.1351 0.085 -0.000124566
0.1351 0.09 -0.000172556
0.1351 0.095 -0.000156634
0.1351 0.1 -0.00011426
0.140067 0 5.7444e-06
0.140067 0.005 1.27388e-05
0.140067 0.01 3.37882e-05
0.140067 0.015 6.12335e-05
0.140067 0.02 7.44766e-05
0.140067 0.025 5.36843e-05
0.140067 0.03 2.16454e-05
0.140067 0.035 -2.566e-06
0.140067 0.04 -2.10673e-05
0.140067 0.045 -3.55868e-05
0.140067 0.05 -4.77662e-05
0.140067 0.055 -5.921e-05
0.140067 0.06 -7.15186e-05
0.140067 0.065 -8.63874e-05
0.140067 0.07 -0.000105834
0.140067 0.075 -0.000110142
0.140067 0.08 -0.000100832
0.140067 0.085 -0.000121202
0.140067 0.09 -0.00017075
0.140067 0.095 -0.00015571
0.140067 0.1 -0.000111486
0.145033 0 -2.60109e-07
0.145033 0.005 2.97191e-06
0.145033 0.01 3.19565e-05
0.145033 0.015 6.17911e-05
0.145033 0.02 7.40265e-05
0.145033 0.025 5.22181e-05
0.145033 0.03 2.30812e-05
0.145033 0.035 3.42826e-08
0.145033 0.04 -1.78679e-05
0.145033 0.045 -3.18769e-05
0.145033 0.05 -4.34576e-05
0.145033 0.055 -5.41158e-05
0.145033 0.06 -6.53314e-05
0.145033 0.065 -7.86316e-05
0.145033 0.07 -9.59622e-05
0.145033 0.075 -9.82797e-05
0.145033 0.08 -9.12038e-05
0.145033 0.085 -0.000115099
0.145033 0.09 -0.000162757
0.145033 0.095 -0.000148028
0.145033 0.1 -9.4555e-05
0.15 0 -1.2887e-05
0.15 0.005 2.63815e-06
0.15 0.01 4.16861e-05
0.15 0.015 7.54165e-05
0.15 0.02 7.30246e-05
0.15 0.025 4.93447e-05
0.15 0.03 2.3706e-05
0.15 0.035 1.93725e-06
0.15 0.04 -1.50743e-05
0.15 0.045 -2.82302e-05
0.15 0.05 -3.89339e-05
0.15 0.055 -4.86086e-05
0.15 0.06 -5.85135e-05
0.15 0.065 -6.96139e-05
0.15 0.07 -8.22414e-05
0.15 0.075 -7.71426e-05
0.15 0.08 -8.2221e-05
0.15 0.085 -0.000106233
0.15 0.09 -0.000146925
0.15 0.095 -0.000113145
0.15 0.1 -7.13187e-05
0.154967 0 2.26035e-05
0.154967 0.005 2.28655e-05
0.154967 0.01 5.41624e-05
0.154967 0.015 9.77583e-05
0.154967 0.02 0.00010458
0.154967 0.025 6.93805e-05
0.154967 0.03 3.91205e-05
0.154967 0.035 1.39382e-05
0.154967 0.04 -5.02024e-06
0.154967 0.045 -1.90341e-05
0.154967 0.05 -2.98019e-05
0.154967 0.055 -3.88917e-05
0.154967 0.06 -4.75939e-05
0.154967 0.065 -5.68549e-05
0.154967 0.07 -6.71604e-05
0.154967 0.075 -6.20774e-05
0.154967 0.08 -5.91955e-05
0.154967 0.085 -7.43725e-05
0.154967 0.09 -8.71584e-05
0.154967 0.095 -9.08802e-05
0.154967 0.1 -7.43584e-05
0.159933 0 1.72248e-05
0.159933 0.005 3.46418e-05
0.159933 0.01 6.89479e-05
0.159933 0.015 0.000121627
0.159933 0.02 0.000147139
0.159933 0.025 0.00010435
0.159933 0.03 5.71275e-05
0.159933 0.035 2.54826e-05
0.159933 0.04 3.96923e-06
0.159933 0.045 -1.09415e-05
0.159933 0.05 -2.18084e-05
0.159933 0.055 -3.05458e-05
0.159933 0.06 -3.86067e-05
0.159933 0.065 -4.71174e-05
0.159933 0.07 -5.70404e-05
0.159933 0.075 -5.35232e-05
0.159933 0.08 -3.83367e-05
0.159933 0.085 -4.40599e-05
0.159933 0.09 -4.91759e-05
0.159933 0.095 -4.2285e-05
0.159933 0.1 -4.30455e-05
0.1649 0 1.7153e-05
0.1649 0.005 3.56047e-05
0.1649 0.01 7.72154e-05
0.1649 0.015 0.000136045
0.1649 0.02 0.000169173
0.1649 0.025 0.000130671
0.1649 0.03 7.31699e-05
0.1649 0.035 3.65845e-05
0.1649 0.04 1.28655e-05
0.1649 0.045 -2.89795e-06
0.1649 0.05 -1.39277e-05
0.1649 0.055 -2.24398e-05
0.1649 0.06 -3.00329e-05
0.1649 0.065 -3.79347e-05
0.1649 0.07 -4.71858e-05
0.1649 0.075 -4.29965e-05
0.1649 0.08 -2.47995e-05
0.1649 0.085 -2.11006e-05
0.1649 0.09 -2.49754e-05
0.1649 0.095 -1.97314e-05
0.1649 0.1 -1.59729e-05
0.169867 0 1.75333e-05
0.169867 0.005 3.68356e-05
0.169867 0.01 8.13442e-05
0.169867 0.015 0.000143039
0.169867 0.02 0.000179148
0.169867 0.025 0.000142586
0.169867 0.03 8.31786e-05
0.169867 0.035 4.48479e-05
0.169867 0.04 2.01943e-05
0.169867 0.045 4.09702e-06
0.169867 0.05 -6.90215e-06
0.169867 0.055 -1.51581e-05
0.169867 0.06 -2.234e-05
0.169867 0.065 -2.97097e-05
0.169867 0.07 -3.82717e-05
0.169867 0.075 -3.32367e-05
0.169867 0.08 -1.34666e-05
0.169867 0.085 -6.93595e-06
0.169867 0.09 -1.06723e-05
0.169867 0.095 -8.64145e-06
0.169867 0.1 -6.41041e-06
0.174833 0 1.73697e-05
0.174833 0.005 3.69017e-05
0.174833 0.01 8.23589e-05
0.174833 0.015 0.000145576
0.174833 0.02 0.000182921
0.174833 0.025 0.000147066
0.174833 0.03 8.78067e-05
0.174833 0.035 4.95154e-05
0.174833 0.04 2.50687e-05
0.174833 0.045 9.30071e-06
0.174833 0.05 -1.31185e-06
0.174833 0.055 -9.15498e-06
0.174833 0.06 -1.59167e-05
0.174833 0.065 -2.28868e-05
0.174833 0.07 -3.10662e-05
0.174833 0.075 -2.53782e-05
0.174833 0.08 -4.87556e-06
0.174833 0.085 2.16368e-06
0.174833 0.09 -2.25675e-06
0.174833 0.095 -2.85699e-06
0.174833 0.1 -2.31768e-06
0.1798 0 1.6317e-05
0.1798 0.005 3.53357e-05
0.1798 0.01 8.05927e-05
0.1798 0.015 0.000146081
0.1798 0.02 0.000184635
0.1798 0.025 0.000147411
0.1798 0.03 8.77635e-05
0.1798 0.035 5.02901e-05
0.1798 0.04 2.69907e-05
0.1798 0.045 1.22777e-05
0.1798 0.05 2.52341e-06
0.1798 0.055 -4.64282e-06
0.1798 0.06 -1.0911e-05
0.1798 0.065 -1.76779e-05
0.1798 0.07 -2.6142e-05
0.1798 0.075 -1.97898e-05
0.1798 0.08 1.67801e-06
0.1798 0.085 8.31668e-06
0.1798 0.09 2.748e-06
0.1798 0.095 2.6935e-07
0.1798 0.1 -3.27949e-07
0.184767 0 1.39879e-05
0.184767 0.005 3.13781e-05
0.184767 0.01 7.49302e-05
0.184767 0.015 0.000145476
0.184767 0.02 0.000186918
0.184767 0.025 0.000144706
0.184767 0.03 8.26754e-05
0.184767 0.035 4.67379e-05
0.184767 0.04 2.5708e-05
0.184767 0.045 1.29224e-05
0.184767 0.05 4.60149e-06
0.184767 0.055 -1.52383e-06
0.184767 0.06 -7.10641e-06
0.184767 0.065 -1.3834e-05
0.184767 0.07 -2.3865e-05
0.184767 0.075 -1.66188e-05
0.184767 0.08 7.23487e-06
0.184767 0.085 1.29247e-05
0.184767 0.09 5.62501e-06
0.184767 0.095 1.86843e-06
0.184767 0.1 6.44262e-07
0.189733 0 1.00428e-05
0.189733 0.005 2.38911e-05
0.189733 0.01 6.17219e-05
0.189733 0.015 0.000139444
0.189733 0.02 0.000187332
0.189733 0.025 0.000136714
0.189733 0.03 7.0572e-05
0.189733 0.035 3.82923e-05
0.189733 0.04 2.13075e-05
0.189733 0.045 1.14997e-05
0.189733 0.05 5.21355e-06
0.189733 0.055 5.46356e-07
0.189733 0.06 -3.9361e-06
0.189733 0.065 -1.03093e-05
0.189733 0.07 -2.36698e-05
0.189733 0.075 -1.59662e-05
0.189733 0.08 1.2302e-05
0.189733 0.085 1.6612e-05
0.189733 0.09 6.70927e-06
0.189733 0.095 2.32809e-06
0.189733 0.1 9.56779e-07
0.1947 0 5.06838e-06
0.1947 0.005 1.30747e-05
0.1947 0.01 3.6191e-05
0.1947 0.015 9.06942e-05
0.1947 0.02 0.00014671
0.1947 0.025 0.00011402
0.1947 0.03 4.83685e-05
0.1947 0.035 2.51043e-05
0.1947 0.04 1.45333e-05
0.1947 0.045 8.63202e-06
0.1947 0.05 4.78402e-06
0.1947 0.055 1.87303e-06
0.1947 0.06 -9.36814e-07
0.1947 0.065 -5.21734e-06
0.1947 0.07 -1.55932e-05
0.1947 0.075 -1.682e-05
0.1947 0.08 8.6633e-06
0.1947 0.085 1.80374e-05
0.1947 0.09 5.49955e-06
0.1947 0.095 1.71854e-06
0.1947 0.1 7.25088e-07
0.199667 0 1.86702e-06
0.199667 0 1.5441e-06
0.199667 0.005 4.76982e-06
0.199667 0.005 3.75401e-06
0.199667 0.01 1.29335e-05
0.199667 0.01 6.90184e-06
0.199667 0.015 1.6881e-05
0.199667 0.015 -1.5643e-06
0.199667 0.02 4.67778e-05
0.199667 0.02 -1.03711e-05
0.199667 0.025 5.70811e-05
0.199667 0.025 3.5844e-07
0.199667 0.03 2.80218e-05
0.199667 0.03 9.15645e-06
0.199667 0.035 1.55746e-05
0.199667 0.035 7.42278e-06
0.199667 0.04 9.9157e-06
0.199667 0.04 5.76272e-06
0.199667 0.045 6.62043e-06
0.199667 0.045 4.38823e-06
0.199667 0.05 4.339e-06
0.199667 0.05 3.22229e-06
0.199667 0.055 2.57484e-06
0.199667 0.055 2.21861e-06
0.199667 0.06 1.04238e-06
0.199667 0.06 1.34412e-06
0.199667 0.065 -5.29264e-07
0.199667 0.065 6.83694e-07
0.199667 0.07 -1.67404e-07
0.199667 0.07 3.5037e-06
0.199667 0.075 -8.40149e-06
0.199667 0.075 3.14355e-06
0.199667 0.08 -3.11159e-06
0.199667 0.08 -2.92814e-06
0.199667 0.085 8.11983e-06
0.199667 0.085 -2.6144e-06
0.199667 0.09 3.07656e-06
0.199667 0.09 2.98312e-07
0.199667 0.095 9.87154e-07
0.199667 0.095 1.59565e-07
0.199667 0.1 3.41307e-07
0.199667 0.1 9.25797e-08
0.204633 0 1.11892e-06
0.204633 0.005 2.37229e-06
0.204633 0.01 4.77673e-06
0.204633 0.015 5.83044e-06
0.204633 0.02 1.12492e-06
0.204633 0.025 2.24579e-06
0.204633 0.03 7.536e-06
0.204633 0.035 6.47035e-06
0.204633 0.04 5.27178e-06
0.204633 0.045 4.1869e-06
0.204633 0.05 3.21941e-06
0.204633 0.055 2.36733e-06
0.204633 0.06 1.62976e-06
0.204633 0.065 1.02566e-06
0.204633 0.07 8.84161e-07
0.204633 0.075 2.13184e-06
0.204633 0.08 7.71497e-08
0.204633 0.085 -1.40964e-06
0.204633 0.09 2.5588e-07
0.204633 0.095 1.51422e-07
0.204633 0.1 7.4211e-08
0.2096 0 8.37626e-07
0.2096 0.005 1.73477e-06
0.2096 0.01 3.42875e-06
0.2096 0.015 4.74893e-06
0.2096 0.02 5.13376e-06
0.2096 0.025 5.46557e-06
0.2096 0.03 5.7059e-06
0.2096 0.035 5.12378e-06
0.2096 0.04 4.39123e-06
0.2096 0.045 3.63712e-06
0.2096 0.05 2.9143e-06
0.2096 0.055 2.25179e-06
0.2096 0.06 1.66894e-06
0.2096 0.065 1.18351e-06
0.2096 0.07 8.37748e-07
0.2096 0.075 7.26922e-07
0.2096 0.08 4.25671e-07
0.2096 0.085 1.98324e-07
0.2096 0.09 2.38797e-07
0.2096 0.095 1.2448e-07
0.2096 0.1 6.2577e-08
0.214567 0 6.25647e-07
0.214567 0.005 1.29312e-06
0.214567 0.01 2.546e-06
0.214567 0.015 3.56793e-06
0.214567 0.02 4.22223e-06
0.214567 0.025 4.51369e-06
0.214567 0.03 4.47089e-06
0.214567 0.035 4.14e-06
0.214567 0.04 3.66406e-06
0.214567 0.045 3.1272e-06
0.214567 0.05 2.58299e-06
0.214567 0.055 2.06559e-06
0.214567 0.06 1.59908e-06
0.214567 0.065 1.20066e-06
0.214567 0.07 8.84099e-07
0.214567 0.075 6.58283e-07
0.214567 0.08 4.8188e-07
0.214567 0.085 3.44541e-07
0.214567 0.09 2.35552e-07
0.214567 0.095 1.18419e-07
0.214567 0.1 5.96378e-08
0.219533 0 4.64613e-07
0.219533 0.005 9.61004e-07
0.219533 0.01 1.89176e-06
0.219533 0.015 2.65879e-06
0.219533 0.02 3.19216e-06
0.219533 0.025 3.46231e-06
0.219533 0.03 3.48447e-06
0.219533 0.035 3.30911e-06
0.219533 0.04 3.00443e-06
0.219533 0.045 2.62891e-06
0.219533 0.05 2.22675e-06
0.219533 0.055 1.8301e-06
0.219533 0.06 1.46186e-06
0.219533 0.065 1.13808e-06
0.219533 0.07 8.67873e-07
0.219533 0.075 6.53262e-07
0.219533 0.08 4.84635e-07
0.219533 0.085 3.47113e-07
0.219533 0.09 2.26551e-07
0.219533 0.095 1.12663e-07
0.219533 0.1 5.68214e-08
0.2245 0 3.42275e-07
0.2245 0.005 7.09533e-07
0.2245 0.01 1.39904e-06
0.2245 0.015 1.97338e-06
0.2245 0.02 2.38962e-06
0.2245 0.025 2.62652e-06
0.2245 0.03 2.68953e-06
0.2245 0.035 2.60607e-06
0.2245 0.04 2.41522e-06
0.2245 0.045 2.15707e-06
0.2245 0.05 1.86513e-06
0.2245 0.055 1.56651e-06
0.2245 0.06 1.28105e-06
0.2245 0.065 1.0226e-06
0.2245 0.07 7.98561e-07
0.2245 0.075 6.10891e-07
0.2245 0.08 4.55612e-07
0.2245 0.085 3.24947e-07
0.2245 0.09 2.10264e-07
0.2245 0.095 1.04152e-07
0.2245 0.1 5.26578e-08
0.229467 0 2.47369e-07
0.229467 0.005 5.15005e-07
0.229467 0.01 1.01844e-06
0.229467 0.015 1.44546e-06
0.229467 0.02 1.76379e-06
0.229467 0.025 1.9593e-06
0.229467 0.03 2.0373e-06
0.229467 0.035 2.00749e-06
0.229467 0.04 1.89207e-06
0.229467 0.045 1.71793e-06
0.229467 0.05 1.51054e-06
0.229467 0.055 1.29054e-06
0.229467 0.06 1.07452e-06
0.229467 0.065 8.73751e-07
0.229467 0.07 6.93184e-07
0.229467 0.075 5.37415e-07
0.229467 0.08 4.03934e-07
0.229467 0.085 2.87413e-07
0.229467 0.09 1.85649e-07
0.229467 0.095 9.20898e-08
0.229467 0.1 4.66572e-08
0.234433 0 1.54422e-07
0.234433 0.005 3.34744e-07
0.234433 0.01 6.75611e-07
0.234433 0.015 9.86904e-07
0.234433 0.02 1.22509e-06
0.234433 0.025 1.36996e-06
0.234433 0.03 1.45219e-06
0.234433 0.035 1.46499e-06
0.234433 0.04 1.4116e-06
0.234433 0.045 1.30836e-06
0.234433 0.05 1.17359e-06
0.234433 0.055 1.02315e-06
0.234433 0.06 8.69465e-07
0.234433 0.065 7.21105e-07
0.234433 0.07 5.77521e-07
0.234433 0.075 4.54939e-07
0.234433 0.08 3.49194e-07
0.234433 0.085 2.46389e-07
0.234433 0.09 1.57606e-07
0.234433 0.095 7.80069e-08
0.234433 0.1 3.93096e-08
0.2394 0 6.22095e-08
0.2394 0.005 1.48421e-07
0.2394 0.01 3.14293e-07
0.2394 0.015 4.99085e-07
0.2394 0.02 6.69978e-07
0.2394 0.025 7.68803e-07
0.2394 0.03 8.47484e-07
0.2394 0.035 9.16306e-07
0.2394 0.04 9.40186e-07
0.2394 0.045 9.22552e-07
0.2394 0.05 8.72221e-07
0.2394 0.055 7.98928e-07
0.2394 0.06 7.1137e-07
0.2394 0.065 6.15667e-07
0.2394 0.07 5.06555e-07
0.2394 0.075 4.06077e-07
0.2394 0.08 3.25131e-07
0.2394 0.085 2.3347e-07
0.2394 0.09 1.44319e-07
0.2394 0.095 7.09042e-08
0.2394 0.1 3.52685e-08
0.244367 0 2.81657e-08
0.244367 0.005 6.58833e-08
0.244367 0.01 1.41196e-07
0.244367 0.015 2.35245e-07
0.244367 0.02 3.48092e-07
0.244367 0.025 4.30508e-07
0.244367 0.03 5.04535e-07
0.244367 0.035 5.8842e-07
0.244367 0.04 6.44935e-07
0.244367 0.045 6.70101e-07
0.244367 0.05 6.66427e-07
0.244367 0.055 6.38506e-07
0.244367 0.06 5.91665e-07
0.244367 0.065 5.30251e-07
0.244367 0.07 4.53285e-07
0.244367 0.075 3.70074e-07
0.244367 0.08 2.9819e-07
0.244367 0.085 2.19999e-07
0.244367 0.09 1.374e-07
0.244367 0.095 6.7659e-08
0.244367 0.1 3.37988e-08
0.249333 0 1.70219e-08
0.249333 0.005 3.77175e-08
0.249333 0.01 8.12521e-08
0.249333 0.015 1.40645e-07
0.249333 0.02 2.16387e-07
0.249333 0.025 2.83617e-07
0.249333 0.03 3.52072e-07
0.249333 0.035 4.27079e-07
0.249333 0.04 4.85492e-07
0.249333 0.045 5.21618e-07
0.249333 0.05 5.34354e-07
0.249333 0.055 5.2572e-07
0.249333 0.06 4.98779e-07
0.249333 0.065 4.56286e-07
0.249333 0.07 3.98668e-07
0.249333 0.075 3.33213e-07
0.249333 0.08 2.69657e-07
0.249333 0.085 2.00589e-07
0.249333 0.09 1.29011e-07
0.249333 0.095 6.39852e-08
0.249333 0.1 3.22069e-08
0.2543 0 1.49402e-08
0.2543 0.005 3.12273e-08
0.2543 0.01 6.58222e-08
0.2543 0.015 1.11622e-07
0.2543 0.02 1.69423e-07
0.2543 0.025 2.24836e-07
0.2543 0.03 2.82515e-07
0.2543 0.035 3.43745e-07
0.2543 0.04 3.93953e-07
0.2543 0.045 4.28181e-07
0.2543 0.05 4.44407e-07
0.2543 0.055 4.42876e-07
0.2543 0.06 4.25426e-07
0.2543 0.065 3.93892e-07
0.2543 0.07 3.48949e-07
0.2543 0.075 2.95924e-07
0.2543 0.08 2.41307e-07
0.2543 0.085 1.81363e-07
0.2543 0.09 1.18847e-07
0.2543 0.095 5.95155e-08
0.2543 0.1 3.0125e-08
0.259267 0 1.73893e-08
0.259267 0.005 3.41663e-08
0.259267 0.01 6.94348e-08
0.259267 0.015 1.10704e-07
0.259267 0.02 1.59075e-07
0.259267 0.025 2.06345e-07
0.259267 0.03 2.53492e-07
0.259267 0.035 3.01251e-07
0.259267 0.04 3.40622e-07
0.259267 0.045 3.68053e-07
0.259267 0.05 3.81646e-07
0.259267 0.055 3.81218e-07
0.259267 0.06 3.67625e-07
0.259267 0.065 3.42031e-07
0.259267 0.07 3.05721e-07
0.259267 0.075 2.61697e-07
0.259267 0.08 2.14489e-07
0.259267 0.085 1.62688e-07
0.259267 0.09 1.07948e-07
0.259267 0.095 5.43722e-08
0.259267 0.1 2.76759e-08
0.264233 0 2.14305e-08
0.264233 0.005 4.15139e-08
0.264233 0.01 8.18644e-08
0.264233 0.015 1.23072e-07
0.264233 0.02 1.66362e-07
0.264233 0.025 2.08121e-07
0.264233 0.03 2.46512e-07
0.264233 0.035 2.81841e-07
0.264233 0.04 3.10007e-07
0.264233 0.045 3.28682e-07
0.264233 0.05 3.3701e-07
0.264233 0.055 3.34315e-07
0.264233 0.06 3.21457e-07
0.264233 0.065 2.99108e-07
0.264233 0.07 2.68432e-07
0.264233 0.075 2.30959e-07
0.264233 0.08 1.89568e-07
0.264233 0.085 1.4487e-07
0.264233 0.09 9.72944e-08
0.264233 0.095 4.91676e-08
0.264233 0.1 2.51042e-08
0.2692 0 2.63288e-08
0.2692 0.005 5.07596e-08
0.2692 0.01 9.85802e-08
0.2692 0.015 1.41747e-07
0.2692 0.02 1.82343e-07
0.2692 0.025 2.20367e-07
0.2692 0.03 2.51349e-07
0.2692 0.035 2.75351e-07
0.2692 0.04 2.92618e-07
0.2692 0.045 3.02109e-07
0.2692 0.05 3.03701e-07
0.2692 0.055 2.97333e-07
0.2692 0.06 2.83127e-07
0.2692 0.065 2.6237e-07
0.2692 0.07 2.35674e-07
0.2692 0.075 2.03283e-07
0.2692 0.08 1.66607e-07
0.2692 0.085 1.28032e-07
0.2692 0.09 8.68852e-08
0.2692 0.095 4.4208e-08
0.2692 0.1 2.25326e-08
0.274167 0 3.14722e-08
0.274167 0.005 6.06788e-08
0.274167 0.01 1.16827e-07
0.274167 0.015 1.62627e-07
0.274167 0.02 2.01385e-07
0.274167 0.025 2.37021e-07
0.274167 0.03 2.61268e-07
0.274167 0.035 2.74739e-07
0.274167 0.04 2.81229e-07
0.274167 0.045 2.81719e-07
0.274167 0.05 2.76453e-07
0.274167 0.055 2.65799e-07
0.274167 0.06 2.49634e-07
0.274167 0.065 2.29122e-07
0.274167 0.07 2.05916e-07
0.274167 0.075 1.77567e-07
0.274167 0.08 1.44931e-07
0.274167 0.085 1.11928e-07
0.274167 0.09 7.67823e-08
0.274167 0.095 3.92484e-08
0.274167 0.1 2.02059e-08
0.279133 0 3.61256e-08
0.279133 0.005 6.98021e-08
0.279133 0.01 1.34155e-07
0.279133 0.015 1.81669e-07
0.279133 0.02 2.18101e-07
0.279133 0.025 2.5239e-07
0.279133 0.03 2.70453e-07
0.279133 0.035 2.73453e-07
0.279133 0.04 2.70024e-07
0.279133 0.045 2.6188e-07
0.279133 0.05 2.50247e-07
0.279133 0.055 2.35429e-07
0.279133 0.06 2.17427e-07
0.279133 0.065 1.96977e-07
0.279133 0.07 1.77077e-07
0.279133 0.075 1.52646e-07
0.279133 0.08 1.2344e-07
0.279133 0.085 9.60698e-08
0.279133 0.09 6.69856e-08
0.279133 0.095 3.43499e-08
0.279133 0.1 1.77567e-08
0.2841 0 3.86974e-08
0.2841 0.005 7.56189e-08
0.2841 0.01 1.46095e-07
0.2841 0.015 1.92017e-07
0.2841 0.02 2.24102e-07
0.2841 0.025 2.58268e-07
0.2841 0.03 2.71249e-07
0.2841 0.035 2.64085e-07
0.2841 0.04 2.51778e-07
0.2841 0.045 2.36593e-07
0.2841 0.05 2.19632e-07
0.2841 0.055 2.01814e-07
0.2841 0.06 1.82771e-07
0.2841 0.065 1.63117e-07
0.2841 0.07 1.4738e-07
0.2841 0.075 1.26868e-07
0.2841 0.08 1.00417e-07
0.2841 0.085 7.9354e-08
0.2841 0.09 5.68826e-08
0.2841 0.095 2.94516e-08
0.2841 0.1 1.51849e-08
0.289067 0 3.62481e-08
0.289067 0.005 7.29248e-08
0.289067 0.01 1.42849e-07
0.289067 0.015 1.76832e-07
0.289067 0.02 1.99242e-07
0.289067 0.025 2.38429e-07
0.289067 0.03 2.49941e-07
0.289067 0.035 2.34756e-07
0.289067 0.04 2.1608e-07
0.289067 0.045 1.96977e-07
0.289067 0.05 1.77873e-07
0.289067 0.055 1.5932e-07
0.289067 0.06 1.41196e-07
0.289067 0.065 1.23684e-07
0.289067 0.07 1.15051e-07
0.289067 0.075 9.83965e-08
0.289067 0.08 7.268e-08
0.289067 0.085 5.9393e-08
0.289067 0.09 4.52489e-08
0.289067 0.095 2.38184e-08
0.289067 0.1 1.26133e-08
0.294033 0 2.05733e-08
0.294033 0.005 4.73919e-08
0.294033 0.01 9.87026e-08
0.294033 0.015 1.18051e-07
0.294033 0.02 1.16092e-07
0.294033 0.025 1.49707e-07
0.294033 0.03 1.73587e-07
0.294033 0.035 1.58647e-07
0.294033 0.04 1.41625e-07
0.294033 0.045 1.25705e-07
0.294033 0.05 1.10887e-07
0.294033 0.055 9.70494e-08
0.294033 0.06 8.43136e-08
0.294033 0.065 7.25575e-08
0.294033 0.07 6.95572e-08
0.294033 0.075 6.34343e-08
0.294033 0.08 4.03506e-08
0.294033 0.085 3.02475e-08
0.294033 0.09 2.86556e-08
0.294033 0.095 1.57973e-08
0.294033 0.1 8.81718e-09
0.299 0 0
0.299 0.005 1.02866e-08
0.299 0.01 3.0615e-08
0.299 0.015 4.89839e-08
0.299 0.02 3.84523e-08
0.299 0.025 4.45754e-08
0.299 0.03 6.74753e-08
0.299 0.035 6.18422e-08
0.299 0.04 5.47395e-08
0.299 0.045 4.81267e-08
0.299 0.05 4.22486e-08
0.299 0.055 3.67379e-08
0.299 0.06 3.17171e-08
0.299 0.065 2.71861e-08
0.299 0.07 2.31449e-08
0.299 0.075 2.70636e-08
0.299 0.08 1.77567e-08
0.299 0.085 8.08232e-09
0.299 0.09 1.18785e-08
0.299 0.095 7.59244e-09
0.299 0.1 3.6738e-09
