0.0000000000e+00 3.0000000000e+02
2.4000000000e-04 3.0002009956e+02
5.0000000000e-04 3.0004104708e+02
7.4000000000e-04 3.0006114664e+02
1.0000000000e-03 3.0008209365e+02
1.0000000000e-03 3.0008209365e+02
1.2400000000e-03 3.0011430104e+02
1.5000000000e-03 3.0014786627e+02
1.7400000000e-03 3.0018008394e+02
2.0000000000e-03 3.0021366039e+02
2.2400000000e-03 3.0024588786e+02
2.5000000000e-03 3.0027947451e+02
2.7400000000e-03 3.0031171129e+02
3.0000000000e-03 3.0034530764e+02
3.2400000000e-03 3.0037755274e+02
3.5000000000e-03 3.0041115725e+02
3.7400000000e-03 3.0044340970e+02
4.0000000000e-03 3.0047702237e+02
4.2400000000e-03 3.0050928167e+02
4.5000000000e-03 3.0054290099e+02
4.7400000000e-03 3.0057516665e+02
5.0000000000e-03 3.0060879209e+02
5.2400000000e-03 3.0064106314e+02
5.5000000000e-03 3.0067469419e+02
5.7400000000e-03 3.0070697014e+02
6.0000000000e-03 3.0074060681e+02
6.2400000000e-03 3.0077288667e+02
6.5000000000e-03 3.0080652691e+02
6.7400000000e-03 3.0083881119e+02
7.0000000000e-03 3.0087245550e+02
7.2400000000e-03 3.0090474272e+02
7.5000000000e-03 3.0093839009e+02
7.7400000000e-03 3.0097067976e+02
8.0000000000e-03 3.0100433020e+02
8.2400000000e-03 3.0103662280e+02
8.5000000000e-03 3.0107027528e+02
8.7400000000e-03 3.0110256935e+02
9.0000000000e-03 3.0113622336e+02
9.2400000000e-03 3.0116851890e+02
9.5000000000e-03 3.0120217444e+02
9.7400000000e-03 3.0123447096e+02
1.0000000000e-02 3.0126812753e+02
1.0240000000e-02 3.0130042502e+02
1.0500000000e-02 3.0133408159e+02
1.0740000000e-02 3.0136637909e+02
1.1000000000e-02 3.0140003565e+02
1.1240000000e-02 3.0143233266e+02
1.1500000000e-02 3.0146598922e+02
1.1740000000e-02 3.0149828623e+02
1.2000000000e-02 3.0153194228e+02
1.2240000000e-02 3.0156423880e+02
1.2500000000e-02 3.0159789383e+02
1.2740000000e-02 3.0163018888e+02
1.3000000000e-02 3.0166384239e+02
1.3240000000e-02 3.0169613646e+02
1.3500000000e-02 3.0172978843e+02
1.3740000000e-02 3.0176208054e+02
1.4000000000e-02 3.0179573098e+02
1.4240000000e-02 3.0182802162e+02
1.4500000000e-02 3.0186166951e+02
1.4740000000e-02 3.0189395770e+02
1.5000000000e-02 3.0192760304e+02
1.5240000000e-02 3.0195988927e+02
1.5500000000e-02 3.0199353257e+02
1.5740000000e-02 3.0202581587e+02
1.6000000000e-02 3.0205945559e+02
1.6240000000e-02 3.0209173595e+02
1.6500000000e-02 3.0212537312e+02
1.6740000000e-02 3.0215765103e+02
1.7000000000e-02 3.0219128463e+02
1.7240000000e-02 3.0222355862e+02
1.7500000000e-02 3.0225718865e+02
1.7740000000e-02 3.0228945971e+02
1.8000000000e-02 3.0232308565e+02
1.8240000000e-02 3.0235535279e+02
1.8500000000e-02 3.0238897516e+02
1.8740000000e-02 3.0242123838e+02
1.9000000000e-02 3.0245485667e+02
1.9240000000e-02 3.0248711597e+02
1.9500000000e-02 3.0252072967e+02
1.9740000000e-02 3.0255298506e+02
2.0000000000e-02 3.0258659467e+02
2.0240000000e-02 3.0261884565e+02
2.0500000000e-02 3.0265245016e+02
2.0740000000e-02 3.0268469673e+02
2.1000000000e-02 3.0271829665e+02
2.1240000000e-02 3.0275053881e+02
2.1500000000e-02 3.0278413414e+02
2.1740000000e-02 3.0281637092e+02
2.2000000000e-02 3.0284996063e+02
2.2240000000e-02 3.0288219300e+02
2.2500000000e-02 3.0291577812e+02
2.2740000000e-02 3.0294800559e+02
2.3000000000e-02 3.0298158510e+02
2.3240000000e-02 3.0301380718e+02
2.3500000000e-02 3.0304738108e+02
2.3740000000e-02 3.0307959778e+02
2.4000000000e-02 3.0311316606e+02
2.4240000000e-02 3.0314537737e+02
2.4500000000e-02 3.0317894004e+02
2.4740000000e-02 3.0321114596e+02
2.5000000000e-02 3.0324470302e+02
2.5240000000e-02 3.0327690355e+02
2.5500000000e-02 3.0331045449e+02
2.5740000000e-02 3.0334264915e+02
2.6000000000e-02 3.0337619396e+02
2.6240000000e-02 3.0340838274e+02
2.6500000000e-02 3.0344192143e+02
2.6740000000e-02 3.0347410433e+02
2.7000000000e-02 3.0350763690e+02
2.7240000000e-02 3.0353981392e+02
2.7500000000e-02 3.0357334036e+02
2.7740000000e-02 3.0360551103e+02
2.8000000000e-02 3.0363903083e+02
2.8240000000e-02 3.0367119562e+02
2.8500000000e-02 3.0370470930e+02
2.8740000000e-02 3.0373686772e+02
2.9000000000e-02 3.0377037477e+02
2.9240000000e-02 3.0380252682e+02
2.9500000000e-02 3.0383602673e+02
2.9740000000e-02 3.0386817193e+02
3.0000000000e-02 3.0390166571e+02
3.0240000000e-02 3.0393380503e+02
3.0500000000e-02 3.0396729167e+02
3.0740000000e-02 3.0399942413e+02
3.1000000000e-02 3.0403290363e+02
3.1240000000e-02 3.0406502973e+02
3.1500000000e-02 3.0409850259e+02
3.1740000000e-02 3.0413062134e+02
3.2000000000e-02 3.0416408757e+02
3.2240000000e-02 3.0419619995e+02
3.2500000000e-02 3.0422965853e+02
3.2740000000e-02 3.0426176405e+02
3.3000000000e-02 3.0429521548e+02
3.3240000000e-02 3.0432731416e+02
3.3500000000e-02 3.0436075895e+02
3.3740000000e-02 3.0439285077e+02
3.4000000000e-02 3.0442628791e+02
3.4240000000e-02 3.0445837238e+02
3.4500000000e-02 3.0449180187e+02
3.4740000000e-02 3.0452387949e+02
3.5000000000e-02 3.0455730234e+02
3.5240000000e-02 3.0458937261e+02
3.5500000000e-02 3.0462278730e+02
3.5740000000e-02 3.0465485071e+02
3.6000000000e-02 3.0468825826e+02
3.6240000000e-02 3.0472031433e+02
3.6500000000e-02 3.0475371473e+02
3.6740000000e-02 3.0478576345e+02
3.7000000000e-02 3.0481915569e+02
3.7240000000e-02 3.0485119706e+02
3.7500000000e-02 3.0488458164e+02
3.7740000000e-02 3.0491661519e+02
3.8000000000e-02 3.0494999262e+02
3.8240000000e-02 3.0498201931e+02
3.8500000000e-02 3.0501538858e+02
3.8740000000e-02 3.0504740743e+02
3.9000000000e-02 3.0508076905e+02
3.9240000000e-02 3.0511278056e+02
3.9500000000e-02 3.0514613452e+02
3.9740000000e-02 3.0517813868e+02
4.0000000000e-02 3.0521148448e+02
4.0240000000e-02 3.0524348080e+02
4.0500000000e-02 3.0527681844e+02
4.0740000000e-02 3.0530880693e+02
4.1000000000e-02 3.0534213742e+02
4.1240000000e-02 3.0537411856e+02
4.1500000000e-02 3.0540744038e+02
4.1740000000e-02 3.0543941368e+02
4.2000000000e-02 3.0547272785e+02
4.2240000000e-02 3.0550469332e+02
4.2500000000e-02 3.0553799932e+02
4.2740000000e-02 3.0556995695e+02
4.3000000000e-02 3.0560325479e+02
4.3240000000e-02 3.0563520458e+02
4.3500000000e-02 3.0566849425e+02
4.3740000000e-02 3.0570043622e+02
4.4000000000e-02 3.0573371772e+02
4.4240000000e-02 3.0576565185e+02
4.4500000000e-02 3.0579892519e+02
4.4740000000e-02 3.0583085148e+02
4.5000000000e-02 3.0586411666e+02
4.5240000000e-02 3.0589603463e+02
4.5500000000e-02 3.0592929113e+02
4.5740000000e-02 3.0596120126e+02
4.6000000000e-02 3.0599445011e+02
4.6240000000e-02 3.0602635241e+02
4.6500000000e-02 3.0605959258e+02
4.6740000000e-02 3.0609148655e+02
4.7000000000e-02 3.0612471805e+02
4.7240000000e-02 3.0615660418e+02
4.7500000000e-02 3.0618982752e+02
4.7740000000e-02 3.0622170533e+02
4.8000000000e-02 3.0625492050e+02
4.8240000000e-02 3.0628678998e+02
4.8500000000e-02 3.0631999648e+02
4.8740000000e-02 3.0635185813e+02
4.9000000000e-02 3.0638505595e+02
4.9240000000e-02 3.0641690927e+02
4.9500000000e-02 3.0645009841e+02
4.9740000000e-02 3.0648194341e+02
5.0000000000e-02 3.0651512439e+02
5.0240000000e-02 3.0654696107e+02
5.0500000000e-02 3.0658013337e+02
5.0740000000e-02 3.0661196172e+02
5.1000000000e-02 3.0664512535e+02
5.1240000000e-02 3.0667694587e+02
5.1500000000e-02 3.0671010082e+02
5.1740000000e-02 3.0674191252e+02
5.2000000000e-02 3.0677505880e+02
5.2240000000e-02 3.0680686217e+02
5.2500000000e-02 3.0683999978e+02
5.2740000000e-02 3.0687179483e+02
5.3000000000e-02 3.0690492376e+02
5.3240000000e-02 3.0693671048e+02
5.3500000000e-02 3.0696983074e+02
5.3740000000e-02 3.0700160865e+02
5.4000000000e-02 3.0703471972e+02
5.4240000000e-02 3.0706648979e+02
5.4500000000e-02 3.0709959270e+02
5.4740000000e-02 3.0713135396e+02
5.5000000000e-02 3.0716444768e+02
5.5240000000e-02 3.0719620012e+02
5.5500000000e-02 3.0722928466e+02
5.5740000000e-02 3.0726102877e+02
5.6000000000e-02 3.0729410515e+02
5.6240000000e-02 3.0732584094e+02
5.6500000000e-02 3.0735890813e+02
5.6740000000e-02 3.0739063510e+02
5.7000000000e-02 3.0742369311e+02
5.7240000000e-02 3.0745541127e+02
5.7500000000e-02 3.0748846060e+02
5.7740000000e-02 3.0752017043e+02
5.8000000000e-02 3.0755321058e+02
5.8240000000e-02 3.0758491160e+02
5.8500000000e-02 3.0761794307e+02
5.8740000000e-02 3.0764963576e+02
5.9000000000e-02 3.0768265753e+02
5.9240000000e-02 3.0771434093e+02
5.9500000000e-02 3.0774735453e+02
5.9740000000e-02 3.0777902960e+02
6.0000000000e-02 3.0781203351e+02
6.0240000000e-02 3.0784369976e+02
6.0500000000e-02 3.0787669500e+02
6.0740000000e-02 3.0790835244e+02
6.1000000000e-02 3.0794133798e+02
6.1240000000e-02 3.0797298660e+02
6.1500000000e-02 3.0800596347e+02
6.1740000000e-02 3.0803760377e+02
6.2000000000e-02 3.0807057145e+02
6.2240000000e-02 3.0810220244e+02
6.2500000000e-02 3.0813516094e+02
6.2740000000e-02 3.0816678312e+02
6.3000000000e-02 3.0819973243e+02
6.3240000000e-02 3.0823134579e+02
6.3500000000e-02 3.0826428592e+02
6.3740000000e-02 3.0829589047e+02
6.4000000000e-02 3.0832882141e+02
6.4240000000e-02 3.0836041714e+02
6.4500000000e-02 3.0839333839e+02
6.4740000000e-02 3.0842492482e+02
6.5000000000e-02 3.0845783688e+02
6.5240000000e-02 3.0848941449e+02
6.5500000000e-02 3.0852231788e+02
6.5740000000e-02 3.0855388668e+02
6.6000000000e-02 3.0858678037e+02
6.6240000000e-02 3.0861834035e+02
6.6500000000e-02 3.0865122435e+02
6.6740000000e-02 3.0868277503e+02
6.7000000000e-02 3.0871564984e+02
6.7240000000e-02 3.0874719170e+02
6.7500000000e-02 3.0878005733e+02
6.7740000000e-02 3.0881158989e+02
6.8000000000e-02 3.0884444633e+02
6.8240000000e-02 3.0887597007e+02
6.8500000000e-02 3.0890881631e+02
6.8740000000e-02 3.0894033075e+02
6.9000000000e-02 3.0897316831e+02
6.9240000000e-02 3.0900467393e+02
6.9500000000e-02 3.0903750180e+02
6.9740000000e-02 3.0906899812e+02
7.0000000000e-02 3.0910181629e+02
7.0240000000e-02 3.0913330379e+02
7.0500000000e-02 3.0916611278e+02
7.0740000000e-02 3.0919759098e+02
7.1000000000e-02 3.0923039027e+02
7.1240000000e-02 3.0926185916e+02
7.1500000000e-02 3.0929464876e+02
7.1740000000e-02 3.0932610835e+02
7.2000000000e-02 3.0935888876e+02
7.2240000000e-02 3.0939033953e+02
7.2500000000e-02 3.0942311025e+02
7.2740000000e-02 3.0945455123e+02
7.3000000000e-02 3.0948731225e+02
7.3240000000e-02 3.0951874441e+02
7.3500000000e-02 3.0955149574e+02
7.3740000000e-02 3.0958291860e+02
7.4000000000e-02 3.0961566023e+02
7.4240000000e-02 3.0964707378e+02
7.4500000000e-02 3.0967980623e+02
7.4740000000e-02 3.0971121048e+02
7.5000000000e-02 3.0974393272e+02
7.5240000000e-02 3.0977532815e+02
7.5500000000e-02 3.0980804121e+02
7.5740000000e-02 3.0983942685e+02
7.6000000000e-02 3.0987212970e+02
7.6240000000e-02 3.0990350603e+02
7.6500000000e-02 3.0993619970e+02
7.6740000000e-02 3.0996756673e+02
7.7000000000e-02 3.1000025019e+02
7.7240000000e-02 3.1003160791e+02
7.7500000000e-02 3.1006428167e+02
7.7740000000e-02 3.1009562961e+02
7.8000000000e-02 3.1012829367e+02
7.8240000000e-02 3.1015963279e+02
7.8500000000e-02 3.1019228716e+02
7.8740000000e-02 3.1022361649e+02
7.9000000000e-02 3.1025626116e+02
7.9240000000e-02 3.1028758118e+02
7.9500000000e-02 3.1032021616e+02
7.9740000000e-02 3.1035152688e+02
8.0000000000e-02 3.1038415165e+02
8.0240000000e-02 3.1041545257e+02
8.0500000000e-02 3.1044806765e+02
8.0740000000e-02 3.1047935976e+02
8.1000000000e-02 3.1051196514e+02
8.1240000000e-02 3.1054324696e+02
8.1500000000e-02 3.1057584214e+02
8.1740000000e-02 3.1060711515e+02
8.2000000000e-02 3.1063970063e+02
8.2240000000e-02 3.1067096384e+02
8.2500000000e-02 3.1070353963e+02
8.2740000000e-02 3.1073479305e+02
8.3000000000e-02 3.1076735863e+02
8.3240000000e-02 3.1079860275e+02
8.3500000000e-02 3.1083115863e+02
8.3740000000e-02 3.1086239344e+02
8.4000000000e-02 3.1089493912e+02
8.4240000000e-02 3.1092616414e+02
8.4500000000e-02 3.1095870012e+02
8.4740000000e-02 3.1098991583e+02
8.5000000000e-02 3.1102244161e+02
8.5240000000e-02 3.1105364753e+02
8.5500000000e-02 3.1108616361e+02
8.5740000000e-02 3.1111735973e+02
8.6000000000e-02 3.1114986561e+02
8.6240000000e-02 3.1118105243e+02
8.6500000000e-02 3.1121354810e+02
8.6740000000e-02 3.1124472512e+02
8.7000000000e-02 3.1127721110e+02
8.7240000000e-02 3.1130837882e+02
8.7500000000e-02 3.1134085510e+02
8.7740000000e-02 3.1137201302e+02
8.8000000000e-02 3.1140447859e+02
8.8240000000e-02 3.1143562672e+02
8.8500000000e-02 3.1146808310e+02
8.8740000000e-02 3.1149922193e+02
8.9000000000e-02 3.1153166759e+02
8.9240000000e-02 3.1156279662e+02
8.9500000000e-02 3.1159523259e+02
8.9740000000e-02 3.1162635183e+02
9.0000000000e-02 3.1165877759e+02
9.0240000000e-02 3.1168988752e+02
9.0500000000e-02 3.1172230308e+02
9.0740000000e-02 3.1175340322e+02
9.1000000000e-02 3.1178580908e+02
9.1240000000e-02 3.1181689942e+02
9.1500000000e-02 3.1184929457e+02
9.1740000000e-02 3.1188037512e+02
9.2000000000e-02 3.1191276108e+02
9.2240000000e-02 3.1194383232e+02
9.2500000000e-02 3.1197620757e+02
9.2740000000e-02 3.1200726902e+02
9.3000000000e-02 3.1203963457e+02
9.3240000000e-02 3.1207068622e+02
9.3500000000e-02 3.1210304157e+02
9.3740000000e-02 3.1213408343e+02
9.4000000000e-02 3.1216642857e+02
9.4240000000e-02 3.1219746113e+02
9.4500000000e-02 3.1222979606e+02
9.4740000000e-02 3.1226081882e+02
9.5000000000e-02 3.1229314406e+02
9.5240000000e-02 3.1232415703e+02
9.5500000000e-02 3.1235647206e+02
9.5740000000e-02 3.1238747572e+02
9.6000000000e-02 3.1241978106e+02
9.6240000000e-02 3.1245077493e+02
9.6500000000e-02 3.1248306955e+02
9.6740000000e-02 3.1251405362e+02
9.7000000000e-02 3.1254633855e+02
9.7240000000e-02 3.1257731332e+02
9.7500000000e-02 3.1260958855e+02
9.7740000000e-02 3.1264055352e+02
9.8000000000e-02 3.1267281855e+02
9.8240000000e-02 3.1270377373e+02
9.8500000000e-02 3.1273602855e+02
9.8740000000e-02 3.1276697442e+02
9.9000000000e-02 3.1279921955e+02
9.9240000000e-02 3.1283015563e+02
9.9500000000e-02 3.1286239055e+02
9.9740000000e-02 3.1289331733e+02
1.0000000000e-01 3.1292554255e+02
1.0024000000e-01 3.1295645953e+02
1.0050000000e-01 3.1298867455e+02
1.0074000000e-01 3.1301958223e+02
1.0100000000e-01 3.1305178755e+02
1.0124000000e-01 3.1308268592e+02
1.0150000000e-01 3.1311488104e+02
1.0174000000e-01 3.1314577011e+02
1.0200000000e-01 3.1317795604e+02
1.0224000000e-01 3.1320883531e+02
1.0250000000e-01 3.1324101104e+02
1.0274000000e-01 3.1327188101e+02
1.0300000000e-01 3.1330404704e+02
1.0324000000e-01 3.1333490770e+02
1.0350000000e-01 3.1336706353e+02
1.0374000000e-01 3.1339791489e+02
1.0400000000e-01 3.1343006153e+02
1.0424000000e-01 3.1346090358e+02
1.0450000000e-01 3.1349304053e+02
1.0474000000e-01 3.1352387328e+02
1.0500000000e-01 3.1355600104e+02
1.0524000000e-01 3.1358682497e+02
1.0550000000e-01 3.1361894253e+02
1.0574000000e-01 3.1364975716e+02
1.0600000000e-01 3.1368186553e+02
1.0624000000e-01 3.1371267134e+02
1.0650000000e-01 3.1374477053e+02
1.0674000000e-01 3.1377556704e+02
1.0700000000e-01 3.1380765653e+02
1.0724000000e-01 3.1383844422e+02
1.0750000000e-01 3.1387052453e+02
1.0774000000e-01 3.1390130341e+02
1.0800000000e-01 3.1393337453e+02
1.0824000000e-01 3.1396414459e+02
1.0850000000e-01 3.1399620653e+02
1.0874000000e-01 3.1402696827e+02
1.0900000000e-01 3.1405902102e+02
1.0924000000e-01 3.1408977394e+02
1.0950000000e-01 3.1412181802e+02
1.0974000000e-01 3.1415256213e+02
1.1000000000e-01 3.1418459753e+02
1.1024000000e-01 3.1421533380e+02
1.1050000000e-01 3.1424736002e+02
1.1074000000e-01 3.1427808748e+02
1.1100000000e-01 3.1431010553e+02
1.1124000000e-01 3.1434082515e+02
1.1150000000e-01 3.1437283453e+02
1.1174000000e-01 3.1440354632e+02
1.1200000000e-01 3.1443554702e+02
1.1224000000e-01 3.1446625048e+02
1.1250000000e-01 3.1449824302e+02
1.1274000000e-01 3.1452893914e+02
1.1300000000e-01 3.1456092402e+02
1.1324000000e-01 3.1459161230e+02
1.1350000000e-01 3.1462358902e+02
1.1374000000e-01 3.1465426996e+02
1.1400000000e-01 3.1468623851e+02
1.1424000000e-01 3.1471691161e+02
1.1450000000e-01 3.1474887302e+02
1.1474000000e-01 3.1477953975e+02
1.1500000000e-01 3.1481149402e+02
1.1524000000e-01 3.1484215341e+02
1.1550000000e-01 3.1487410002e+02
1.1574000000e-01 3.1490475304e+02
1.1600000000e-01 3.1493669251e+02
1.1624000000e-01 3.1496733867e+02
1.1650000000e-01 3.1499927202e+02
1.1674000000e-01 3.1502991182e+02
1.1700000000e-01 3.1506183802e+02
1.1724000000e-01 3.1509247243e+02
1.1750000000e-01 3.1512439251e+02
1.1774000000e-01 3.1515502056e+02
1.1800000000e-01 3.1518693451e+02
1.1824000000e-01 3.1521755717e+02
1.1850000000e-01 3.1524946551e+02
1.1874000000e-01 3.1528008278e+02
1.1900000000e-01 3.1531198602e+02
1.1924000000e-01 3.1534259888e+02
1.1950000000e-01 3.1537449651e+02
1.1974000000e-01 3.1540510448e+02
1.2000000000e-01 3.1543699751e+02
1.2024000000e-01 3.1546760156e+02
1.2050000000e-01 3.1549949051e+02
1.2074000000e-01 3.1553009015e+02
1.2100000000e-01 3.1556197451e+02
1.2124000000e-01 3.1559257121e+02
1.2150000000e-01 3.1562445251e+02
1.2174000000e-01 3.1565504579e+02
1.2200000000e-01 3.1568692351e+02
1.2224000000e-01 3.1571751434e+02
1.2250000000e-01 3.1574938951e+02
1.2274000000e-01 3.1577997789e+02
1.2300000000e-01 3.1581185051e+02
1.2324000000e-01 3.1584243742e+02
1.2350000000e-01 3.1587430851e+02
1.2374000000e-01 3.1590489395e+02
1.2400000000e-01 3.1593676351e+02
1.2424000000e-01 3.1596734846e+02
1.2450000000e-01 3.1599921751e+02
1.2474000000e-01 3.1602980295e+02
1.2500000000e-01 3.1606167251e+02
1.2524000000e-01 3.1609225795e+02
1.2550000000e-01 3.1612412751e+02
1.2574000000e-01 3.1615471442e+02
1.2600000000e-01 3.1618658551e+02
1.2624000000e-01 3.1621717389e+02
1.2650000000e-01 3.1624904651e+02
1.2674000000e-01 3.1627963783e+02
1.2700000000e-01 3.1631151351e+02
1.2724000000e-01 3.1634210825e+02
1.2750000000e-01 3.1637398751e+02
1.2774000000e-01 3.1640458666e+02
1.2800000000e-01 3.1643647051e+02
1.2824000000e-01 3.1646707456e+02
1.2850000000e-01 3.1649896351e+02
1.2874000000e-01 3.1652957344e+02
1.2900000000e-01 3.1656146851e+02
1.2924000000e-01 3.1659208578e+02
1.2950000000e-01 3.1662398800e+02
1.2974000000e-01 3.1665461262e+02
1.3000000000e-01 3.1668652351e+02
1.3024000000e-01 3.1671715792e+02
1.3050000000e-01 3.1674907800e+02
1.3074000000e-01 3.1677972221e+02
1.3100000000e-01 3.1681165300e+02
1.3124000000e-01 3.1684230847e+02
1.3150000000e-01 3.1687425151e+02
1.3174000000e-01 3.1690492020e+02
1.3200000000e-01 3.1693687600e+02
1.3224000000e-01 3.1696755840e+02
1.3250000000e-01 3.1699952951e+02
1.3274000000e-01 3.1703022759e+02
1.3300000000e-01 3.1706221400e+02
1.3324000000e-01 3.1709292921e+02
1.3350000000e-01 3.1712493400e+02
1.3374000000e-01 3.1715566733e+02
1.3400000000e-01 3.1718769151e+02
1.3424000000e-01 3.1721844590e+02
1.3450000000e-01 3.1725049100e+02
1.3474000000e-01 3.1728126743e+02
1.3500000000e-01 3.1731333600e+02
1.3524000000e-01 3.1734413643e+02
1.3550000000e-01 3.1737623000e+02
1.3574000000e-01 3.1740705638e+02
1.3600000000e-01 3.1743917700e+02
1.3624000000e-01 3.1747003179e+02
1.3650000000e-01 3.1750218200e+02
1.3674000000e-01 3.1753306715e+02
1.3700000000e-01 3.1756524951e+02
1.3724000000e-01 3.1759616796e+02
1.3750000000e-01 3.1762838400e+02
1.3774000000e-01 3.1765933771e+02
1.3800000000e-01 3.1769159100e+02
1.3824000000e-01 3.1772258291e+02
1.3850000000e-01 3.1775487600e+02
1.3874000000e-01 3.1778590904e+02
1.3900000000e-01 3.1781824500e+02
1.3924000000e-01 3.1784932212e+02
1.3950000000e-01 3.1788170400e+02
1.3974000000e-01 3.1791282813e+02
1.4000000000e-01 3.1794525951e+02
1.4024000000e-01 3.1797643457e+02
1.4050000000e-01 3.1800891851e+02
1.4074000000e-01 3.1804014793e+02
1.4100000000e-01 3.1807268851e+02
1.4124000000e-01 3.1810397621e+02
1.4150000000e-01 3.1813657700e+02
1.4174000000e-01 3.1816792640e+02
1.4200000000e-01 3.1820059200e+02
1.4224000000e-01 3.1823200800e+02
1.4250000000e-01 3.1826474300e+02
1.4274000000e-01 3.1829623001e+02
1.4300000000e-01 3.1832903900e+02
1.4324000000e-01 3.1836060192e+02
1.4350000000e-01 3.1839349000e+02
1.4374000000e-01 3.1842513372e+02
1.4400000000e-01 3.1845810600e+02
1.4424000000e-01 3.1848983591e+02
1.4450000000e-01 3.1852289800e+02
1.4474000000e-01 3.1855471998e+02
1.4500000000e-01 3.1858787851e+02
1.4524000000e-01 3.1861979893e+02
1.4550000000e-01 3.1865305900e+02
1.4574000000e-01 3.1868508373e+02
1.4600000000e-01 3.1871845351e+02
1.4624000000e-01 3.1875058989e+02
1.4650000000e-01 3.1878407500e+02
1.4674000000e-01 3.1881632989e+02
1.4700000000e-01 3.1884993900e+02
1.4724000000e-01 3.1888231877e+02
1.4750000000e-01 3.1891605800e+02
1.4774000000e-01 3.1894857000e+02
1.4800000000e-01 3.1898244700e+02
1.4824000000e-01 3.1901509563e+02
1.4850000000e-01 3.1904911500e+02
1.4874000000e-01 3.1908189977e+02
1.4900000000e-01 3.1911606100e+02
1.4924000000e-01 3.1914897163e+02
1.4950000000e-01 3.1918326400e+02
1.4974000000e-01 3.1921627012e+02
1.5000000000e-01 3.1925066200e+02
1.5024000000e-01 3.1928371318e+02
1.5050000000e-01 3.1931815251e+02
1.5074000000e-01 3.1935123307e+02
1.5100000000e-01 3.1938570200e+02
1.5124000000e-01 3.1941880411e+02
1.5150000000e-01 3.1945329600e+02
1.5174000000e-01 3.1948641623e+02
1.5200000000e-01 3.1952092700e+02
1.5224000000e-01 3.1955406290e+02
1.5250000000e-01 3.1958859000e+02
1.5274000000e-01 3.1962174059e+02
1.5300000000e-01 3.1965628300e+02
1.5324000000e-01 3.1968944632e+02
1.5350000000e-01 3.1972400200e+02
1.5374000000e-01 3.1975717708e+02
1.5400000000e-01 3.1979174500e+02
1.5424000000e-01 3.1982493134e+02
1.5450000000e-01 3.1985951151e+02
1.5474000000e-01 3.1989270813e+02
1.5500000000e-01 3.1992729851e+02
1.5524000000e-01 3.1996050444e+02
1.5550000000e-01 3.1999510451e+02
1.5574000000e-01 3.2002831876e+02
1.5600000000e-01 3.2006292751e+02
1.5624000000e-01 3.2009614911e+02
1.5650000000e-01 3.2013076551e+02
1.5674000000e-01 3.2016399348e+02
1.5700000000e-01 3.2019861651e+02
1.5724000000e-01 3.2023184986e+02
1.5750000000e-01 3.2026647800e+02
1.5774000000e-01 3.2029971527e+02
1.5800000000e-01 3.2033434800e+02
1.5824000000e-01 3.2036758772e+02
1.5850000000e-01 3.2040222300e+02
1.5874000000e-01 3.2043546419e+02
1.5900000000e-01 3.2047010100e+02
1.5924000000e-01 3.2050334219e+02
1.5950000000e-01 3.2053797900e+02
1.5974000000e-01 3.2057121823e+02
1.6000000000e-01 3.2060585351e+02
1.6024000000e-01 3.2063908980e+02
1.6050000000e-01 3.2067372100e+02
1.6074000000e-01 3.2070695141e+02
1.6100000000e-01 3.2074157700e+02
1.6124000000e-01 3.2077480007e+02
1.6150000000e-01 3.2080941800e+02
1.6174000000e-01 3.2084263225e+02
1.6200000000e-01 3.2087724100e+02
1.6224000000e-01 3.2091044350e+02
1.6250000000e-01 3.2094504000e+02
1.6274000000e-01 3.2097822830e+02
1.6300000000e-01 3.2101281000e+02
1.6324000000e-01 3.2104598263e+02
1.6350000000e-01 3.2108054800e+02
1.6374000000e-01 3.2111370153e+02
1.6400000000e-01 3.2114824700e+02
1.6424000000e-01 3.2118137947e+02
1.6450000000e-01 3.2121590300e+02
1.6474000000e-01 3.2124901099e+02
1.6500000000e-01 3.2128350900e+02
1.6524000000e-01 3.2131659054e+02
1.6550000000e-01 3.2135106100e+02
1.6574000000e-01 3.2138411267e+02
1.6600000000e-01 3.2141855200e+02
1.6624000000e-01 3.2145157086e+02
1.6650000000e-01 3.2148597600e+02
1.6674000000e-01 3.2151895911e+02
1.6700000000e-01 3.2155332700e+02
1.6724000000e-01 3.2158627191e+02
1.6750000000e-01 3.2162060000e+02
1.6774000000e-01 3.2165350279e+02
1.6800000000e-01 3.2168778700e+02
1.6824000000e-01 3.2172064523e+02
1.6850000000e-01 3.2175488300e+02
1.6874000000e-01 3.2178769324e+02
1.6900000000e-01 3.2182188100e+02
1.6924000000e-01 3.2185463981e+02
1.6950000000e-01 3.2188877451e+02
1.6974000000e-01 3.2192147995e+02
1.7000000000e-01 3.2195555800e+02
1.7026000000e-01 3.2198957686e+02
1.7050000000e-01 3.2202222500e+02
1.7076000000e-01 3.2205618110e+02
1.7100000000e-01 3.2208876900e+02
1.7126000000e-01 3.2212265927e+02
1.7150000000e-01 3.2215518400e+02
1.7176000000e-01 3.2218900589e+02
1.7200000000e-01 3.2222146500e+02
1.7226000000e-01 3.2225521545e+02
1.7250000000e-01 3.2228760600e+02
1.7276000000e-01 3.2232128195e+02
1.7300000000e-01 3.2235360100e+02
1.7326000000e-01 3.2238720041e+02
1.7350000000e-01 3.2241944600e+02
1.7376000000e-01 3.2245296632e+02
1.7400000000e-01 3.2248513551e+02
1.7426000000e-01 3.2251857367e+02
1.7450000000e-01 3.2255066500e+02
1.7476000000e-01 3.2258401948e+02
1.7500000000e-01 3.2261603000e+02
1.7526000000e-01 3.2264929926e+02
1.7550000000e-01 3.2268122800e+02
1.7576000000e-01 3.2271440949e+02
1.7600000000e-01 3.2274625400e+02
1.7626000000e-01 3.2277934670e+02
1.7650000000e-01 3.2281110600e+02
1.7676000000e-01 3.2284410889e+02
1.7700000000e-01 3.2287578200e+02
1.7726000000e-01 3.2290869355e+02
1.7750000000e-01 3.2294027900e+02
1.7776000000e-01 3.2297309870e+02
1.7800000000e-01 3.2300459600e+02
1.7826000000e-01 3.2303732385e+02
1.7850000000e-01 3.2306873300e+02
1.7876000000e-01 3.2310136849e+02
1.7900000000e-01 3.2313268851e+02
1.7926000000e-01 3.2316523113e+02
1.7950000000e-01 3.2319646300e+02
1.7976000000e-01 3.2322891428e+02
1.8000000000e-01 3.2326005800e+02
1.8026000000e-01 3.2329241794e+02
1.8050000000e-01 3.2332347400e+02
1.8076000000e-01 3.2335574311e+02
1.8100000000e-01 3.2338671200e+02
1.8126000000e-01 3.2341889181e+02
1.8150000000e-01 3.2344977500e+02
1.8176000000e-01 3.2348186653e+02
1.8200000000e-01 3.2351266500e+02
1.8226000000e-01 3.2354466927e+02
1.8250000000e-01 3.2357538400e+02
1.8276000000e-01 3.2360730204e+02
1.8300000000e-01 3.2363793400e+02
1.8326000000e-01 3.2366976733e+02
1.8350000000e-01 3.2370031751e+02
1.8376000000e-01 3.2373206562e+02
1.8400000000e-01 3.2376253500e+02
1.8426000000e-01 3.2379419892e+02
1.8450000000e-01 3.2382458651e+02
1.8476000000e-01 3.2385616419e+02
1.8500000000e-01 3.2388647000e+02
1.8526000000e-01 3.2391795940e+02
1.8550000000e-01 3.2394818000e+02
1.8576000000e-01 3.2397957602e+02
1.8600000000e-01 3.2400970700e+02
1.8626000000e-01 3.2404100199e+02
1.8650000000e-01 3.2407103600e+02
1.8676000000e-01 3.2410221719e+02
1.8700000000e-01 3.2413214151e+02
1.8726000000e-01 3.2416318748e+02
1.8750000000e-01 3.2419298300e+02
1.8776000000e-01 3.2422386313e+02
1.8800000000e-01 3.2425349900e+02
1.8826000000e-01 3.2428416175e+02
1.8850000000e-01 3.2431358900e+02
1.8876000000e-01 3.2434394915e+02
1.8900000000e-01 3.2437308551e+02
1.8926000000e-01 3.2440299253e+02
1.8950000000e-01 3.2443169500e+02
1.8976000000e-01 3.2446085905e+02
1.9000000000e-01 3.2448884800e+02
1.9026000000e-01 3.2451664297e+02
1.9050000000e-01 3.2454331751e+02
1.9076000000e-01 3.2456922853e+02
1.9100000000e-01 3.2459409551e+02
1.9126000000e-01 3.2461777558e+02
1.9150000000e-01 3.2464050200e+02
1.9176000000e-01 3.2466176896e+02
1.9200000000e-01 3.2468217851e+02
1.9226000000e-01 3.2470096397e+02
1.9250000000e-01 3.2471899300e+02
1.9276000000e-01 3.2473529850e+02
1.9300000000e-01 3.2475094700e+02
1.9326000000e-01 3.2476481081e+02
1.9350000000e-01 3.2477811600e+02
1.9376000000e-01 3.2478959629e+02
1.9400000000e-01 3.2480061400e+02
1.9426000000e-01 3.2480977710e+02
1.9450000000e-01 3.2481857051e+02
1.9476000000e-01 3.2482548736e+02
1.9500000000e-01 3.2483212551e+02
1.9526000000e-01 3.2483686755e+02
1.9550000000e-01 3.2484141851e+02
1.9576000000e-01 3.2484405717e+02
1.9600000000e-01 3.2484659000e+02
1.9626000000e-01 3.2484719570e+02
1.9650000000e-01 3.2484777700e+02
1.9676000000e-01 3.2484641914e+02
1.9700000000e-01 3.2484511551e+02
1.9726000000e-01 3.2484186043e+02
1.9750000000e-01 3.2483873700e+02
1.9776000000e-01 3.2483365104e+02
1.9800000000e-01 3.2482877000e+02
1.9826000000e-01 3.2482191693e+02
1.9850000000e-01 3.2481534000e+02
1.9876000000e-01 3.2480678260e+02
1.9900000000e-01 3.2479857000e+02
1.9926000000e-01 3.2478836899e+02
1.9950000000e-01 3.2477857851e+02
1.9976000000e-01 3.2476679205e+02
2.0000000000e-01 3.2475548100e+02
2.0026000000e-01 3.2474216779e+02
2.0050000000e-01 3.2472939051e+02
2.0076000000e-01 3.2471460565e+02
2.0100000000e-01 3.2470041651e+02
2.0126000000e-01 3.2468421460e+02
2.0150000000e-01 3.2466866551e+02
2.0176000000e-01 3.2465109911e+02
2.0200000000e-01 3.2463424100e+02
2.0226000000e-01 3.2461536165e+02
2.0250000000e-01 3.2459724251e+02
2.0276000000e-01 3.2457709970e+02
2.0300000000e-01 3.2455776851e+02
2.0326000000e-01 3.2453641021e+02
2.0350000000e-01 3.2451591300e+02
2.0376000000e-01 3.2449338667e+02
2.0400000000e-01 3.2447176751e+02
2.0426000000e-01 3.2444811806e+02
2.0450000000e-01 3.2442542151e+02
2.0476000000e-01 3.2440069281e+02
2.0500000000e-01 3.2437696051e+02
2.0526000000e-01 3.2435119492e+02
2.0550000000e-01 3.2432646751e+02
2.0576000000e-01 3.2429970688e+02
2.0600000000e-01 3.2427402451e+02
2.0626000000e-01 3.2424630812e+02
2.0650000000e-01 3.2421970851e+02
2.0676000000e-01 3.2419107515e+02
2.0700000000e-01 3.2416359551e+02
2.0726000000e-01 3.2413408242e+02
2.0750000000e-01 3.2410575851e+02
2.0776000000e-01 3.2407540193e+02
2.0800000000e-01 3.2404626851e+02
2.0826000000e-01 3.2401510263e+02
2.0850000000e-01 3.2398519251e+02
2.0876000000e-01 3.2395325202e+02
2.0900000000e-01 3.2392259851e+02
2.0926000000e-01 3.2388991454e+02
2.0950000000e-01 3.2385854751e+02
2.0976000000e-01 3.2382515272e+02
2.1000000000e-01 3.2379310351e+02
2.1026000000e-01 3.2375902699e+02
2.1050000000e-01 3.2372632351e+02
2.1076000000e-01 3.2369159485e+02
2.1100000000e-01 3.2365826551e+02
2.1126000000e-01 3.2362291278e+02
2.1150000000e-01 3.2358898451e+02
2.1176000000e-01 3.2355303424e+02
2.1200000000e-01 3.2351853251e+02
2.1226000000e-01 3.2348201174e+02
2.1250000000e-01 3.2344696202e+02
2.1276000000e-01 3.2340989474e+02
2.1300000000e-01 3.2337432102e+02
2.1326000000e-01 3.2333673122e+02
2.1350000000e-01 3.2330065651e+02
2.1376000000e-01 3.2326256816e+02
2.1400000000e-01 3.2322601451e+02
2.1426000000e-01 3.2318744905e+02
2.1450000000e-01 3.2315043751e+02
2.1476000000e-01 3.2311141739e+02
2.1500000000e-01 3.2307396902e+02
2.1526000000e-01 3.2303451312e+02
2.1550000000e-01 3.2299664751e+02
2.1576000000e-01 3.2295677675e+02
2.1600000000e-01 3.2291851251e+02
2.1626000000e-01 3.2287824578e+02
2.1650000000e-01 3.2283960102e+02
2.1676000000e-01 3.2279895566e+02
2.1700000000e-01 3.2275994802e+02
2.1726000000e-01 3.2271894189e+02
2.1750000000e-01 3.2267958802e+02
2.1776000000e-01 3.2263823745e+02
2.1800000000e-01 3.2259855302e+02
2.1826000000e-01 3.2255687434e+02
2.1850000000e-01 3.2251687502e+02
2.1876000000e-01 3.2247488303e+02
2.1900000000e-01 3.2243458351e+02
2.1926000000e-01 3.2239229351e+02
2.1950000000e-01 3.2235170702e+02
2.1976000000e-01 3.2230913280e+02
2.2000000000e-01 3.2226827402e+02
2.2026000000e-01 3.2222542833e+02
2.2050000000e-01 3.2218430902e+02
2.2076000000e-01 3.2214120513e+02
2.2100000000e-01 3.2209983802e+02
2.2126000000e-01 3.2205648868e+02
2.2150000000e-01 3.2201488602e+02
2.2176000000e-01 3.2197130195e+02
2.2200000000e-01 3.2192947402e+02
2.2226000000e-01 3.2188566696e+02
2.2250000000e-01 3.2184362502e+02
2.2276000000e-01 3.2179960568e+02
2.2300000000e-01 3.2175736002e+02
2.2326000000e-01 3.2171313861e+02
2.2350000000e-01 3.2167069853e+02
2.2376000000e-01 3.2162628424e+02
2.2400000000e-01 3.2158366002e+02
2.2426000000e-01 3.2153906254e+02
2.2450000000e-01 3.2149626202e+02
2.2476000000e-01 3.2145149053e+02
2.2500000000e-01 3.2140852302e+02
2.2526000000e-01 3.2136358569e+02
2.2550000000e-01 3.2132045902e+02
2.2576000000e-01 3.2127536401e+02
2.2600000000e-01 3.2123208553e+02
2.2626000000e-01 3.2118683999e+02
2.2650000000e-01 3.2114341802e+02
2.2676000000e-01 3.2109803011e+02
2.2700000000e-01 3.2105447053e+02
2.2726000000e-01 3.2100894689e+02
2.2750000000e-01 3.2096525753e+02
2.2776000000e-01 3.2091960479e+02
2.2800000000e-01 3.2087579153e+02
2.2826000000e-01 3.2083001581e+02
2.2850000000e-01 3.2078608453e+02
2.2876000000e-01 3.2074019196e+02
2.2900000000e-01 3.2069614853e+02
2.2926000000e-01 3.2065014573e+02
2.2950000000e-01 3.2060599604e+02
2.2976000000e-01 3.2055988711e+02
2.3000000000e-01 3.2051563604e+02
2.3026000000e-01 3.2046942709e+02
2.3050000000e-01 3.2042508004e+02
2.3076000000e-01 3.2037877567e+02
2.3100000000e-01 3.2033433753e+02
2.3126000000e-01 3.2028794284e+02
2.3150000000e-01 3.2024341753e+02
2.3176000000e-01 3.2019693711e+02
2.3200000000e-01 3.2015232904e+02
2.3226000000e-01 3.2010576647e+02
2.3250000000e-01 3.2006108004e+02
2.3276000000e-01 3.2001443990e+02
2.3300000000e-01 3.1996967904e+02
2.3326000000e-01 3.1992296542e+02
2.3350000000e-01 3.1987813404e+02
2.3376000000e-01 3.1983135001e+02
2.3400000000e-01 3.1978645104e+02
2.3426000000e-01 3.1973960067e+02
2.3450000000e-01 3.1969463804e+02
2.3476000000e-01 3.1964772490e+02
2.3500000000e-01 3.1960270155e+02
2.3526000000e-01 3.1955572769e+02
2.3550000000e-01 3.1951064655e+02
2.3576000000e-01 3.1946361605e+02
2.3600000000e-01 3.1941848055e+02
2.3626000000e-01 3.1937139596e+02
2.3650000000e-01 3.1932620855e+02
2.3676000000e-01 3.1927907293e+02
2.3700000000e-01 3.1923383606e+02
2.3726000000e-01 3.1918665146e+02
2.3750000000e-01 3.1914136806e+02
2.3776000000e-01 3.1909413702e+02
2.3800000000e-01 3.1904880906e+02
2.3826000000e-01 3.1900153414e+02
2.3850000000e-01 3.1895616406e+02
2.3876000000e-01 3.1890884729e+02
2.3900000000e-01 3.1886343706e+02
2.3926000000e-01 3.1881608100e+02
2.3950000000e-01 3.1877063306e+02
2.3976000000e-01 3.1872323975e+02
2.4000000000e-01 3.1867775557e+02
2.4026000000e-01 3.1863032603e+02
2.4050000000e-01 3.1858480806e+02
2.4076000000e-01 3.1853734535e+02
2.4100000000e-01 3.1849179457e+02
2.4126000000e-01 3.1844429972e+02
2.4150000000e-01 3.1839871808e+02
2.4176000000e-01 3.1835119261e+02
2.4200000000e-01 3.1830558208e+02
2.4226000000e-01 3.1825802752e+02
2.4250000000e-01 3.1821238957e+02
2.4276000000e-01 3.1816480848e+02
2.4300000000e-01 3.1811914408e+02
2.4326000000e-01 3.1807153645e+02
2.4350000000e-01 3.1802584708e+02
2.4376000000e-01 3.1797821496e+02
2.4400000000e-01 3.1793250208e+02
2.4426000000e-01 3.1788484700e+02
2.4450000000e-01 3.1783911159e+02
2.4476000000e-01 3.1779143406e+02
2.4500000000e-01 3.1774567759e+02
2.4526000000e-01 3.1769797964e+02
2.4550000000e-01 3.1765220310e+02
2.4576000000e-01 3.1760448474e+02
2.4600000000e-01 3.1755868959e+02
2.4626000000e-01 3.1751095286e+02
2.4650000000e-01 3.1746513910e+02
2.4676000000e-01 3.1741738451e+02
2.4700000000e-01 3.1737155410e+02
2.4726000000e-01 3.1732378267e+02
2.4750000000e-01 3.1727793610e+02
2.4776000000e-01 3.1723014886e+02
2.4800000000e-01 3.1718428710e+02
2.4826000000e-01 3.1713648506e+02
2.4850000000e-01 3.1709060861e+02
2.4876000000e-01 3.1704279177e+02
2.4900000000e-01 3.1699690161e+02
2.4926000000e-01 3.1694907150e+02
2.4950000000e-01 3.1690316861e+02
2.4976000000e-01 3.1685532575e+02
2.5000000000e-01 3.1680941012e+02
2.5026000000e-01 3.1676155552e+02
2.5050000000e-01 3.1671562863e+02
2.5076000000e-01 3.1666776229e+02
2.5100000000e-01 3.1662182463e+02
2.5126000000e-01 3.1657394758e+02
2.5150000000e-01 3.1652799963e+02
2.5176000000e-01 3.1648011237e+02
2.5200000000e-01 3.1643415463e+02
2.5226000000e-01 3.1638625768e+02
2.5250000000e-01 3.1634029014e+02
2.5276000000e-01 3.1629238451e+02
2.5300000000e-01 3.1624640914e+02
2.5326000000e-01 3.1619849484e+02
2.5350000000e-01 3.1615251065e+02
2.5376000000e-01 3.1610458818e+02
2.5400000000e-01 3.1605859665e+02
2.5426000000e-01 3.1601066653e+02
2.5450000000e-01 3.1596466765e+02
2.5476000000e-01 3.1591673090e+02
2.5500000000e-01 3.1587072516e+02
2.5526000000e-01 3.1582278126e+02
2.5550000000e-01 3.1577676867e+02
2.5576000000e-01 3.1572881865e+02
2.5600000000e-01 3.1568280067e+02
2.5626000000e-01 3.1563484453e+02
2.5650000000e-01 3.1558882019e+02
2.5676000000e-01 3.1554085842e+02
2.5700000000e-01 3.1549482919e+02
2.5726000000e-01 3.1544686283e+02
2.5750000000e-01 3.1540082870e+02
2.5776000000e-01 3.1535285673e+02
2.5800000000e-01 3.1530681770e+02
2.5826000000e-01 3.1525884164e+02
2.5850000000e-01 3.1521279821e+02
2.5876000000e-01 3.1516481756e+02
2.5900000000e-01 3.1511876972e+02
2.5926000000e-01 3.1507078499e+02
2.5950000000e-01 3.1502473372e+02
2.5976000000e-01 3.1497674593e+02
2.6000000000e-01 3.1493069123e+02
2.6026000000e-01 3.1488269936e+02
2.6050000000e-01 3.1483664123e+02
2.6076000000e-01 3.1478864630e+02
2.6100000000e-01 3.1474258474e+02
2.6126000000e-01 3.1469458725e+02
2.6150000000e-01 3.1464852325e+02
2.6176000000e-01 3.1460052270e+02
2.6200000000e-01 3.1455445576e+02
2.6226000000e-01 3.1450645266e+02
2.6250000000e-01 3.1446038327e+02
2.6276000000e-01 3.1441237762e+02
2.6300000000e-01 3.1436630627e+02
2.6326000000e-01 3.1431829858e+02
2.6350000000e-01 3.1427222478e+02
2.6376000000e-01 3.1422421556e+02
2.6400000000e-01 3.1417814029e+02
2.6426000000e-01 3.1413012903e+02
2.6450000000e-01 3.1408405180e+02
2.6476000000e-01 3.1403603901e+02
2.6500000000e-01 3.1398996031e+02
2.6526000000e-01 3.1394194599e+02
2.6550000000e-01 3.1389586631e+02
2.6576000000e-01 3.1384785097e+02
2.6600000000e-01 3.1380176933e+02
2.6626000000e-01 3.1375375246e+02
2.6650000000e-01 3.1370767033e+02
2.6676000000e-01 3.1365965295e+02
2.6700000000e-01 3.1361356935e+02
2.6726000000e-01 3.1356555044e+02
2.6750000000e-01 3.1351946635e+02
2.6776000000e-01 3.1347144744e+02
2.6800000000e-01 3.1342536286e+02
2.6826000000e-01 3.1337734293e+02
2.6850000000e-01 3.1333125737e+02
2.6876000000e-01 3.1328323744e+02
2.6900000000e-01 3.1323715139e+02
2.6926000000e-01 3.1318913044e+02
2.6950000000e-01 3.1314304439e+02
2.6976000000e-01 3.1309502344e+02
2.7000000000e-01 3.1304893690e+02
2.7026000000e-01 3.1300091595e+02
2.7050000000e-01 3.1295482892e+02
2.7076000000e-01 3.1290680797e+02
2.7100000000e-01 3.1286072143e+02
2.7126000000e-01 3.1281270048e+02
2.7150000000e-01 3.1276661394e+02
2.7176000000e-01 3.1271859299e+02
2.7200000000e-01 3.1267250645e+02
2.7226000000e-01 3.1262448601e+02
2.7250000000e-01 3.1257839947e+02
2.7276000000e-01 3.1253037903e+02
2.7300000000e-01 3.1248429298e+02
2.7326000000e-01 3.1243627356e+02
2.7350000000e-01 3.1239018800e+02
2.7376000000e-01 3.1234216858e+02
2.7400000000e-01 3.1229608302e+02
2.7426000000e-01 3.1224806411e+02
2.7450000000e-01 3.1220197953e+02
2.7476000000e-01 3.1215396164e+02
2.7500000000e-01 3.1210787756e+02
2.7526000000e-01 3.1205986017e+02
2.7550000000e-01 3.1201377707e+02
2.7576000000e-01 3.1196576019e+02
2.7600000000e-01 3.1191967709e+02
2.7626000000e-01 3.1187166123e+02
2.7650000000e-01 3.1182557960e+02
2.7676000000e-01 3.1177756476e+02
2.7700000000e-01 3.1173148362e+02
2.7726000000e-01 3.1168346981e+02
2.7750000000e-01 3.1163739013e+02
2.7776000000e-01 3.1158937734e+02
2.7800000000e-01 3.1154329815e+02
2.7826000000e-01 3.1149528689e+02
2.7850000000e-01 3.1144920868e+02
2.7876000000e-01 3.1140119793e+02
2.7900000000e-01 3.1135512119e+02
2.7926000000e-01 3.1130711197e+02
2.7950000000e-01 3.1126103621e+02
2.7976000000e-01 3.1121302801e+02
2.8000000000e-01 3.1116695323e+02
2.8026000000e-01 3.1111894707e+02
2.8050000000e-01 3.1107287376e+02
2.8076000000e-01 3.1102486811e+02
2.8100000000e-01 3.1097879627e+02
2.8126000000e-01 3.1093079267e+02
2.8150000000e-01 3.1088472180e+02
2.8176000000e-01 3.1083671973e+02
2.8200000000e-01 3.1079065082e+02
2.8226000000e-01 3.1074264977e+02
2.8250000000e-01 3.1069658184e+02
2.8276000000e-01 3.1064858283e+02
2.8300000000e-01 3.1060251637e+02
2.8326000000e-01 3.1055451889e+02
2.8350000000e-01 3.1050845439e+02
2.8376000000e-01 3.1046045844e+02
2.8400000000e-01 3.1041439541e+02
2.8426000000e-01 3.1036640150e+02
2.8450000000e-01 3.1032033995e+02
2.8476000000e-01 3.1027234757e+02
2.8500000000e-01 3.1022628748e+02
2.8526000000e-01 3.1017829663e+02
2.8550000000e-01 3.1013223850e+02
2.8576000000e-01 3.1008425020e+02
2.8600000000e-01 3.1003819403e+02
2.8626000000e-01 3.0999020726e+02
2.8650000000e-01 3.0994415256e+02
2.8676000000e-01 3.0989616783e+02
2.8700000000e-01 3.0985011509e+02
2.8726000000e-01 3.0980213190e+02
2.8750000000e-01 3.0975608111e+02
2.8776000000e-01 3.0970810047e+02
2.8800000000e-01 3.0966205164e+02
2.8826000000e-01 3.0961407304e+02
2.8850000000e-01 3.0956802617e+02
2.8876000000e-01 3.0952004961e+02
2.8900000000e-01 3.0947400470e+02
2.8926000000e-01 3.0942603018e+02
2.8950000000e-01 3.0937998723e+02
2.8976000000e-01 3.0933201527e+02
2.9000000000e-01 3.0928597427e+02
2.9026000000e-01 3.0923800435e+02
2.9050000000e-01 3.0919196581e+02
2.9076000000e-01 3.0914399792e+02
2.9100000000e-01 3.0909796134e+02
2.9126000000e-01 3.0904999600e+02
2.9150000000e-01 3.0900396138e+02
2.9176000000e-01 3.0895599859e+02
2.9200000000e-01 3.0890996642e+02
2.9226000000e-01 3.0886200568e+02
2.9250000000e-01 3.0881597595e+02
2.9276000000e-01 3.0876801827e+02
2.9300000000e-01 3.0872199050e+02
2.9326000000e-01 3.0867403486e+02
2.9350000000e-01 3.0862801003e+02
2.9376000000e-01 3.0858005694e+02
2.9400000000e-01 3.0853403407e+02
2.9426000000e-01 3.0848608354e+02
2.9450000000e-01 3.0844006311e+02
2.9476000000e-01 3.0839211513e+02
2.9500000000e-01 3.0834609716e+02
2.9526000000e-01 3.0829815172e+02
2.9550000000e-01 3.0825213620e+02
2.9576000000e-01 3.0820419382e+02
2.9600000000e-01 3.0815818124e+02
2.9626000000e-01 3.0811024142e+02
2.9650000000e-01 3.0806423128e+02
2.9676000000e-01 3.0801629401e+02
2.9700000000e-01 3.0797028632e+02
2.9726000000e-01 3.0792235211e+02
2.9750000000e-01 3.0787634736e+02
2.9776000000e-01 3.0782841621e+02
2.9800000000e-01 3.0778241391e+02
2.9826000000e-01 3.0773448532e+02
2.9850000000e-01 3.0768848595e+02
2.9876000000e-01 3.0764056093e+02
2.9900000000e-01 3.0759456401e+02
2.9926000000e-01 3.0754664154e+02
2.9950000000e-01 3.0750064806e+02
2.9976000000e-01 3.0745272865e+02
3.0000000000e-01 3.0740673761e+02
3.0026000000e-01 3.0735882126e+02
3.0050000000e-01 3.0731283365e+02
3.0076000000e-01 3.0726492036e+02
3.0100000000e-01 3.0721893520e+02
3.0126000000e-01 3.0717102549e+02
3.0150000000e-01 3.0712504375e+02
3.0176000000e-01 3.0707713659e+02
3.0200000000e-01 3.0703115779e+02
3.0226000000e-01 3.0698325471e+02
3.0250000000e-01 3.0693727885e+02
3.0276000000e-01 3.0688937884e+02
3.0300000000e-01 3.0684340641e+02
3.0326000000e-01 3.0679550945e+02
3.0350000000e-01 3.0674954045e+02
3.0376000000e-01 3.0670164757e+02
3.0400000000e-01 3.0665568151e+02
3.0426000000e-01 3.0660779170e+02
3.0450000000e-01 3.0656182906e+02
3.0476000000e-01 3.0651394282e+02
3.0500000000e-01 3.0646798410e+02
3.0526000000e-01 3.0642010194e+02
3.0550000000e-01 3.0637414616e+02
3.0576000000e-01 3.0632626707e+02
3.0600000000e-01 3.0628031471e+02
3.0626000000e-01 3.0623243970e+02
3.0650000000e-01 3.0618649127e+02
3.0676000000e-01 3.0613861982e+02
3.0700000000e-01 3.0609267482e+02
3.0726000000e-01 3.0604480746e+02
3.0750000000e-01 3.0599886637e+02
3.0776000000e-01 3.0595100309e+02
3.0800000000e-01 3.0590506592e+02
3.0826000000e-01 3.0585720621e+02
3.0850000000e-01 3.0581127247e+02
3.0876000000e-01 3.0576341736e+02
3.0900000000e-01 3.0571748802e+02
3.0926000000e-01 3.0566963699e+02
3.0950000000e-01 3.0562371157e+02
3.0976000000e-01 3.0557586462e+02
3.1000000000e-01 3.0552994313e+02
3.1026000000e-01 3.0548210026e+02
3.1050000000e-01 3.0543618268e+02
3.1076000000e-01 3.0538834440e+02
3.1100000000e-01 3.0534243123e+02
3.1126000000e-01 3.0529459704e+02
3.1150000000e-01 3.0524868876e+02
3.1176000000e-01 3.0520085967e+02
3.1200000000e-01 3.0515495531e+02
3.1226000000e-01 3.0510713030e+02
3.1250000000e-01 3.0506123035e+02
3.1276000000e-01 3.0501341045e+02
3.1300000000e-01 3.0496751490e+02
3.1326000000e-01 3.0491969959e+02
3.1350000000e-01 3.0487380894e+02
3.1376000000e-01 3.0482599873e+02
3.1400000000e-01 3.0478011299e+02
3.1426000000e-01 3.0473230788e+02
3.1450000000e-01 3.0468642703e+02
3.1476000000e-01 3.0463862651e+02
3.1500000000e-01 3.0459275056e+02
3.1526000000e-01 3.0454495566e+02
3.1550000000e-01 3.0449908509e+02
3.1576000000e-01 3.0445129529e+02
3.1600000000e-01 3.0440542962e+02
3.1626000000e-01 3.0435764543e+02
3.1650000000e-01 3.0431178515e+02
3.1676000000e-01 3.0426400658e+02
3.1700000000e-01 3.0421815168e+02
3.1726000000e-01 3.0417037872e+02
3.1750000000e-01 3.0412452970e+02
3.1776000000e-01 3.0407676236e+02
3.1800000000e-01 3.0403091872e+02
3.1826000000e-01 3.0398315750e+02
3.1850000000e-01 3.0393731974e+02
3.1876000000e-01 3.0388956464e+02
3.1900000000e-01 3.0384373276e+02
3.1926000000e-01 3.0379598328e+02
3.1950000000e-01 3.0375015776e+02
3.1976000000e-01 3.0370241542e+02
3.2000000000e-01 3.0365659627e+02
3.2026000000e-01 3.0360886005e+02
3.2050000000e-01 3.0356304727e+02
3.2076000000e-01 3.0351531769e+02
3.2100000000e-01 3.0346951127e+02
3.2126000000e-01 3.0342178883e+02
3.2150000000e-01 3.0337598927e+02
3.2176000000e-01 3.0332827347e+02
3.2200000000e-01 3.0328248076e+02
3.2226000000e-01 3.0323477210e+02
3.2250000000e-01 3.0318898674e+02
3.2276000000e-01 3.0314128573e+02
3.2300000000e-01 3.0309550772e+02
3.2326000000e-01 3.0304781437e+02
3.2350000000e-01 3.0300204419e+02
3.2376000000e-01 3.0295435849e+02
3.2400000000e-01 3.0290859566e+02
3.2426000000e-01 3.0286091812e+02
3.2450000000e-01 3.0281516313e+02
3.2476000000e-01 3.0276749376e+02
3.2500000000e-01 3.0272174709e+02
3.2526000000e-01 3.0267408639e+02
3.2550000000e-01 3.0262834805e+02
3.2576000000e-01 3.0258069602e+02
3.2600000000e-01 3.0253496650e+02
3.2626000000e-01 3.0248732315e+02
3.2650000000e-01 3.0244160292e+02
3.2676000000e-01 3.0239396927e+02
3.2700000000e-01 3.0234825786e+02
3.2726000000e-01 3.0230063390e+02
3.2750000000e-01 3.0225493180e+02
3.2776000000e-01 3.0220731754e+02
3.2800000000e-01 3.0216162572e+02
3.2826000000e-01 3.0211402166e+02
3.2850000000e-01 3.0206833964e+02
3.2876000000e-01 3.0202074579e+02
3.2900000000e-01 3.0197507404e+02
3.2926000000e-01 3.0192749142e+02
3.2950000000e-01 3.0188183045e+02
3.2976000000e-01 3.0183425956e+02
3.3000000000e-01 3.0178860986e+02
3.3026000000e-01 3.0174105020e+02
3.3050000000e-01 3.0169541224e+02
3.3076000000e-01 3.0164786483e+02
3.3100000000e-01 3.0160223863e+02
3.3126000000e-01 3.0155470346e+02
3.3150000000e-01 3.0150908951e+02
3.3176000000e-01 3.0146156761e+02
3.3200000000e-01 3.0141596639e+02
3.3226000000e-01 3.0136845826e+02
3.3250000000e-01 3.0132287026e+02
3.3276000000e-01 3.0127537541e+02
3.3300000000e-01 3.0122980112e+02
3.3326000000e-01 3.0118232157e+02
3.3350000000e-01 3.0113676148e+02
3.3376000000e-01 3.0108929673e+02
3.3400000000e-01 3.0104375134e+02
3.3426000000e-01 3.0099630241e+02
3.3450000000e-01 3.0095077269e+02
3.3476000000e-01 3.0090334008e+02
3.3500000000e-01 3.0085782603e+02
3.3526000000e-01 3.0081041078e+02
3.3550000000e-01 3.0076491289e+02
3.3576000000e-01 3.0071751499e+02
3.3600000000e-01 3.0067203472e+02
3.3626000000e-01 3.0062465570e+02
3.3650000000e-01 3.0057919356e+02
3.3676000000e-01 3.0053183393e+02
3.3700000000e-01 3.0048639039e+02
3.3726000000e-01 3.0043905066e+02
3.3750000000e-01 3.0039362623e+02
3.3776000000e-01 3.0034630793e+02
3.3800000000e-01 3.0030090407e+02
3.3826000000e-01 3.0025360771e+02
3.3850000000e-01 3.0020822539e+02
3.3876000000e-01 3.0016095200e+02
3.3900000000e-01 3.0011559172e+02
3.3900000000e-01 3.0011559172e+02
3.3926000000e-01 3.0008609700e+02
3.3950000000e-01 3.0005779561e+02
3.3976000000e-01 3.0002830090e+02
3.4000000000e-01 3.0000000000e+02
