0 0 -0.14846
0.25 0 -0.153404
0.5 0 -0.170128
0.75 0 -0.202137
1 0 -0.234345
1.25 0 -0.26656
1.5 0 -0.298646
1.7 0 -0.325109
1.85 0 -0.332537
2.1 0 -0.381652
2.35 0 -0.432704
2.6 0 -0.486056
2.85 0 -0.542247
3.1 0 -0.60213
3.35 0 -0.667259
3.6 0 -0.741182
3.85 0 -0.838431
4 0 -8.69114
4.125 0 -8.72041
4.25 0 -8.8178
4.375 0 -9.04028
4.5 0 -10.4678
4.625 0 -28.1433
4.75 0 -28.1735
4.875 0 -28.1967
5 0 -28.2197
5.07031 0 -28.2327
5.14062 0 -28.2456
5.21094 0 -28.2585
5.28125 0 -28.2714
5.35156 0 -28.2844
5.42188 0 -28.2973
5.5625 0 -28.3231
5.70312 0 -28.349
5.84375 0 -28.3748
5.98438 0 -28.4006
6.125 0 -28.4263
6.26562 0 -28.4521
6.40625 0 -28.4779
6.54688 0 -28.5036
6.6875 0 -28.5293
6.82812 0 -28.5551
6.96875 0 -28.5808
7.10938 0 -28.6064
7.25 0 -28.6321
7.39062 0 -28.6578
7.53125 0 -28.6834
7.67188 0 -28.709
7.8125 0 -28.7346
7.95312 0 -28.7602
8.09375 0 -28.7857
8.23438 0 -28.8113
8.375 0 -28.8368
8.51562 0 -28.8623
8.65625 0 -28.8878
8.79688 0 -28.9132
8.9375 0 -28.9387
9.07812 0 -28.9641
9.21875 0 -28.9895
9.35938 0 -29.0148
9.5 0 -29.0401
9.75 0 -29.0715
10 0 -29.0843
0 0.000624 -0.0973788
0.25 0.000624 -0.102329
0.5 0.000624 -0.119072
0.75 0.000624 -0.151066
1 0.000624 -0.183257
1.25 0.000624 -0.215459
1.5 0.000624 -0.247984
1.7 0.000624 -0.274452
1.85 0.000624 -0.295804
2.1 0.000624 -0.346377
2.35 0.000624 -0.399072
2.6 0.000624 -0.454307
2.85 0.000624 -0.512699
3.1 0.000624 -0.575231
3.35 0.000624 -0.643692
3.6 0.000624 -0.722225
3.85 0.000624 -0.828809
4 0.000624 -8.63636
4.125 0.000624 -8.67897
4.25 0.000624 -8.77779
4.375 0.000624 -9.00398
4.5 0.000624 -10.4499
4.625 0.000624 -28.0089
4.75 0.000624 -28.0669
4.875 0.000624 -28.0927
5 0.000624 -28.116
5.07031 0.000624 -28.1289
5.14062 0.000624 -28.1419
5.21094 0.000624 -28.1548
5.28125 0.000624 -28.1677
5.35156 0.000624 -28.1806
5.42188 0.000624 -28.1934
5.5625 0.000624 -28.2192
5.70312 0.000624 -28.245
5.84375 0.000624 -28.2707
5.98438 0.000624 -28.2965
6.125 0.000624 -28.3222
6.26562 0.000624 -28.3479
6.40625 0.000624 -28.3736
6.54688 0.000624 -28.3993
6.6875 0.000624 -28.425
6.82812 0.000624 -28.4506
6.96875 0.000624 -28.4763
7.10938 0.000624 -28.5019
7.25 0.000624 -28.5275
7.39062 0.000624 -28.5531
7.53125 0.000624 -28.5787
7.67188 0.000624 -28.6042
7.8125 0.000624 -28.6298
7.95312 0.000624 -28.6553
8.09375 0.000624 -28.6808
8.23438 0.000624 -28.7063
8.375 0.000624 -28.7317
8.51562 0.000624 -28.7572
8.65625 0.000624 -28.7826
8.79688 0.000624 -28.808
8.9375 0.000624 -28.8334
9.07812 0.000624 -28.8587
9.21875 0.000624 -28.8841
9.35938 0.000624 -28.9093
9.5 0.000624 -28.9344
9.75 0.000624 -28.9656
10 0.000624 -28.9784
0 0.001248 -0.0698715
0.25 0.001248 -0.0748192
0.5 0.001248 -0.0915564
0.75 0.001248 -0.123516
1 0.001248 -0.155676
1.25 0.001248 -0.18785
1.5 0.001248 -0.22047
1.7 0.001248 -0.246926
1.85 0.001248 -0.272513
2.1 0.001248 -0.323551
2.35 0.001248 -0.376788
2.6 0.001248 -0.43267
2.85 0.001248 -0.491856
3.1 0.001248 -0.555401
3.35 0.001248 -0.625243
3.6 0.001248 -0.70599
3.85 0.001248 -0.820266
4 0.001248 -8.58548
4.125 0.001248 -8.63895
4.25 0.001248 -8.73916
4.375 0.001248 -8.9691
4.5 0.001248 -10.4333
4.625 0.001248 -27.8754
4.75 0.001248 -27.9627
4.875 0.001248 -27.9911
5 0.001248 -28.0148
5.07031 0.001248 -28.0278
5.14062 0.001248 -28.0407
5.21094 0.001248 -28.0535
5.28125 0.001248 -28.0664
5.35156 0.001248 -28.0792
5.42188 0.001248 -28.0921
5.5625 0.001248 -28.1178
5.70312 0.001248 -28.1435
5.84375 0.001248 -28.1691
5.98438 0.001248 -28.1948
6.125 0.001248 -28.2204
6.26562 0.001248 -28.2461
6.40625 0.001248 -28.2717
6.54688 0.001248 -28.2973
6.6875 0.001248 -28.3229
6.82812 0.001248 -28.3484
6.96875 0.001248 -28.374
7.10938 0.001248 -28.3995
7.25 0.001248 -28.4251
7.39062 0.001248 -28.4506
7.53125 0.001248 -28.4761
7.67188 0.001248 -28.5015
7.8125 0.001248 -28.527
7.95312 0.001248 -28.5524
8.09375 0.001248 -28.5779
8.23438 0.001248 -28.6033
8.375 0.001248 -28.6286
8.51562 0.001248 -28.654
8.65625 0.001248 -28.6793
8.79688 0.001248 -28.7047
8.9375 0.001248 -28.73
9.07812 0.001248 -28.7552
9.21875 0.001248 -28.7805
9.35938 0.001248 -28.8057
9.5 0.001248 -28.8307
9.75 0.001248 -28.8618
10 0.001248 -28.8745
0 0.0015601 -0.0591651
0.25 0.0015601 -0.0641106
0.5 0.0015601 -0.0808402
0.75 0.0015601 -0.112777
1 0.0015601 -0.144917
1.25 0.0015601 -0.177072
1.5 0.0015601 -0.209706
1.7 0.0015601 -0.23615
1.85 0.0015601 -0.262912
2.1 0.0015601 -0.314066
2.35 0.0015601 -0.36744
2.6 0.0015601 -0.423491
2.85 0.0015601 -0.48289
3.1 0.0015601 -0.546716
3.35 0.0015601 -0.616957
3.6 0.0015601 -0.698416
3.85 0.0015601 -0.816274
4 0.0015601 -8.56031
4.125 0.0015601 -8.61905
4.25 0.0015601 -8.71997
4.375 0.0015601 -8.9518
4.5 0.0015601 -10.4251
4.625 0.0015601 -27.8089
4.75 0.0015601 -27.9106
4.875 0.0015601 -27.9404
5 0.0015601 -27.9642
5.07031 0.0015601 -27.9772
5.14062 0.0015601 -27.9901
5.21094 0.0015601 -28.0029
5.28125 0.0015601 -28.0158
5.35156 0.0015601 -28.0286
5.42188 0.0015601 -28.0414
5.5625 0.0015601 -28.0671
5.70312 0.0015601 -28.0927
5.84375 0.0015601 -28.1183
5.98438 0.0015601 -28.144
6.125 0.0015601 -28.1696
6.26562 0.0015601 -28.1951
6.40625 0.0015601 -28.2207
6.54688 0.0015601 -28.2463
6.6875 0.0015601 -28.2718
6.82812 0.0015601 -28.2974
6.96875 0.0015601 -28.3229
7.10938 0.0015601 -28.3484
7.25 0.0015601 -28.3739
7.39062 0.0015601 -28.3993
7.53125 0.0015601 -28.4248
7.67188 0.0015601 -28.4502
7.8125 0.0015601 -28.4756
7.95312 0.0015601 -28.501
8.09375 0.0015601 -28.5264
8.23438 0.0015601 -28.5518
8.375 0.0015601 -28.5771
8.51562 0.0015601 -28.6024
8.65625 0.0015601 -28.6277
8.79688 0.0015601 -28.653
8.9375 0.0015601 -28.6783
9.07812 0.0015601 -28.7035
9.21875 0.0015601 -28.7287
9.35938 0.0015601 -28.7538
9.5 0.0015601 -28.7788
9.75 0.0015601 -28.8099
10 0.0015601 -28.8226
0 0.0018721 -0.0498062
0.25 0.0018721 -0.0547489
0.5 0.0018721 -0.0714686
0.75 0.0018721 -0.10338
1 0.0018721 -0.135496
1.25 0.0018721 -0.167629
1.5 0.0018721 -0.200262
1.7 0.0018721 -0.226693
1.85 0.0018721 -0.254257
2.1 0.0018721 -0.305475
2.35 0.0018721 -0.35893
2.6 0.0018721 -0.415082
2.85 0.0018721 -0.474614
3.1 0.0018721 -0.538621
3.35 0.0018721 -0.60913
3.6 0.0018721 -0.691116
3.85 0.0018721 -0.812442
4 0.0018721 -8.53523
4.125 0.0018721 -8.59919
4.25 0.0018721 -8.70081
4.375 0.0018721 -8.93456
4.5 0.0018721 -10.4171
4.625 0.0018721 -27.7425
4.75 0.0018721 -27.8585
4.875 0.0018721 -27.8896
5 0.0018721 -27.9136
5.07031 0.0018721 -27.9266
5.14062 0.0018721 -27.9395
5.21094 0.0018721 -27.9523
5.28125 0.0018721 -27.9651
5.35156 0.0018721 -27.978
5.42188 0.0018721 -27.9908
5.5625 0.0018721 -28.0164
5.70312 0.0018721 -28.042
5.84375 0.0018721 -28.0676
5.98438 0.0018721 -28.0931
6.125 0.0018721 -28.1187
6.26562 0.0018721 -28.1442
6.40625 0.0018721 -28.1698
6.54688 0.0018721 -28.1953
6.6875 0.0018721 -28.2208
6.82812 0.0018721 -28.2463
6.96875 0.0018721 -28.2718
7.10938 0.0018721 -28.2972
7.25 0.0018721 -28.3227
7.39062 0.0018721 -28.3481
7.53125 0.0018721 -28.3735
7.67188 0.0018721 -28.3989
7.8125 0.0018721 -28.4243
7.95312 0.0018721 -28.4496
8.09375 0.0018721 -28.475
8.23438 0.0018721 -28.5003
8.375 0.0018721 -28.5256
8.51562 0.0018721 -28.5509
8.65625 0.0018721 -28.5761
8.79688 0.0018721 -28.6013
8.9375 0.0018721 -28.6266
9.07812 0.0018721 -28.6518
9.21875 0.0018721 -28.6769
9.35938 0.0018721 -28.702
9.5 0.0018721 -28.7269
9.75 0.0018721 -28.7579
10 0.0018721 -28.7706
0 0.0021841 -0.0413831
0.25 0.0021841 -0.0463223
0.5 0.0021841 -0.0630304
0.75 0.0021841 -0.0949126
1 0.0021841 -0.127003
1.25 0.0021841 -0.159109
1.5 0.0021841 -0.191733
1.7 0.0021841 -0.218147
1.85 0.0021841 -0.246275
2.1 0.0021841 -0.297525
2.35 0.0021841 -0.35102
2.6 0.0021841 -0.407228
2.85 0.0021841 -0.466837
3.1 0.0021841 -0.530955
3.35 0.0021841 -0.601639
3.6 0.0021841 -0.684022
3.85 0.0021841 -0.808742
4 0.0021841 -8.51022
4.125 0.0021841 -8.57935
4.25 0.0021841 -8.68168
4.375 0.0021841 -8.91733
4.5 0.0021841 -10.4091
4.625 0.0021841 -27.6761
4.75 0.0021841 -27.8064
4.875 0.0021841 -27.8389
5 0.0021841 -27.863
5.07031 0.0021841 -27.876
5.14062 0.0021841 -27.8889
5.21094 0.0021841 -27.9017
5.28125 0.0021841 -27.9145
5.35156 0.0021841 -27.9273
5.42188 0.0021841 -27.9401
5.5625 0.0021841 -27.9657
5.70312 0.0021841 -27.9912
5.84375 0.0021841 -28.0168
5.98438 0.0021841 -28.0423
6.125 0.0021841 -28.0678
6.26562 0.0021841 -28.0933
6.40625 0.0021841 -28.1188
6.54688 0.0021841 -28.1443
6.6875 0.0021841 -28.1698
6.82812 0.0021841 -28.1952
6.96875 0.0021841 -28.2207
7.10938 0.0021841 -28.2461
7.25 0.0021841 -28.2715
7.39062 0.0021841 -28.2969
7.53125 0.0021841 -28.3222
7.67188 0.0021841 -28.3476
7.8125 0.0021841 -28.3729
7.95312 0.0021841 -28.3982
8.09375 0.0021841 -28.4235
8.23438 0.0021841 -28.4488
8.375 0.0021841 -28.474
8.51562 0.0021841 -28.4993
8.65625 0.0021841 -28.5245
8.79688 0.0021841 -28.5497
8.9375 0.0021841 -28.5749
9.07812 0.0021841 -28.6
9.21875 0.0021841 -28.6251
9.35938 0.0021841 -28.6502
9.5 0.0021841 -28.6751
9.75 0.0021841 -28.706
10 0.0021841 -28.7187
0 0.0024961 -0.0336355
0.25 0.0024961 -0.0385708
0.5 0.0024961 -0.0552654
0.75 0.0024961 -0.0871157
1 0.0024961 -0.119177
1.25 0.0024961 -0.151254
1.5 0.0024961 -0.183861
1.7 0.0024961 -0.210256
1.85 0.0024961 -0.238789
2.1 0.0024961 -0.290044
2.35 0.0024961 -0.343552
2.6 0.0024961 -0.399783
2.85 0.0024961 -0.459429
3.1 0.0024961 -0.523609
3.35 0.0024961 -0.594401
3.6 0.0024961 -0.677083
3.85 0.0024961 -0.805155
4 0.0024961 -8.48526
4.125 0.0024961 -8.55952
4.25 0.0024961 -8.66255
4.375 0.0024961 -8.90011
4.5 0.0024961 -10.4011
4.625 0.0024961 -27.6099
4.75 0.0024961 -27.7543
4.875 0.0024961 -27.7881
5 0.0024961 -27.8125
5.07031 0.0024961 -27.8255
5.14062 0.0024961 -27.8383
5.21094 0.0024961 -27.8511
5.28125 0.0024961 -27.8639
5.35156 0.0024961 -27.8767
5.42188 0.0024961 -27.8895
5.5625 0.0024961 -27.915
5.70312 0.0024961 -27.9405
5.84375 0.0024961 -27.966
5.98438 0.0024961 -27.9915
6.125 0.0024961 -28.017
6.26562 0.0024961 -28.0424
6.40625 0.0024961 -28.0679
6.54688 0.0024961 -28.0933
6.6875 0.0024961 -28.1187
6.82812 0.0024961 -28.1442
6.96875 0.0024961 -28.1695
7.10938 0.0024961 -28.1949
7.25 0.0024961 -28.2203
7.39062 0.0024961 -28.2456
7.53125 0.0024961 -28.2709
7.67188 0.0024961 -28.2963
7.8125 0.0024961 -28.3215
7.95312 0.0024961 -28.3468
8.09375 0.0024961 -28.3721
8.23438 0.0024961 -28.3973
8.375 0.0024961 -28.4225
8.51562 0.0024961 -28.4477
8.65625 0.0024961 -28.4729
8.79688 0.0024961 -28.498
8.9375 0.0024961 -28.5232
9.07812 0.0024961 -28.5483
9.21875 0.0024961 -28.5734
9.35938 0.0024961 -28.5984
9.5 0.0024961 -28.6232
9.75 0.0024961 -28.6541
10 0.0024961 -28.6668
0 0.0028081 -0.0263884
0.25 0.0028081 -0.0313195
0.5 0.0028081 -0.047999
0.75 0.0028081 -0.0798147
1 0.0028081 -0.111844
1.25 0.0028081 -0.14389
1.5 0.0028081 -0.176473
1.7 0.0028081 -0.202848
1.85 0.0028081 -0.231672
2.1 0.0028081 -0.282916
2.35 0.0028081 -0.336416
2.6 0.0028081 -0.392645
2.85 0.0028081 -0.452299
3.1 0.0028081 -0.516502
3.35 0.0028081 -0.587354
3.6 0.0028081 -0.670264
3.85 0.0028081 -0.801662
4 0.0028081 -8.46033
4.125 0.0028081 -8.5397
4.25 0.0028081 -8.64343
4.375 0.0028081 -8.8829
4.5 0.0028081 -10.3931
4.625 0.0028081 -27.5438
4.75 0.0028081 -27.7022
4.875 0.0028081 -27.7374
5 0.0028081 -27.7619
5.07031 0.0028081 -27.7749
5.14062 0.0028081 -27.7878
5.21094 0.0028081 -27.8005
5.28125 0.0028081 -27.8133
5.35156 0.0028081 -27.8261
5.42188 0.0028081 -27.8388
5.5625 0.0028081 -27.8643
5.70312 0.0028081 -27.8898
5.84375 0.0028081 -27.9152
5.98438 0.0028081 -27.9407
6.125 0.0028081 -27.9661
6.26562 0.0028081 -27.9915
6.40625 0.0028081 -28.0169
6.54688 0.0028081 -28.0423
6.6875 0.0028081 -28.0677
6.82812 0.0028081 -28.0931
6.96875 0.0028081 -28.1184
7.10938 0.0028081 -28.1438
7.25 0.0028081 -28.1691
7.39062 0.0028081 -28.1944
7.53125 0.0028081 -28.2197
7.67188 0.0028081 -28.2449
7.8125 0.0028081 -28.2702
7.95312 0.0028081 -28.2954
8.09375 0.0028081 -28.3206
8.23438 0.0028081 -28.3458
8.375 0.0028081 -28.371
8.51562 0.0028081 -28.3961
8.65625 0.0028081 -28.4213
8.79688 0.0028081 -28.4464
8.9375 0.0028081 -28.4715
9.07812 0.0028081 -28.4966
9.21875 0.0028081 -28.5216
9.35938 0.0028081 -28.5466
9.5 0.0028081 -28.5713
9.75 0.0028081 -28.6022
10 0.0028081 -28.6148
0 0.0031201 -0.0195195
0.25 0.0031201 -0.0244459
0.5 0.0031201 -0.0411091
0.75 0.0031201 -0.0728876
1 0.0031201 -0.104883
1.25 0.0031201 -0.136895
1.5 0.0031201 -0.16945
1.7 0.0031201 -0.195802
1.85 0.0031201 -0.224838
2.1 0.0031201 -0.276055
2.35 0.0031201 -0.329531
2.6 0.0031201 -0.38574
2.85 0.0031201 -0.445379
3.1 0.0031201 -0.509579
3.35 0.0031201 -0.580451
3.6 0.0031201 -0.663537
3.85 0.0031201 -0.798248
4 0.0031201 -8.43545
4.125 0.0031201 -8.51988
4.25 0.0031201 -8.62432
4.375 0.0031201 -8.86567
4.5 0.0031201 -10.385
4.625 0.0031201 -27.4778
4.75 0.0031201 -27.6501
4.875 0.0031201 -27.6866
5 0.0031201 -27.7113
5.07031 0.0031201 -27.7244
5.14062 0.0031201 -27.7372
5.21094 0.0031201 -27.75
5.28125 0.0031201 -27.7627
5.35156 0.0031201 -27.7754
5.42188 0.0031201 -27.7881
5.5625 0.0031201 -27.8136
5.70312 0.0031201 -27.839
5.84375 0.0031201 -27.8644
5.98438 0.0031201 -27.8899
6.125 0.0031201 -27.9152
6.26562 0.0031201 -27.9406
6.40625 0.0031201 -27.966
6.54688 0.0031201 -27.9913
6.6875 0.0031201 -28.0167
6.82812 0.0031201 -28.042
6.96875 0.0031201 -28.0673
7.10938 0.0031201 -28.0926
7.25 0.0031201 -28.1179
7.39062 0.0031201 -28.1431
7.53125 0.0031201 -28.1684
7.67188 0.0031201 -28.1936
7.8125 0.0031201 -28.2188
7.95312 0.0031201 -28.244
8.09375 0.0031201 -28.2692
8.23438 0.0031201 -28.2943
8.375 0.0031201 -28.3195
8.51562 0.0031201 -28.3446
8.65625 0.0031201 -28.3697
8.79688 0.0031201 -28.3947
8.9375 0.0031201 -28.4198
9.07812 0.0031201 -28.4448
9.21875 0.0031201 -28.4698
9.35938 0.0031201 -28.4948
9.5 0.0031201 -28.5195
9.75 0.0031201 -28.5503
10 0.0031201 -28.5629
0 0.0034321 -0.0129405
0.25 0.0034321 -0.0178619
0.5 0.0034321 -0.0345074
0.75 0.0034321 -0.0662466
1 0.0034321 -0.098205
1.25 0.0034321 -0.130181
1.5 0.0034321 -0.162705
1.7 0.0034321 -0.189032
1.85 0.0034321 -0.218219
2.1 0.0034321 -0.2694
2.35 0.0034321 -0.322839
2.6 0.0034321 -0.379013
2.85 0.0034321 -0.43862
3.1 0.0034321 -0.502795
3.35 0.0034321 -0.57366
3.6 0.0034321 -0.656881
3.85 0.0034321 -0.794902
4 0.0034321 -8.4106
4.125 0.0034321 -8.50005
4.25 0.0034321 -8.6052
4.375 0.0034321 -8.84845
4.5 0.0034321 -10.3768
4.625 0.0034321 -27.4119
4.75 0.0034321 -27.598
4.875 0.0034321 -27.6359
5 0.0034321 -27.6608
5.07031 0.0034321 -27.6738
5.14062 0.0034321 -27.6866
5.21094 0.0034321 -27.6994
5.28125 0.0034321 -27.7121
5.35156 0.0034321 -27.7248
5.42188 0.0034321 -27.7375
5.5625 0.0034321 -27.7629
5.70312 0.0034321 -27.7883
5.84375 0.0034321 -27.8137
5.98438 0.0034321 -27.839
6.125 0.0034321 -27.8644
6.26562 0.0034321 -27.8897
6.40625 0.0034321 -27.9151
6.54688 0.0034321 -27.9404
6.6875 0.0034321 -27.9657
6.82812 0.0034321 -27.9909
6.96875 0.0034321 -28.0162
7.10938 0.0034321 -28.0415
7.25 0.0034321 -28.0667
7.39062 0.0034321 -28.0919
7.53125 0.0034321 -28.1171
7.67188 0.0034321 -28.1423
7.8125 0.0034321 -28.1675
7.95312 0.0034321 -28.1926
8.09375 0.0034321 -28.2177
8.23438 0.0034321 -28.2428
8.375 0.0034321 -28.2679
8.51562 0.0034321 -28.293
8.65625 0.0034321 -28.3181
8.79688 0.0034321 -28.3431
8.9375 0.0034321 -28.3681
9.07812 0.0034321 -28.3931
9.21875 0.0034321 -28.4181
9.35938 0.0034321 -28.443
9.5 0.0034321 -28.4676
9.75 0.0034321 -28.4984
10 0.0034321 -28.511
0 0.0037441 -0.00658628
0.25 0.0037441 -0.0115023
0.5 0.0037441 -0.0281291
0.75 0.0037441 -0.0598267
1 0.0037441 -0.0917467
1.25 0.0037441 -0.123684
1.5 0.0037441 -0.156173
1.7 0.0037441 -0.182474
1.85 0.0037441 -0.211767
2.1 0.0037441 -0.262902
2.35 0.0037441 -0.316296
2.6 0.0037441 -0.372423
2.85 0.0037441 -0.431986
3.1 0.0037441 -0.496118
3.35 0.0037441 -0.566955
3.6 0.0037441 -0.650279
3.85 0.0037441 -0.791611
4 0.0037441 -8.38579
4.125 0.0037441 -8.48023
4.25 0.0037441 -8.58608
4.375 0.0037441 -8.83121
4.5 0.0037441 -10.3686
4.625 0.0037441 -27.3461
4.75 0.0037441 -27.5459
4.875 0.0037441 -27.5852
5 0.0037441 -27.6102
5.07031 0.0037441 -27.6232
5.14062 0.0037441 -27.636
5.21094 0.0037441 -27.6488
5.28125 0.0037441 -27.6615
5.35156 0.0037441 -27.6742
5.42188 0.0037441 -27.6868
5.5625 0.0037441 -27.7122
5.70312 0.0037441 -27.7376
5.84375 0.0037441 -27.7629
5.98438 0.0037441 -27.7882
6.125 0.0037441 -27.8135
6.26562 0.0037441 -27.8388
6.40625 0.0037441 -27.8641
6.54688 0.0037441 -27.8894
6.6875 0.0037441 -27.9146
6.82812 0.0037441 -27.9399
6.96875 0.0037441 -27.9651
7.10938 0.0037441 -27.9903
7.25 0.0037441 -28.0155
7.39062 0.0037441 -28.0407
7.53125 0.0037441 -28.0658
7.67188 0.0037441 -28.091
7.8125 0.0037441 -28.1161
7.95312 0.0037441 -28.1412
8.09375 0.0037441 -28.1663
8.23438 0.0037441 -28.1914
8.375 0.0037441 -28.2164
8.51562 0.0037441 -28.2414
8.65625 0.0037441 -28.2665
8.79688 0.0037441 -28.2914
8.9375 0.0037441 -28.3164
9.07812 0.0037441 -28.3414
9.21875 0.0037441 -28.3663
9.35938 0.0037441 -28.3911
9.5 0.0037441 -28.4158
9.75 0.0037441 -28.4465
10 0.0037441 -28.459
0 0.0040561 -0.000407837
0.25 0.0040561 -0.00531825
0.5 0.0040561 -0.0219253
0.75 0.0040561 -0.0535795
1 0.0040561 -0.0854591
1.25 0.0040561 -0.117357
1.5 0.0040561 -0.149807
1.7 0.0040561 -0.176081
1.85 0.0040561 -0.205446
2.1 0.0040561 -0.256528
2.35 0.0040561 -0.309868
2.6 0.0040561 -0.36594
2.85 0.0040561 -0.425447
3.1 0.0040561 -0.489525
3.35 0.0040561 -0.560315
3.6 0.0040561 -0.64372
3.85 0.0040561 -0.788367
4 0.0040561 -8.36102
4.125 0.0040561 -8.46041
4.25 0.0040561 -8.56696
4.375 0.0040561 -8.81397
4.5 0.0040561 -10.3604
4.625 0.0040561 -27.2805
4.75 0.0040561 -27.4938
4.875 0.0040561 -27.5344
5 0.0040561 -27.5596
5.07031 0.0040561 -27.5727
5.14062 0.0040561 -27.5855
5.21094 0.0040561 -27.5982
5.28125 0.0040561 -27.6109
5.35156 0.0040561 -27.6235
5.42188 0.0040561 -27.6362
5.5625 0.0040561 -27.6615
5.70312 0.0040561 -27.6868
5.84375 0.0040561 -27.7121
5.98438 0.0040561 -27.7374
6.125 0.0040561 -27.7627
6.26562 0.0040561 -27.7879
6.40625 0.0040561 -27.8132
6.54688 0.0040561 -27.8384
6.6875 0.0040561 -27.8636
6.82812 0.0040561 -27.8888
6.96875 0.0040561 -27.914
7.10938 0.0040561 -27.9392
7.25 0.0040561 -27.9643
7.39062 0.0040561 -27.9894
7.53125 0.0040561 -28.0146
7.67188 0.0040561 -28.0397
7.8125 0.0040561 -28.0647
7.95312 0.0040561 -28.0898
8.09375 0.0040561 -28.1148
8.23438 0.0040561 -28.1399
8.375 0.0040561 -28.1649
8.51562 0.0040561 -28.1899
8.65625 0.0040561 -28.2148
8.79688 0.0040561 -28.2398
8.9375 0.0040561 -28.2647
9.07812 0.0040561 -28.2896
9.21875 0.0040561 -28.3145
9.35938 0.0040561 -28.3393
9.5 0.0040561 -28.3639
9.75 0.0040561 -28.3946
10 0.0040561 -28.4071
0 0.0043681 0.00563221
0.25 0.0043681 0.000727689
0.5 0.0043681 -0.0158587
0.75 0.0043681 -0.0474678
1 0.0043681 -0.0793054
1.25 0.0043681 -0.111161
1.5 0.0043681 -0.143572
1.7 0.0043681 -0.169816
1.85 0.0043681 -0.199226
2.1 0.0043681 -0.25025
2.35 0.0043681 -0.30353
2.6 0.0043681 -0.35954
2.85 0.0043681 -0.418983
3.1 0.0043681 -0.482996
3.35 0.0043681 -0.553727
3.6 0.0043681 -0.637193
3.85 0.0043681 -0.785161
4 0.0043681 -8.33628
4.125 0.0043681 -8.44059
4.25 0.0043681 -8.54784
4.375 0.0043681 -8.79672
4.5 0.0043681 -10.352
4.625 0.0043681 -27.2149
4.75 0.0043681 -27.4417
4.875 0.0043681 -27.4837
5 0.0043681 -27.509
5.07031 0.0043681 -27.5221
5.14062 0.0043681 -27.5349
5.21094 0.0043681 -27.5476
5.28125 0.0043681 -27.5602
5.35156 0.0043681 -27.5729
5.42188 0.0043681 -27.5855
5.5625 0.0043681 -27.6108
5.70312 0.0043681 -27.6361
5.84375 0.0043681 -27.6613
5.98438 0.0043681 -27.6866
6.125 0.0043681 -27.7118
6.26562 0.0043681 -27.737
6.40625 0.0043681 -27.7622
6.54688 0.0043681 -27.7874
6.6875 0.0043681 -27.8126
6.82812 0.0043681 -27.8377
6.96875 0.0043681 -27.8629
7.10938 0.0043681 -27.888
7.25 0.0043681 -27.9131
7.39062 0.0043681 -27.9382
7.53125 0.0043681 -27.9633
7.67188 0.0043681 -27.9883
7.8125 0.0043681 -28.0134
7.95312 0.0043681 -28.0384
8.09375 0.0043681 -28.0634
8.23438 0.0043681 -28.0884
8.375 0.0043681 -28.1134
8.51562 0.0043681 -28.1383
8.65625 0.0043681 -28.1632
8.79688 0.0043681 -28.1881
8.9375 0.0043681 -28.213
9.07812 0.0043681 -28.2379
9.21875 0.0043681 -28.2627
9.35938 0.0043681 -28.2875
9.5 0.0043681 -28.312
9.75 0.0043681 -28.3426
10 0.0043681 -28.3552
0 0.0046801 0.0115627
0.25 0.0046801 0.0066643
0.5 0.0046801 -0.00990058
0.75 0.0046801 -0.0414631
1 0.0046801 -0.0732572
1.25 0.0046801 -0.10507
1.5 0.0046801 -0.137438
1.7 0.0046801 -0.163652
1.85 0.0046801 -0.193087
2.1 0.0046801 -0.244048
2.35 0.0046801 -0.297262
2.6 0.0046801 -0.353204
2.85 0.0046801 -0.412577
3.1 0.0046801 -0.476517
3.35 0.0046801 -0.547179
3.6 0.0046801 -0.630692
3.85 0.0046801 -0.781986
4 0.0046801 -8.31158
4.125 0.0046801 -8.42077
4.25 0.0046801 -8.52872
4.375 0.0046801 -8.77947
4.5 0.0046801 -10.3436
4.625 0.0046801 -27.1494
4.75 0.0046801 -27.3896
4.875 0.0046801 -27.4329
5 0.0046801 -27.4585
5.07031 0.0046801 -27.4715
5.14062 0.0046801 -27.4843
5.21094 0.0046801 -27.497
5.28125 0.0046801 -27.5096
5.35156 0.0046801 -27.5223
5.42188 0.0046801 -27.5349
5.5625 0.0046801 -27.5601
5.70312 0.0046801 -27.5853
5.84375 0.0046801 -27.6106
5.98438 0.0046801 -27.6358
6.125 0.0046801 -27.6609
6.26562 0.0046801 -27.6861
6.40625 0.0046801 -27.7113
6.54688 0.0046801 -27.7364
6.6875 0.0046801 -27.7615
6.82812 0.0046801 -27.7867
6.96875 0.0046801 -27.8118
7.10938 0.0046801 -27.8368
7.25 0.0046801 -27.8619
7.39062 0.0046801 -27.887
7.53125 0.0046801 -27.912
7.67188 0.0046801 -27.937
7.8125 0.0046801 -27.962
7.95312 0.0046801 -27.987
8.09375 0.0046801 -28.012
8.23438 0.0046801 -28.0369
8.375 0.0046801 -28.0618
8.51562 0.0046801 -28.0867
8.65625 0.0046801 -28.1116
8.79688 0.0046801 -28.1365
8.9375 0.0046801 -28.1613
9.07812 0.0046801 -28.1862
9.21875 0.0046801 -28.211
9.35938 0.0046801 -28.2357
9.5 0.0046801 -28.2602
9.75 0.0046801 -28.2907
10 0.0046801 -28.3032
0 0.0049922 0.017408
0.25 0.0049922 0.0125159
0.5 0.0049922 -0.0040268
0.75 0.0049922 -0.0355414
1 0.0049922 -0.0672907
1.25 0.0049922 -0.0990588
1.5 0.0049922 -0.131383
1.7 0.0049922 -0.157566
1.85 0.0049922 -0.187009
2.1 0.0049922 -0.237903
2.35 0.0049922 -0.291048
2.6 0.0049922 -0.346918
2.85 0.0049922 -0.406214
3.1 0.0049922 -0.470074
3.35 0.0049922 -0.540659
3.6 0.0049922 -0.624209
3.85 0.0049922 -0.778834
4 0.0049922 -8.28691
4.125 0.0049922 -8.40094
4.25 0.0049922 -8.50959
4.375 0.0049922 -8.7622
4.5 0.0049922 -10.3351
4.625 0.0049922 -27.084
4.75 0.0049922 -27.3375
4.875 0.0049922 -27.3822
5 0.0049922 -27.4079
5.07031 0.0049922 -27.421
5.14062 0.0049922 -27.4337
5.21094 0.0049922 -27.4464
5.28125 0.0049922 -27.459
5.35156 0.0049922 -27.4716
5.42188 0.0049922 -27.4842
5.5625 0.0049922 -27.5094
5.70312 0.0049922 -27.5346
5.84375 0.0049922 -27.5598
5.98438 0.0049922 -27.5849
6.125 0.0049922 -27.6101
6.26562 0.0049922 -27.6352
6.40625 0.0049922 -27.6603
6.54688 0.0049922 -27.6854
6.6875 0.0049922 -27.7105
6.82812 0.0049922 -27.7356
6.96875 0.0049922 -27.7606
7.10938 0.0049922 -27.7857
7.25 0.0049922 -27.8107
7.39062 0.0049922 -27.8357
7.53125 0.0049922 -27.8607
7.67188 0.0049922 -27.8857
7.8125 0.0049922 -27.9106
7.95312 0.0049922 -27.9356
8.09375 0.0049922 -27.9605
8.23438 0.0049922 -27.9854
8.375 0.0049922 -28.0103
8.51562 0.0049922 -28.0352
8.65625 0.0049922 -28.06
8.79688 0.0049922 -28.0848
8.9375 0.0049922 -28.1096
9.07812 0.0049922 -28.1344
9.21875 0.0049922 -28.1592
9.35938 0.0049922 -28.1839
9.5 0.0049922 -28.2083
9.75 0.0049922 -28.2388
10 0.0049922 -28.2513
0 0.0053042 0.023182
0.25 0.0053042 0.0182963
0.5 0.0053042 0.00177644
0.75 0.0053042 -0.029689
1 0.0053042 -0.0613924
1.25 0.0053042 -0.0931148
1.5 0.0053042 -0.125394
1.7 0.0053042 -0.151544
1.85 0.0053042 -0.180983
2.1 0.0053042 -0.231807
2.35 0.0053042 -0.284879
2.6 0.0053042 -0.340672
2.85 0.0053042 -0.399889
3.1 0.0053042 -0.463664
3.35 0.0053042 -0.534165
3.6 0.0053042 -0.617744
3.85 0.0053042 -0.775703
4 0.0053042 -8.26228
4.125 0.0053042 -8.38112
4.25 0.0053042 -8.49046
4.375 0.0053042 -8.74492
4.5 0.0053042 -10.3265
4.625 0.0053042 -27.0187
4.75 0.0053042 -27.2854
4.875 0.0053042 -27.3314
5 0.0053042 -27.3573
5.07031 0.0053042 -27.3704
5.14062 0.0053042 -27.3832
5.21094 0.0053042 -27.3958
5.28125 0.0053042 -27.4084
5.35156 0.0053042 -27.421
5.42188 0.0053042 -27.4336
5.5625 0.0053042 -27.4587
5.70312 0.0053042 -27.4839
5.84375 0.0053042 -27.509
5.98438 0.0053042 -27.5341
6.125 0.0053042 -27.5592
6.26562 0.0053042 -27.5843
6.40625 0.0053042 -27.6094
6.54688 0.0053042 -27.6344
6.6875 0.0053042 -27.6595
6.82812 0.0053042 -27.6845
6.96875 0.0053042 -27.7095
7.10938 0.0053042 -27.7345
7.25 0.0053042 -27.7595
7.39062 0.0053042 -27.7845
7.53125 0.0053042 -27.8094
7.67188 0.0053042 -27.8344
7.8125 0.0053042 -27.8593
7.95312 0.0053042 -27.8842
8.09375 0.0053042 -27.9091
8.23438 0.0053042 -27.9339
8.375 0.0053042 -27.9588
8.51562 0.0053042 -27.9836
8.65625 0.0053042 -28.0084
8.79688 0.0053042 -28.0332
8.9375 0.0053042 -28.0579
9.07812 0.0053042 -28.0827
9.21875 0.0053042 -28.1074
9.35938 0.0053042 -28.132
9.5 0.0053042 -28.1564
9.75 0.0053042 -28.1869
10 0.0053042 -28.1993
0 0.0056162 0.0289004
0.25 0.0056162 0.0240214
0.5 0.0056162 0.00752486
0.75 0.0056162 -0.0238904
1 0.0056162 -0.0555469
1.25 0.0056162 -0.0872225
1.5 0.0056162 -0.119455
1.7 0.0056162 -0.145572
1.85 0.0056162 -0.174997
2.1 0.0056162 -0.225748
2.35 0.0056162 -0.278744
2.6 0.0056162 -0.334458
2.85 0.0056162 -0.393591
3.1 0.0056162 -0.457278
3.35 0.0056162 -0.527689
3.6 0.0056162 -0.61129
3.85 0.0056162 -0.772587
4 0.0056162 -8.23768
4.125 0.0056162 -8.3613
4.25 0.0056162 -8.47134
4.375 0.0056162 -8.72764
4.5 0.0056162 -10.3178
4.625 0.0056162 -26.9536
4.75 0.0056162 -27.2333
4.875 0.0056162 -27.2807
5 0.0056162 -27.3067
5.07031 0.0056162 -27.3198
5.14062 0.0056162 -27.3326
5.21094 0.0056162 -27.3452
5.28125 0.0056162 -27.3578
5.35156 0.0056162 -27.3704
5.42188 0.0056162 -27.3829
5.5625 0.0056162 -27.408
5.70312 0.0056162 -27.4331
5.84375 0.0056162 -27.4582
5.98438 0.0056162 -27.4833
6.125 0.0056162 -27.5083
6.26562 0.0056162 -27.5334
6.40625 0.0056162 -27.5584
6.54688 0.0056162 -27.5834
6.6875 0.0056162 -27.6084
6.82812 0.0056162 -27.6334
6.96875 0.0056162 -27.6584
7.10938 0.0056162 -27.6834
7.25 0.0056162 -27.7083
7.39062 0.0056162 -27.7332
7.53125 0.0056162 -27.7581
7.67188 0.0056162 -27.783
7.8125 0.0056162 -27.8079
7.95312 0.0056162 -27.8328
8.09375 0.0056162 -27.8576
8.23438 0.0056162 -27.8824
8.375 0.0056162 -27.9072
8.51562 0.0056162 -27.932
8.65625 0.0056162 -27.9568
8.79688 0.0056162 -27.9815
8.9375 0.0056162 -28.0062
9.07812 0.0056162 -28.0309
9.21875 0.0056162 -28.0556
9.35938 0.0056162 -28.0802
9.5 0.0056162 -28.1046
9.75 0.0056162 -28.135
10 0.0056162 -28.1474
0 0.0059282 0.0345743
0.25 0.0059282 0.0297021
0.5 0.0059282 0.0132294
0.75 0.0059282 -0.0181348
1 0.0059282 -0.0497435
1.25 0.0059282 -0.0813715
1.5 0.0059282 -0.113556
1.7 0.0059282 -0.13964
1.85 0.0059282 -0.169042
2.1 0.0059282 -0.219718
2.35 0.0059282 -0.272636
2.6 0.0059282 -0.328269
2.85 0.0059282 -0.387315
3.1 0.0059282 -0.45091
3.35 0.0059282 -0.521228
3.6 0.0059282 -0.604846
3.85 0.0059282 -0.76948
4 0.0059282 -8.21313
4.125 0.0059282 -8.34147
4.25 0.0059282 -8.45222
4.375 0.0059282 -8.71035
4.5 0.0059282 -10.309
4.625 0.0059282 -26.8885
4.75 0.0059282 -27.1813
4.875 0.0059282 -27.23
5 0.0059282 -27.2562
5.07031 0.0059282 -27.2693
5.14062 0.0059282 -27.282
5.21094 0.0059282 -27.2946
5.28125 0.0059282 -27.3072
5.35156 0.0059282 -27.3197
5.42188 0.0059282 -27.3323
5.5625 0.0059282 -27.3573
5.70312 0.0059282 -27.3824
5.84375 0.0059282 -27.4074
5.98438 0.0059282 -27.4325
6.125 0.0059282 -27.4575
6.26562 0.0059282 -27.4825
6.40625 0.0059282 -27.5075
6.54688 0.0059282 -27.5325
6.6875 0.0059282 -27.5574
6.82812 0.0059282 -27.5824
6.96875 0.0059282 -27.6073
7.10938 0.0059282 -27.6322
7.25 0.0059282 -27.6571
7.39062 0.0059282 -27.682
7.53125 0.0059282 -27.7069
7.67188 0.0059282 -27.7317
7.8125 0.0059282 -27.7566
7.95312 0.0059282 -27.7814
8.09375 0.0059282 -27.8062
8.23438 0.0059282 -27.8309
8.375 0.0059282 -27.8557
8.51562 0.0059282 -27.8804
8.65625 0.0059282 -27.9052
8.79688 0.0059282 -27.9299
8.9375 0.0059282 -27.9545
9.07812 0.0059282 -27.9792
9.21875 0.0059282 -28.0038
9.35938 0.0059282 -28.0284
9.5 0.0059282 -28.0527
9.75 0.0059282 -28.0831
10 0.0059282 -28.0955
0 0.0062402 0.0402125
0.25 0.0062402 0.0353472
0.5 0.0062402 0.0188987
0.75 0.0062402 -0.0124135
1 0.0062402 -0.0439737
1.25 0.0062402 -0.0755533
1.5 0.0062402 -0.107689
1.7 0.0062402 -0.133739
1.85 0.0062402 -0.163112
2.1 0.0062402 -0.213712
2.35 0.0062402 -0.26655
2.6 0.0062402 -0.322098
2.85 0.0062402 -0.381056
3.1 0.0062402 -0.444557
3.35 0.0062402 -0.514778
3.6 0.0062402 -0.598409
3.85 0.0062402 -0.76638
4 0.0062402 -8.1886
4.125 0.0062402 -8.32165
4.25 0.0062402 -8.43309
4.375 0.0062402 -8.69306
4.5 0.0062402 -10.3001
4.625 0.0062402 -26.8236
4.75 0.0062402 -27.1292
4.875 0.0062402 -27.1792
5 0.0062402 -27.2056
5.07031 0.0062402 -27.2187
5.14062 0.0062402 -27.2314
5.21094 0.0062402 -27.244
5.28125 0.0062402 -27.2566
5.35156 0.0062402 -27.2691
5.42188 0.0062402 -27.2816
5.5625 0.0062402 -27.3066
5.70312 0.0062402 -27.3316
5.84375 0.0062402 -27.3567
5.98438 0.0062402 -27.3816
6.125 0.0062402 -27.4066
6.26562 0.0062402 -27.4316
6.40625 0.0062402 -27.4565
6.54688 0.0062402 -27.4815
6.6875 0.0062402 -27.5064
6.82812 0.0062402 -27.5313
6.96875 0.0062402 -27.5562
7.10938 0.0062402 -27.5811
7.25 0.0062402 -27.6059
7.39062 0.0062402 -27.6308
7.53125 0.0062402 -27.6556
7.67188 0.0062402 -27.6804
7.8125 0.0062402 -27.7052
7.95312 0.0062402 -27.73
8.09375 0.0062402 -27.7547
8.23438 0.0062402 -27.7795
8.375 0.0062402 -27.8042
8.51562 0.0062402 -27.8289
8.65625 0.0062402 -27.8536
8.79688 0.0062402 -27.8782
8.9375 0.0062402 -27.9029
9.07812 0.0062402 -27.9275
9.21875 0.0062402 -27.9521
9.35938 0.0062402 -27.9766
9.5 0.0062402 -28.0008
9.75 0.0062402 -28.0312
10 0.0062402 -28.0435
0 0.0065522 0.045822
0.25 0.0065522 0.0409637
0.5 0.0065522 0.0245399
0.75 0.0065522 -0.00671987
1 0.0065522 -0.0382307
1.25 0.0065522 -0.0697614
1.5 0.0065522 -0.101848
1.7 0.0065522 -0.127863
1.85 0.0065522 -0.157202
2.1 0.0065522 -0.207723
2.35 0.0065522 -0.26048
2.6 0.0065522 -0.315943
2.85 0.0065522 -0.374811
3.1 0.0065522 -0.438215
3.35 0.0065522 -0.508337
3.6 0.0065522 -0.591977
3.85 0.0065522 -0.763283
4 0.0065522 -8.16411
4.125 0.0065522 -8.30183
4.25 0.0065522 -8.41396
4.375 0.0065522 -8.67575
4.5 0.0065522 -10.2911
4.625 0.0065522 -26.7587
4.75 0.0065522 -27.0771
4.875 0.0065522 -27.1285
5 0.0065522 -27.155
5.07031 0.0065522 -27.1681
5.14062 0.0065522 -27.1809
5.21094 0.0065522 -27.1934
5.28125 0.0065522 -27.206
5.35156 0.0065522 -27.2185
5.42188 0.0065522 -27.231
5.5625 0.0065522 -27.2559
5.70312 0.0065522 -27.2809
5.84375 0.0065522 -27.3059
5.98438 0.0065522 -27.3308
6.125 0.0065522 -27.3558
6.26562 0.0065522 -27.3807
6.40625 0.0065522 -27.4056
6.54688 0.0065522 -27.4305
6.6875 0.0065522 -27.4554
6.82812 0.0065522 -27.4802
6.96875 0.0065522 -27.5051
7.10938 0.0065522 -27.5299
7.25 0.0065522 -27.5547
7.39062 0.0065522 -27.5795
7.53125 0.0065522 -27.6043
7.67188 0.0065522 -27.6291
7.8125 0.0065522 -27.6538
7.95312 0.0065522 -27.6786
8.09375 0.0065522 -27.7033
8.23438 0.0065522 -27.728
8.375 0.0065522 -27.7527
8.51562 0.0065522 -27.7773
8.65625 0.0065522 -27.8019
8.79688 0.0065522 -27.8266
8.9375 0.0065522 -27.8512
9.07812 0.0065522 -27.8757
9.21875 0.0065522 -27.9003
9.35938 0.0065522 -27.9248
9.5 0.0065522 -27.949
9.75 0.0065522 -27.9792
10 0.0065522 -27.9916
0 0.0068642 0.0514084
0.25 0.0068642 0.0465572
0.5 0.0068642 0.0301583
0.75 0.0068642 -0.00104831
1 0.0068642 -0.0325094
1.25 0.0068642 -0.0639904
1.5 0.0068642 -0.096027
1.7 0.0068642 -0.122006
1.85 0.0068642 -0.151308
2.1 0.0068642 -0.20175
2.35 0.0068642 -0.254424
2.6 0.0068642 -0.3098
2.85 0.0068642 -0.368576
3.1 0.0068642 -0.431882
3.35 0.0068642 -0.501903
3.6 0.0068642 -0.58555
3.85 0.0068642 -0.760186
4 0.0068642 -8.13966
4.125 0.0068642 -8.28201
4.25 0.0068642 -8.39483
4.375 0.0068642 -8.65843
4.5 0.0068642 -10.2821
4.625 0.0068642 -26.6939
4.75 0.0068642 -27.025
4.875 0.0068642 -27.0777
5 0.0068642 -27.1044
5.07031 0.0068642 -27.1176
5.14062 0.0068642 -27.1303
5.21094 0.0068642 -27.1428
5.28125 0.0068642 -27.1553
5.35156 0.0068642 -27.1678
5.42188 0.0068642 -27.1803
5.5625 0.0068642 -27.2052
5.70312 0.0068642 -27.2302
5.84375 0.0068642 -27.2551
5.98438 0.0068642 -27.28
6.125 0.0068642 -27.3049
6.26562 0.0068642 -27.3298
6.40625 0.0068642 -27.3546
6.54688 0.0068642 -27.3795
6.6875 0.0068642 -27.4043
6.82812 0.0068642 -27.4292
6.96875 0.0068642 -27.454
7.10938 0.0068642 -27.4788
7.25 0.0068642 -27.5035
7.39062 0.0068642 -27.5283
7.53125 0.0068642 -27.553
7.67188 0.0068642 -27.5778
7.8125 0.0068642 -27.6025
7.95312 0.0068642 -27.6272
8.09375 0.0068642 -27.6518
8.23438 0.0068642 -27.6765
8.375 0.0068642 -27.7011
8.51562 0.0068642 -27.7257
8.65625 0.0068642 -27.7503
8.79688 0.0068642 -27.7749
8.9375 0.0068642 -27.7995
9.07812 0.0068642 -27.824
9.21875 0.0068642 -27.8485
9.35938 0.0068642 -27.873
9.5 0.0068642 -27.8971
9.75 0.0068642 -27.9273
10 0.0068642 -27.9397
0 0.0071762 0.0569762
0.25 0.0071762 0.0521322
0.5 0.0071762 0.0357585
0.75 0.0071762 0.00460552
1 0.0071762 -0.0268052
1.25 0.0071762 -0.0582362
1.5 0.0071762 -0.0902222
1.7 0.0071762 -0.116166
1.85 0.0071762 -0.145426
2.1 0.0071762 -0.195787
2.35 0.0071762 -0.248378
2.6 0.0071762 -0.303666
2.85 0.0071762 -0.362349
3.1 0.0071762 -0.425555
3.35 0.0071762 -0.495474
3.6 0.0071762 -0.579126
3.85 0.0071762 -0.757087
4 0.0071762 -8.11524
4.125 0.0071762 -8.26219
4.25 0.0071762 -8.37571
4.375 0.0071762 -8.64111
4.5 0.0071762 -10.2729
4.625 0.0071762 -26.6293
4.75 0.0071762 -26.9729
4.875 0.0071762 -27.027
5 0.0071762 -27.0539
5.07031 0.0071762 -27.067
5.14062 0.0071762 -27.0797
5.21094 0.0071762 -27.0922
5.28125 0.0071762 -27.1047
5.35156 0.0071762 -27.1172
5.42188 0.0071762 -27.1296
5.5625 0.0071762 -27.1545
5.70312 0.0071762 -27.1794
5.84375 0.0071762 -27.2043
5.98438 0.0071762 -27.2292
6.125 0.0071762 -27.254
6.26562 0.0071762 -27.2789
6.40625 0.0071762 -27.3037
6.54688 0.0071762 -27.3285
6.6875 0.0071762 -27.3533
6.82812 0.0071762 -27.3781
6.96875 0.0071762 -27.4028
7.10938 0.0071762 -27.4276
7.25 0.0071762 -27.4523
7.39062 0.0071762 -27.4771
7.53125 0.0071762 -27.5018
7.67188 0.0071762 -27.5264
7.8125 0.0071762 -27.5511
7.95312 0.0071762 -27.5758
8.09375 0.0071762 -27.6004
8.23438 0.0071762 -27.625
8.375 0.0071762 -27.6496
8.51562 0.0071762 -27.6742
8.65625 0.0071762 -27.6987
8.79688 0.0071762 -27.7233
8.9375 0.0071762 -27.7478
9.07812 0.0071762 -27.7723
9.21875 0.0071762 -27.7967
9.35938 0.0071762 -27.8211
9.5 0.0071762 -27.8453
9.75 0.0071762 -27.8754
10 0.0071762 -27.8877
0 0.0074883 0.0625308
0.25 0.0074883 0.057694
0.5 0.0074883 0.0413458
0.75 0.0074883 0.0102469
1 0.0074883 -0.0211131
1.25 0.0074883 -0.0524935
1.5 0.0074883 -0.0844284
1.7 0.0074883 -0.110336
1.85 0.0074883 -0.139552
2.1 0.0074883 -0.189832
2.35 0.0074883 -0.242338
2.6 0.0074883 -0.297538
2.85 0.0074883 -0.356126
3.1 0.0074883 -0.419233
3.35 0.0074883 -0.489048
3.6 0.0074883 -0.572703
3.85 0.0074883 -0.753981
4 0.0074883 -8.09085
4.125 0.0074883 -8.24236
4.25 0.0074883 -8.35657
4.375 0.0074883 -8.62377
4.5 0.0074883 -10.2637
4.625 0.0074883 -26.5647
4.75 0.0074883 -26.9208
4.875 0.0074883 -26.9762
5 0.0074883 -27.0033
5.07031 0.0074883 -27.0164
5.14062 0.0074883 -27.0291
5.21094 0.0074883 -27.0416
5.28125 0.0074883 -27.0541
5.35156 0.0074883 -27.0665
5.42188 0.0074883 -27.079
5.5625 0.0074883 -27.1038
5.70312 0.0074883 -27.1287
5.84375 0.0074883 -27.1535
5.98438 0.0074883 -27.1783
6.125 0.0074883 -27.2032
6.26562 0.0074883 -27.228
6.40625 0.0074883 -27.2527
6.54688 0.0074883 -27.2775
6.6875 0.0074883 -27.3023
6.82812 0.0074883 -27.327
6.96875 0.0074883 -27.3517
7.10938 0.0074883 -27.3764
7.25 0.0074883 -27.4011
7.39062 0.0074883 -27.4258
7.53125 0.0074883 -27.4505
7.67188 0.0074883 -27.4751
7.8125 0.0074883 -27.4997
7.95312 0.0074883 -27.5243
8.09375 0.0074883 -27.5489
8.23438 0.0074883 -27.5735
8.375 0.0074883 -27.5981
8.51562 0.0074883 -27.6226
8.65625 0.0074883 -27.6471
8.79688 0.0074883 -27.6716
8.9375 0.0074883 -27.6961
9.07812 0.0074883 -27.7205
9.21875 0.0074883 -27.7449
9.35938 0.0074883 -27.7693
9.5 0.0074883 -27.7934
9.75 0.0074883 -27.8235
10 0.0074883 -27.8358
0 0.0078003 0.0680715
0.25 0.0078003 0.063242
0.5 0.0078003 0.0469194
0.75 0.0078003 0.015875
1 0.0078003 -0.0154339
1.25 0.0078003 -0.0467635
1.5 0.0078003 -0.0786467
1.7 0.0078003 -0.104518
1.85 0.0078003 -0.133688
2.1 0.0078003 -0.183887
2.35 0.0078003 -0.236307
2.6 0.0078003 -0.291418
2.85 0.0078003 -0.349911
3.1 0.0078003 -0.412916
3.35 0.0078003 -0.482626
3.6 0.0078003 -0.566283
3.85 0.0078003 -0.75087
4 0.0078003 -8.0665
4.125 0.0078003 -8.22254
4.25 0.0078003 -8.33744
4.375 0.0078003 -8.60643
4.5 0.0078003 -10.2544
4.625 0.0078003 -26.5002
4.75 0.0078003 -26.8688
4.875 0.0078003 -26.9255
5 0.0078003 -26.9527
5.07031 0.0078003 -26.9659
5.14062 0.0078003 -26.9785
5.21094 0.0078003 -26.991
5.28125 0.0078003 -27.0035
5.35156 0.0078003 -27.0159
5.42188 0.0078003 -27.0283
5.5625 0.0078003 -27.0531
5.70312 0.0078003 -27.0779
5.84375 0.0078003 -27.1027
5.98438 0.0078003 -27.1275
6.125 0.0078003 -27.1523
6.26562 0.0078003 -27.177
6.40625 0.0078003 -27.2018
6.54688 0.0078003 -27.2265
6.6875 0.0078003 -27.2512
6.82812 0.0078003 -27.2759
6.96875 0.0078003 -27.3006
7.10938 0.0078003 -27.3253
7.25 0.0078003 -27.3499
7.39062 0.0078003 -27.3746
7.53125 0.0078003 -27.3992
7.67188 0.0078003 -27.4238
7.8125 0.0078003 -27.4484
7.95312 0.0078003 -27.4729
8.09375 0.0078003 -27.4975
8.23438 0.0078003 -27.522
8.375 0.0078003 -27.5465
8.51562 0.0078003 -27.571
8.65625 0.0078003 -27.5955
8.79688 0.0078003 -27.6199
8.9375 0.0078003 -27.6444
9.07812 0.0078003 -27.6688
9.21875 0.0078003 -27.6932
9.35938 0.0078003 -27.7175
9.5 0.0078003 -27.7415
9.75 0.0078003 -27.7716
10 0.0078003 -27.7838
0 0.0081123 0.0736025
0.25 0.0081123 0.0687804
0.5 0.0081123 0.0524836
0.75 0.0081123 0.0214939
1 0.0081123 -0.00976355
1.25 0.0081123 -0.041042
1.5 0.0081123 -0.0728734
1.7 0.0081123 -0.0987078
1.85 0.0081123 -0.12783
2.1 0.0081123 -0.177947
2.35 0.0081123 -0.230282
2.6 0.0081123 -0.285302
2.85 0.0081123 -0.3437
3.1 0.0081123 -0.406602
3.35 0.0081123 -0.476207
3.6 0.0081123 -0.559865
3.85 0.0081123 -0.74775
4 0.0081123 -8.04218
4.125 0.0081123 -8.20272
4.25 0.0081123 -8.31831
4.375 0.0081123 -8.58908
4.5 0.0081123 -10.2449
4.625 0.0081123 -26.4359
4.75 0.0081123 -26.8167
4.875 0.0081123 -26.8748
5 0.0081123 -26.9021
5.07031 0.0081123 -26.9153
5.14062 0.0081123 -26.928
5.21094 0.0081123 -26.9405
5.28125 0.0081123 -26.9529
5.35156 0.0081123 -26.9653
5.42188 0.0081123 -26.9777
5.5625 0.0081123 -27.0024
5.70312 0.0081123 -27.0272
5.84375 0.0081123 -27.052
5.98438 0.0081123 -27.0767
6.125 0.0081123 -27.1014
6.26562 0.0081123 -27.1261
6.40625 0.0081123 -27.1508
6.54688 0.0081123 -27.1755
6.6875 0.0081123 -27.2002
6.82812 0.0081123 -27.2249
6.96875 0.0081123 -27.2495
7.10938 0.0081123 -27.2741
7.25 0.0081123 -27.2987
7.39062 0.0081123 -27.3233
7.53125 0.0081123 -27.3479
7.67188 0.0081123 -27.3725
7.8125 0.0081123 -27.397
7.95312 0.0081123 -27.4215
8.09375 0.0081123 -27.446
8.23438 0.0081123 -27.4705
8.375 0.0081123 -27.495
8.51562 0.0081123 -27.5195
8.65625 0.0081123 -27.5439
8.79688 0.0081123 -27.5683
8.9375 0.0081123 -27.5927
9.07812 0.0081123 -27.6171
9.21875 0.0081123 -27.6414
9.35938 0.0081123 -27.6657
9.5 0.0081123 -27.6897
9.75 0.0081123 -27.7197
10 0.0081123 -27.7319
0 0.0084243 0.0791256
0.25 0.0084243 0.0743109
0.5 0.0084243 0.0580401
0.75 0.0084243 0.0271055
1 0.0084243 -0.00410036
1.25 0.0084243 -0.0353274
1.5 0.0084243 -0.0671066
1.7 0.0084243 -0.0929042
1.85 0.0084243 -0.121978
2.1 0.0084243 -0.172011
2.35 0.0084243 -0.22426
2.6 0.0084243 -0.279189
2.85 0.0084243 -0.337491
3.1 0.0084243 -0.400291
3.35 0.0084243 -0.46979
3.6 0.0084243 -0.553449
3.85 0.0084243 -0.74462
4 0.0084243 -8.01789
4.125 0.0084243 -8.1829
4.25 0.0084243 -8.29917
4.375 0.0084243 -8.57173
4.5 0.0084243 -10.2354
4.625 0.0084243 -26.3716
4.75 0.0084243 -26.7646
4.875 0.0084243 -26.824
5 0.0084243 -26.8516
5.07031 0.0084243 -26.8647
5.14062 0.0084243 -26.8774
5.21094 0.0084243 -26.8899
5.28125 0.0084243 -26.9023
5.35156 0.0084243 -26.9146
5.42188 0.0084243 -26.927
5.5625 0.0084243 -26.9518
5.70312 0.0084243 -26.9765
5.84375 0.0084243 -27.0012
5.98438 0.0084243 -27.0259
6.125 0.0084243 -27.0506
6.26562 0.0084243 -27.0752
6.40625 0.0084243 -27.0999
6.54688 0.0084243 -27.1245
6.6875 0.0084243 -27.1492
6.82812 0.0084243 -27.1738
6.96875 0.0084243 -27.1984
7.10938 0.0084243 -27.223
7.25 0.0084243 -27.2475
7.39062 0.0084243 -27.2721
7.53125 0.0084243 -27.2966
7.67188 0.0084243 -27.3211
7.8125 0.0084243 -27.3456
7.95312 0.0084243 -27.3701
8.09375 0.0084243 -27.3946
8.23438 0.0084243 -27.419
8.375 0.0084243 -27.4435
8.51562 0.0084243 -27.4679
8.65625 0.0084243 -27.4923
8.79688 0.0084243 -27.5166
8.9375 0.0084243 -27.541
9.07812 0.0084243 -27.5653
9.21875 0.0084243 -27.5896
9.35938 0.0084243 -27.6138
9.5 0.0084243 -27.6378
9.75 0.0084243 -27.6677
10 0.0084243 -27.68
0 0.0087363 0.0846424
0.25 0.0087363 0.0798352
0.5 0.0087363 0.0635905
0.75 0.0087363 0.032711
1 0.0087363 0.0015571
1.25 0.0087363 -0.0296183
1.5 0.0087363 -0.0613451
1.7 0.0087363 -0.0871057
1.85 0.0087363 -0.116129
2.1 0.0087363 -0.166079
2.35 0.0087363 -0.218242
2.6 0.0087363 -0.27308
2.85 0.0087363 -0.331285
3.1 0.0087363 -0.393982
3.35 0.0087363 -0.463374
3.6 0.0087363 -0.547033
3.85 0.0087363 -0.741478
4 0.0087363 -7.99364
4.125 0.0087363 -8.16308
4.25 0.0087363 -8.28004
4.375 0.0087363 -8.55436
4.5 0.0087363 -10.2258
4.625 0.0087363 -26.3074
4.75 0.0087363 -26.7126
4.875 0.0087363 -26.7733
5 0.0087363 -26.801
5.07031 0.0087363 -26.8142
5.14062 0.0087363 -26.8268
5.21094 0.0087363 -26.8393
5.28125 0.0087363 -26.8517
5.35156 0.0087363 -26.864
5.42188 0.0087363 -26.8764
5.5625 0.0087363 -26.9011
5.70312 0.0087363 -26.9257
5.84375 0.0087363 -26.9504
5.98438 0.0087363 -26.9751
6.125 0.0087363 -26.9997
6.26562 0.0087363 -27.0243
6.40625 0.0087363 -27.049
6.54688 0.0087363 -27.0736
6.6875 0.0087363 -27.0981
6.82812 0.0087363 -27.1227
6.96875 0.0087363 -27.1473
7.10938 0.0087363 -27.1718
7.25 0.0087363 -27.1963
7.39062 0.0087363 -27.2209
7.53125 0.0087363 -27.2453
7.67188 0.0087363 -27.2698
7.8125 0.0087363 -27.2943
7.95312 0.0087363 -27.3187
8.09375 0.0087363 -27.3432
8.23438 0.0087363 -27.3676
8.375 0.0087363 -27.3919
8.51562 0.0087363 -27.4163
8.65625 0.0087363 -27.4407
8.79688 0.0087363 -27.465
8.9375 0.0087363 -27.4893
9.07812 0.0087363 -27.5136
9.21875 0.0087363 -27.5378
9.35938 0.0087363 -27.562
9.5 0.0087363 -27.5859
9.75 0.0087363 -27.6158
10 0.0087363 -27.628
0 0.0090483 0.0901541
0.25 0.0090483 0.0853543
0.5 0.0090483 0.0691359
0.75 0.0090483 0.0383118
1 0.0090483 0.00720997
1.25 0.0090483 -0.0239136
1.5 0.0090483 -0.0555878
1.7 0.0090483 -0.0813112
1.85 0.0090483 -0.110284
2.1 0.0090483 -0.16015
2.35 0.0090483 -0.212226
2.6 0.0090483 -0.266973
2.85 0.0090483 -0.325082
3.1 0.0090483 -0.387675
3.35 0.0090483 -0.45696
3.6 0.0090483 -0.540617
3.85 0.0090483 -0.738324
4 0.0090483 -7.96943
4.125 0.0090483 -8.14326
4.25 0.0090483 -8.26091
4.375 0.0090483 -8.53698
4.5 0.0090483 -10.2161
4.625 0.0090483 -26.2434
4.75 0.0090483 -26.6605
4.875 0.0090483 -26.7225
5 0.0090483 -26.7504
5.07031 0.0090483 -26.7636
5.14062 0.0090483 -26.7762
5.21094 0.0090483 -26.7887
5.28125 0.0090483 -26.801
5.35156 0.0090483 -26.8134
5.42188 0.0090483 -26.8257
5.5625 0.0090483 -26.8504
5.70312 0.0090483 -26.875
5.84375 0.0090483 -26.8996
5.98438 0.0090483 -26.9242
6.125 0.0090483 -26.9488
6.26562 0.0090483 -26.9734
6.40625 0.0090483 -26.998
6.54688 0.0090483 -27.0226
6.6875 0.0090483 -27.0471
6.82812 0.0090483 -27.0716
6.96875 0.0090483 -27.0962
7.10938 0.0090483 -27.1207
7.25 0.0090483 -27.1451
7.39062 0.0090483 -27.1696
7.53125 0.0090483 -27.1941
7.67188 0.0090483 -27.2185
7.8125 0.0090483 -27.2429
7.95312 0.0090483 -27.2673
8.09375 0.0090483 -27.2917
8.23438 0.0090483 -27.3161
8.375 0.0090483 -27.3404
8.51562 0.0090483 -27.3647
8.65625 0.0090483 -27.3891
8.79688 0.0090483 -27.4133
8.9375 0.0090483 -27.4376
9.07812 0.0090483 -27.4618
9.21875 0.0090483 -27.4861
9.35938 0.0090483 -27.5102
9.5 0.0090483 -27.5341
9.75 0.0090483 -27.5639
10 0.0090483 -27.5761
0 0.0093603 0.0956617
0.25 0.0093603 0.0908694
0.5 0.0093603 0.0746773
0.75 0.0093603 0.0439088
1 0.0093603 0.0128592
1.25 0.0093603 -0.0182124
1.5 0.0093603 -0.0498338
1.7 0.0093603 -0.0755199
1.85 0.0093603 -0.104441
2.1 0.0093603 -0.154224
2.35 0.0093603 -0.206212
2.6 0.0093603 -0.260867
2.85 0.0093603 -0.318879
3.1 0.0093603 -0.381369
3.35 0.0093603 -0.450546
3.6 0.0093603 -0.534202
3.85 0.0093603 -0.735155
4 0.0093603 -7.94524
4.125 0.0093603 -8.12344
4.25 0.0093603 -8.24177
4.375 0.0093603 -8.5196
4.5 0.0093603 -10.2064
4.625 0.0093603 -26.1794
4.75 0.0093603 -26.6084
4.875 0.0093603 -26.6718
5 0.0093603 -26.6998
5.07031 0.0093603 -26.7131
5.14062 0.0093603 -26.7257
5.21094 0.0093603 -26.7381
5.28125 0.0093603 -26.7504
5.35156 0.0093603 -26.7627
5.42188 0.0093603 -26.7751
5.5625 0.0093603 -26.7997
5.70312 0.0093603 -26.8243
5.84375 0.0093603 -26.8488
5.98438 0.0093603 -26.8734
6.125 0.0093603 -26.898
6.26562 0.0093603 -26.9225
6.40625 0.0093603 -26.9471
6.54688 0.0093603 -26.9716
6.6875 0.0093603 -26.9961
6.82812 0.0093603 -27.0206
6.96875 0.0093603 -27.045
7.10938 0.0093603 -27.0695
7.25 0.0093603 -27.094
7.39062 0.0093603 -27.1184
7.53125 0.0093603 -27.1428
7.67188 0.0093603 -27.1672
7.8125 0.0093603 -27.1916
7.95312 0.0093603 -27.2159
8.09375 0.0093603 -27.2403
8.23438 0.0093603 -27.2646
8.375 0.0093603 -27.2889
8.51562 0.0093603 -27.3132
8.65625 0.0093603 -27.3374
8.79688 0.0093603 -27.3617
8.9375 0.0093603 -27.3859
9.07812 0.0093603 -27.4101
9.21875 0.0093603 -27.4343
9.35938 0.0093603 -27.4584
9.5 0.0093603 -27.4822
9.75 0.0093603 -27.512
10 0.0093603 -27.5242
0 0.0096724 0.101168
0.25 0.0096724 0.096383
0.5 0.0096724 0.0802172
0.75 0.0096724 0.0495044
1 0.0096724 0.0185072
1.25 0.0096724 -0.0125123
1.5 0.0096724 -0.0440807
1.7 0.0096724 -0.0697293
1.85 0.0096724 -0.098598
2.1 0.0096724 -0.148297
2.35 0.0096724 -0.200198
2.6 0.0096724 -0.254761
2.85 0.0096724 -0.312676
3.1 0.0096724 -0.375062
3.35 0.0096724 -0.444131
3.6 0.0096724 -0.527785
3.85 0.0096724 -0.73197
4 0.0096724 -7.92109
4.125 0.0096724 -8.10362
4.25 0.0096724 -8.22263
4.375 0.0096724 -8.5022
4.5 0.0096724 -10.1965
4.625 0.0096724 -26.1155
4.75 0.0096724 -26.5563
4.875 0.0096724 -26.621
5 0.0096724 -26.6492
5.07031 0.0096724 -26.6625
5.14062 0.0096724 -26.6751
5.21094 0.0096724 -26.6875
5.28125 0.0096724 -26.6998
5.35156 0.0096724 -26.7121
5.42188 0.0096724 -26.7244
5.5625 0.0096724 -26.749
5.70312 0.0096724 -26.7735
5.84375 0.0096724 -26.7981
5.98438 0.0096724 -26.8226
6.125 0.0096724 -26.8471
6.26562 0.0096724 -26.8716
6.40625 0.0096724 -26.8961
6.54688 0.0096724 -26.9206
6.6875 0.0096724 -26.945
6.82812 0.0096724 -26.9695
6.96875 0.0096724 -26.9939
7.10938 0.0096724 -27.0183
7.25 0.0096724 -27.0427
7.39062 0.0096724 -27.0671
7.53125 0.0096724 -27.0915
7.67188 0.0096724 -27.1158
7.8125 0.0096724 -27.1402
7.95312 0.0096724 -27.1645
8.09375 0.0096724 -27.1888
8.23438 0.0096724 -27.2131
8.375 0.0096724 -27.2373
8.51562 0.0096724 -27.2616
8.65625 0.0096724 -27.2858
8.79688 0.0096724 -27.31
8.9375 0.0096724 -27.3342
9.07812 0.0096724 -27.3584
9.21875 0.0096724 -27.3825
9.35938 0.0096724 -27.4066
9.5 0.0096724 -27.4303
9.75 0.0096724 -27.4601
10 0.0096724 -27.4722
0 0.0099844 0.106669
0.25 0.0099844 0.101892
0.5 0.0099844 0.0857528
0.75 0.0099844 0.0550958
1 0.0099844 0.0241511
1.25 0.0099844 -0.00681618
1.5 0.0099844 -0.0383316
1.7 0.0099844 -0.0639426
1.85 0.0099844 -0.0927587
2.1 0.0099844 -0.142373
2.35 0.0099844 -0.194187
2.6 0.0099844 -0.248658
2.85 0.0099844 -0.306475
3.1 0.0099844 -0.368757
3.35 0.0099844 -0.437719
3.6 0.0099844 -0.521371
3.85 0.0099844 -0.728771
4 0.0099844 -7.89697
4.125 0.0099844 -8.0838
4.25 0.0099844 -8.20349
4.375 0.0099844 -8.4848
4.5 0.0099844 -10.1865
4.625 0.0099844 -26.0517
4.75 0.0099844 -26.5043
4.875 0.0099844 -26.5703
5 0.0099844 -26.5987
5.07031 0.0099844 -26.6119
5.14062 0.0099844 -26.6245
5.21094 0.0099844 -26.6369
5.28125 0.0099844 -26.6492
5.35156 0.0099844 -26.6615
5.42188 0.0099844 -26.6737
5.5625 0.0099844 -26.6983
5.70312 0.0099844 -26.7228
5.84375 0.0099844 -26.7473
5.98438 0.0099844 -26.7718
6.125 0.0099844 -26.7962
6.26562 0.0099844 -26.8207
6.40625 0.0099844 -26.8452
6.54688 0.0099844 -26.8696
6.6875 0.0099844 -26.894
6.82812 0.0099844 -26.9184
6.96875 0.0099844 -26.9428
7.10938 0.0099844 -26.9672
7.25 0.0099844 -26.9915
7.39062 0.0099844 -27.0159
7.53125 0.0099844 -27.0402
7.67188 0.0099844 -27.0645
7.8125 0.0099844 -27.0888
7.95312 0.0099844 -27.1131
8.09375 0.0099844 -27.1374
8.23438 0.0099844 -27.1616
8.375 0.0099844 -27.1858
8.51562 0.0099844 -27.21
8.65625 0.0099844 -27.2342
8.79688 0.0099844 -27.2584
8.9375 0.0099844 -27.2825
9.07812 0.0099844 -27.3066
9.21875 0.0099844 -27.3307
9.35938 0.0099844 -27.3547
9.5 0.0099844 -27.3785
9.75 0.0099844 -27.4082
10 0.0099844 -27.4203
