0 0 2.15496e+20
0.25 0 2.15178e+20
0.5 0 2.14144e+20
0.75 0 2.1502e+20
1 0 2.14958e+20
1.25 0 2.14901e+20
1.5 0 2.11695e+20
1.7 0 2.11003e+20
1.85 0 1.26698e+20
2.1 0 1.14073e+20
2.35 0 1.00868e+20
2.6 0 8.71635e+19
2.85 0 7.29962e+19
3.1 0 5.8358e+19
3.35 0 4.3185e+19
3.6 0 2.73829e+19
3.85 0 1.38609e+19
4 0 8.59846e+19
4.125 0 7.48822e+19
4.25 0 7.51945e+19
4.375 0 7.42842e+19
4.5 0 7.31801e+19
4.625 0 7.2011e+19
4.75 0 7.08025e+19
4.875 0 6.95613e+19
5 0 6.82885e+19
5.1 0 6.72849e+19
5.2 0 7.06043e+19
5.26719 0 1.97162e+20
5.33437 0 1.98695e+20
5.40156 0 1.98589e+20
5.46875 0 1.98466e+20
5.60313 0 1.9824e+20
5.7375 0 1.98032e+20
5.87188 0 1.97841e+20
6.00625 0 1.97664e+20
6.14062 0 1.97503e+20
6.275 0 1.97355e+20
6.40937 0 1.97223e+20
6.54375 0 1.97105e+20
6.67812 0 1.97001e+20
6.8125 0 1.96912e+20
6.94688 0 1.96838e+20
7.08125 0 1.96778e+20
7.21563 0 1.96732e+20
7.35 0 1.96701e+20
7.48438 0 1.96684e+20
7.61875 0 1.96681e+20
7.75312 0 1.96693e+20
7.8875 0 1.96719e+20
8.02187 0 1.96759e+20
8.15625 0 1.96813e+20
8.29063 0 1.96881e+20
8.425 0 1.96963e+20
8.55937 0 1.97059e+20
8.69375 0 1.97169e+20
8.82812 0 1.97292e+20
8.9625 0 1.97431e+20
9.09688 0 1.97586e+20
9.23125 0 1.97782e+20
9.36562 0 1.98876e+20
9.5 0 2.34606e+20
9.75 0 2.34267e+20
10 0 2.34243e+20
0 0.0006162 3.02899e+19
0.25 0.0006162 3.02649e+19
0.5 0.0006162 3.01843e+19
0.75 0.0006162 3.02435e+19
1 0.0006162 3.02214e+19
1.25 0.0006162 3.01874e+19
1.5 0.0006162 2.994e+19
1.7 0.0006162 2.98597e+19
1.85 0.0006162 2.34164e+19
2.1 0.0006162 2.21675e+19
2.35 0.0006162 2.07624e+19
2.6 0.0006162 1.91716e+19
2.85 0.0006162 1.73498e+19
3.1 0.0006162 1.5222e+19
3.35 0.0006162 1.26558e+19
3.6 0.0006162 9.42117e+18
3.85 0.0006162 6.57969e+18
4 0.0006162 9.9206e+18
4.125 0.0006162 1.11911e+19
4.25 0.0006162 1.13301e+19
4.375 0.0006162 1.11673e+19
4.5 0.0006162 1.09748e+19
4.625 0.0006162 1.07845e+19
4.75 0.0006162 1.05996e+19
4.875 0.0006162 1.042e+19
5 0.0006162 1.02455e+19
5.1 0.0006162 1.01149e+19
5.2 0.0006162 1.04719e+19
5.26719 0.0006162 2.05163e+19
5.33437 0.0006162 2.06371e+19
5.40156 0.0006162 2.06409e+19
5.46875 0.0006162 2.06381e+19
5.60313 0.0006162 2.06259e+19
5.7375 0.0006162 2.06091e+19
5.87188 0.0006162 2.05886e+19
6.00625 0.0006162 2.05648e+19
6.14062 0.0006162 2.05377e+19
6.275 0.0006162 2.05073e+19
6.40937 0.0006162 2.04736e+19
6.54375 0.0006162 2.04366e+19
6.67812 0.0006162 2.03963e+19
6.8125 0.0006162 2.03528e+19
6.94688 0.0006162 2.03059e+19
7.08125 0.0006162 2.02558e+19
7.21563 0.0006162 2.02023e+19
7.35 0.0006162 2.01455e+19
7.48438 0.0006162 2.00854e+19
7.61875 0.0006162 2.0022e+19
7.75312 0.0006162 1.99552e+19
7.8875 0.0006162 1.98851e+19
8.02187 0.0006162 1.98116e+19
8.15625 0.0006162 1.97348e+19
8.29063 0.0006162 1.96545e+19
8.425 0.0006162 1.95709e+19
8.55937 0.0006162 1.94839e+19
8.69375 0.0006162 1.93934e+19
8.82812 0.0006162 1.92995e+19
8.9625 0.0006162 1.92019e+19
9.09688 0.0006162 1.91002e+19
9.23125 0.0006162 1.89945e+19
9.36562 0.0006162 1.89302e+19
9.5 0.0006162 2.06718e+19
9.75 0.0006162 2.05908e+19
10 0.0006162 2.05057e+19
0 0.0012324 1.05191e+19
0.25 0.0012324 1.05087e+19
0.5 0.0012324 1.04762e+19
0.75 0.0012324 1.04747e+19
1 0.0012324 1.0449e+19
1.25 0.0012324 1.0417e+19
1.5 0.0012324 1.03321e+19
1.7 0.0012324 1.02905e+19
1.85 0.0012324 8.70341e+18
2.1 0.0012324 8.3473e+18
2.35 0.0012324 7.94118e+18
2.6 0.0012324 7.47159e+18
2.85 0.0012324 6.91887e+18
3.1 0.0012324 6.25001e+18
3.35 0.0012324 5.40479e+18
3.6 0.0012324 4.28418e+18
3.85 0.0012324 3.75869e+18
4 0.0012324 1.55217e+18
4.125 0.0012324 2.30362e+18
4.25 0.0012324 2.3681e+18
4.375 0.0012324 2.3214e+18
4.5 0.0012324 2.26533e+18
4.625 0.0012324 2.21197e+18
4.75 0.0012324 2.1623e+18
4.875 0.0012324 2.11604e+18
5 0.0012324 2.0731e+18
5.1 0.0012324 2.04245e+18
5.2 0.0012324 2.10712e+18
5.26719 0.0012324 3.87551e+18
5.33437 0.0012324 3.90164e+18
5.40156 0.0012324 3.903e+18
5.46875 0.0012324 3.90173e+18
5.60313 0.0012324 3.89615e+18
5.7375 0.0012324 3.8885e+18
5.87188 0.0012324 3.87922e+18
6.00625 0.0012324 3.86842e+18
6.14062 0.0012324 3.85614e+18
6.275 0.0012324 3.84242e+18
6.40937 0.0012324 3.82725e+18
6.54375 0.0012324 3.81064e+18
6.67812 0.0012324 3.7926e+18
6.8125 0.0012324 3.77315e+18
6.94688 0.0012324 3.75228e+18
7.08125 0.0012324 3.73003e+18
7.21563 0.0012324 3.70638e+18
7.35 0.0012324 3.68136e+18
7.48438 0.0012324 3.65498e+18
7.61875 0.0012324 3.62725e+18
7.75312 0.0012324 3.59819e+18
7.8875 0.0012324 3.56782e+18
8.02187 0.0012324 3.53614e+18
8.15625 0.0012324 3.50319e+18
8.29063 0.0012324 3.46898e+18
8.425 0.0012324 3.43353e+18
8.55937 0.0012324 3.39685e+18
8.69375 0.0012324 3.35897e+18
8.82812 0.0012324 3.31988e+18
8.9625 0.0012324 3.27957e+18
9.09688 0.0012324 3.23789e+18
9.23125 0.0012324 3.19454e+18
9.36562 0.0012324 3.15565e+18
9.5 0.0012324 3.37147e+18
9.75 0.0012324 3.34214e+18
10 0.0012324 3.31062e+18
0 0.0015405 6.9739e+18
0.25 0.0015405 6.96551e+18
0.5 0.0015405 6.9398e+18
0.75 0.0015405 6.92992e+18
1 0.0015405 6.90435e+18
1.25 0.0015405 6.87408e+18
1.5 0.0015405 6.81224e+18
1.7 0.0015405 6.77744e+18
1.85 0.0015405 5.84877e+18
2.1 0.0015405 5.62378e+18
2.35 0.0015405 5.36764e+18
2.6 0.0015405 5.07105e+18
2.85 0.0015405 4.72081e+18
3.1 0.0015405 4.2946e+18
3.35 0.0015405 3.75158e+18
3.6 0.0015405 3.02973e+18
3.85 0.0015405 2.95404e+18
4 0.0015405 6.41276e+17
4.125 0.0015405 1.07139e+18
4.25 0.0015405 1.11078e+18
4.375 0.0015405 1.08549e+18
4.5 0.0015405 1.05497e+18
4.625 0.0015405 1.02631e+18
4.75 0.0015405 1.00003e+18
4.875 0.0015405 9.7593e+17
5 0.0015405 9.53946e+17
5.1 0.0015405 9.38538e+17
5.2 0.0015405 9.67214e+17
5.26719 0.0015405 1.75712e+18
5.33437 0.0015405 1.77007e+18
5.40156 0.0015405 1.77077e+18
5.46875 0.0015405 1.76992e+18
5.60313 0.0015405 1.76642e+18
5.7375 0.0015405 1.76168e+18
5.87188 0.0015405 1.75597e+18
6.00625 0.0015405 1.74936e+18
6.14062 0.0015405 1.74189e+18
6.275 0.0015405 1.73357e+18
6.40937 0.0015405 1.72441e+18
6.54375 0.0015405 1.7144e+18
6.67812 0.0015405 1.70358e+18
6.8125 0.0015405 1.69193e+18
6.94688 0.0015405 1.67948e+18
7.08125 0.0015405 1.66623e+18
7.21563 0.0015405 1.6522e+18
7.35 0.0015405 1.6374e+18
7.48438 0.0015405 1.62183e+18
7.61875 0.0015405 1.60553e+18
7.75312 0.0015405 1.58849e+18
7.8875 0.0015405 1.57074e+18
8.02187 0.0015405 1.5523e+18
8.15625 0.0015405 1.53318e+18
8.29063 0.0015405 1.51339e+18
8.425 0.0015405 1.49296e+18
8.55937 0.0015405 1.47191e+18
8.69375 0.0015405 1.45025e+18
8.82812 0.0015405 1.42799e+18
8.9625 0.0015405 1.40513e+18
9.09688 0.0015405 1.38159e+18
9.23125 0.0015405 1.35721e+18
9.36562 0.0015405 1.33436e+18
9.5 0.0015405 1.41385e+18
9.75 0.0015405 1.39772e+18
10 0.0015405 1.38047e+18
0 0.0018486 4.8706e+18
0.25 0.0018486 4.8634e+18
0.5 0.0018486 4.84158e+18
0.75 0.0018486 4.82761e+18
1 0.0018486 4.80276e+18
1.25 0.0018486 4.77426e+18
1.5 0.0018486 4.72528e+18
1.7 0.0018486 4.69497e+18
1.85 0.0018486 4.10568e+18
2.1 0.0018486 3.95122e+18
2.35 0.0018486 3.77635e+18
2.6 0.0018486 3.57446e+18
2.85 0.0018486 3.33646e+18
3.1 0.0018486 3.04694e+18
3.35 0.0018486 2.67774e+18
3.6 0.0018486 2.19117e+18
3.85 0.0018486 2.3692e+18
4 0.0018486 2.77337e+17
4.125 0.0018486 5.02231e+17
4.25 0.0018486 5.25226e+17
4.375 0.0018486 5.11597e+17
4.5 0.0018486 4.95093e+17
4.625 0.0018486 4.79766e+17
4.75 0.0018486 4.65886e+17
4.875 0.0018486 4.53326e+17
5 0.0018486 4.42032e+17
5.1 0.0018486 4.34237e+17
5.2 0.0018486 4.47113e+17
5.26719 0.0018486 8.06901e+17
5.33437 0.0018486 8.1341e+17
5.40156 0.0018486 8.13761e+17
5.46875 0.0018486 8.13236e+17
5.60313 0.0018486 8.11139e+17
5.7375 0.0018486 8.08335e+17
5.87188 0.0018486 8.0498e+17
6.00625 0.0018486 8.01118e+17
6.14062 0.0018486 7.96767e+17
6.275 0.0018486 7.91935e+17
6.40937 0.0018486 7.86631e+17
6.54375 0.0018486 7.80861e+17
6.67812 0.0018486 7.74632e+17
6.8125 0.0018486 7.67951e+17
6.94688 0.0018486 7.60829e+17
7.08125 0.0018486 7.53273e+17
7.21563 0.0018486 7.45293e+17
7.35 0.0018486 7.36899e+17
7.48438 0.0018486 7.28102e+17
7.61875 0.0018486 7.18913e+17
7.75312 0.0018486 7.09343e+17
7.8875 0.0018486 6.99405e+17
8.02187 0.0018486 6.89113e+17
8.15625 0.0018486 6.78479e+17
8.29063 0.0018486 6.67518e+17
8.425 0.0018486 6.56242e+17
8.55937 0.0018486 6.44668e+17
8.69375 0.0018486 6.32807e+17
8.82812 0.0018486 6.20671e+17
8.9625 0.0018486 6.08259e+17
9.09688 0.0018486 5.95539e+17
9.23125 0.0018486 5.82412e+17
9.36562 0.0018486 5.69826e+17
9.5 0.0018486 5.9919e+17
9.75 0.0018486 5.90656e+17
10 0.0018486 5.81591e+17
0 0.0021567 3.52761e+18
0.25 0.0021567 3.52122e+18
0.5 0.0021567 3.50204e+18
0.75 0.0021567 3.4862e+18
1 0.0021567 3.46247e+18
1.25 0.0021567 3.43581e+18
1.5 0.0021567 3.39508e+18
1.7 0.0021567 3.36819e+18
1.85 0.0021567 2.9717e+18
2.1 0.0021567 2.85915e+18
2.35 0.0021567 2.73274e+18
2.6 0.0021567 2.58764e+18
2.85 0.0021567 2.41747e+18
3.1 0.0021567 2.21139e+18
3.35 0.0021567 1.94973e+18
3.6 0.0021567 1.61061e+18
3.85 0.0021567 1.93095e+18
4 0.0021567 1.29208e+17
4.125 0.0021567 2.36388e+17
4.25 0.0021567 2.49297e+17
4.375 0.0021567 2.42017e+17
4.5 0.0021567 2.33186e+17
4.625 0.0021567 2.25062e+17
4.75 0.0021567 2.17785e+17
4.875 0.0021567 2.11273e+17
5 0.0021567 2.05488e+17
5.1 0.0021567 2.01548e+17
5.2 0.0021567 2.07361e+17
5.26719 0.0021567 3.72725e+17
5.33437 0.0021567 3.76004e+17
5.40156 0.0021567 3.76178e+17
5.46875 0.0021567 3.75868e+17
5.60313 0.0021567 3.74664e+17
5.7375 0.0021567 3.73069e+17
5.87188 0.0021567 3.7117e+17
6.00625 0.0021567 3.68992e+17
6.14062 0.0021567 3.66546e+17
6.275 0.0021567 3.63838e+17
6.40937 0.0021567 3.60874e+17
6.54375 0.0021567 3.57658e+17
6.67812 0.0021567 3.54195e+17
6.8125 0.0021567 3.50492e+17
6.94688 0.0021567 3.46553e+17
7.08125 0.0021567 3.42387e+17
7.21563 0.0021567 3.37999e+17
7.35 0.0021567 3.33397e+17
7.48438 0.0021567 3.28587e+17
7.61875 0.0021567 3.23579e+17
7.75312 0.0021567 3.1838e+17
7.8875 0.0021567 3.12999e+17
8.02187 0.0021567 3.07445e+17
8.15625 0.0021567 3.01726e+17
8.29063 0.0021567 2.95853e+17
8.425 0.0021567 2.89834e+17
8.55937 0.0021567 2.8368e+17
8.69375 0.0021567 2.77399e+17
8.82812 0.0021567 2.71e+17
8.9625 0.0021567 2.64483e+17
9.09688 0.0021567 2.57834e+17
9.23125 0.0021567 2.51003e+17
9.36562 0.0021567 2.44368e+17
9.5 0.0021567 2.55075e+17
9.75 0.0021567 2.50704e+17
10 0.0021567 2.46092e+17
0 0.0024648 2.62309e+18
0.25 0.0024648 2.61735e+18
0.5 0.0024648 2.60021e+18
0.75 0.0024648 2.58375e+18
1 0.0024648 2.56138e+18
1.25 0.0024648 2.53664e+18
1.5 0.0024648 2.5018e+18
1.7 0.0024648 2.47778e+18
1.85 0.0024648 2.19913e+18
2.1 0.0024648 2.11352e+18
2.35 0.0024648 2.01826e+18
2.6 0.0024648 1.90977e+18
2.85 0.0024648 1.78347e+18
3.1 0.0024648 1.63164e+18
3.35 0.0024648 1.44039e+18
3.6 0.0024648 1.19806e+18
3.85 0.0024648 1.59426e+18
4 0.0024648 6.73365e+16
4.125 0.0024648 1.11558e+17
4.25 0.0024648 1.18544e+17
4.375 0.0024648 1.14691e+17
4.5 0.0024648 1.10016e+17
4.625 0.0024648 1.05753e+17
4.75 0.0024648 1.01969e+17
4.875 0.0024648 9.86161e+16
5 0.0024648 9.56698e+16
5.1 0.0024648 9.36853e+16
5.2 0.0024648 9.63148e+16
5.26719 0.0024648 1.72638e+17
5.33437 0.0024648 1.74285e+17
5.40156 0.0024648 1.7437e+17
5.46875 0.0024648 1.74195e+17
5.60313 0.0024648 1.73526e+17
5.7375 0.0024648 1.72646e+17
5.87188 0.0024648 1.71602e+17
6.00625 0.0024648 1.70408e+17
6.14062 0.0024648 1.69071e+17
6.275 0.0024648 1.67595e+17
6.40937 0.0024648 1.65984e+17
6.54375 0.0024648 1.64239e+17
6.67812 0.0024648 1.62365e+17
6.8125 0.0024648 1.60366e+17
6.94688 0.0024648 1.58246e+17
7.08125 0.0024648 1.56009e+17
7.21563 0.0024648 1.53659e+17
7.35 0.0024648 1.51201e+17
7.48438 0.0024648 1.4864e+17
7.61875 0.0024648 1.45981e+17
7.75312 0.0024648 1.43229e+17
7.8875 0.0024648 1.4039e+17
8.02187 0.0024648 1.3747e+17
8.15625 0.0024648 1.34474e+17
8.29063 0.0024648 1.31407e+17
8.425 0.0024648 1.28277e+17
8.55937 0.0024648 1.25089e+17
8.69375 0.0024648 1.21848e+17
8.82812 0.0024648 1.18559e+17
8.9625 0.0024648 1.15225e+17
9.09688 0.0024648 1.11839e+17
9.23125 0.0024648 1.08376e+17
9.36562 0.0024648 1.04986e+17
9.5 0.0024648 1.08792e+17
9.75 0.0024648 1.0661e+17
10 0.0024648 1.04322e+17
0 0.0027729 1.98908e+18
0.25 0.0027729 1.98388e+18
0.5 0.0027729 1.96844e+18
0.75 0.0027729 1.95213e+18
1 0.0027729 1.93126e+18
1.25 0.0027729 1.90848e+18
1.5 0.0027729 1.87823e+18
1.7 0.0027729 1.85673e+18
1.85 0.0027729 1.65432e+18
2.1 0.0027729 1.58717e+18
2.35 0.0027729 1.5132e+18
2.6 0.0027729 1.42969e+18
2.85 0.0027729 1.33336e+18
3.1 0.0027729 1.21861e+18
3.35 0.0027729 1.07557e+18
3.6 0.0027729 8.9912e+17
3.85 0.0027729 1.33021e+18
4 0.0027729 4.03301e+16
4.125 0.0027729 5.27876e+16
4.25 0.0027729 5.64195e+16
4.375 0.0027729 5.43979e+16
4.5 0.0027729 5.19474e+16
4.625 0.0027729 4.97301e+16
4.75 0.0027729 4.77788e+16
4.875 0.0027729 4.60646e+16
5 0.0027729 4.45726e+16
5.1 0.0027729 4.35776e+16
5.2 0.0027729 4.47678e+16
5.26719 0.0027729 8.00626e+16
5.33437 0.0027729 8.08866e+16
5.40156 0.0027729 8.09283e+16
5.46875 0.0027729 8.08318e+16
5.60313 0.0027729 8.04696e+16
5.7375 0.0027729 7.9995e+16
5.87188 0.0027729 7.9434e+16
6.00625 0.0027729 7.87945e+16
6.14062 0.0027729 7.80799e+16
6.275 0.0027729 7.72927e+16
6.40937 0.0027729 7.64349e+16
6.54375 0.0027729 7.55086e+16
6.67812 0.0027729 7.4516e+16
6.8125 0.0027729 7.34595e+16
6.94688 0.0027729 7.23417e+16
7.08125 0.0027729 7.1165e+16
7.21563 0.0027729 6.99323e+16
7.35 0.0027729 6.86466e+16
7.48438 0.0027729 6.73106e+16
7.61875 0.0027729 6.59277e+16
7.75312 0.0027729 6.45009e+16
7.8875 0.0027729 6.30335e+16
8.02187 0.0027729 6.1529e+16
8.15625 0.0027729 5.99907e+16
8.29063 0.0027729 5.84221e+16
8.425 0.0027729 5.68267e+16
8.55937 0.0027729 5.5208e+16
8.69375 0.0027729 5.35693e+16
8.82812 0.0027729 5.19134e+16
8.9625 0.0027729 5.02418e+16
9.09688 0.0027729 4.85518e+16
9.23125 0.0027729 4.68308e+16
9.36562 0.0027729 4.51393e+16
9.5 0.0027729 4.64394e+16
9.75 0.0027729 4.53714e+16
10 0.0027729 4.42583e+16
0 0.003081 1.53087e+18
0.25 0.003081 1.52616e+18
0.5 0.003081 1.51223e+18
0.75 0.003081 1.49651e+18
1 0.003081 1.47724e+18
1.25 0.003081 1.45642e+18
1.5 0.003081 1.42995e+18
1.7 0.003081 1.41074e+18
1.85 0.003081 1.25993e+18
2.1 0.003081 1.2061e+18
2.35 0.003081 1.14741e+18
2.6 0.003081 1.08178e+18
2.85 0.003081 1.00681e+18
3.1 0.003081 9.18433e+17
3.35 0.003081 8.09608e+17
3.6 0.003081 6.79271e+17
3.85 0.003081 1.11952e+18
4 0.003081 2.76343e+16
4.125 0.003081 2.5075e+16
4.25 0.003081 2.68646e+16
4.375 0.003081 2.58113e+16
4.5 0.003081 2.4538e+16
4.625 0.003081 2.33941e+16
4.75 0.003081 2.23953e+16
4.875 0.003081 2.15247e+16
5 0.003081 2.07733e+16
5.1 0.003081 2.02766e+16
5.2 0.003081 2.08152e+16
5.26719 0.003081 3.71518e+16
5.33437 0.003081 3.7562e+16
5.40156 0.003081 3.75822e+16
5.46875 0.003081 3.75303e+16
5.60313 0.003081 3.73379e+16
5.7375 0.003081 3.70868e+16
5.87188 0.003081 3.67908e+16
6.00625 0.003081 3.64541e+16
6.14062 0.003081 3.60788e+16
6.275 0.003081 3.56661e+16
6.40937 0.003081 3.52173e+16
6.54375 0.003081 3.47337e+16
6.67812 0.003081 3.42167e+16
6.8125 0.003081 3.36675e+16
6.94688 0.003081 3.30879e+16
7.08125 0.003081 3.24792e+16
7.21563 0.003081 3.18432e+16
7.35 0.003081 3.11815e+16
7.48438 0.003081 3.04959e+16
7.61875 0.003081 2.97882e+16
7.75312 0.003081 2.90603e+16
7.8875 0.003081 2.83141e+16
8.02187 0.003081 2.75514e+16
8.15625 0.003081 2.67743e+16
8.29063 0.003081 2.59847e+16
8.425 0.003081 2.51846e+16
8.55937 0.003081 2.43759e+16
8.69375 0.003081 2.35604e+16
8.82812 0.003081 2.27398e+16
8.9625 0.003081 2.1915e+16
9.09688 0.003081 2.10849e+16
9.23125 0.003081 2.02433e+16
9.36562 0.003081 1.94144e+16
9.5 0.003081 1.98303e+16
9.75 0.003081 1.93158e+16
10 0.003081 1.87828e+16
0 0.0033891 1.19175e+18
0.25 0.0033891 1.18749e+18
0.5 0.0033891 1.17494e+18
0.75 0.0033891 1.16009e+18
1 0.0033891 1.14245e+18
1.25 0.0033891 1.12355e+18
1.5 0.0033891 1.10032e+18
1.7 0.0033891 1.0832e+18
1.85 0.0033891 9.68618e+17
2.1 0.0033891 9.24807e+17
2.35 0.0033891 8.77518e+17
2.6 0.0033891 8.2516e+17
2.85 0.0033891 7.65959e+17
3.1 0.0033891 6.96953e+17
3.35 0.0033891 6.13092e+17
3.6 0.0033891 5.15762e+17
3.85 0.0033891 9.48942e+17
4 0.0033891 2.09671e+16
4.125 0.0033891 1.19899e+16
4.25 0.0033891 1.27956e+16
4.375 0.0033891 1.22497e+16
4.5 0.0033891 1.1593e+16
4.625 0.0033891 1.10071e+16
4.75 0.0033891 1.04991e+16
4.875 0.0033891 1.00595e+16
5 0.0033891 9.68301e+15
5.1 0.0033891 9.43611e+15
5.2 0.0033891 9.6797e+15
5.26719 0.0033891 1.72445e+16
5.33437 0.0033891 1.74477e+16
5.40156 0.0033891 1.74575e+16
5.46875 0.0033891 1.74301e+16
5.60313 0.0033891 1.73294e+16
5.7375 0.0033891 1.71986e+16
5.87188 0.0033891 1.70446e+16
6.00625 0.0033891 1.68698e+16
6.14062 0.0033891 1.66754e+16
6.275 0.0033891 1.6462e+16
6.40937 0.0033891 1.62304e+16
6.54375 0.0033891 1.59813e+16
6.67812 0.0033891 1.57156e+16
6.8125 0.0033891 1.5434e+16
6.94688 0.0033891 1.51374e+16
7.08125 0.0033891 1.48267e+16
7.21563 0.0033891 1.45028e+16
7.35 0.0033891 1.41668e+16
7.48438 0.0033891 1.38195e+16
7.61875 0.0033891 1.34621e+16
7.75312 0.0033891 1.30956e+16
7.8875 0.0033891 1.2721e+16
8.02187 0.0033891 1.23394e+16
8.15625 0.0033891 1.19519e+16
8.29063 0.0033891 1.15595e+16
8.425 0.0033891 1.11634e+16
8.55937 0.0033891 1.07645e+16
8.69375 0.0033891 1.03639e+16
8.82812 0.0033891 9.96247e+15
8.9625 0.0033891 9.56067e+15
9.09688 0.0033891 9.15805e+15
9.23125 0.0033891 8.75177e+15
9.36562 0.0033891 8.35131e+15
9.5 0.0033891 8.46913e+15
9.75 0.0033891 8.22444e+15
10 0.0033891 7.97237e+15
0 0.0036972 9.36044e+17
0.25 0.0036972 9.32203e+17
0.5 0.0036972 9.20921e+17
0.75 0.0036972 9.07103e+17
1 0.0036972 8.91078e+17
1.25 0.0036972 8.74037e+17
1.5 0.0036972 8.53638e+17
1.7 0.0036972 8.38453e+17
1.85 0.0036972 7.50062e+17
2.1 0.0036972 7.14028e+17
2.35 0.0036972 6.7552e+17
2.6 0.0036972 6.33302e+17
2.85 0.0036972 5.86066e+17
3.1 0.0036972 5.31638e+17
3.35 0.0036972 4.66399e+17
3.6 0.0036972 3.93107e+17
3.85 0.0036972 8.09118e+17
4 0.0036972 1.6958e+16
4.125 0.0036972 5.8003e+15
4.25 0.0036972 6.09617e+15
4.375 0.0036972 5.8141e+15
4.5 0.0036972 5.47763e+15
4.625 0.0036972 5.17936e+15
4.75 0.0036972 4.92247e+15
4.875 0.0036972 4.70165e+15
5 0.0036972 4.51387e+15
5.1 0.0036972 4.3916e+15
5.2 0.0036972 4.50168e+15
5.26719 0.0036972 8.00529e+15
5.33437 0.0036972 8.10555e+15
5.40156 0.0036972 8.11026e+15
5.46875 0.0036972 8.09601e+15
5.60313 0.0036972 8.04401e+15
5.7375 0.0036972 7.97659e+15
5.87188 0.0036972 7.89744e+15
6.00625 0.0036972 7.80777e+15
6.14062 0.0036972 7.70816e+15
6.275 0.0036972 7.59906e+15
6.40937 0.0036972 7.48088e+15
6.54375 0.0036972 7.35402e+15
6.67812 0.0036972 7.21894e+15
6.8125 0.0036972 7.07609e+15
6.94688 0.0036972 6.92597e+15
7.08125 0.0036972 6.76908e+15
7.21563 0.0036972 6.60594e+15
7.35 0.0036972 6.43709e+15
7.48438 0.0036972 6.26309e+15
7.61875 0.0036972 6.0845e+15
7.75312 0.0036972 5.90189e+15
7.8875 0.0036972 5.71583e+15
8.02187 0.0036972 5.52691e+15
8.15625 0.0036972 5.3357e+15
8.29063 0.0036972 5.14278e+15
8.425 0.0036972 4.94871e+15
8.55937 0.0036972 4.75404e+15
8.69375 0.0036972 4.55931e+15
8.82812 0.0036972 4.36494e+15
8.9625 0.0036972 4.17123e+15
9.09688 0.0036972 3.978e+15
9.23125 0.0036972 3.78389e+15
9.36562 0.0036972 3.59263e+15
9.5 0.0036972 3.61727e+15
9.75 0.0036972 3.50209e+15
10 0.0036972 3.3841e+15
0 0.0040053 7.40357e+17
0.25 0.0040053 7.36905e+17
0.5 0.0040053 7.26797e+17
0.75 0.0040053 7.14094e+17
1 0.0040053 6.99639e+17
1.25 0.0040053 6.84371e+17
1.5 0.0040053 6.66485e+17
1.7 0.0040053 6.53073e+17
1.85 0.0040053 5.84079e+17
2.1 0.0040053 5.54233e+17
2.35 0.0040053 5.22648e+17
2.6 0.0040053 4.88355e+17
2.85 0.0040053 4.50387e+17
3.1 0.0040053 4.07145e+17
3.35 0.0040053 3.56039e+17
3.6 0.0040053 3.00492e+17
3.85 0.0040053 6.93291e+17
4 0.0040053 1.42128e+16
4.125 0.0040053 2.86374e+15
4.25 0.0040053 2.90547e+15
4.375 0.0040053 2.75972e+15
4.5 0.0040053 2.58828e+15
4.625 0.0040053 2.43725e+15
4.75 0.0040053 2.30799e+15
4.875 0.0040053 2.19757e+15
5 0.0040053 2.10429e+15
5.1 0.0040053 2.04394e+15
5.2 0.0040053 2.09365e+15
5.26719 0.0040053 3.71648e+15
5.33437 0.0040053 3.76576e+15
5.40156 0.0040053 3.76801e+15
5.46875 0.0040053 3.76068e+15
5.60313 0.0040053 3.73409e+15
5.7375 0.0040053 3.6997e+15
5.87188 0.0040053 3.6594e+15
6.00625 0.0040053 3.61382e+15
6.14062 0.0040053 3.56328e+15
6.275 0.0040053 3.50801e+15
6.40937 0.0040053 3.44825e+15
6.54375 0.0040053 3.38422e+15
6.67812 0.0040053 3.31617e+15
6.8125 0.0040053 3.24436e+15
6.94688 0.0040053 3.16906e+15
7.08125 0.0040053 3.09054e+15
7.21563 0.0040053 3.0091e+15
7.35 0.0040053 2.92501e+15
7.48438 0.0040053 2.83859e+15
7.61875 0.0040053 2.75014e+15
7.75312 0.0040053 2.65996e+15
7.8875 0.0040053 2.56835e+15
8.02187 0.0040053 2.47564e+15
8.15625 0.0040053 2.38212e+15
8.29063 0.0040053 2.28808e+15
8.425 0.0040053 2.19383e+15
8.55937 0.0040053 2.09965e+15
8.69375 0.0040053 2.0058e+15
8.82812 0.0040053 1.91251e+15
8.9625 0.0040053 1.81993e+15
9.09688 0.0040053 1.72798e+15
9.23125 0.0040053 1.63603e+15
9.36562 0.0040053 1.54554e+15
9.5 0.0040053 1.54504e+15
9.75 0.0040053 1.49128e+15
10 0.0040053 1.43652e+15
0 0.0043135 5.8878e+17
0.25 0.0043135 5.85692e+17
0.5 0.0043135 5.7667e+17
0.75 0.0043135 5.65108e+17
1 0.0043135 5.52155e+17
1.25 0.0043135 5.38558e+17
1.5 0.0043135 5.22912e+17
1.7 0.0043135 5.11122e+17
1.85 0.0043135 4.56775e+17
2.1 0.0043135 4.31947e+17
2.35 0.0043135 4.05918e+17
2.6 0.0043135 3.77926e+17
2.85 0.0043135 3.47254e+17
3.1 0.0043135 3.12726e+17
3.35 0.0043135 2.7249e+17
3.6 0.0043135 2.30187e+17
3.85 0.0043135 5.96445e+17
4 0.0043135 1.21378e+16
4.125 0.0043135 1.46276e+15
4.25 0.0043135 1.38529e+15
4.375 0.0043135 1.30967e+15
4.5 0.0043135 1.22274e+15
4.625 0.0043135 1.14664e+15
4.75 0.0043135 1.0819e+15
4.875 0.0043135 1.02692e+15
5 0.0043135 9.80758e+14
5.1 0.0043135 9.51077e+14
5.2 0.0043135 9.73491e+14
5.26719 0.0043135 1.72502e+15
5.33437 0.0043135 1.74914e+15
5.40156 0.0043135 1.75022e+15
5.46875 0.0043135 1.74649e+15
5.60313 0.0043135 1.73301e+15
5.7375 0.0043135 1.71561e+15
5.87188 0.0043135 1.69526e+15
6.00625 0.0043135 1.67228e+15
6.14062 0.0043135 1.64683e+15
6.275 0.0043135 1.61906e+15
6.40937 0.0043135 1.58908e+15
6.54375 0.0043135 1.55701e+15
6.67812 0.0043135 1.523e+15
6.8125 0.0043135 1.48719e+15
6.94688 0.0043135 1.44971e+15
7.08125 0.0043135 1.41071e+15
7.21563 0.0043135 1.37036e+15
7.35 0.0043135 1.32881e+15
7.48438 0.0043135 1.28622e+15
7.61875 0.0043135 1.24274e+15
7.75312 0.0043135 1.19854e+15
7.8875 0.0043135 1.15379e+15
8.02187 0.0043135 1.10863e+15
8.15625 0.0043135 1.06323e+15
8.29063 0.0043135 1.01774e+15
8.425 0.0043135 9.72314e+14
8.55937 0.0043135 9.27087e+14
8.69375 0.0043135 8.82197e+14
8.82812 0.0043135 8.37756e+14
8.9625 0.0043135 7.93839e+14
9.09688 0.0043135 7.50413e+14
9.23125 0.0043135 7.07185e+14
9.36562 0.0043135 6.64715e+14
9.5 0.0043135 6.59759e+14
9.75 0.0043135 6.34859e+14
10 0.0043135 6.09631e+14
0 0.0046216 4.70333e+17
0.25 0.0046216 4.67581e+17
0.5 0.0046216 4.59561e+17
0.75 0.0046216 4.49126e+17
1 0.0046216 4.37589e+17
1.25 0.0046216 4.25547e+17
1.5 0.0046216 4.11901e+17
1.7 0.0046216 4.01584e+17
1.85 0.0046216 3.58466e+17
2.1 0.0046216 3.37756e+17
2.35 0.0046216 3.16241e+17
2.6 0.0046216 2.93318e+17
2.85 0.0046216 2.68455e+17
3.1 0.0046216 2.40785e+17
3.35 0.0046216 2.08988e+17
3.6 0.0046216 1.76646e+17
3.85 0.0046216 5.14893e+17
4 0.0046216 1.04688e+16
4.125 0.0046216 7.88395e+14
4.25 0.0046216 6.61393e+14
4.375 0.0046216 6.21696e+14
4.5 0.0046216 5.77794e+14
4.625 0.0046216 5.39596e+14
4.75 0.0046216 5.07287e+14
4.875 0.0046216 4.80003e+14
5 0.0046216 4.57227e+14
5.1 0.0046216 4.42665e+14
5.2 0.0046216 4.52764e+14
5.26719 0.0046216 8.00888e+14
5.33437 0.0046216 8.12667e+14
5.40156 0.0046216 8.13181e+14
5.46875 0.0046216 8.11291e+14
5.60313 0.0046216 8.04504e+14
5.7375 0.0046216 7.95762e+14
5.87188 0.0046216 7.85552e+14
6.00625 0.0046216 7.74039e+14
6.14062 0.0046216 7.61313e+14
6.275 0.0046216 7.47443e+14
6.40937 0.0046216 7.32495e+14
6.54375 0.0046216 7.16539e+14
6.67812 0.0046216 6.99646e+14
6.8125 0.0046216 6.81891e+14
6.94688 0.0046216 6.63351e+14
7.08125 0.0046216 6.44106e+14
7.21563 0.0046216 6.24237e+14
7.35 0.0046216 6.03827e+14
7.48438 0.0046216 5.82961e+14
7.61875 0.0046216 5.61721e+14
7.75312 0.0046216 5.40192e+14
7.8875 0.0046216 5.18456e+14
8.02187 0.0046216 4.96595e+14
8.15625 0.0046216 4.74689e+14
8.29063 0.0046216 4.52816e+14
8.425 0.0046216 4.31049e+14
8.55937 0.0046216 4.09461e+14
8.69375 0.0046216 3.88116e+14
8.82812 0.0046216 3.67071e+14
8.9625 0.0046216 3.46361e+14
9.09688 0.0046216 3.25973e+14
9.23125 0.0046216 3.0577e+14
9.36562 0.0046216 2.85963e+14
9.5 0.0046216 2.81812e+14
9.75 0.0046216 2.70345e+14
10 0.0046216 2.5879e+14
0 0.0049297 3.77035e+17
0.25 0.0049297 3.74593e+17
0.5 0.0049297 3.67492e+17
0.75 0.0049297 3.58144e+17
1 0.0049297 3.47925e+17
1.25 0.0049297 3.37316e+17
1.5 0.0049297 3.25453e+17
1.7 0.0049297 3.16467e+17
1.85 0.0049297 2.82069e+17
2.1 0.0049297 2.64771e+17
2.35 0.0049297 2.46958e+17
2.6 0.0049297 2.2815e+17
2.85 0.0049297 2.07953e+17
3.1 0.0049297 1.85726e+17
3.35 0.0049297 1.60535e+17
3.6 0.0049297 1.35735e+17
3.85 0.0049297 4.45741e+17
4 0.0049297 9.07732e+15
4.125 0.0049297 4.58093e+14
4.25 0.0049297 3.16426e+14
4.375 0.0049297 2.95131e+14
4.5 0.0049297 2.73034e+14
4.625 0.0049297 2.53931e+14
4.75 0.0049297 2.37862e+14
4.875 0.0049297 2.24365e+14
5 0.0049297 2.1316e+14
5.1 0.0049297 2.06034e+14
5.2 0.0049297 2.10579e+14
5.26719 0.0049297 3.71839e+14
5.33437 0.0049297 3.77574e+14
5.40156 0.0049297 3.77818e+14
5.46875 0.0049297 3.76868e+14
5.60313 0.0049297 3.73472e+14
5.7375 0.0049297 3.69105e+14
5.87188 0.0049297 3.64012e+14
6.00625 0.0049297 3.58277e+14
6.14062 0.0049297 3.51948e+14
6.275 0.0049297 3.4506e+14
6.40937 0.0049297 3.3765e+14
6.54375 0.0049297 3.29753e+14
6.67812 0.0049297 3.21409e+14
6.8125 0.0049297 3.12655e+14
6.94688 0.0049297 3.03534e+14
7.08125 0.0049297 2.94088e+14
7.21563 0.0049297 2.84357e+14
7.35 0.0049297 2.74387e+14
7.48438 0.0049297 2.6422e+14
7.61875 0.0049297 2.539e+14
7.75312 0.0049297 2.43469e+14
7.8875 0.0049297 2.3297e+14
8.02187 0.0049297 2.22443e+14
8.15625 0.0049297 2.1193e+14
8.29063 0.0049297 2.01468e+14
8.425 0.0049297 1.91095e+14
8.55937 0.0049297 1.80845e+14
8.69375 0.0049297 1.7075e+14
8.82812 0.0049297 1.60836e+14
8.9625 0.0049297 1.51122e+14
9.09688 0.0049297 1.416e+14
9.23125 0.0049297 1.32208e+14
9.36562 0.0049297 1.23023e+14
9.5 0.0049297 1.20375e+14
9.75 0.0049297 1.15122e+14
10 0.0049297 1.09858e+14
0 0.0052378 3.03095e+17
0.25 0.0052378 3.00937e+17
0.5 0.0052378 2.94675e+17
0.75 0.0052378 2.86355e+17
1 0.0052378 2.77351e+17
1.25 0.0052378 2.68051e+17
1.5 0.0052378 2.57772e+17
1.7 0.0052378 2.49979e+17
1.85 0.0052378 2.22421e+17
2.1 0.0052378 2.07968e+17
2.35 0.0052378 1.93209e+17
2.6 0.0052378 1.77764e+17
2.85 0.0052378 1.61336e+17
3.1 0.0052378 1.43456e+17
3.35 0.0052378 1.23463e+17
3.6 0.0052378 1.04403e+17
3.85 0.0052378 3.8677e+17
4 0.0052378 7.89421e+15
4.125 0.0052378 2.91567e+14
4.25 0.0052378 1.51959e+14
4.375 0.0052378 1.40114e+14
4.5 0.0052378 1.29023e+14
4.625 0.0052378 1.19499e+14
4.75 0.0052378 1.11532e+14
4.875 0.0052378 1.04875e+14
5 0.0052378 9.93765e+13
5.1 0.0052378 9.5897e+13
5.2 0.0052378 9.79398e+13
5.26719 0.0052378 1.7264e+14
5.33437 0.0052378 1.75425e+14
5.40156 0.0052378 1.75541e+14
5.46875 0.0052378 1.75066e+14
5.60313 0.0052378 1.73375e+14
5.7375 0.0052378 1.71205e+14
5.87188 0.0052378 1.68677e+14
6.00625 0.0052378 1.65835e+14
6.14062 0.0052378 1.62702e+14
6.275 0.0052378 1.59299e+14
6.40937 0.0052378 1.55643e+14
6.54375 0.0052378 1.51753e+14
6.67812 0.0052378 1.47651e+14
6.8125 0.0052378 1.43356e+14
6.94688 0.0052378 1.38891e+14
7.08125 0.0052378 1.34275e+14
7.21563 0.0052378 1.29533e+14
7.35 0.0052378 1.24685e+14
7.48438 0.0052378 1.19755e+14
7.61875 0.0052378 1.14764e+14
7.75312 0.0052378 1.09734e+14
7.8875 0.0052378 1.04686e+14
8.02187 0.0052378 9.96405e+13
8.15625 0.0052378 9.46182e+13
8.29063 0.0052378 8.96377e+13
8.425 0.0052378 8.47169e+13
8.55937 0.0052378 7.98727e+13
8.69375 0.0052378 7.51203e+13
8.82812 0.0052378 7.04722e+13
8.9625 0.0052378 6.59365e+13
9.09688 0.0052378 6.151e+13
9.23125 0.0052378 5.71635e+13
9.36562 0.0052378 5.29251e+13
9.5 0.0052378 5.14186e+13
9.75 0.0052378 4.90234e+13
10 0.0052378 4.66354e+13
0 0.0055459 2.44207e+17
0.25 0.0055459 2.42307e+17
0.5 0.0055459 2.36806e+17
0.75 0.0055459 2.29445e+17
1 0.0055459 2.21548e+17
1.25 0.0055459 2.13434e+17
1.5 0.0055459 2.04559e+17
1.7 0.0055459 1.97828e+17
1.85 0.0055459 1.75677e+17
2.1 0.0055459 1.63604e+17
2.35 0.0055459 1.51376e+17
2.6 0.0055459 1.38688e+17
2.85 0.0055459 1.2532e+17
3.1 0.0055459 1.10925e+17
3.35 0.0055459 9.5039e+16
3.6 0.0055459 8.0365e+16
3.85 0.0055459 3.36236e+17
4 0.0055459 6.8775e+15
4.125 0.0055459 2.03622e+14
4.25 0.0055459 7.34822e+13
4.375 0.0055459 6.6528e+13
4.5 0.0055459 6.09706e+13
4.625 0.0055459 5.62367e+13
4.75 0.0055459 5.22971e+13
4.875 0.0055459 4.90216e+13
5 0.0055459 4.63301e+13
5.1 0.0055459 4.46348e+13
5.2 0.0055459 4.55517e+13
5.26719 0.0055459 8.01552e+13
5.33437 0.0055459 8.15048e+13
5.40156 0.0055459 8.15593e+13
5.46875 0.0055459 8.13235e+13
5.60313 0.0055459 8.04854e+13
5.7375 0.0055459 7.94113e+13
5.87188 0.0055459 7.81621e+13
6.00625 0.0055459 7.67595e+13
6.14062 0.0055459 7.52157e+13
6.275 0.0055459 7.35408e+13
6.40937 0.0055459 7.17447e+13
6.54375 0.0055459 6.98373e+13
6.67812 0.0055459 6.78291e+13
6.8125 0.0055459 6.57307e+13
6.94688 0.0055459 6.35532e+13
7.08125 0.0055459 6.13078e+13
7.21563 0.0055459 5.90059e+13
7.35 0.0055459 5.66587e+13
7.48438 0.0055459 5.42776e+13
7.61875 0.0055459 5.18737e+13
7.75312 0.0055459 4.94579e+13
7.8875 0.0055459 4.70408e+13
8.02187 0.0055459 4.46327e+13
8.15625 0.0055459 4.22432e+13
8.29063 0.0055459 3.98818e+13
8.425 0.0055459 3.75571e+13
8.55937 0.0055459 3.5277e+13
8.69375 0.0055459 3.30487e+13
8.82812 0.0055459 3.08782e+13
8.9625 0.0055459 2.87689e+13
9.09688 0.0055459 2.67195e+13
9.23125 0.0055459 2.47162e+13
9.36562 0.0055459 2.27687e+13
9.5 0.0055459 2.19638e+13
9.75 0.0055459 2.0876e+13
10 0.0055459 1.97972e+13
0 0.005854 1.97119e+17
0.25 0.005854 1.95453e+17
0.5 0.005854 1.90638e+17
0.75 0.005854 1.84159e+17
1 0.005854 1.77265e+17
1.25 0.005854 1.70216e+17
1.5 0.005854 1.62578e+17
1.7 0.005854 1.56788e+17
1.85 0.005854 1.38939e+17
2.1 0.005854 1.28862e+17
2.35 0.005854 1.18735e+17
2.6 0.005854 1.08315e+17
2.85 0.005854 9.74355e+16
3.1 0.005854 8.5842e+16
3.35 0.005854 7.32109e+16
3.6 0.005854 6.18981e+16
3.85 0.005854 2.92752e+17
4 0.005854 5.99841e+15
4.125 0.005854 1.53915e+14
4.25 0.005854 3.59783e+13
4.375 0.005854 3.15953e+13
4.5 0.005854 2.88125e+13
4.625 0.005854 2.64653e+13
4.75 0.005854 2.45222e+13
4.875 0.005854 2.29144e+13
5 0.005854 2.15996e+13
5.1 0.005854 2.07752e+13
5.2 0.005854 2.11861e+13
5.26719 0.005854 3.72156e+13
5.33437 0.005854 3.78681e+13
5.40156 0.005854 3.78938e+13
5.46875 0.005854 3.77771e+13
5.60313 0.005854 3.73633e+13
5.7375 0.005854 3.68339e+13
5.87188 0.005854 3.6219e+13
6.00625 0.005854 3.55294e+13
6.14062 0.005854 3.47714e+13
6.275 0.005854 3.39504e+13
6.40937 0.005854 3.30713e+13
6.54375 0.005854 3.21393e+13
6.67812 0.005854 3.11598e+13
6.8125 0.005854 3.01383e+13
6.94688 0.005854 2.90805e+13
7.08125 0.005854 2.79921e+13
7.21563 0.005854 2.68788e+13
7.35 0.005854 2.57465e+13
7.48438 0.005854 2.46007e+13
7.61875 0.005854 2.34471e+13
7.75312 0.005854 2.22911e+13
7.8875 0.005854 2.11379e+13
8.02187 0.005854 1.99926e+13
8.15625 0.005854 1.88599e+13
8.29063 0.005854 1.77443e+13
8.425 0.005854 1.66499e+13
8.55937 0.005854 1.55806e+13
8.69375 0.005854 1.45396e+13
8.82812 0.005854 1.35296e+13
8.9625 0.005854 1.25523e+13
9.09688 0.005854 1.16067e+13
9.23125 0.005854 1.06867e+13
9.36562 0.005854 9.7952e+12
9.5 0.005854 9.38207e+12
9.75 0.005854 8.8898e+12
10 0.005854 8.40414e+12
0 0.0061621 1.59344e+17
0.25 0.0061621 1.57888e+17
0.5 0.0061621 1.53689e+17
0.75 0.0061621 1.48014e+17
1 0.0061621 1.42021e+17
1.25 0.0061621 1.3592e+17
1.5 0.0061621 1.29369e+17
1.7 0.0061621 1.24407e+17
1.85 0.0061621 1.09998e+17
2.1 0.0061621 1.01594e+17
2.35 0.0061621 9.32149e+16
2.6 0.0061621 8.46613e+16
2.85 0.0061621 7.58104e+16
3.1 0.0061621 6.64736e+16
3.35 0.0061621 5.64269e+16
3.6 0.0061621 4.76962e+16
3.85 0.0061621 2.55204e+17
4 0.0061621 5.23551e+15
4.125 0.0061621 1.23276e+14
4.25 0.0061621 1.80045e+13
4.375 0.0061621 1.50112e+13
4.5 0.0061621 1.36159e+13
4.625 0.0061621 1.24548e+13
4.75 0.0061621 1.14986e+13
4.875 0.0061621 1.0711e+13
5 0.0061621 1.00701e+13
5.1 0.0061621 9.66979e+12
5.2 0.0061621 9.85371e+12
5.26719 0.0061621 1.72791e+13
5.33437 0.0061621 1.7594e+13
5.40156 0.0061621 1.76061e+13
5.46875 0.0061621 1.75485e+13
5.60313 0.0061621 1.7345e+13
5.7375 0.0061621 1.70849e+13
5.87188 0.0061621 1.67832e+13
6.00625 0.0061621 1.64453e+13
6.14062 0.0061621 1.60745e+13
6.275 0.0061621 1.56733e+13
6.40937 0.0061621 1.52444e+13
6.54375 0.0061621 1.47905e+13
6.67812 0.0061621 1.43144e+13
6.8125 0.0061621 1.38187e+13
6.94688 0.0061621 1.33065e+13
7.08125 0.0061621 1.27807e+13
7.21563 0.0061621 1.2244e+13
7.35 0.0061621 1.16995e+13
7.48438 0.0061621 1.115e+13
7.61875 0.0061621 1.05982e+13
7.75312 0.0061621 1.00468e+13
7.8875 0.0061621 9.49836e+12
8.02187 0.0061621 8.9554e+12
8.15625 0.0061621 8.42018e+12
8.29063 0.0061621 7.89483e+12
8.425 0.0061621 7.38131e+12
8.55937 0.0061621 6.88139e+12
8.69375 0.0061621 6.3966e+12
8.82812 0.0061621 5.92814e+12
8.9625 0.0061621 5.47671e+12
9.09688 0.0061621 5.04188e+12
9.23125 0.0061621 4.62068e+12
9.36562 0.0061621 4.21394e+12
9.5 0.0061621 4.00769e+12
9.75 0.0061621 3.78562e+12
10 0.0061621 3.56768e+12
0 0.0064702 1.28961e+17
0.25 0.0064702 1.27693e+17
0.5 0.0064702 1.24044e+17
0.75 0.0064702 1.19094e+17
1 0.0064702 1.13904e+17
1.25 0.0064702 1.08645e+17
1.5 0.0064702 1.03042e+17
1.7 0.0064702 9.88048e+16
1.85 0.0064702 8.71564e+16
2.1 0.0064702 8.01577e+16
2.35 0.0064702 7.32307e+16
2.6 0.0064702 6.62151e+16
2.85 0.0064702 5.90183e+16
3.1 0.0064702 5.15007e+16
3.35 0.0064702 4.35091e+16
3.6 0.0064702 3.67656e+16
3.85 0.0064702 2.22685e+17
4 0.0064702 4.57184e+15
4.125 0.0064702 1.02534e+14
4.25 0.0064702 9.34572e+12
4.375 0.0064702 7.13734e+12
4.5 0.0064702 6.43462e+12
4.625 0.0064702 5.86142e+12
4.75 0.0064702 5.39176e+12
4.875 0.0064702 5.00677e+12
5 0.0064702 4.69483e+12
5.1 0.0064702 4.50083e+12
5.2 0.0064702 4.58299e+12
5.26719 0.0064702 8.02266e+12
5.33437 0.0064702 8.17438e+12
5.40156 0.0064702 8.18006e+12
5.46875 0.0064702 8.15175e+12
5.60313 0.0064702 8.05195e+12
5.7375 0.0064702 7.92459e+12
5.87188 0.0064702 7.77702e+12
6.00625 0.0064702 7.61196e+12
6.14062 0.0064702 7.43104e+12
6.275 0.0064702 7.23561e+12
6.40937 0.0064702 7.02702e+12
6.54375 0.0064702 6.80662e+12
6.67812 0.0064702 6.57582e+12
6.8125 0.0064702 6.33604e+12
6.94688 0.0064702 6.08875e+12
7.08125 0.0064702 5.83541e+12
7.21563 0.0064702 5.57748e+12
7.35 0.0064702 5.3164e+12
7.48438 0.0064702 5.05358e+12
7.61875 0.0064702 4.79039e+12
7.75312 0.0064702 4.52815e+12
7.8875 0.0064702 4.2681e+12
8.02187 0.0064702 4.01144e+12
8.15625 0.0064702 3.75926e+12
8.29063 0.0064702 3.51258e+12
8.425 0.0064702 3.27231e+12
8.55937 0.0064702 3.03926e+12
8.69375 0.0064702 2.81414e+12
8.82812 0.0064702 2.59747e+12
8.9625 0.0064702 2.38955e+12
9.09688 0.0064702 2.19015e+12
9.23125 0.0064702 1.99787e+12
9.36562 0.0064702 1.81286e+12
9.5 0.0064702 1.71196e+12
9.75 0.0064702 1.61207e+12
10 0.0064702 1.51454e+12
0 0.0067783 1.04472e+17
0.25 0.0067783 1.03371e+17
0.5 0.0067783 1.00209e+17
0.75 0.0067783 9.59102e+16
1 0.0067783 9.14309e+16
1.25 0.0067783 8.69128e+16
1.5 0.0067783 8.21362e+16
1.7 0.0067783 7.85292e+16
1.85 0.0067783 6.91029e+16
2.1 0.0067783 6.3282e+16
2.35 0.0067783 5.75624e+16
2.6 0.0067783 5.18136e+16
2.85 0.0067783 4.59659e+16
3.1 0.0067783 3.99158e+16
3.35 0.0067783 3.35594e+16
3.6 0.0067783 2.83475e+16
3.85 0.0067783 1.9445e+17
4 0.0067783 3.99356e+15
4.125 0.0067783 8.72501e+13
4.25 0.0067783 5.13519e+12
4.375 0.0067783 3.39836e+12
4.5 0.0067783 3.04098e+12
4.625 0.0067783 2.75849e+12
4.75 0.0067783 2.52825e+12
4.875 0.0067783 2.34038e+12
5 0.0067783 2.18882e+12
5.1 0.0067783 2.09493e+12
5.2 0.0067783 2.13157e+12
5.26719 0.0067783 3.72494e+12
5.33437 0.0067783 3.79791e+12
5.40156 0.0067783 3.80057e+12
5.46875 0.0067783 3.7867e+12
5.60313 0.0067783 3.7379e+12
5.7375 0.0067783 3.6757e+12
5.87188 0.0067783 3.60372e+12
6.00625 0.0067783 3.5233e+12
6.14062 0.0067783 3.43527e+12
6.275 0.0067783 3.34033e+12
6.40937 0.0067783 3.23914e+12
6.54375 0.0067783 3.1324e+12
6.67812 0.0067783 3.02083e+12
6.8125 0.0067783 2.90514e+12
6.94688 0.0067783 2.78606e+12
7.08125 0.0067783 2.66434e+12
7.21563 0.0067783 2.54069e+12
7.35 0.0067783 2.41583e+12
7.48438 0.0067783 2.29047e+12
7.61875 0.0067783 2.16527e+12
7.75312 0.0067783 2.04087e+12
7.8875 0.0067783 1.91788e+12
8.02187 0.0067783 1.79687e+12
8.15625 0.0067783 1.67835e+12
8.29063 0.0067783 1.56282e+12
8.425 0.0067783 1.45069e+12
8.55937 0.0067783 1.34233e+12
8.69375 0.0067783 1.23806e+12
8.82812 0.0067783 1.13811e+12
8.9625 0.0067783 1.04259e+12
9.09688 0.0067783 9.51383e+11
9.23125 0.0067783 8.63832e+11
9.36562 0.0067783 7.79899e+11
9.5 0.0067783 7.31304e+11
9.75 0.0067783 6.86482e+11
10 0.0067783 6.42949e+11
0 0.0070864 8.46987e+16
0.25 0.0070864 8.37461e+16
0.5 0.0070864 8.10147e+16
0.75 0.0070864 7.72943e+16
1 0.0070864 7.34416e+16
1.25 0.0070864 6.95727e+16
1.5 0.0070864 6.55117e+16
1.7 0.0070864 6.24508e+16
1.85 0.0070864 5.48173e+16
2.1 0.0070864 4.99827e+16
2.35 0.0070864 4.52658e+16
2.6 0.0070864 4.05601e+16
2.85 0.0070864 3.58124e+16
3.1 0.0070864 3.09462e+16
3.35 0.0070864 2.58916e+16
3.6 0.0070864 2.18614e+16
3.85 0.0070864 1.69885e+17
4 0.0070864 3.48911e+15
4.125 0.0070864 7.52309e+13
4.25 0.0070864 3.05344e+12
4.375 0.0070864 1.62236e+12
4.5 0.0070864 1.43724e+12
4.625 0.0070864 1.2982e+12
4.75 0.0070864 1.18553e+12
4.875 0.0070864 1.094e+12
5 0.0070864 1.02048e+12
5.1 0.0070864 9.75099e+11
5.2 0.0070864 9.91403e+11
5.26719 0.0070864 1.72951e+12
5.33437 0.0070864 1.76456e+12
5.40156 0.0070864 1.7658e+12
5.46875 0.0070864 1.75901e+12
5.60313 0.0070864 1.73521e+12
5.7375 0.0070864 1.70491e+12
5.87188 0.0070864 1.66989e+12
6.00625 0.0070864 1.63081e+12
6.14062 0.0070864 1.58808e+12
6.275 0.0070864 1.54206e+12
6.40937 0.0070864 1.4931e+12
6.54375 0.0070864 1.44153e+12
6.67812 0.0070864 1.38772e+12
6.8125 0.0070864 1.33203e+12
6.94688 0.0070864 1.27483e+12
7.08125 0.0070864 1.21648e+12
7.21563 0.0070864 1.15735e+12
7.35 0.0070864 1.09778e+12
7.48438 0.0070864 1.03812e+12
7.61875 0.0070864 9.78702e+11
7.75312 0.0070864 9.19831e+11
7.8875 0.0070864 8.61799e+11
8.02187 0.0070864 8.04878e+11
8.15625 0.0070864 7.49315e+11
8.29063 0.0070864 6.95331e+11
8.425 0.0070864 6.43123e+11
8.55937 0.0070864 5.92859e+11
8.69375 0.0070864 5.44676e+11
8.82812 0.0070864 4.98674e+11
8.9625 0.0070864 4.54895e+11
9.09688 0.0070864 4.13273e+11
9.23125 0.0070864 3.735e+11
9.36562 0.0070864 3.35516e+11
9.5 0.0070864 3.12396e+11
9.75 0.0070864 2.92332e+11
10 0.0070864 2.72945e+11
0 0.0073945 6.87112e+16
0.25 0.0073945 6.78892e+16
0.5 0.0073945 6.55364e+16
0.75 0.0073945 6.23276e+16
1 0.0073945 5.9024e+16
1.25 0.0073945 5.5721e+16
1.5 0.0073945 5.22775e+16
1.7 0.0073945 4.96874e+16
1.85 0.0073945 4.35027e+16
2.1 0.0073945 3.94932e+16
2.35 0.0073945 3.56081e+16
2.6 0.0073945 3.17604e+16
2.85 0.0073945 2.79092e+16
3.1 0.0073945 2.39977e+16
3.35 0.0073945 1.99796e+16
3.6 0.0073945 1.68619e+16
3.85 0.0073945 1.48475e+17
4 0.0073945 3.04868e+15
4.125 0.0073945 6.53559e+13
4.25 0.0073945 1.99452e+12
4.375 0.0073945 7.78334e+11
4.5 0.0073945 6.79336e+11
4.625 0.0073945 6.10968e+11
4.75 0.0073945 5.55917e+11
4.875 0.0073945 5.11389e+11
5 0.0073945 4.75771e+11
5.1 0.0073945 4.53868e+11
5.2 0.0073945 4.61108e+11
5.26719 0.0073945 8.03025e+11
5.33437 0.0073945 8.19832e+11
5.40156 0.0073945 8.20412e+11
5.46875 0.0073945 8.17104e+11
5.60313 0.0073945 8.05522e+11
5.7375 0.0073945 7.90795e+11
5.87188 0.0073945 7.7379e+11
6.00625 0.0073945 7.54839e+11
6.14062 0.0073945 7.34148e+11
6.275 0.0073945 7.11893e+11
6.40937 0.0073945 6.88249e+11
6.54375 0.0073945 6.6339e+11
6.67812 0.0073945 6.37496e+11
6.8125 0.0073945 6.10748e+11
6.94688 0.0073945 5.83329e+11
7.08125 0.0073945 5.5542e+11
7.21563 0.0073945 5.272e+11
7.35 0.0073945 4.98842e+11
7.48438 0.0073945 4.70514e+11
7.61875 0.0073945 4.42374e+11
7.75312 0.0073945 4.14573e+11
7.8875 0.0073945 3.87249e+11
8.02187 0.0073945 3.60532e+11
8.15625 0.0073945 3.34537e+11
8.29063 0.0073945 3.09367e+11
8.425 0.0073945 2.8511e+11
8.55937 0.0073945 2.61844e+11
8.69375 0.0073945 2.39626e+11
8.82812 0.0073945 2.18498e+11
8.9625 0.0073945 1.98476e+11
9.09688 0.0073945 1.79522e+11
9.23125 0.0073945 1.61493e+11
9.36562 0.0073945 1.4434e+11
9.5 0.0073945 1.3345e+11
9.75 0.0073945 1.24487e+11
10 0.0073945 1.15871e+11
0 0.0077026 5.57699e+16
0.25 0.0077026 5.50624e+16
0.5 0.0077026 5.30411e+16
0.75 0.0077026 5.02821e+16
1 0.0077026 4.74575e+16
1.25 0.0077026 4.46456e+16
1.5 0.0077026 4.1733e+16
1.7 0.0077026 3.95472e+16
1.85 0.0077026 3.45347e+16
2.1 0.0077026 3.12142e+16
2.35 0.0077026 2.80183e+16
2.6 0.0077026 2.48757e+16
2.85 0.0077026 2.17547e+16
3.1 0.0077026 1.86127e+16
3.35 0.0077026 1.54198e+16
3.6 0.0077026 1.30074e+16
3.85 0.0077026 1.29789e+17
4 0.0077026 2.66394e+15
4.125 0.0077026 5.70205e+13
4.25 0.0077026 1.43064e+12
4.375 0.0077026 3.7683e+11
4.5 0.0077026 3.21158e+11
4.625 0.0077026 2.8754e+11
4.75 0.0077026 2.60681e+11
4.875 0.0077026 2.39049e+11
5 0.0077026 2.21817e+11
5.1 0.0077026 2.11258e+11
5.2 0.0077026 2.14465e+11
5.26719 0.0077026 3.72853e+11
5.33437 0.0077026 3.80903e+11
5.40156 0.0077026 3.81173e+11
5.46875 0.0077026 3.79564e+11
5.60313 0.0077026 3.73939e+11
5.7375 0.0077026 3.66796e+11
5.87188 0.0077026 3.58557e+11
6.00625 0.0077026 3.49386e+11
6.14062 0.0077026 3.39385e+11
6.275 0.0077026 3.28645e+11
6.40937 0.0077026 3.1725e+11
6.54375 0.0077026 3.0529e+11
6.67812 0.0077026 2.92854e+11
6.8125 0.0077026 2.80032e+11
6.94688 0.0077026 2.66915e+11
7.08125 0.0077026 2.53593e+11
7.21563 0.0077026 2.40152e+11
7.35 0.0077026 2.26679e+11
7.48438 0.0077026 2.13253e+11
7.61875 0.0077026 1.99953e+11
7.75312 0.0077026 1.8685e+11
7.8875 0.0077026 1.7401e+11
8.02187 0.0077026 1.61494e+11
8.15625 0.0077026 1.49356e+11
8.29063 0.0077026 1.37643e+11
8.425 0.0077026 1.26396e+11
8.55937 0.0077026 1.15647e+11
8.69375 0.0077026 1.05422e+11
8.82812 0.0077026 9.5737e+10
8.9625 0.0077026 8.65972e+10
9.09688 0.0077026 7.79827e+10
9.23125 0.0077026 6.98255e+10
9.36562 0.0077026 6.20957e+10
9.5 0.0077026 5.70077e+10
9.75 0.0077026 5.30117e+10
10 0.0077026 4.91903e+10
0 0.0080107 4.52848e+16
0.25 0.0080107 4.46774e+16
0.5 0.0080107 4.29451e+16
0.75 0.0080107 4.05798e+16
1 0.0080107 3.81711e+16
1.25 0.0080107 3.57834e+16
1.5 0.0080107 3.33257e+16
1.7 0.0080107 3.14856e+16
1.85 0.0080107 2.74225e+16
2.1 0.0080107 2.46765e+16
2.35 0.0080107 2.20509e+16
2.6 0.0080107 1.9487e+16
2.85 0.0080107 1.69601e+16
3.1 0.0080107 1.44381e+16
3.35 0.0080107 1.19021e+16
3.6 0.0080107 1.00348e+16
3.85 0.0080107 1.13463e+17
4 0.0080107 2.32772e+15
4.125 0.0080107 4.98735e+13
4.25 0.0080107 1.10947e+12
4.375 0.0080107 1.85492e+11
4.5 0.0080107 1.51879e+11
4.625 0.0080107 1.35327e+11
4.75 0.0080107 1.22239e+11
4.875 0.0080107 1.11745e+11
5 0.0080107 1.03418e+11
5.1 0.0080107 9.83329e+10
5.2 0.0080107 9.97493e+10
5.26719 0.0080107 1.73121e+11
5.33437 0.0080107 1.76972e+11
5.40156 0.0080107 1.77097e+11
5.46875 0.0080107 1.76316e+11
5.60313 0.0080107 1.7359e+11
5.7375 0.0080107 1.70131e+11
5.87188 0.0080107 1.66147e+11
6.00625 0.0080107 1.61717e+11
6.14062 0.0080107 1.56892e+11
6.275 0.0080107 1.51718e+11
6.40937 0.0080107 1.46237e+11
6.54375 0.0080107 1.40494e+11
6.67812 0.0080107 1.34532e+11
6.8125 0.0080107 1.28397e+11
6.94688 0.0080107 1.22133e+11
7.08125 0.0080107 1.15785e+11
7.21563 0.0080107 1.09395e+11
7.35 0.0080107 1.03005e+11
7.48438 0.0080107 9.66537e+10
7.61875 0.0080107 9.03787e+10
7.75312 0.0080107 8.42141e+10
7.8875 0.0080107 7.81913e+10
8.02187 0.0080107 7.23387e+10
8.15625 0.0080107 6.66811e+10
8.29063 0.0080107 6.12402e+10
8.425 0.0080107 5.60339e+10
8.55937 0.0080107 5.10767e+10
8.69375 0.0080107 4.63793e+10
8.82812 0.0080107 4.1948e+10
8.9625 0.0080107 3.77833e+10
9.09688 0.0080107 3.38749e+10
9.23125 0.0080107 3.01908e+10
9.36562 0.0080107 2.67138e+10
9.5 0.0080107 2.43531e+10
9.75 0.0080107 2.25746e+10
10 0.0080107 2.08826e+10
0 0.0083188 3.67832e+16
0.25 0.0083188 3.6263e+16
0.5 0.0083188 3.47819e+16
0.75 0.0083188 3.27594e+16
1 0.0083188 3.07105e+16
1.25 0.0083188 2.8688e+16
1.5 0.0083188 2.66186e+16
1.7 0.0083188 2.50732e+16
1.85 0.0083188 2.17794e+16
2.1 0.0083188 1.95116e+16
2.35 0.0083188 1.73573e+16
2.6 0.0083188 1.52679e+16
2.85 0.0083188 1.32239e+16
3.1 0.0083188 1.12011e+16
3.35 0.0083188 9.18768e+15
3.6 0.0083188 7.74215e+15
3.85 0.0083188 9.91858e+16
4 0.0083188 2.03384e+15
4.125 0.0083188 4.36913e+13
4.25 0.0083188 9.10031e+11
4.375 0.0083188 9.40057e+10
4.5 0.0083188 7.1871e+10
4.625 0.0083188 6.36913e+10
4.75 0.0083188 5.73212e+10
4.875 0.0083188 5.22358e+10
5 0.0083188 4.82168e+10
5.1 0.0083188 4.57706e+10
5.2 0.0083188 4.63943e+10
5.26719 0.0083188 8.03828e+10
5.33437 0.0083188 8.2223e+10
5.40156 0.0083188 8.22812e+10
5.46875 0.0083188 8.19024e+10
5.60313 0.0083188 8.05835e+10
5.7375 0.0083188 7.89121e+10
5.87188 0.0083188 7.69884e+10
6.00625 0.0083188 7.48522e+10
6.14062 0.0083188 7.25288e+10
6.275 0.0083188 7.00403e+10
6.40937 0.0083188 6.74083e+10
6.54375 0.0083188 6.46546e+10
6.67812 0.0083188 6.18014e+10
6.8125 0.0083188 5.88707e+10
6.94688 0.0083188 5.58846e+10
7.08125 0.0083188 5.28647e+10
7.21563 0.0083188 4.98319e+10
7.35 0.0083188 4.68062e+10
7.48438 0.0083188 4.38067e+10
7.61875 0.0083188 4.08511e+10
7.75312 0.0083188 3.79556e+10
7.8875 0.0083188 3.51351e+10
8.02187 0.0083188 3.24029e+10
8.15625 0.0083188 2.97702e+10
8.29063 0.0083188 2.72469e+10
8.425 0.0083188 2.4841e+10
8.55937 0.0083188 2.25586e+10
8.69375 0.0083188 2.04042e+10
8.82812 0.0083188 1.83799e+10
8.9625 0.0083188 1.64852e+10
9.09688 0.0083188 1.4715e+10
9.23125 0.0083188 1.30538e+10
9.36562 0.0083188 1.14924e+10
9.5 0.0083188 1.04035e+10
9.75 0.0083188 9.61324e+09
10 0.0083188 8.86526e+09
0 0.0086269 2.98858e+16
0.25 0.0086269 2.94412e+16
0.5 0.0086269 2.81777e+16
0.75 0.0086269 2.64526e+16
1 0.0086269 2.47137e+16
1.25 0.0086269 2.30044e+16
1.5 0.0086269 2.12656e+16
1.7 0.0086269 1.99705e+16
1.85 0.0086269 1.73004e+16
2.1 0.0086269 1.54301e+16
2.35 0.0086269 1.36645e+16
2.6 0.0086269 1.19636e+16
2.85 0.0086269 1.03118e+16
3.1 0.0086269 8.69053e+15
3.35 0.0086269 7.09282e+15
3.6 0.0086269 5.97359e+15
3.85 0.0086269 8.66924e+16
4 0.0086269 1.77694e+15
4.125 0.0086269 3.83181e+13
4.25 0.0086269 7.73967e+11
4.375 0.0086269 4.99941e+10
4.5 0.0086269 3.40516e+10
4.625 0.0086269 2.9977e+10
4.75 0.0086269 2.68796e+10
4.875 0.0086269 2.44181e+10
5 0.0086269 2.24804e+10
5.1 0.0086269 2.13047e+10
5.2 0.0086269 2.15785e+10
5.26719 0.0086269 3.73232e+10
5.33437 0.0086269 3.82017e+10
5.40156 0.0086269 3.82286e+10
5.46875 0.0086269 3.80453e+10
5.60313 0.0086269 3.74082e+10
5.7375 0.0086269 3.66017e+10
5.87188 0.0086269 3.56745e+10
6.00625 0.0086269 3.4646e+10
6.14062 0.0086269 3.35288e+10
6.275 0.0086269 3.23338e+10
6.40937 0.0086269 3.10719e+10
6.54375 0.0086269 2.97537e+10
6.67812 0.0086269 2.83903e+10
6.8125 0.0086269 2.69925e+10
6.94688 0.0086269 2.55712e+10
7.08125 0.0086269 2.41368e+10
7.21563 0.0086269 2.26995e+10
7.35 0.0086269 2.12691e+10
7.48438 0.0086269 1.98547e+10
7.61875 0.0086269 1.84646e+10
7.75312 0.0086269 1.71067e+10
7.8875 0.0086269 1.57879e+10
8.02187 0.0086269 1.45143e+10
8.15625 0.0086269 1.32911e+10
8.29063 0.0086269 1.21226e+10
8.425 0.0086269 1.10125e+10
8.55937 0.0086269 9.96326e+09
8.69375 0.0086269 8.97662e+09
8.82812 0.0086269 8.05329e+09
8.9625 0.0086269 7.19268e+09
9.09688 0.0086269 6.39203e+09
9.23125 0.0086269 5.64413e+09
9.36562 0.0086269 4.94405e+09
9.5 0.0086269 4.44433e+09
9.75 0.0086269 4.09373e+09
10 0.0086269 3.76358e+09
0 0.008935 2.42872e+16
0.25 0.008935 2.39079e+16
0.5 0.008935 2.28322e+16
0.75 0.008935 2.13641e+16
1 0.008935 1.98916e+16
1.25 0.008935 1.845e+16
1.5 0.008935 1.69918e+16
1.7 0.008935 1.59086e+16
1.85 0.008935 1.37443e+16
2.1 0.008935 1.22037e+16
2.35 0.008935 1.07585e+16
2.6 0.008935 9.37525e+15
2.85 0.008935 8.04161e+15
3.1 0.008935 6.74312e+15
3.35 0.008935 5.4759e+15
3.6 0.008935 4.6092e+15
3.85 0.008935 7.57549e+16
4 0.008935 1.55238e+15
4.125 0.008935 3.36359e+13
4.25 0.008935 6.72851e+11
4.375 0.008935 2.85832e+10
4.5 0.008935 1.61708e+10
4.625 0.008935 1.41098e+10
4.75 0.008935 1.26048e+10
4.875 0.008935 1.14146e+10
5 0.008935 1.04812e+10
5.1 0.008935 9.9167e+09
5.2 0.008935 1.00364e+10
5.26719 0.008935 1.733e+10
5.33437 0.008935 1.77489e+10
5.40156 0.008935 1.77613e+10
5.46875 0.008935 1.76728e+10
5.60313 0.008935 1.73655e+10
5.7375 0.008935 1.69769e+10
5.87188 0.008935 1.65306e+10
6.00625 0.008935 1.60362e+10
6.14062 0.008935 1.54997e+10
6.275 0.008935 1.49268e+10
6.40937 0.008935 1.43226e+10
6.54375 0.008935 1.36925e+10
6.67812 0.008935 1.30419e+10
6.8125 0.008935 1.23762e+10
6.94688 0.008935 1.17006e+10
7.08125 0.008935 1.10203e+10
7.21563 0.008935 1.03401e+10
7.35 0.008935 9.66483e+09
7.48438 0.008935 8.99877e+09
7.61875 0.008935 8.34596e+09
7.75312 0.008935 7.71005e+09
7.8875 0.008935 7.09425e+09
8.02187 0.008935 6.5014e+09
8.15625 0.008935 5.93386e+09
8.29063 0.008935 5.39358e+09
8.425 0.008935 4.88206e+09
8.55937 0.008935 4.40038e+09
8.69375 0.008935 3.94918e+09
8.82812 0.008935 3.52861e+09
8.9625 0.008935 3.13824e+09
9.09688 0.008935 2.77663e+09
9.23125 0.008935 2.44038e+09
9.36562 0.008935 2.12694e+09
9.5 0.008935 1.89862e+09
9.75 0.008935 1.74329e+09
10 0.008935 1.59776e+09
0 0.0092431 1.97409e+16
0.25 0.0092431 1.9418e+16
0.5 0.0092431 1.85038e+16
0.75 0.0092431 1.72572e+16
1 0.0092431 1.60127e+16
1.25 0.0092431 1.47992e+16
1.5 0.0092431 1.35786e+16
1.7 0.0092431 1.26743e+16
1.85 0.0092431 1.09203e+16
2.1 0.0092431 9.65284e+15
2.35 0.0092431 8.47116e+15
2.6 0.0092431 7.34742e+15
2.85 0.0092431 6.27159e+15
3.1 0.0092431 5.23236e+15
3.35 0.0092431 4.22775e+15
3.6 0.0092431 3.55655e+15
3.85 0.0092431 6.61767e+16
4 0.0092431 1.35612e+15
4.125 0.0092431 2.95504e+13
4.25 0.0092431 5.92578e+11
4.375 0.0092431 1.79575e+10
4.5 0.0092431 7.71348e+09
4.625 0.0092431 6.64191e+09
4.75 0.0092431 5.91084e+09
4.875 0.0092431 5.33591e+09
5 0.0092431 4.88676e+09
5.1 0.0092431 4.61595e+09
5.2 0.0092431 4.66806e+09
5.26719 0.0092431 8.04672e+09
5.33437 0.0092431 8.24631e+09
5.40156 0.0092431 8.25205e+09
5.46875 0.0092431 8.20933e+09
5.60313 0.0092431 8.06133e+09
5.7375 0.0092431 7.87435e+09
5.87188 0.0092431 7.65984e+09
6.00625 0.0092431 7.42245e+09
6.14062 0.0092431 7.16522e+09
6.275 0.0092431 6.89086e+09
6.40937 0.0092431 6.60198e+09
6.54375 0.0092431 6.3012e+09
6.67812 0.0092431 5.99119e+09
6.8125 0.0092431 5.67454e+09
6.94688 0.0092431 5.35384e+09
7.08125 0.0092431 5.03158e+09
7.21563 0.0092431 4.71013e+09
7.35 0.0092431 4.39176e+09
7.48438 0.0092431 4.07853e+09
7.61875 0.0092431 3.77235e+09
7.75312 0.0092431 3.47493e+09
7.8875 0.0092431 3.18778e+09
8.02187 0.0092431 2.91218e+09
8.15625 0.0092431 2.6492e+09
8.29063 0.0092431 2.3997e+09
8.425 0.0092431 2.16431e+09
8.55937 0.0092431 1.94348e+09
8.69375 0.0092431 1.7374e+09
8.82812 0.0092431 1.54609e+09
8.9625 0.0092431 1.36924e+09
9.09688 0.0092431 1.20614e+09
9.23125 0.0092431 1.05516e+09
9.36562 0.0092431 9.15017e+08
9.5 0.0092431 8.11101e+08
9.75 0.0092431 7.42371e+08
10 0.0092431 6.78306e+08
0 0.0095512 1.60479e+16
0.25 0.0095512 1.57736e+16
0.5 0.0095512 1.49981e+16
0.75 0.0095512 1.39416e+16
1 0.0095512 1.28917e+16
1.25 0.0095512 1.18722e+16
1.5 0.0095512 1.08521e+16
1.7 0.0095512 1.00985e+16
1.85 0.0095512 8.6772e+15
2.1 0.0095512 7.63571e+15
2.35 0.0095512 6.67055e+15
2.6 0.0095512 5.75853e+15
2.85 0.0095512 4.89139e+15
3.1 0.0095512 4.06025e+15
3.35 0.0095512 3.26421e+15
3.6 0.0095512 2.74435e+15
3.85 0.0095512 5.77878e+16
4 0.0095512 1.18463e+15
4.125 0.0095512 2.59831e+13
4.25 0.0095512 5.25935e+11
4.375 0.0095512 1.25012e+10
4.5 0.0095512 3.71039e+09
4.625 0.0095512 3.12712e+09
4.75 0.0095512 2.77184e+09
4.875 0.0095512 2.49437e+09
5 0.0095512 2.27842e+09
5.1 0.0095512 2.14861e+09
5.2 0.0095512 2.17118e+09
5.26719 0.0095512 3.73631e+09
5.33437 0.0095512 3.83132e+09
5.40156 0.0095512 3.83396e+09
5.46875 0.0095512 3.81338e+09
5.60313 0.0095512 3.74218e+09
5.7375 0.0095512 3.65233e+09
5.87188 0.0095512 3.54936e+09
6.00625 0.0095512 3.43552e+09
6.14062 0.0095512 3.31234e+09
6.275 0.0095512 3.18112e+09
6.40937 0.0095512 3.04317e+09
6.54375 0.0095512 2.89977e+09
6.67812 0.0095512 2.75222e+09
6.8125 0.0095512 2.60179e+09
6.94688 0.0095512 2.44975e+09
7.08125 0.0095512 2.29729e+09
7.21563 0.0095512 2.14556e+09
7.35 0.0095512 1.99564e+09
7.48438 0.0095512 1.84852e+09
7.61875 0.0095512 1.70509e+09
7.75312 0.0095512 1.56616e+09
7.8875 0.0095512 1.43242e+09
8.02187 0.0095512 1.30445e+09
8.15625 0.0095512 1.18275e+09
8.29063 0.0095512 1.06767e+09
8.425 0.0095512 9.59482e+08
8.55937 0.0095512 8.58356e+08
8.69375 0.0095512 7.64352e+08
8.82812 0.0095512 6.77428e+08
8.9625 0.0095512 5.97414e+08
9.09688 0.0095512 5.23934e+08
9.23125 0.0095512 4.56224e+08
9.36562 0.0095512 3.93643e+08
9.5 0.0095512 3.4651e+08
9.75 0.0095512 3.16135e+08
10 0.0095512 2.87966e+08
0 0.0098594 1.30464e+16
0.25 0.0098594 1.28137e+16
0.5 0.0098594 1.2157e+16
0.75 0.0098594 1.12633e+16
1 0.0098594 1.03792e+16
1.25 0.0098594 9.5242e+15
1.5 0.0098594 8.67312e+15
1.7 0.0098594 8.04621e+15
1.85 0.0098594 6.89479e+15
2.1 0.0098594 6.03999e+15
2.35 0.0098594 5.25253e+15
2.6 0.0098594 4.51307e+15
2.85 0.0098594 3.81477e+15
3.1 0.0098594 3.15054e+15
3.35 0.0098594 2.52012e+15
3.6 0.0098594 2.11749e+15
3.85 0.0098594 5.0438e+16
4 0.0098594 1.0348e+15
4.125 0.0098594 2.28663e+13
4.25 0.0098594 4.69027e+11
4.375 0.0098594 9.5419e+09
4.5 0.0098594 1.81253e+09
4.625 0.0098594 1.47245e+09
4.75 0.0098594 1.29953e+09
4.875 0.0098594 1.16576e+09
5 0.0098594 1.06204e+09
5.1 0.0098594 9.99877e+08
5.2 0.0098594 1.0096e+09
5.26719 0.0098594 1.73444e+09
5.33437 0.0098594 1.77962e+09
5.40156 0.0098594 1.78084e+09
5.46875 0.0098594 1.77093e+09
5.60313 0.0098594 1.73674e+09
5.7375 0.0098594 1.69362e+09
5.87188 0.0098594 1.64426e+09
6.00625 0.0098594 1.58975e+09
6.14062 0.0098594 1.53084e+09
6.275 0.0098594 1.46817e+09
6.40937 0.0098594 1.40239e+09
6.54375 0.0098594 1.33411e+09
6.67812 0.0098594 1.26399e+09
6.8125 0.0098594 1.19263e+09
6.94688 0.0098594 1.12064e+09
7.08125 0.0098594 1.04861e+09
7.21563 0.0098594 9.77095e+08
7.35 0.0098594 9.06596e+08
7.48438 0.0098594 8.37589e+08
7.61875 0.0098594 7.70495e+08
7.75312 0.0098594 7.05687e+08
7.8875 0.0098594 6.43483e+08
8.02187 0.0098594 5.84152e+08
8.15625 0.0098594 5.27903e+08
8.29063 0.0098594 4.74898e+08
8.425 0.0098594 4.25244e+08
8.55937 0.0098594 3.79001e+08
8.69375 0.0098594 3.36179e+08
8.82812 0.0098594 2.9674e+08
8.9625 0.0098594 2.60587e+08
9.09688 0.0098594 2.2753e+08
9.23125 0.0098594 1.97206e+08
9.36562 0.0098594 1.693e+08
9.5 0.0098594 1.47993e+08
9.75 0.0098594 1.34588e+08
10 0.0098594 1.22219e+08
