0 0 22.5525
0.25 0 22.5889
0.5 0 22.7176
0.75 0 22.7652
1 0 22.7591
1.25 0 22.7625
1.5 0 25.1762
1.7 0 25.2226
1.85 0 18.8033
2.1 0 16.76
2.35 0 15.0558
2.6 0 13.6062
2.85 0 12.3513
3.1 0 11.2448
3.35 0 10.2461
3.6 0 9.30905
3.85 0 8.3382
4 0 18.633
4.125 0 11.9627
4.25 0 11.6977
4.375 0 11.1472
4.5 0 9.04382
4.625 0 14.1458
4.75 0 19.6749
4.875 0 19.8331
5 0 19.8384
5.07031 0 19.8314
5.14062 0 19.8224
5.21094 0 19.8128
5.28125 0 19.8031
5.35156 0 19.7934
5.42188 0 19.7837
5.5625 0 19.7641
5.70312 0 19.7445
5.84375 0 19.7246
5.98438 0 19.7046
6.125 0 19.6844
6.26562 0 19.664
6.40625 0 19.6435
6.54688 0 19.6228
6.6875 0 19.6019
6.82812 0 19.5808
6.96875 0 19.5596
7.10938 0 19.5383
7.25 0 19.5167
7.39062 0 19.4951
7.53125 0 19.4732
7.67188 0 19.4512
7.8125 0 19.4291
7.95312 0 19.4068
8.09375 0 19.3844
8.23438 0 19.3619
8.375 0 19.3392
8.51562 0 19.3164
8.65625 0 19.2934
8.79688 0 19.2703
8.9375 0 19.247
9.07812 0 19.2234
9.21875 0 19.1976
9.35938 0 19.11
9.5 0 16.022
9.75 0 16.0684
10 0 16.0867
0 0.000624 24.4318
0.25 0.000624 24.4343
0.5 0.000624 24.4437
0.75 0.000624 24.4368
1 0.000624 24.4283
1.25 0.000624 24.4223
1.5 0.000624 24.6337
1.7 0.000624 24.6359
1.85 0.000624 33.9748
2.1 0.000624 35.3795
2.35 0.000624 37.108
2.6 0.000624 39.3085
2.85 0.000624 42.2367
3.1 0.000624 46.394
3.35 0.000624 52.9526
3.6 0.000624 65.8226
3.85 0.000624 129.574
4 0.000624 22.7788
4.125 0.000624 30.1115
4.25 0.000624 31.1895
4.375 0.000624 34.3658
4.5 0.000624 69.6551
4.625 0.000624 9.28289
4.75 0.000624 11.7137
4.875 0.000624 11.9909
5 0.000624 12.0282
5.07031 0.000624 12.0313
5.14062 0.000624 12.0301
5.21094 0.000624 12.0275
5.28125 0.000624 12.0244
5.35156 0.000624 12.021
5.42188 0.000624 12.0177
5.5625 0.000624 12.0109
5.70312 0.000624 12.0042
5.84375 0.000624 11.9974
5.98438 0.000624 11.9907
6.125 0.000624 11.984
6.26562 0.000624 11.9773
6.40625 0.000624 11.9707
6.54688 0.000624 11.964
6.6875 0.000624 11.9574
6.82812 0.000624 11.9508
6.96875 0.000624 11.9443
7.10938 0.000624 11.9377
7.25 0.000624 11.9312
7.39062 0.000624 11.9247
7.53125 0.000624 11.9182
7.67188 0.000624 11.9117
7.8125 0.000624 11.9052
7.95312 0.000624 11.8988
8.09375 0.000624 11.8923
8.23438 0.000624 11.8859
8.375 0.000624 11.8795
8.51562 0.000624 11.8731
8.65625 0.000624 11.8667
8.79688 0.000624 11.8603
8.9375 0.000624 11.854
9.07812 0.000624 11.8477
9.21875 0.000624 11.8414
9.35938 0.000624 11.8349
9.5 0.000624 11.8046
9.75 0.000624 11.7951
10 0.000624 11.7908
0 0.001248 45.3698
0.25 0.001248 45.3663
0.5 0.001248 45.3554
0.75 0.001248 45.2993
1 0.001248 45.2492
1.25 0.001248 45.2031
1.5 0.001248 45.3595
1.7 0.001248 45.3389
1.85 0.001248 53.5829
2.1 0.001248 54.6735
2.35 0.001248 56.0027
2.6 0.001248 57.6774
2.85 0.001248 59.875
3.1 0.001248 62.9353
3.35 0.001248 67.6407
3.6 0.001248 76.8549
3.85 0.001248 145.938
4 0.001248 24.5306
4.125 0.001248 31.178
4.25 0.001248 32.3021
4.375 0.001248 35.7824
4.5 0.001248 75.0503
4.625 0.001248 9.35584
4.75 0.001248 11.972
4.875 0.001248 12.2905
5 0.001248 12.3315
5.07031 0.001248 12.3339
5.14062 0.001248 12.3314
5.21094 0.001248 12.3272
5.28125 0.001248 12.3225
5.35156 0.001248 12.3175
5.42188 0.001248 12.3126
5.5625 0.001248 12.3026
5.70312 0.001248 12.2926
5.84375 0.001248 12.2826
5.98438 0.001248 12.2726
6.125 0.001248 12.2627
6.26562 0.001248 12.2528
6.40625 0.001248 12.2429
6.54688 0.001248 12.233
6.6875 0.001248 12.2231
6.82812 0.001248 12.2133
6.96875 0.001248 12.2035
7.10938 0.001248 12.1937
7.25 0.001248 12.1839
7.39062 0.001248 12.1741
7.53125 0.001248 12.1644
7.67188 0.001248 12.1546
7.8125 0.001248 12.1449
7.95312 0.001248 12.1352
8.09375 0.001248 12.1256
8.23438 0.001248 12.1159
8.375 0.001248 12.1063
8.51562 0.001248 12.0967
8.65625 0.001248 12.0871
8.79688 0.001248 12.0775
8.9375 0.001248 12.068
9.07812 0.001248 12.0585
9.21875 0.001248 12.0489
9.35938 0.001248 12.0394
9.5 0.001248 12.0284
9.75 0.001248 12.0167
10 0.001248 12.0115
0 0.0015601 58.3013
0.25 0.0015601 58.2892
0.5 0.0015601 58.2481
0.75 0.0015601 58.1262
1 0.0015601 58.0171
1.25 0.0015601 57.9128
1.5 0.0015601 57.9879
1.7 0.0015601 57.9293
1.85 0.0015601 65.0174
2.1 0.0015601 65.8066
2.35 0.0015601 66.774
2.6 0.0015601 68.0002
2.85 0.0015601 69.6153
3.1 0.0015601 71.8663
3.35 0.0015601 75.328
3.6 0.0015601 82.3965
3.85 0.0015601 156.239
4 0.0015601 24.7942
4.125 0.0015601 31.3648
4.25 0.0015601 32.5086
4.375 0.0015601 36.0774
4.5 0.0015601 76.9067
4.625 0.0015601 9.3795
4.75 0.0015601 11.977
4.875 0.0015601 12.2967
5 0.0015601 12.3378
5.07031 0.0015601 12.3402
5.14062 0.0015601 12.3376
5.21094 0.0015601 12.3333
5.28125 0.0015601 12.3285
5.35156 0.0015601 12.3236
5.42188 0.0015601 12.3185
5.5625 0.0015601 12.3084
5.70312 0.0015601 12.2983
5.84375 0.0015601 12.2882
5.98438 0.0015601 12.2781
6.125 0.0015601 12.268
6.26562 0.0015601 12.258
6.40625 0.0015601 12.248
6.54688 0.0015601 12.238
6.6875 0.0015601 12.228
6.82812 0.0015601 12.218
6.96875 0.0015601 12.2081
7.10938 0.0015601 12.1982
7.25 0.0015601 12.1883
7.39062 0.0015601 12.1784
7.53125 0.0015601 12.1685
7.67188 0.0015601 12.1587
7.8125 0.0015601 12.1489
7.95312 0.0015601 12.1391
8.09375 0.0015601 12.1293
8.23438 0.0015601 12.1196
8.375 0.0015601 12.1099
8.51562 0.0015601 12.1001
8.65625 0.0015601 12.0905
8.79688 0.0015601 12.0808
8.9375 0.0015601 12.0712
9.07812 0.0015601 12.0615
9.21875 0.0015601 12.0519
9.35938 0.0015601 12.0422
9.5 0.0015601 12.0315
9.75 0.0015601 12.0198
10 0.0015601 12.0145
0 0.0018721 66.6747
0.25 0.0018721 66.6545
0.5 0.0018721 66.5846
0.75 0.0018721 66.4017
1 0.0018721 66.2371
1.25 0.0018721 66.0778
1.5 0.0018721 66.0766
1.7 0.0018721 65.9808
1.85 0.0018721 72.093
2.1 0.0018721 72.6396
2.35 0.0018721 73.3236
2.6 0.0018721 74.2089
2.85 0.0018721 75.3967
3.1 0.0018721 77.0793
3.35 0.0018721 79.714
3.6 0.0018721 85.4649
3.85 0.0018721 162.668
4 0.0018721 24.8875
4.125 0.0018721 31.4244
4.25 0.0018721 32.5761
4.375 0.0018721 36.1754
4.5 0.0018721 77.6287
4.625 0.0018721 9.39498
4.75 0.0018721 11.9776
4.875 0.0018721 12.2974
5 0.0018721 12.3385
5.07031 0.0018721 12.3408
5.14062 0.0018721 12.3382
5.21094 0.0018721 12.334
5.28125 0.0018721 12.3292
5.35156 0.0018721 12.3242
5.42188 0.0018721 12.3191
5.5625 0.0018721 12.309
5.70312 0.0018721 12.2989
5.84375 0.0018721 12.2888
5.98438 0.0018721 12.2787
6.125 0.0018721 12.2686
6.26562 0.0018721 12.2585
6.40625 0.0018721 12.2485
6.54688 0.0018721 12.2385
6.6875 0.0018721 12.2285
6.82812 0.0018721 12.2185
6.96875 0.0018721 12.2086
7.10938 0.0018721 12.1986
7.25 0.0018721 12.1887
7.39062 0.0018721 12.1788
7.53125 0.0018721 12.169
7.67188 0.0018721 12.1591
7.8125 0.0018721 12.1493
7.95312 0.0018721 12.1395
8.09375 0.0018721 12.1297
8.23438 0.0018721 12.1199
8.375 0.0018721 12.1102
8.51562 0.0018721 12.1005
8.65625 0.0018721 12.0908
8.79688 0.0018721 12.0811
8.9375 0.0018721 12.0714
9.07812 0.0018721 12.0618
9.21875 0.0018721 12.0522
9.35938 0.0018721 12.0425
9.5 0.0018721 12.0318
9.75 0.0018721 12.02
10 0.0018721 12.0148
0 0.0021841 74.0816
0.25 0.0021841 74.0518
0.5 0.0021841 73.9485
0.75 0.0021841 73.6958
1 0.0021841 73.467
1.25 0.0021841 73.2442
1.5 0.0021841 73.1581
1.7 0.0021841 73.0186
1.85 0.0021841 78.1797
2.1 0.0021841 78.4841
2.35 0.0021841 78.8904
2.6 0.0021841 79.4481
2.85 0.0021841 80.2344
3.1 0.0021841 81.3965
3.35 0.0021841 83.2984
3.6 0.0021841 87.9359
3.85 0.0021841 168.508
4 0.0021841 24.9479
4.125 0.0021841 31.4527
4.25 0.0021841 32.6086
4.375 0.0021841 36.2201
4.5 0.0021841 77.9416
4.625 0.0021841 9.41036
4.75 0.0021841 11.9778
4.875 0.0021841 12.2975
5 0.0021841 12.3386
5.07031 0.0021841 12.3409
5.14062 0.0021841 12.3383
5.21094 0.0021841 12.3341
5.28125 0.0021841 12.3293
5.35156 0.0021841 12.3243
5.42188 0.0021841 12.3192
5.5625 0.0021841 12.3091
5.70312 0.0021841 12.299
5.84375 0.0021841 12.2888
5.98438 0.0021841 12.2787
6.125 0.0021841 12.2687
6.26562 0.0021841 12.2586
6.40625 0.0021841 12.2486
6.54688 0.0021841 12.2385
6.6875 0.0021841 12.2286
6.82812 0.0021841 12.2186
6.96875 0.0021841 12.2086
7.10938 0.0021841 12.1987
7.25 0.0021841 12.1888
7.39062 0.0021841 12.1789
7.53125 0.0021841 12.169
7.67188 0.0021841 12.1592
7.8125 0.0021841 12.1493
7.95312 0.0021841 12.1395
8.09375 0.0021841 12.1297
8.23438 0.0021841 12.12
8.375 0.0021841 12.1102
8.51562 0.0021841 12.1005
8.65625 0.0021841 12.0908
8.79688 0.0021841 12.0811
8.9375 0.0021841 12.0715
9.07812 0.0021841 12.0618
9.21875 0.0021841 12.0522
9.35938 0.0021841 12.0425
9.5 0.0021841 12.0318
9.75 0.0021841 12.0201
10 0.0021841 12.0148
0 0.0024961 80.5406
0.25 0.0024961 80.5005
0.5 0.0024961 80.3607
0.75 0.0024961 80.0323
1 0.0024961 79.7338
1.25 0.0024961 79.4419
1.5 0.0024961 79.2663
1.7 0.0024961 79.0786
1.85 0.0024961 83.3477
2.1 0.0024961 83.419
2.35 0.0024961 83.5624
2.6 0.0024961 83.8154
2.85 0.0024961 84.2355
3.1 0.0024961 84.9337
3.35 0.0024961 86.2007
3.6 0.0024961 89.9133
3.85 0.0024961 173.771
4 0.0024961 24.995
4.125 0.0024961 31.466
4.25 0.0024961 32.6239
4.375 0.0024961 36.2362
4.5 0.0024961 77.9422
4.625 0.0024961 9.42567
4.75 0.0024961 11.978
4.875 0.0024961 12.2975
5 0.0024961 12.3386
5.07031 0.0024961 12.341
5.14062 0.0024961 12.3384
5.21094 0.0024961 12.3341
5.28125 0.0024961 12.3293
5.35156 0.0024961 12.3243
5.42188 0.0024961 12.3193
5.5625 0.0024961 12.3091
5.70312 0.0024961 12.299
5.84375 0.0024961 12.2888
5.98438 0.0024961 12.2787
6.125 0.0024961 12.2687
6.26562 0.0024961 12.2586
6.40625 0.0024961 12.2486
6.54688 0.0024961 12.2386
6.6875 0.0024961 12.2286
6.82812 0.0024961 12.2186
6.96875 0.0024961 12.2086
7.10938 0.0024961 12.1987
7.25 0.0024961 12.1888
7.39062 0.0024961 12.1789
7.53125 0.0024961 12.169
7.67188 0.0024961 12.1592
7.8125 0.0024961 12.1493
7.95312 0.0024961 12.1395
8.09375 0.0024961 12.1297
8.23438 0.0024961 12.12
8.375 0.0024961 12.1102
8.51562 0.0024961 12.1005
8.65625 0.0024961 12.0908
8.79688 0.0024961 12.0811
8.9375 0.0024961 12.0715
9.07812 0.0024961 12.0618
9.21875 0.0024961 12.0522
9.35938 0.0024961 12.0425
9.5 0.0024961 12.0318
9.75 0.0024961 12.0201
10 0.0024961 12.0148
0 0.0028081 86.1036
0.25 0.0028081 86.0526
0.5 0.0028081 85.8748
0.75 0.0028081 85.4681
1 0.0028081 85.0971
1.25 0.0028081 84.7337
1.5 0.0028081 84.4678
1.7 0.0028081 84.2298
1.85 0.0028081 87.687
2.1 0.0028081 87.5404
2.35 0.0028081 87.4417
2.6 0.0028081 87.4184
2.85 0.0028081 87.5124
3.1 0.0028081 87.8061
3.35 0.0028081 88.5332
3.6 0.0028081 91.4874
3.85 0.0028081 178.474
4 0.0028081 25.0368
4.125 0.0028081 31.4723
4.25 0.0028081 32.6307
4.375 0.0028081 36.237
4.5 0.0028081 77.7091
4.625 0.0028081 9.44093
4.75 0.0028081 11.9782
4.875 0.0028081 12.2975
5 0.0028081 12.3386
5.07031 0.0028081 12.341
5.14062 0.0028081 12.3383
5.21094 0.0028081 12.3341
5.28125 0.0028081 12.3293
5.35156 0.0028081 12.3243
5.42188 0.0028081 12.3192
5.5625 0.0028081 12.3091
5.70312 0.0028081 12.299
5.84375 0.0028081 12.2888
5.98438 0.0028081 12.2787
6.125 0.0028081 12.2687
6.26562 0.0028081 12.2586
6.40625 0.0028081 12.2486
6.54688 0.0028081 12.2385
6.6875 0.0028081 12.2285
6.82812 0.0028081 12.2186
6.96875 0.0028081 12.2086
7.10938 0.0028081 12.1987
7.25 0.0028081 12.1888
7.39062 0.0028081 12.1789
7.53125 0.0028081 12.169
7.67188 0.0028081 12.1591
7.8125 0.0028081 12.1493
7.95312 0.0028081 12.1395
8.09375 0.0028081 12.1297
8.23438 0.0028081 12.12
8.375 0.0028081 12.1102
8.51562 0.0028081 12.1005
8.65625 0.0028081 12.0908
8.79688 0.0028081 12.0811
8.9375 0.0028081 12.0715
9.07812 0.0028081 12.0618
9.21875 0.0028081 12.0522
9.35938 0.0028081 12.0425
9.5 0.0028081 12.0318
9.75 0.0028081 12.0201
10 0.0028081 12.0149
0 0.0031201 90.8442
0.25 0.0031201 90.7823
0.5 0.0031201 90.5662
0.75 0.0031201 90.0814
1 0.0031201 89.638
1.25 0.0031201 89.2031
1.5 0.0031201 88.8491
1.7 0.0031201 88.5607
1.85 0.0031201 91.2965
2.1 0.0031201 90.951
2.35 0.0031201 90.6344
2.6 0.0031201 90.3659
2.85 0.0031201 90.175
3.1 0.0031201 90.1218
3.35 0.0031201 90.3962
3.6 0.0031201 92.7353
3.85 0.0031201 182.639
4 0.0031201 25.0762
4.125 0.0031201 31.4752
4.25 0.0031201 32.6332
4.375 0.0031201 36.2296
4.5 0.0031201 77.3044
4.625 0.0031201 9.45615
4.75 0.0031201 11.9783
4.875 0.0031201 12.2975
5 0.0031201 12.3386
5.07031 0.0031201 12.3409
5.14062 0.0031201 12.3383
5.21094 0.0031201 12.3341
5.28125 0.0031201 12.3293
5.35156 0.0031201 12.3243
5.42188 0.0031201 12.3192
5.5625 0.0031201 12.3091
5.70312 0.0031201 12.299
5.84375 0.0031201 12.2888
5.98438 0.0031201 12.2787
6.125 0.0031201 12.2687
6.26562 0.0031201 12.2586
6.40625 0.0031201 12.2486
6.54688 0.0031201 12.2385
6.6875 0.0031201 12.2285
6.82812 0.0031201 12.2186
6.96875 0.0031201 12.2086
7.10938 0.0031201 12.1987
7.25 0.0031201 12.1888
7.39062 0.0031201 12.1789
7.53125 0.0031201 12.169
7.67188 0.0031201 12.1591
7.8125 0.0031201 12.1493
7.95312 0.0031201 12.1395
8.09375 0.0031201 12.1297
8.23438 0.0031201 12.1199
8.375 0.0031201 12.1102
8.51562 0.0031201 12.1005
8.65625 0.0031201 12.0908
8.79688 0.0031201 12.0811
8.9375 0.0031201 12.0715
9.07812 0.0031201 12.0618
9.21875 0.0031201 12.0522
9.35938 0.0031201 12.0425
9.5 0.0031201 12.0318
9.75 0.0031201 12.0201
10 0.0031201 12.0149
0 0.0034321 94.8474
0.25 0.0034321 94.775
0.5 0.0034321 94.5216
0.75 0.0034321 93.9611
1 0.0034321 93.4477
1.25 0.0034321 92.9437
1.5 0.0034321 92.5061
1.7 0.0034321 92.1688
1.85 0.0034321 94.2758
2.1 0.0034321 93.7522
2.35 0.0034321 93.2429
2.6 0.0034321 92.7603
2.85 0.0034321 92.3245
3.1 0.0034321 91.9779
3.35 0.0034321 91.8772
3.6 0.0034321 93.7213
3.85 0.0034321 186.291
4 0.0034321 25.1146
4.125 0.0034321 31.4765
4.25 0.0034321 32.6337
4.375 0.0034321 36.2177
4.5 0.0034321 76.7761
4.625 0.0034321 9.47133
4.75 0.0034321 11.9785
4.875 0.0034321 12.2975
5 0.0034321 12.3386
5.07031 0.0034321 12.3409
5.14062 0.0034321 12.3383
5.21094 0.0034321 12.3341
5.28125 0.0034321 12.3293
5.35156 0.0034321 12.3243
5.42188 0.0034321 12.3192
5.5625 0.0034321 12.3091
5.70312 0.0034321 12.2989
5.84375 0.0034321 12.2888
5.98438 0.0034321 12.2787
6.125 0.0034321 12.2686
6.26562 0.0034321 12.2586
6.40625 0.0034321 12.2485
6.54688 0.0034321 12.2385
6.6875 0.0034321 12.2285
6.82812 0.0034321 12.2186
6.96875 0.0034321 12.2086
7.10938 0.0034321 12.1987
7.25 0.0034321 12.1887
7.39062 0.0034321 12.1789
7.53125 0.0034321 12.169
7.67188 0.0034321 12.1591
7.8125 0.0034321 12.1493
7.95312 0.0034321 12.1395
8.09375 0.0034321 12.1297
8.23438 0.0034321 12.1199
8.375 0.0034321 12.1102
8.51562 0.0034321 12.1005
8.65625 0.0034321 12.0908
8.79688 0.0034321 12.0811
8.9375 0.0034321 12.0714
9.07812 0.0034321 12.0618
9.21875 0.0034321 12.0522
9.35938 0.0034321 12.0425
9.5 0.0034321 12.0318
9.75 0.0034321 12.0201
10 0.0034321 12.0149
0 0.0037441 98.2024
0.25 0.0037441 98.1199
0.5 0.0037441 97.8311
0.75 0.0037441 97.1992
1 0.0037441 96.6195
1.25 0.0037441 96.0503
1.5 0.0037441 95.5353
1.7 0.0037441 95.1518
1.85 0.0037441 96.7191
2.1 0.0037441 96.0386
2.35 0.0037441 95.3613
2.6 0.0037441 94.6945
2.85 0.0037441 94.0506
3.1 0.0037441 93.4586
3.35 0.0037441 93.0497
3.6 0.0037441 94.4981
3.85 0.0037441 189.459
4 0.0037441 25.1524
4.125 0.0037441 31.4771
4.25 0.0037441 32.6332
4.375 0.0037441 36.2034
4.5 0.0037441 76.1614
4.625 0.0037441 9.48648
4.75 0.0037441 11.9787
4.875 0.0037441 12.2976
5 0.0037441 12.3386
5.07031 0.0037441 12.3409
5.14062 0.0037441 12.3383
5.21094 0.0037441 12.3341
5.28125 0.0037441 12.3293
5.35156 0.0037441 12.3243
5.42188 0.0037441 12.3192
5.5625 0.0037441 12.3091
5.70312 0.0037441 12.2989
5.84375 0.0037441 12.2888
5.98438 0.0037441 12.2787
6.125 0.0037441 12.2686
6.26562 0.0037441 12.2586
6.40625 0.0037441 12.2485
6.54688 0.0037441 12.2385
6.6875 0.0037441 12.2285
6.82812 0.0037441 12.2185
6.96875 0.0037441 12.2086
7.10938 0.0037441 12.1987
7.25 0.0037441 12.1887
7.39062 0.0037441 12.1788
7.53125 0.0037441 12.169
7.67188 0.0037441 12.1591
7.8125 0.0037441 12.1493
7.95312 0.0037441 12.1395
8.09375 0.0037441 12.1297
8.23438 0.0037441 12.1199
8.375 0.0037441 12.1102
8.51562 0.0037441 12.1005
8.65625 0.0037441 12.0908
8.79688 0.0037441 12.0811
8.9375 0.0037441 12.0714
9.07812 0.0037441 12.0618
9.21875 0.0037441 12.0522
9.35938 0.0037441 12.0425
9.5 0.0037441 12.0318
9.75 0.0037441 12.0201
10 0.0037441 12.0149
0 0.0040561 100.996
0.25 0.0040561 100.904
0.5 0.0040561 100.583
0.75 0.0040561 99.8845
1 0.0040561 99.2435
1.25 0.0040561 98.6142
1.5 0.0040561 98.0288
1.7 0.0040561 97.6025
1.85 0.0040561 98.7124
2.1 0.0040561 97.8954
2.35 0.0040561 97.0736
2.6 0.0040561 96.2499
2.85 0.0040561 95.4309
3.1 0.0040561 94.6354
3.35 0.0040561 93.9753
3.6 0.0040561 95.1089
3.85 0.0040561 192.174
4 0.0040561 25.1899
4.125 0.0040561 31.4773
4.25 0.0040561 32.6321
4.375 0.0040561 36.1879
4.5 0.0040561 75.4881
4.625 0.0040561 9.5016
4.75 0.0040561 11.9789
4.875 0.0040561 12.2976
5 0.0040561 12.3386
5.07031 0.0040561 12.3409
5.14062 0.0040561 12.3383
5.21094 0.0040561 12.3341
5.28125 0.0040561 12.3293
5.35156 0.0040561 12.3243
5.42188 0.0040561 12.3192
5.5625 0.0040561 12.3091
5.70312 0.0040561 12.2989
5.84375 0.0040561 12.2888
5.98438 0.0040561 12.2787
6.125 0.0040561 12.2686
6.26562 0.0040561 12.2586
6.40625 0.0040561 12.2485
6.54688 0.0040561 12.2385
6.6875 0.0040561 12.2285
6.82812 0.0040561 12.2185
6.96875 0.0040561 12.2086
7.10938 0.0040561 12.1986
7.25 0.0040561 12.1887
7.39062 0.0040561 12.1788
7.53125 0.0040561 12.169
7.67188 0.0040561 12.1591
7.8125 0.0040561 12.1493
7.95312 0.0040561 12.1395
8.09375 0.0040561 12.1297
8.23438 0.0040561 12.1199
8.375 0.0040561 12.1102
8.51562 0.0040561 12.1005
8.65625 0.0040561 12.0908
8.79688 0.0040561 12.0811
8.9375 0.0040561 12.0714
9.07812 0.0040561 12.0618
9.21875 0.0040561 12.0522
9.35938 0.0040561 12.0425
9.5 0.0040561 12.0318
9.75 0.0040561 12.0201
10 0.0040561 12.0149
0 0.0043681 103.31
0.25 0.0043681 103.21
0.5 0.0043681 102.858
0.75 0.0043681 102.1
1 0.0043681 101.403
1.25 0.0043681 100.719
1.5 0.0043681 100.071
1.7 0.0043681 99.6054
1.85 0.0043681 100.332
2.1 0.0043681 99.3971
2.35 0.0043681 98.4521
2.6 0.0043681 97.496
2.85 0.0043681 96.531
3.1 0.0043681 95.568
3.35 0.0043681 94.7042
3.6 0.0043681 95.5882
3.85 0.0043681 194.467
4 0.0043681 25.2271
4.125 0.0043681 31.4774
4.25 0.0043681 32.6308
4.375 0.0043681 36.1716
4.5 0.0043681 74.7771
4.625 0.0043681 9.5167
4.75 0.0043681 11.9792
4.875 0.0043681 12.2976
5 0.0043681 12.3386
5.07031 0.0043681 12.3409
5.14062 0.0043681 12.3383
5.21094 0.0043681 12.334
5.28125 0.0043681 12.3292
5.35156 0.0043681 12.3242
5.42188 0.0043681 12.3192
5.5625 0.0043681 12.309
5.70312 0.0043681 12.2989
5.84375 0.0043681 12.2888
5.98438 0.0043681 12.2787
6.125 0.0043681 12.2686
6.26562 0.0043681 12.2586
6.40625 0.0043681 12.2485
6.54688 0.0043681 12.2385
6.6875 0.0043681 12.2285
6.82812 0.0043681 12.2185
6.96875 0.0043681 12.2086
7.10938 0.0043681 12.1986
7.25 0.0043681 12.1887
7.39062 0.0043681 12.1788
7.53125 0.0043681 12.169
7.67188 0.0043681 12.1591
7.8125 0.0043681 12.1493
7.95312 0.0043681 12.1395
8.09375 0.0043681 12.1297
8.23438 0.0043681 12.1199
8.375 0.0043681 12.1102
8.51562 0.0043681 12.1004
8.65625 0.0043681 12.0907
8.79688 0.0043681 12.0811
8.9375 0.0043681 12.0714
9.07812 0.0043681 12.0618
9.21875 0.0043681 12.0522
9.35938 0.0043681 12.0425
9.5 0.0043681 12.0318
9.75 0.0043681 12.0201
10 0.0043681 12.0148
0 0.0046801 105.219
0.25 0.0046801 105.11
0.5 0.0046801 104.731
0.75 0.0046801 103.919
1 0.0046801 103.172
1.25 0.0046801 102.44
1.5 0.0046801 101.735
1.7 0.0046801 101.235
1.85 0.0046801 101.642
2.1 0.0046801 100.608
2.35 0.0046801 99.5583
2.6 0.0046801 98.4914
2.85 0.0046801 97.4054
3.1 0.0046801 96.3052
3.35 0.0046801 95.2769
3.6 0.0046801 95.9637
3.85 0.0046801 196.37
4 0.0046801 25.2641
4.125 0.0046801 31.4774
4.25 0.0046801 32.6294
4.375 0.0046801 36.1549
4.5 0.0046801 74.0439
4.625 0.0046801 9.53178
4.75 0.0046801 11.9794
4.875 0.0046801 12.2976
5 0.0046801 12.3386
5.07031 0.0046801 12.3409
5.14062 0.0046801 12.3383
5.21094 0.0046801 12.334
5.28125 0.0046801 12.3292
5.35156 0.0046801 12.3242
5.42188 0.0046801 12.3192
5.5625 0.0046801 12.309
5.70312 0.0046801 12.2989
5.84375 0.0046801 12.2888
5.98438 0.0046801 12.2787
6.125 0.0046801 12.2686
6.26562 0.0046801 12.2585
6.40625 0.0046801 12.2485
6.54688 0.0046801 12.2385
6.6875 0.0046801 12.2285
6.82812 0.0046801 12.2185
6.96875 0.0046801 12.2086
7.10938 0.0046801 12.1986
7.25 0.0046801 12.1887
7.39062 0.0046801 12.1788
7.53125 0.0046801 12.1689
7.67188 0.0046801 12.1591
7.8125 0.0046801 12.1493
7.95312 0.0046801 12.1395
8.09375 0.0046801 12.1297
8.23438 0.0046801 12.1199
8.375 0.0046801 12.1102
8.51562 0.0046801 12.1004
8.65625 0.0046801 12.0907
8.79688 0.0046801 12.0811
8.9375 0.0046801 12.0714
9.07812 0.0046801 12.0618
9.21875 0.0046801 12.0521
9.35938 0.0046801 12.0424
9.5 0.0046801 12.0318
9.75 0.0046801 12.0201
10 0.0046801 12.0148
0 0.0049922 106.787
0.25 0.0049922 106.672
0.5 0.0049922 106.269
0.75 0.0049922 105.409
1 0.0049922 104.617
1.25 0.0049922 103.841
1.5 0.0049922 103.088
1.7 0.0049922 102.558
1.85 0.0049922 102.7
2.1 0.0049922 101.581
2.35 0.0049922 100.444
2.6 0.0049922 99.2847
2.85 0.0049922 98.099
3.1 0.0049922 96.8869
3.35 0.0049922 95.7264
3.6 0.0049922 96.2575
3.85 0.0049922 197.915
4 0.0049922 25.3009
4.125 0.0049922 31.4775
4.25 0.0049922 32.6279
4.375 0.0049922 36.1379
4.5 0.0049922 73.2997
4.625 0.0049922 9.54683
4.75 0.0049922 11.9797
4.875 0.0049922 12.2976
5 0.0049922 12.3386
5.07031 0.0049922 12.3409
5.14062 0.0049922 12.3383
5.21094 0.0049922 12.334
5.28125 0.0049922 12.3292
5.35156 0.0049922 12.3242
5.42188 0.0049922 12.3192
5.5625 0.0049922 12.309
5.70312 0.0049922 12.2989
5.84375 0.0049922 12.2888
5.98438 0.0049922 12.2787
6.125 0.0049922 12.2686
6.26562 0.0049922 12.2585
6.40625 0.0049922 12.2485
6.54688 0.0049922 12.2385
6.6875 0.0049922 12.2285
6.82812 0.0049922 12.2185
6.96875 0.0049922 12.2085
7.10938 0.0049922 12.1986
7.25 0.0049922 12.1887
7.39062 0.0049922 12.1788
7.53125 0.0049922 12.1689
7.67188 0.0049922 12.1591
7.8125 0.0049922 12.1493
7.95312 0.0049922 12.1394
8.09375 0.0049922 12.1297
8.23438 0.0049922 12.1199
8.375 0.0049922 12.1101
8.51562 0.0049922 12.1004
8.65625 0.0049922 12.0907
8.79688 0.0049922 12.0811
8.9375 0.0049922 12.0714
9.07812 0.0049922 12.0618
9.21875 0.0049922 12.0521
9.35938 0.0049922 12.0424
9.5 0.0049922 12.0318
9.75 0.0049922 12.0201
10 0.0049922 12.0148
0 0.0053042 108.071
0.25 0.0053042 107.95
0.5 0.0053042 107.526
0.75 0.0053042 106.624
1 0.0053042 105.794
1.25 0.0053042 104.98
1.5 0.0053042 104.184
1.7 0.0053042 103.627
1.85 0.0053042 103.552
2.1 0.0053042 102.361
2.35 0.0053042 101.151
2.6 0.0053042 99.9157
2.85 0.0053042 98.6481
3.1 0.0053042 97.3452
3.35 0.0053042 96.0785
3.6 0.0053042 96.487
3.85 0.0053042 199.133
4 0.0053042 25.3376
4.125 0.0053042 31.4775
4.25 0.0053042 32.6263
4.375 0.0053042 36.1207
4.5 0.0053042 72.5528
4.625 0.0053042 9.56187
4.75 0.0053042 11.98
4.875 0.0053042 12.2976
5 0.0053042 12.3386
5.07031 0.0053042 12.3409
5.14062 0.0053042 12.3383
5.21094 0.0053042 12.334
5.28125 0.0053042 12.3292
5.35156 0.0053042 12.3242
5.42188 0.0053042 12.3192
5.5625 0.0053042 12.309
5.70312 0.0053042 12.2989
5.84375 0.0053042 12.2888
5.98438 0.0053042 12.2787
6.125 0.0053042 12.2686
6.26562 0.0053042 12.2585
6.40625 0.0053042 12.2485
6.54688 0.0053042 12.2385
6.6875 0.0053042 12.2285
6.82812 0.0053042 12.2185
6.96875 0.0053042 12.2085
7.10938 0.0053042 12.1986
7.25 0.0053042 12.1887
7.39062 0.0053042 12.1788
7.53125 0.0053042 12.1689
7.67188 0.0053042 12.1591
7.8125 0.0053042 12.1492
7.95312 0.0053042 12.1394
8.09375 0.0053042 12.1296
8.23438 0.0053042 12.1199
8.375 0.0053042 12.1101
8.51562 0.0053042 12.1004
8.65625 0.0053042 12.0907
8.79688 0.0053042 12.081
8.9375 0.0053042 12.0714
9.07812 0.0053042 12.0618
9.21875 0.0053042 12.0521
9.35938 0.0053042 12.0424
9.5 0.0053042 12.0318
9.75 0.0053042 12.0201
10 0.0053042 12.0148
0 0.0056162 109.121
0.25 0.0056162 108.994
0.5 0.0056162 108.551
0.75 0.0056162 107.613
1 0.0056162 106.749
1.25 0.0056162 105.902
1.5 0.0056162 105.07
1.7 0.0056162 104.489
1.85 0.0056162 104.237
2.1 0.0056162 102.986
2.35 0.0056162 101.716
2.6 0.0056162 100.417
2.85 0.0056162 99.0821
3.1 0.0056162 97.7057
3.35 0.0056162 96.3542
3.6 0.0056162 96.666
3.85 0.0056162 200.055
4 0.0056162 25.3741
4.125 0.0056162 31.4776
4.25 0.0056162 32.6247
4.375 0.0056162 36.1035
4.5 0.0056162 71.8092
4.625 0.0056162 9.57689
4.75 0.0056162 11.9803
4.875 0.0056162 12.2977
5 0.0056162 12.3386
5.07031 0.0056162 12.3409
5.14062 0.0056162 12.3383
5.21094 0.0056162 12.334
5.28125 0.0056162 12.3292
5.35156 0.0056162 12.3242
5.42188 0.0056162 12.3192
5.5625 0.0056162 12.309
5.70312 0.0056162 12.2989
5.84375 0.0056162 12.2888
5.98438 0.0056162 12.2787
6.125 0.0056162 12.2686
6.26562 0.0056162 12.2585
6.40625 0.0056162 12.2485
6.54688 0.0056162 12.2385
6.6875 0.0056162 12.2285
6.82812 0.0056162 12.2185
6.96875 0.0056162 12.2085
7.10938 0.0056162 12.1986
7.25 0.0056162 12.1887
7.39062 0.0056162 12.1788
7.53125 0.0056162 12.1689
7.67188 0.0056162 12.1591
7.8125 0.0056162 12.1492
7.95312 0.0056162 12.1394
8.09375 0.0056162 12.1296
8.23438 0.0056162 12.1199
8.375 0.0056162 12.1101
8.51562 0.0056162 12.1004
8.65625 0.0056162 12.0907
8.79688 0.0056162 12.081
8.9375 0.0056162 12.0714
9.07812 0.0056162 12.0617
9.21875 0.0056162 12.0521
9.35938 0.0056162 12.0424
9.5 0.0056162 12.0318
9.75 0.0056162 12.02
10 0.0056162 12.0148
0 0.0059282 109.977
0.25 0.0059282 109.845
0.5 0.0059282 109.386
0.75 0.0059282 108.416
1 0.0059282 107.523
1.25 0.0059282 106.648
1.5 0.0059282 105.785
1.7 0.0059282 105.184
1.85 0.0059282 104.787
2.1 0.0059282 103.486
2.35 0.0059282 102.165
2.6 0.0059282 100.814
2.85 0.0059282 99.4249
3.1 0.0059282 97.989
3.35 0.0059282 96.5697
3.6 0.0059282 96.8055
3.85 0.0059282 200.709
4 0.0059282 25.4105
4.125 0.0059282 31.4777
4.25 0.0059282 32.6231
4.375 0.0059282 36.0861
4.5 0.0059282 71.0729
4.625 0.0059282 9.59188
4.75 0.0059282 11.9806
4.875 0.0059282 12.2977
5 0.0059282 12.3386
5.07031 0.0059282 12.3409
5.14062 0.0059282 12.3383
5.21094 0.0059282 12.334
5.28125 0.0059282 12.3292
5.35156 0.0059282 12.3242
5.42188 0.0059282 12.3191
5.5625 0.0059282 12.309
5.70312 0.0059282 12.2989
5.84375 0.0059282 12.2887
5.98438 0.0059282 12.2786
6.125 0.0059282 12.2686
6.26562 0.0059282 12.2585
6.40625 0.0059282 12.2485
6.54688 0.0059282 12.2385
6.6875 0.0059282 12.2285
6.82812 0.0059282 12.2185
6.96875 0.0059282 12.2085
7.10938 0.0059282 12.1986
7.25 0.0059282 12.1887
7.39062 0.0059282 12.1788
7.53125 0.0059282 12.1689
7.67188 0.0059282 12.1591
7.8125 0.0059282 12.1492
7.95312 0.0059282 12.1394
8.09375 0.0059282 12.1296
8.23438 0.0059282 12.1199
8.375 0.0059282 12.1101
8.51562 0.0059282 12.1004
8.65625 0.0059282 12.0907
8.79688 0.0059282 12.081
8.9375 0.0059282 12.0714
9.07812 0.0059282 12.0617
9.21875 0.0059282 12.0521
9.35938 0.0059282 12.0424
9.5 0.0059282 12.0318
9.75 0.0059282 12.02
10 0.0059282 12.0148
0 0.0062402 110.674
0.25 0.0062402 110.538
0.5 0.0062402 110.065
0.75 0.0062402 109.068
1 0.0062402 108.15
1.25 0.0062402 107.251
1.5 0.0062402 106.361
1.7 0.0062402 105.742
1.85 0.0062402 105.227
2.1 0.0062402 103.885
2.35 0.0062402 102.522
2.6 0.0062402 101.129
2.85 0.0062402 99.6953
3.1 0.0062402 98.2115
3.35 0.0062402 96.7381
3.6 0.0062402 96.914
3.85 0.0062402 201.122
4 0.0062402 25.4468
4.125 0.0062402 31.4779
4.25 0.0062402 32.6215
4.375 0.0062402 36.0686
4.5 0.0062402 70.3467
4.625 0.0062402 9.60686
4.75 0.0062402 11.981
4.875 0.0062402 12.2977
5 0.0062402 12.3386
5.07031 0.0062402 12.3409
5.14062 0.0062402 12.3382
5.21094 0.0062402 12.334
5.28125 0.0062402 12.3292
5.35156 0.0062402 12.3242
5.42188 0.0062402 12.3191
5.5625 0.0062402 12.309
5.70312 0.0062402 12.2989
5.84375 0.0062402 12.2887
5.98438 0.0062402 12.2786
6.125 0.0062402 12.2686
6.26562 0.0062402 12.2585
6.40625 0.0062402 12.2485
6.54688 0.0062402 12.2384
6.6875 0.0062402 12.2284
6.82812 0.0062402 12.2185
6.96875 0.0062402 12.2085
7.10938 0.0062402 12.1986
7.25 0.0062402 12.1887
7.39062 0.0062402 12.1788
7.53125 0.0062402 12.1689
7.67188 0.0062402 12.159
7.8125 0.0062402 12.1492
7.95312 0.0062402 12.1394
8.09375 0.0062402 12.1296
8.23438 0.0062402 12.1199
8.375 0.0062402 12.1101
8.51562 0.0062402 12.1004
8.65625 0.0062402 12.0907
8.79688 0.0062402 12.081
8.9375 0.0062402 12.0714
9.07812 0.0062402 12.0617
9.21875 0.0062402 12.0521
9.35938 0.0062402 12.0424
9.5 0.0062402 12.0318
9.75 0.0062402 12.02
10 0.0062402 12.0148
0 0.0065522 111.24
0.25 0.0065522 111.101
0.5 0.0065522 110.616
0.75 0.0065522 109.596
1 0.0065522 108.656
1.25 0.0065522 107.736
1.5 0.0065522 106.824
1.7 0.0065522 106.191
1.85 0.0065522 105.58
2.1 0.0065522 104.203
2.35 0.0065522 102.806
2.6 0.0065522 101.378
2.85 0.0065522 99.9085
3.1 0.0065522 98.3861
3.35 0.0065522 96.8696
3.6 0.0065522 96.9981
3.85 0.0065522 201.321
4 0.0065522 25.483
4.125 0.0065522 31.4781
4.25 0.0065522 32.6199
4.375 0.0065522 36.0511
4.5 0.0065522 69.6325
4.625 0.0065522 9.62182
4.75 0.0065522 11.9813
4.875 0.0065522 12.2977
5 0.0065522 12.3386
5.07031 0.0065522 12.3409
5.14062 0.0065522 12.3382
5.21094 0.0065522 12.334
5.28125 0.0065522 12.3292
5.35156 0.0065522 12.3242
5.42188 0.0065522 12.3191
5.5625 0.0065522 12.309
5.70312 0.0065522 12.2988
5.84375 0.0065522 12.2887
5.98438 0.0065522 12.2786
6.125 0.0065522 12.2685
6.26562 0.0065522 12.2585
6.40625 0.0065522 12.2484
6.54688 0.0065522 12.2384
6.6875 0.0065522 12.2284
6.82812 0.0065522 12.2185
6.96875 0.0065522 12.2085
7.10938 0.0065522 12.1986
7.25 0.0065522 12.1887
7.39062 0.0065522 12.1788
7.53125 0.0065522 12.1689
7.67188 0.0065522 12.159
7.8125 0.0065522 12.1492
7.95312 0.0065522 12.1394
8.09375 0.0065522 12.1296
8.23438 0.0065522 12.1198
8.375 0.0065522 12.1101
8.51562 0.0065522 12.1004
8.65625 0.0065522 12.0907
8.79688 0.0065522 12.081
8.9375 0.0065522 12.0713
9.07812 0.0065522 12.0617
9.21875 0.0065522 12.0521
9.35938 0.0065522 12.0424
9.5 0.0065522 12.0318
9.75 0.0065522 12.02
10 0.0065522 12.0148
0 0.0068642 111.7
0.25 0.0068642 111.558
0.5 0.0068642 111.063
0.75 0.0068642 110.023
1 0.0068642 109.065
1.25 0.0068642 108.128
1.5 0.0068642 107.197
1.7 0.0068642 106.55
1.85 0.0068642 105.862
2.1 0.0068642 104.457
2.35 0.0068642 103.032
2.6 0.0068642 101.575
2.85 0.0068642 100.076
3.1 0.0068642 98.523
3.35 0.0068642 96.9722
3.6 0.0068642 97.0633
3.85 0.0068642 201.329
4 0.0068642 25.5191
4.125 0.0068642 31.4783
4.25 0.0068642 32.6182
4.375 0.0068642 36.0335
4.5 0.0068642 68.9315
4.625 0.0068642 9.63676
4.75 0.0068642 11.9817
4.875 0.0068642 12.2978
5 0.0068642 12.3386
5.07031 0.0068642 12.3408
5.14062 0.0068642 12.3382
5.21094 0.0068642 12.334
5.28125 0.0068642 12.3292
5.35156 0.0068642 12.3242
5.42188 0.0068642 12.3191
5.5625 0.0068642 12.309
5.70312 0.0068642 12.2988
5.84375 0.0068642 12.2887
5.98438 0.0068642 12.2786
6.125 0.0068642 12.2685
6.26562 0.0068642 12.2585
6.40625 0.0068642 12.2484
6.54688 0.0068642 12.2384
6.6875 0.0068642 12.2284
6.82812 0.0068642 12.2184
6.96875 0.0068642 12.2085
7.10938 0.0068642 12.1986
7.25 0.0068642 12.1886
7.39062 0.0068642 12.1787
7.53125 0.0068642 12.1689
7.67188 0.0068642 12.159
7.8125 0.0068642 12.1492
7.95312 0.0068642 12.1394
8.09375 0.0068642 12.1296
8.23438 0.0068642 12.1198
8.375 0.0068642 12.1101
8.51562 0.0068642 12.1004
8.65625 0.0068642 12.0907
8.79688 0.0068642 12.081
8.9375 0.0068642 12.0713
9.07812 0.0068642 12.0617
9.21875 0.0068642 12.0521
9.35938 0.0068642 12.0424
9.5 0.0068642 12.0318
9.75 0.0068642 12.02
10 0.0068642 12.0148
0 0.0071762 112.073
0.25 0.0071762 111.929
0.5 0.0071762 111.425
0.75 0.0071762 110.368
1 0.0071762 109.395
1.25 0.0071762 108.443
1.5 0.0071762 107.496
1.7 0.0071762 106.839
1.85 0.0071762 106.088
2.1 0.0071762 104.659
2.35 0.0071762 103.211
2.6 0.0071762 101.731
2.85 0.0071762 100.209
3.1 0.0071762 98.6303
3.35 0.0071762 97.0522
3.6 0.0071762 97.1135
3.85 0.0071762 201.167
4 0.0071762 25.5551
4.125 0.0071762 31.4785
4.25 0.0071762 32.6166
4.375 0.0071762 36.0158
4.5 0.0071762 68.2445
4.625 0.0071762 9.65169
4.75 0.0071762 11.9821
4.875 0.0071762 12.2978
5 0.0071762 12.3386
5.07031 0.0071762 12.3408
5.14062 0.0071762 12.3382
5.21094 0.0071762 12.334
5.28125 0.0071762 12.3292
5.35156 0.0071762 12.3242
5.42188 0.0071762 12.3191
5.5625 0.0071762 12.309
5.70312 0.0071762 12.2988
5.84375 0.0071762 12.2887
5.98438 0.0071762 12.2786
6.125 0.0071762 12.2685
6.26562 0.0071762 12.2585
6.40625 0.0071762 12.2484
6.54688 0.0071762 12.2384
6.6875 0.0071762 12.2284
6.82812 0.0071762 12.2184
6.96875 0.0071762 12.2085
7.10938 0.0071762 12.1985
7.25 0.0071762 12.1886
7.39062 0.0071762 12.1787
7.53125 0.0071762 12.1689
7.67188 0.0071762 12.159
7.8125 0.0071762 12.1492
7.95312 0.0071762 12.1394
8.09375 0.0071762 12.1296
8.23438 0.0071762 12.1198
8.375 0.0071762 12.1101
8.51562 0.0071762 12.1004
8.65625 0.0071762 12.0907
8.79688 0.0071762 12.081
8.9375 0.0071762 12.0713
9.07812 0.0071762 12.0617
9.21875 0.0071762 12.0521
9.35938 0.0071762 12.0424
9.5 0.0071762 12.0318
9.75 0.0071762 12.02
10 0.0071762 12.0148
0 0.0074883 112.376
0.25 0.0074883 112.229
0.5 0.0074883 111.717
0.75 0.0074883 110.647
1 0.0074883 109.661
1.25 0.0074883 108.696
1.5 0.0074883 107.736
1.7 0.0074883 107.069
1.85 0.0074883 106.268
2.1 0.0074883 104.82
2.35 0.0074883 103.353
2.6 0.0074883 101.854
2.85 0.0074883 100.313
3.1 0.0074883 98.7143
3.35 0.0074883 97.1145
3.6 0.0074883 97.1521
3.85 0.0074883 200.857
4 0.0074883 25.591
4.125 0.0074883 31.4788
4.25 0.0074883 32.6149
4.375 0.0074883 35.998
4.5 0.0074883 67.5717
4.625 0.0074883 9.6666
4.75 0.0074883 11.9825
4.875 0.0074883 12.2978
5 0.0074883 12.3385
5.07031 0.0074883 12.3408
5.14062 0.0074883 12.3382
5.21094 0.0074883 12.334
5.28125 0.0074883 12.3291
5.35156 0.0074883 12.3242
5.42188 0.0074883 12.3191
5.5625 0.0074883 12.309
5.70312 0.0074883 12.2988
5.84375 0.0074883 12.2887
5.98438 0.0074883 12.2786
6.125 0.0074883 12.2685
6.26562 0.0074883 12.2585
6.40625 0.0074883 12.2484
6.54688 0.0074883 12.2384
6.6875 0.0074883 12.2284
6.82812 0.0074883 12.2184
6.96875 0.0074883 12.2085
7.10938 0.0074883 12.1985
7.25 0.0074883 12.1886
7.39062 0.0074883 12.1787
7.53125 0.0074883 12.1689
7.67188 0.0074883 12.159
7.8125 0.0074883 12.1492
7.95312 0.0074883 12.1394
8.09375 0.0074883 12.1296
8.23438 0.0074883 12.1198
8.375 0.0074883 12.1101
8.51562 0.0074883 12.1004
8.65625 0.0074883 12.0907
8.79688 0.0074883 12.081
8.9375 0.0074883 12.0713
9.07812 0.0074883 12.0617
9.21875 0.0074883 12.0521
9.35938 0.0074883 12.0424
9.5 0.0074883 12.0318
9.75 0.0074883 12.02
10 0.0074883 12.0148
0 0.0078003 112.621
0.25 0.0078003 112.472
0.5 0.0078003 111.954
0.75 0.0078003 110.872
1 0.0078003 109.875
1.25 0.0078003 108.9
1.5 0.0078003 107.928
1.7 0.0078003 107.254
1.85 0.0078003 106.412
2.1 0.0078003 104.948
2.35 0.0078003 103.465
2.6 0.0078003 101.951
2.85 0.0078003 100.394
3.1 0.0078003 98.7801
3.35 0.0078003 97.163
3.6 0.0078003 97.1816
3.85 0.0078003 200.416
4 0.0078003 25.6268
4.125 0.0078003 31.4792
4.25 0.0078003 32.6132
4.375 0.0078003 35.9802
4.5 0.0078003 66.9133
4.625 0.0078003 9.68149
4.75 0.0078003 11.9829
4.875 0.0078003 12.2979
5 0.0078003 12.3385
5.07031 0.0078003 12.3408
5.14062 0.0078003 12.3382
5.21094 0.0078003 12.3339
5.28125 0.0078003 12.3291
5.35156 0.0078003 12.3241
5.42188 0.0078003 12.3191
5.5625 0.0078003 12.3089
5.70312 0.0078003 12.2988
5.84375 0.0078003 12.2887
5.98438 0.0078003 12.2786
6.125 0.0078003 12.2685
6.26562 0.0078003 12.2585
6.40625 0.0078003 12.2484
6.54688 0.0078003 12.2384
6.6875 0.0078003 12.2284
6.82812 0.0078003 12.2184
6.96875 0.0078003 12.2085
7.10938 0.0078003 12.1985
7.25 0.0078003 12.1886
7.39062 0.0078003 12.1787
7.53125 0.0078003 12.1688
7.67188 0.0078003 12.159
7.8125 0.0078003 12.1492
7.95312 0.0078003 12.1394
8.09375 0.0078003 12.1296
8.23438 0.0078003 12.1198
8.375 0.0078003 12.1101
8.51562 0.0078003 12.1003
8.65625 0.0078003 12.0906
8.79688 0.0078003 12.081
8.9375 0.0078003 12.0713
9.07812 0.0078003 12.0617
9.21875 0.0078003 12.0521
9.35938 0.0078003 12.0424
9.5 0.0078003 12.0318
9.75 0.0078003 12.02
10 0.0078003 12.0148
0 0.0081123 112.819
0.25 0.0081123 112.669
0.5 0.0081123 112.146
0.75 0.0081123 111.054
1 0.0081123 110.047
1.25 0.0081123 109.063
1.5 0.0081123 108.083
1.7 0.0081123 107.402
1.85 0.0081123 106.527
2.1 0.0081123 105.05
2.35 0.0081123 103.555
2.6 0.0081123 102.028
2.85 0.0081123 100.458
3.1 0.0081123 98.8315
3.35 0.0081123 97.2006
3.6 0.0081123 97.2039
3.85 0.0081123 199.862
4 0.0081123 25.6626
4.125 0.0081123 31.4795
4.25 0.0081123 32.6115
4.375 0.0081123 35.9624
4.5 0.0081123 66.2694
4.625 0.0081123 9.69636
4.75 0.0081123 11.9834
4.875 0.0081123 12.2979
5 0.0081123 12.3385
5.07031 0.0081123 12.3408
5.14062 0.0081123 12.3382
5.21094 0.0081123 12.3339
5.28125 0.0081123 12.3291
5.35156 0.0081123 12.3241
5.42188 0.0081123 12.3191
5.5625 0.0081123 12.3089
5.70312 0.0081123 12.2988
5.84375 0.0081123 12.2887
5.98438 0.0081123 12.2786
6.125 0.0081123 12.2685
6.26562 0.0081123 12.2584
6.40625 0.0081123 12.2484
6.54688 0.0081123 12.2384
6.6875 0.0081123 12.2284
6.82812 0.0081123 12.2184
6.96875 0.0081123 12.2085
7.10938 0.0081123 12.1985
7.25 0.0081123 12.1886
7.39062 0.0081123 12.1787
7.53125 0.0081123 12.1688
7.67188 0.0081123 12.159
7.8125 0.0081123 12.1492
7.95312 0.0081123 12.1393
8.09375 0.0081123 12.1296
8.23438 0.0081123 12.1198
8.375 0.0081123 12.1101
8.51562 0.0081123 12.1003
8.65625 0.0081123 12.0906
8.79688 0.0081123 12.081
8.9375 0.0081123 12.0713
9.07812 0.0081123 12.0617
9.21875 0.0081123 12.052
9.35938 0.0081123 12.0423
9.5 0.0081123 12.0318
9.75 0.0081123 12.02
10 0.0081123 12.0148
0 0.0084243 112.979
0.25 0.0084243 112.828
0.5 0.0084243 112.3
0.75 0.0084243 111.2
1 0.0084243 110.186
1.25 0.0084243 109.194
1.5 0.0084243 108.206
1.7 0.0084243 107.519
1.85 0.0084243 106.619
2.1 0.0084243 105.131
2.35 0.0084243 103.625
2.6 0.0084243 102.089
2.85 0.0084243 100.509
3.1 0.0084243 98.8716
3.35 0.0084243 97.2298
3.6 0.0084243 97.2205
3.85 0.0084243 199.208
4 0.0084243 25.6983
4.125 0.0084243 31.4799
4.25 0.0084243 32.6098
4.375 0.0084243 35.9444
4.5 0.0084243 65.6398
4.625 0.0084243 9.71121
4.75 0.0084243 11.9838
4.875 0.0084243 12.2979
5 0.0084243 12.3385
5.07031 0.0084243 12.3408
5.14062 0.0084243 12.3382
5.21094 0.0084243 12.3339
5.28125 0.0084243 12.3291
5.35156 0.0084243 12.3241
5.42188 0.0084243 12.3191
5.5625 0.0084243 12.3089
5.70312 0.0084243 12.2988
5.84375 0.0084243 12.2887
5.98438 0.0084243 12.2786
6.125 0.0084243 12.2685
6.26562 0.0084243 12.2584
6.40625 0.0084243 12.2484
6.54688 0.0084243 12.2384
6.6875 0.0084243 12.2284
6.82812 0.0084243 12.2184
6.96875 0.0084243 12.2084
7.10938 0.0084243 12.1985
7.25 0.0084243 12.1886
7.39062 0.0084243 12.1787
7.53125 0.0084243 12.1688
7.67188 0.0084243 12.159
7.8125 0.0084243 12.1491
7.95312 0.0084243 12.1393
8.09375 0.0084243 12.1296
8.23438 0.0084243 12.1198
8.375 0.0084243 12.11
8.51562 0.0084243 12.1003
8.65625 0.0084243 12.0906
8.79688 0.0084243 12.0809
8.9375 0.0084243 12.0713
9.07812 0.0084243 12.0617
9.21875 0.0084243 12.052
9.35938 0.0084243 12.0423
9.5 0.0084243 12.0318
9.75 0.0084243 12.02
10 0.0084243 12.0148
0 0.0087363 113.109
0.25 0.0087363 112.956
0.5 0.0087363 112.425
0.75 0.0087363 111.318
1 0.0087363 110.297
1.25 0.0087363 109.3
1.5 0.0087363 108.305
1.7 0.0087363 107.613
1.85 0.0087363 106.692
2.1 0.0087363 105.195
2.35 0.0087363 103.681
2.6 0.0087363 102.136
2.85 0.0087363 100.548
3.1 0.0087363 98.9029
3.35 0.0087363 97.2524
3.6 0.0087363 97.2328
3.85 0.0087363 198.47
4 0.0087363 25.7339
4.125 0.0087363 31.4804
4.25 0.0087363 32.6081
4.375 0.0087363 35.9264
4.5 0.0087363 65.0241
4.625 0.0087363 9.72605
4.75 0.0087363 11.9843
4.875 0.0087363 12.298
5 0.0087363 12.3385
5.07031 0.0087363 12.3408
5.14062 0.0087363 12.3382
5.21094 0.0087363 12.3339
5.28125 0.0087363 12.3291
5.35156 0.0087363 12.3241
5.42188 0.0087363 12.3191
5.5625 0.0087363 12.3089
5.70312 0.0087363 12.2988
5.84375 0.0087363 12.2887
5.98438 0.0087363 12.2786
6.125 0.0087363 12.2685
6.26562 0.0087363 12.2584
6.40625 0.0087363 12.2484
6.54688 0.0087363 12.2384
6.6875 0.0087363 12.2284
6.82812 0.0087363 12.2184
6.96875 0.0087363 12.2084
7.10938 0.0087363 12.1985
7.25 0.0087363 12.1886
7.39062 0.0087363 12.1787
7.53125 0.0087363 12.1688
7.67188 0.0087363 12.159
7.8125 0.0087363 12.1491
7.95312 0.0087363 12.1393
8.09375 0.0087363 12.1295
8.23438 0.0087363 12.1198
8.375 0.0087363 12.11
8.51562 0.0087363 12.1003
8.65625 0.0087363 12.0906
8.79688 0.0087363 12.0809
8.9375 0.0087363 12.0713
9.07812 0.0087363 12.0617
9.21875 0.0087363 12.052
9.35938 0.0087363 12.0423
9.5 0.0087363 12.0318
9.75 0.0087363 12.02
10 0.0087363 12.0148
0 0.0090483 113.214
0.25 0.0090483 113.06
0.5 0.0090483 112.526
0.75 0.0090483 111.413
1 0.0090483 110.387
1.25 0.0090483 109.384
1.5 0.0090483 108.384
1.7 0.0090483 107.688
1.85 0.0090483 106.75
2.1 0.0090483 105.246
2.35 0.0090483 103.725
2.6 0.0090483 102.174
2.85 0.0090483 100.579
3.1 0.0090483 98.9273
3.35 0.0090483 97.2698
3.6 0.0090483 97.2417
3.85 0.0090483 197.659
4 0.0090483 25.7694
4.125 0.0090483 31.4808
4.25 0.0090483 32.6064
4.375 0.0090483 35.9084
4.5 0.0090483 64.422
4.625 0.0090483 9.74087
4.75 0.0090483 11.9848
4.875 0.0090483 12.298
5 0.0090483 12.3385
5.07031 0.0090483 12.3408
5.14062 0.0090483 12.3382
5.21094 0.0090483 12.3339
5.28125 0.0090483 12.3291
5.35156 0.0090483 12.3241
5.42188 0.0090483 12.3191
5.5625 0.0090483 12.3089
5.70312 0.0090483 12.2988
5.84375 0.0090483 12.2886
5.98438 0.0090483 12.2785
6.125 0.0090483 12.2685
6.26562 0.0090483 12.2584
6.40625 0.0090483 12.2484
6.54688 0.0090483 12.2384
6.6875 0.0090483 12.2284
6.82812 0.0090483 12.2184
6.96875 0.0090483 12.2084
7.10938 0.0090483 12.1985
7.25 0.0090483 12.1886
7.39062 0.0090483 12.1787
7.53125 0.0090483 12.1688
7.67188 0.0090483 12.159
7.8125 0.0090483 12.1491
7.95312 0.0090483 12.1393
8.09375 0.0090483 12.1295
8.23438 0.0090483 12.1198
8.375 0.0090483 12.11
8.51562 0.0090483 12.1003
8.65625 0.0090483 12.0906
8.79688 0.0090483 12.0809
8.9375 0.0090483 12.0713
9.07812 0.0090483 12.0616
9.21875 0.0090483 12.052
9.35938 0.0090483 12.0423
9.5 0.0090483 12.0317
9.75 0.0090483 12.02
10 0.0090483 12.0148
0 0.0093603 113.298
0.25 0.0093603 113.144
0.5 0.0093603 112.607
0.75 0.0093603 111.49
1 0.0093603 110.459
1.25 0.0093603 109.452
1.5 0.0093603 108.447
1.7 0.0093603 107.748
1.85 0.0093603 106.796
2.1 0.0093603 105.286
2.35 0.0093603 103.76
2.6 0.0093603 102.203
2.85 0.0093603 100.604
3.1 0.0093603 98.9462
3.35 0.0093603 97.2832
3.6 0.0093603 97.2478
3.85 0.0093603 196.786
4 0.0093603 25.8049
4.125 0.0093603 31.4813
4.25 0.0093603 32.6046
4.375 0.0093603 35.8903
4.5 0.0093603 63.8333
4.625 0.0093603 9.75567
4.75 0.0093603 11.9853
4.875 0.0093603 12.2981
5 0.0093603 12.3385
5.07031 0.0093603 12.3408
5.14062 0.0093603 12.3382
5.21094 0.0093603 12.3339
5.28125 0.0093603 12.3291
5.35156 0.0093603 12.3241
5.42188 0.0093603 12.319
5.5625 0.0093603 12.3089
5.70312 0.0093603 12.2988
5.84375 0.0093603 12.2886
5.98438 0.0093603 12.2785
6.125 0.0093603 12.2685
6.26562 0.0093603 12.2584
6.40625 0.0093603 12.2484
6.54688 0.0093603 12.2383
6.6875 0.0093603 12.2283
6.82812 0.0093603 12.2184
6.96875 0.0093603 12.2084
7.10938 0.0093603 12.1985
7.25 0.0093603 12.1886
7.39062 0.0093603 12.1787
7.53125 0.0093603 12.1688
7.67188 0.0093603 12.159
7.8125 0.0093603 12.1491
7.95312 0.0093603 12.1393
8.09375 0.0093603 12.1295
8.23438 0.0093603 12.1198
8.375 0.0093603 12.11
8.51562 0.0093603 12.1003
8.65625 0.0093603 12.0906
8.79688 0.0093603 12.0809
8.9375 0.0093603 12.0713
9.07812 0.0093603 12.0616
9.21875 0.0093603 12.052
9.35938 0.0093603 12.0423
9.5 0.0093603 12.0317
9.75 0.0093603 12.02
10 0.0093603 12.0148
0 0.0096724 113.366
0.25 0.0096724 113.212
0.5 0.0096724 112.672
0.75 0.0096724 111.551
1 0.0096724 110.517
1.25 0.0096724 109.506
1.5 0.0096724 108.498
1.7 0.0096724 107.796
1.85 0.0096724 106.833
2.1 0.0096724 105.318
2.35 0.0096724 103.787
2.6 0.0096724 102.226
2.85 0.0096724 100.622
3.1 0.0096724 98.9609
3.35 0.0096724 97.2935
3.6 0.0096724 97.2518
3.85 0.0096724 195.861
4 0.0096724 25.8403
4.125 0.0096724 31.4819
4.25 0.0096724 32.6029
4.375 0.0096724 35.8721
4.5 0.0096724 63.2574
4.625 0.0096724 9.77045
4.75 0.0096724 11.9858
4.875 0.0096724 12.2981
5 0.0096724 12.3385
5.07031 0.0096724 12.3408
5.14062 0.0096724 12.3382
5.21094 0.0096724 12.3339
5.28125 0.0096724 12.3291
5.35156 0.0096724 12.3241
5.42188 0.0096724 12.319
5.5625 0.0096724 12.3089
5.70312 0.0096724 12.2987
5.84375 0.0096724 12.2886
5.98438 0.0096724 12.2785
6.125 0.0096724 12.2685
6.26562 0.0096724 12.2584
6.40625 0.0096724 12.2484
6.54688 0.0096724 12.2383
6.6875 0.0096724 12.2283
6.82812 0.0096724 12.2184
6.96875 0.0096724 12.2084
7.10938 0.0096724 12.1985
7.25 0.0096724 12.1886
7.39062 0.0096724 12.1787
7.53125 0.0096724 12.1688
7.67188 0.0096724 12.1589
7.8125 0.0096724 12.1491
7.95312 0.0096724 12.1393
8.09375 0.0096724 12.1295
8.23438 0.0096724 12.1198
8.375 0.0096724 12.11
8.51562 0.0096724 12.1003
8.65625 0.0096724 12.0906
8.79688 0.0096724 12.0809
8.9375 0.0096724 12.0713
9.07812 0.0096724 12.0616
9.21875 0.0096724 12.052
9.35938 0.0096724 12.0423
9.5 0.0096724 12.0317
9.75 0.0096724 12.02
10 0.0096724 12.0148
0 0.0099844 113.421
0.25 0.0099844 113.266
0.5 0.0099844 112.724
0.75 0.0099844 111.601
1 0.0099844 110.563
1.25 0.0099844 109.549
1.5 0.0099844 108.538
1.7 0.0099844 107.833
1.85 0.0099844 106.862
2.1 0.0099844 105.343
2.35 0.0099844 103.809
2.6 0.0099844 102.244
2.85 0.0099844 100.637
3.1 0.0099844 98.9722
3.35 0.0099844 97.3013
3.6 0.0099844 97.2541
3.85 0.0099844 194.892
4 0.0099844 25.8757
4.125 0.0099844 31.4825
4.25 0.0099844 32.6011
4.375 0.0099844 35.8539
4.5 0.0099844 62.694
4.625 0.0099844 9.78522
4.75 0.0099844 11.9863
4.875 0.0099844 12.2981
5 0.0099844 12.3385
5.07031 0.0099844 12.3408
5.14062 0.0099844 12.3381
5.21094 0.0099844 12.3339
5.28125 0.0099844 12.3291
5.35156 0.0099844 12.3241
5.42188 0.0099844 12.319
5.5625 0.0099844 12.3089
5.70312 0.0099844 12.2987
5.84375 0.0099844 12.2886
5.98438 0.0099844 12.2785
6.125 0.0099844 12.2684
6.26562 0.0099844 12.2584
6.40625 0.0099844 12.2483
6.54688 0.0099844 12.2383
6.6875 0.0099844 12.2283
6.82812 0.0099844 12.2184
6.96875 0.0099844 12.2084
7.10938 0.0099844 12.1985
7.25 0.0099844 12.1885
7.39062 0.0099844 12.1787
7.53125 0.0099844 12.1688
7.67188 0.0099844 12.1589
7.8125 0.0099844 12.1491
7.95312 0.0099844 12.1393
8.09375 0.0099844 12.1295
8.23438 0.0099844 12.1197
8.375 0.0099844 12.11
8.51562 0.0099844 12.1003
8.65625 0.0099844 12.0906
8.79688 0.0099844 12.0809
8.9375 0.0099844 12.0712
9.07812 0.0099844 12.0616
9.21875 0.0099844 12.052
9.35938 0.0099844 12.0423
9.5 0.0099844 12.0317
9.75 0.0099844 12.02
10 0.0099844 12.0148
