0 0 3.0556e+10
0.25 0 6.65285e+10
0.5 0 2.73759e+11
0.75 0 2.30206e+11
1 0 2.29735e+11
1.25 0 2.29847e+11
1.5 0 2.31588e+11
1.7 0 1.97915e+11
1.85 0 2.33976e+11
2.1 0 2.53456e+11
2.35 0 2.56522e+11
2.6 0 2.60154e+11
2.85 0 2.64805e+11
3.1 0 2.71527e+11
3.35 0 2.83366e+11
3.6 0 3.09921e+11
3.85 0 9.53135e+12
4 0 1.38665e+13
4.125 0 3.69612e+11
4.25 0 3.91201e+11
4.375 0 3.94164e+11
4.5 0 3.9817e+11
4.625 0 4.02151e+11
4.75 0 4.06126e+11
4.875 0 4.10161e+11
5 0 4.14041e+11
5.1 0 4.22422e+11
5.2 0 5.45001e+11
5.26719 0 4.93537e+11
5.33437 0 2.82418e+11
5.40156 0 2.82924e+11
5.46875 0 2.82874e+11
5.60313 0 2.82865e+11
5.7375 0 2.82903e+11
5.87188 0 2.82955e+11
6.00625 0 2.83012e+11
6.14062 0 2.8307e+11
6.275 0 2.83129e+11
6.40937 0 2.83188e+11
6.54375 0 2.83248e+11
6.67812 0 2.83309e+11
6.8125 0 2.8337e+11
6.94688 0 2.83432e+11
7.08125 0 2.83495e+11
7.21563 0 2.83558e+11
7.35 0 2.83623e+11
7.48438 0 2.83689e+11
7.61875 0 2.83756e+11
7.75312 0 2.83824e+11
7.8875 0 2.83893e+11
8.02187 0 2.83963e+11
8.15625 0 2.84033e+11
8.29063 0 2.84105e+11
8.425 0 2.84177e+11
8.55937 0 2.8425e+11
8.69375 0 2.84322e+11
8.82812 0 2.84391e+11
8.9625 0 2.84449e+11
9.09688 0 2.84457e+11
9.23125 0 2.83726e+11
9.36562 0 2.66241e+11
9.5 0 3.50995e+10
9.75 0 -1.08444e+10
10 0 -3.28295e+10
0 0.0006162 -3.6094e+09
0.25 0.0006162 -3.56038e+09
0.5 0.0006162 -1.47613e+09
0.75 0.0006162 3.18745e+10
1 0.0006162 3.22756e+10
1.25 0.0006162 3.22038e+10
1.5 0.0006162 3.27193e+10
1.7 0.0006162 1.98613e+10
1.85 0.0006162 5.41414e+10
2.1 0.0006162 5.03257e+10
2.35 0.0006162 5.40397e+10
2.6 0.0006162 5.86735e+10
2.85 0.0006162 6.46316e+10
3.1 0.0006162 7.27475e+10
3.35 0.0006162 8.50319e+10
3.6 0.0006162 1.08378e+11
3.85 0.0006162 4.47516e+12
4 0.0006162 6.60264e+12
4.125 0.0006162 6.23971e+10
4.25 0.0006162 6.08795e+10
4.375 0.0006162 6.02525e+10
4.5 0.0006162 6.03434e+10
4.625 0.0006162 6.0658e+10
4.75 0.0006162 6.10878e+10
4.875 0.0006162 6.16045e+10
5 0.0006162 6.21587e+10
5.1 0.0006162 6.32073e+10
5.2 0.0006162 7.25057e+10
5.26719 0.0006162 7.50548e+10
5.33437 0.0006162 2.90002e+10
5.40156 0.0006162 2.90293e+10
5.46875 0.0006162 2.90677e+10
5.60313 0.0006162 2.91079e+10
5.7375 0.0006162 2.91553e+10
5.87188 0.0006162 2.91913e+10
6.00625 0.0006162 2.92188e+10
6.14062 0.0006162 2.92389e+10
6.275 0.0006162 2.9252e+10
6.40937 0.0006162 2.92582e+10
6.54375 0.0006162 2.92575e+10
6.67812 0.0006162 2.925e+10
6.8125 0.0006162 2.92356e+10
6.94688 0.0006162 2.92142e+10
7.08125 0.0006162 2.91859e+10
7.21563 0.0006162 2.91507e+10
7.35 0.0006162 2.91085e+10
7.48438 0.0006162 2.90593e+10
7.61875 0.0006162 2.90032e+10
7.75312 0.0006162 2.894e+10
7.8875 0.0006162 2.88698e+10
8.02187 0.0006162 2.87925e+10
8.15625 0.0006162 2.87083e+10
8.29063 0.0006162 2.8617e+10
8.425 0.0006162 2.85185e+10
8.55937 0.0006162 2.8413e+10
8.69375 0.0006162 2.83003e+10
8.82812 0.0006162 2.81804e+10
8.9625 0.0006162 2.80525e+10
9.09688 0.0006162 2.79172e+10
9.23125 0.0006162 2.78354e+10
9.36562 0.0006162 2.95682e+10
9.5 0.0006162 2.3693e+10
9.75 0.0006162 1.01163e+10
10 0.0006162 4.9805e+09
0 0.0012324 -1.07905e+09
0.25 0.0012324 -9.46727e+08
0.5 0.0012324 3.80373e+08
0.75 0.0012324 1.10156e+10
1 0.0012324 1.1157e+10
1.25 0.0012324 1.11401e+10
1.5 0.0012324 1.13317e+10
1.7 0.0012324 7.60169e+09
1.85 0.0012324 2.11099e+10
2.1 0.0012324 1.91564e+10
2.35 0.0012324 2.08962e+10
2.6 0.0012324 2.31249e+10
2.85 0.0012324 2.60678e+10
3.1 0.0012324 3.01957e+10
3.35 0.0012324 3.66605e+10
3.6 0.0012324 5.02516e+10
3.85 0.0012324 2.53361e+12
4 0.0012324 3.78009e+12
4.125 0.0012324 1.32804e+10
4.25 0.0012324 1.30965e+10
4.375 0.0012324 1.26977e+10
4.5 0.0012324 1.25531e+10
4.625 0.0012324 1.25011e+10
4.75 0.0012324 1.24953e+10
4.875 0.0012324 1.25216e+10
5 0.0012324 1.25738e+10
5.1 0.0012324 1.27401e+10
5.2 0.0012324 1.44781e+10
5.26719 0.0012324 1.41355e+10
5.33437 0.0012324 5.47578e+09
5.40156 0.0012324 5.43543e+09
5.46875 0.0012324 5.44024e+09
5.60313 0.0012324 5.4479e+09
5.7375 0.0012324 5.45494e+09
5.87188 0.0012324 5.45794e+09
6.00625 0.0012324 5.45787e+09
6.14062 0.0012324 5.45511e+09
6.275 0.0012324 5.44979e+09
6.40937 0.0012324 5.44196e+09
6.54375 0.0012324 5.43163e+09
6.67812 0.0012324 5.4188e+09
6.8125 0.0012324 5.40349e+09
6.94688 0.0012324 5.38567e+09
7.08125 0.0012324 5.36539e+09
7.21563 0.0012324 5.34264e+09
7.35 0.0012324 5.31743e+09
7.48438 0.0012324 5.28976e+09
7.61875 0.0012324 5.25968e+09
7.75312 0.0012324 5.22718e+09
7.8875 0.0012324 5.19229e+09
8.02187 0.0012324 5.15501e+09
8.15625 0.0012324 5.1154e+09
8.29063 0.0012324 5.07349e+09
8.425 0.0012324 5.02926e+09
8.55937 0.0012324 4.98278e+09
8.69375 0.0012324 4.93406e+09
8.82812 0.0012324 4.88314e+09
8.9625 0.0012324 4.82994e+09
9.09688 0.0012324 4.7747e+09
9.23125 0.0012324 4.72829e+09
9.36562 0.0012324 4.98343e+09
9.5 0.0012324 3.8484e+09
9.75 0.0012324 1.61659e+09
10 0.0012324 7.93791e+08
0 0.0015405 -5.00833e+08
0.25 0.0015405 -2.75974e+08
0.5 0.0015405 1.31851e+09
0.75 0.0015405 7.28734e+09
1 0.0015405 7.36567e+09
1.25 0.0015405 7.36686e+09
1.5 0.0015405 7.48026e+09
1.7 0.0015405 6.35172e+09
1.85 0.0015405 1.40859e+10
2.1 0.0015405 1.30402e+10
2.35 0.0015405 1.42797e+10
2.6 0.0015405 1.58778e+10
2.85 0.0015405 1.80033e+10
3.1 0.0015405 2.10091e+10
3.35 0.0015405 2.57742e+10
3.6 0.0015405 3.63451e+10
3.85 0.0015405 1.98376e+12
4 0.0015405 2.96105e+12
4.125 0.0015405 6.82141e+09
4.25 0.0015405 6.19247e+09
4.375 0.0015405 5.9442e+09
4.5 0.0015405 5.84349e+09
4.625 0.0015405 5.79453e+09
4.75 0.0015405 5.77124e+09
4.875 0.0015405 5.7658e+09
5 0.0015405 5.77584e+09
5.1 0.0015405 5.81179e+09
5.2 0.0015405 6.41146e+09
5.26719 0.0015405 5.75796e+09
5.33437 0.0015405 2.48357e+09
5.40156 0.0015405 2.45557e+09
5.46875 0.0015405 2.45618e+09
5.60313 0.0015405 2.45856e+09
5.7375 0.0015405 2.46014e+09
5.87188 0.0015405 2.45961e+09
6.00625 0.0015405 2.45741e+09
6.14062 0.0015405 2.4537e+09
6.275 0.0015405 2.44854e+09
6.40937 0.0015405 2.44197e+09
6.54375 0.0015405 2.43399e+09
6.67812 0.0015405 2.4246e+09
6.8125 0.0015405 2.41383e+09
6.94688 0.0015405 2.40167e+09
7.08125 0.0015405 2.38814e+09
7.21563 0.0015405 2.37325e+09
7.35 0.0015405 2.35701e+09
7.48438 0.0015405 2.33944e+09
7.61875 0.0015405 2.32055e+09
7.75312 0.0015405 2.30037e+09
7.8875 0.0015405 2.27892e+09
8.02187 0.0015405 2.25621e+09
8.15625 0.0015405 2.23228e+09
8.29063 0.0015405 2.20715e+09
8.425 0.0015405 2.18085e+09
8.55937 0.0015405 2.1534e+09
8.69375 0.0015405 2.12483e+09
8.82812 0.0015405 2.09518e+09
8.9625 0.0015405 2.06445e+09
9.09688 0.0015405 2.03269e+09
9.23125 0.0015405 2.00123e+09
9.36562 0.0015405 2.00219e+09
9.5 0.0015405 1.39776e+09
9.75 0.0015405 5.59691e+08
10 0.0015405 2.49329e+08
0 0.0018486 -3.29008e+08
0.25 0.0018486 -1.58275e+08
0.5 0.0018486 1.02161e+09
0.75 0.0018486 5.06974e+09
1 0.0018486 5.11973e+09
1.25 0.0018486 5.1171e+09
1.5 0.0018486 5.19072e+09
1.7 0.0018486 4.58895e+09
1.85 0.0018486 9.93723e+09
2.1 0.0018486 9.18762e+09
2.35 0.0018486 1.00757e+10
2.6 0.0018486 1.12271e+10
2.85 0.0018486 1.27667e+10
3.1 0.0018486 1.49582e+10
3.35 0.0018486 1.84707e+10
3.6 0.0018486 2.66921e+10
3.85 0.0018486 1.5847e+12
4 0.0018486 2.37255e+12
4.125 0.0018486 3.74422e+09
4.25 0.0018486 2.96707e+09
4.375 0.0018486 2.81424e+09
4.5 0.0018486 2.74774e+09
4.625 0.0018486 2.71092e+09
4.75 0.0018486 2.6887e+09
4.875 0.0018486 2.67652e+09
5 0.0018486 2.67365e+09
5.1 0.0018486 2.68299e+09
5.2 0.0018486 2.94865e+09
5.26719 0.0018486 2.62329e+09
5.33437 0.0018486 1.14128e+09
5.40156 0.0018486 1.12317e+09
5.46875 0.0018486 1.12281e+09
5.60313 0.0018486 1.1236e+09
5.7375 0.0018486 1.12376e+09
5.87188 0.0018486 1.12278e+09
6.00625 0.0018486 1.12088e+09
6.14062 0.0018486 1.11814e+09
6.275 0.0018486 1.11461e+09
6.40937 0.0018486 1.11031e+09
6.54375 0.0018486 1.10523e+09
6.67812 0.0018486 1.09939e+09
6.8125 0.0018486 1.0928e+09
6.94688 0.0018486 1.08546e+09
7.08125 0.0018486 1.07738e+09
7.21563 0.0018486 1.06857e+09
7.35 0.0018486 1.05905e+09
7.48438 0.0018486 1.04883e+09
7.61875 0.0018486 1.03792e+09
7.75312 0.0018486 1.02634e+09
7.8875 0.0018486 1.0141e+09
8.02187 0.0018486 1.00123e+09
8.15625 0.0018486 9.87733e+08
8.29063 0.0018486 9.73642e+08
8.425 0.0018486 9.58972e+08
8.55937 0.0018486 9.43746e+08
8.69375 0.0018486 9.27984e+08
8.82812 0.0018486 9.11713e+08
8.9625 0.0018486 8.94945e+08
9.09688 0.0018486 8.77708e+08
9.23125 0.0018486 8.60561e+08
9.36562 0.0018486 8.56202e+08
9.5 0.0018486 5.93844e+08
9.75 0.0018486 2.35533e+08
10 0.0018486 1.04835e+08
0 0.0021567 -2.26433e+08
0.25 0.0021567 -9.4992e+07
0.5 0.0021567 7.95983e+08
0.75 0.0021567 3.6556e+09
1 0.0021567 3.68746e+09
1.25 0.0021567 3.68164e+09
1.5 0.0021567 3.72979e+09
1.7 0.0021567 3.39803e+09
1.85 0.0021567 7.21169e+09
2.1 0.0021567 6.6602e+09
2.35 0.0021567 7.30485e+09
2.6 0.0021567 8.1442e+09
2.85 0.0021567 9.2709e+09
3.1 0.0021567 1.08824e+10
3.35 0.0021567 1.34905e+10
3.6 0.0021567 1.99326e+10
3.85 0.0021567 1.28652e+12
4 0.0021567 1.93132e+12
4.125 0.0021567 2.31348e+09
4.25 0.0021567 1.43004e+09
4.375 0.0021567 1.3373e+09
4.5 0.0021567 1.29663e+09
4.625 0.0021567 1.27264e+09
4.75 0.0021567 1.25681e+09
4.875 0.0021567 1.24651e+09
5 0.0021567 1.24159e+09
5.1 0.0021567 1.24258e+09
5.2 0.0021567 1.36201e+09
5.26719 0.0021567 1.20388e+09
5.33437 0.0021567 5.27622e+08
5.40156 0.0021567 5.16786e+08
5.46875 0.0021567 5.16303e+08
5.60313 0.0021567 5.16509e+08
5.7375 0.0021567 5.16309e+08
5.87188 0.0021567 5.15498e+08
6.00625 0.0021567 5.14191e+08
6.14062 0.0021567 5.12439e+08
6.275 0.0021567 5.1026e+08
6.40937 0.0021567 5.07664e+08
6.54375 0.0021567 5.04658e+08
6.67812 0.0021567 5.01246e+08
6.8125 0.0021567 4.97436e+08
6.94688 0.0021567 4.93232e+08
7.08125 0.0021567 4.88642e+08
7.21563 0.0021567 4.83675e+08
7.35 0.0021567 4.78338e+08
7.48438 0.0021567 4.72643e+08
7.61875 0.0021567 4.66597e+08
7.75312 0.0021567 4.60213e+08
7.8875 0.0021567 4.53503e+08
8.02187 0.0021567 4.46479e+08
8.15625 0.0021567 4.39152e+08
8.29063 0.0021567 4.31538e+08
8.425 0.0021567 4.23649e+08
8.55937 0.0021567 4.15501e+08
8.69375 0.0021567 4.07108e+08
8.82812 0.0021567 3.98485e+08
8.9625 0.0021567 3.89645e+08
9.09688 0.0021567 3.80604e+08
9.23125 0.0021567 3.71604e+08
9.36562 0.0021567 3.67838e+08
9.5 0.0021567 2.53809e+08
9.75 0.0021567 9.97298e+07
10 0.0021567 4.43953e+07
0 0.0024648 -1.6135e+08
0.25 0.0024648 -5.902e+07
0.5 0.0024648 6.24053e+08
0.75 0.0024648 2.70488e+09
1 0.0024648 2.72475e+09
1.25 0.0024648 2.71667e+09
1.5 0.0024648 2.74794e+09
1.7 0.0024648 2.56042e+09
1.85 0.0024648 5.343e+09
2.1 0.0024648 4.92846e+09
2.35 0.0024648 5.40082e+09
2.6 0.0024648 6.01807e+09
2.85 0.0024648 6.84904e+09
3.1 0.0024648 8.04211e+09
3.35 0.0024648 9.99018e+09
3.6 0.0024648 1.50691e+10
3.85 0.0024648 1.05808e+12
4 0.0024648 1.59225e+12
4.125 0.0024648 1.61472e+09
4.25 0.0024648 6.93441e+08
4.375 0.0024648 6.36618e+08
4.5 0.0024648 6.12884e+08
4.625 0.0024648 5.98404e+08
4.75 0.0024648 5.88399e+08
4.875 0.0024648 5.81405e+08
5 0.0024648 5.77423e+08
5.1 0.0024648 5.76341e+08
5.2 0.0024648 6.30392e+08
5.26719 0.0024648 5.54365e+08
5.33437 0.0024648 2.44596e+08
5.40156 0.0024648 2.38433e+08
5.46875 0.0024648 2.38054e+08
5.60313 0.0024648 2.38074e+08
5.7375 0.0024648 2.37851e+08
5.87188 0.0024648 2.37307e+08
6.00625 0.0024648 2.36502e+08
6.14062 0.0024648 2.35462e+08
6.275 0.0024648 2.34197e+08
6.40937 0.0024648 2.32713e+08
6.54375 0.0024648 2.31015e+08
6.67812 0.0024648 2.29106e+08
6.8125 0.0024648 2.26991e+08
6.94688 0.0024648 2.24673e+08
7.08125 0.0024648 2.22158e+08
7.21563 0.0024648 2.19451e+08
7.35 0.0024648 2.16557e+08
7.48438 0.0024648 2.13484e+08
7.61875 0.0024648 2.10237e+08
7.75312 0.0024648 2.06824e+08
7.8875 0.0024648 2.03253e+08
8.02187 0.0024648 1.9953e+08
8.15625 0.0024648 1.95665e+08
8.29063 0.0024648 1.91665e+08
8.425 0.0024648 1.8754e+08
8.55937 0.0024648 1.83298e+08
8.69375 0.0024648 1.78949e+08
8.82812 0.0024648 1.74501e+08
8.9625 0.0024648 1.69964e+08
9.09688 0.0024648 1.65345e+08
9.23125 0.0024648 1.60751e+08
9.36562 0.0024648 1.5834e+08
9.5 0.0024648 1.08752e+08
9.75 0.0024648 4.23383e+07
10 0.0024648 1.88571e+07
0 0.0027729 -1.1808e+08
0.25 0.0027729 -3.77088e+07
0.5 0.0027729 4.91988e+08
0.75 0.0027729 2.04003e+09
1 0.0027729 2.05182e+09
1.25 0.0027729 2.04232e+09
1.5 0.0027729 2.06218e+09
1.7 0.0027729 1.95391e+09
1.85 0.0027729 4.0199e+09
2.1 0.0027729 3.70281e+09
2.35 0.0027729 4.05124e+09
2.6 0.0027729 4.508e+09
2.85 0.0027729 5.12436e+09
3.1 0.0027729 6.01208e+09
3.35 0.0027729 7.47401e+09
3.6 0.0027729 1.1497e+10
3.85 0.0027729 8.79437e+11
4 0.0027729 1.32633e+12
4.125 0.0027729 1.2426e+09
4.25 0.0027729 3.39309e+08
4.375 0.0027729 3.03351e+08
4.5 0.0027729 2.89925e+08
4.625 0.0027729 2.81587e+08
4.75 0.0027729 2.75672e+08
4.875 0.0027729 2.71375e+08
5 0.0027729 2.68725e+08
5.1 0.0027729 2.67506e+08
5.2 0.0027729 2.92044e+08
5.26719 0.0027729 2.55677e+08
5.33437 0.0027729 1.13531e+08
5.40156 0.0027729 1.10147e+08
5.46875 0.0027729 1.09898e+08
5.60313 0.0027729 1.09872e+08
5.7375 0.0027729 1.09707e+08
5.87188 0.0027729 1.09377e+08
6.00625 0.0027729 1.08911e+08
6.14062 0.0027729 1.08322e+08
6.275 0.0027729 1.07618e+08
6.40937 0.0027729 1.06801e+08
6.54375 0.0027729 1.05873e+08
6.67812 0.0027729 1.04838e+08
6.8125 0.0027729 1.03698e+08
6.94688 0.0027729 1.02455e+08
7.08125 0.0027729 1.01113e+08
7.21563 0.0027729 9.96754e+07
7.35 0.0027729 9.81454e+07
7.48438 0.0027729 9.6527e+07
7.61875 0.0027729 9.48243e+07
7.75312 0.0027729 9.30418e+07
7.8875 0.0027729 9.11839e+07
8.02187 0.0027729 8.92553e+07
8.15625 0.0027729 8.72608e+07
8.29063 0.0027729 8.52055e+07
8.425 0.0027729 8.30945e+07
8.55937 0.0027729 8.0933e+07
8.69375 0.0027729 7.87262e+07
8.82812 0.0027729 7.64797e+07
8.9625 0.0027729 7.41981e+07
9.09688 0.0027729 7.18869e+07
9.23125 0.0027729 6.95923e+07
9.36562 0.0027729 6.8217e+07
9.5 0.0027729 4.66474e+07
9.75 0.0027729 1.7994e+07
10 0.0027729 8.01986e+06
0 0.003081 -8.82326e+07
0.25 0.003081 -2.46701e+07
0.5 0.003081 3.89679e+08
0.75 0.003081 1.56093e+09
1 0.003081 1.56723e+09
1.25 0.003081 1.55699e+09
1.5 0.003081 1.56907e+09
1.7 0.003081 1.50521e+09
1.85 0.003081 3.05979e+09
2.1 0.003081 2.81383e+09
2.35 0.003081 3.07197e+09
2.6 0.003081 3.41142e+09
2.85 0.003081 3.87041e+09
3.1 0.003081 4.53333e+09
3.35 0.003081 5.63436e+09
3.6 0.003081 8.83217e+09
3.85 0.003081 7.37318e+11
4 0.003081 1.11419e+12
4.125 0.003081 1.01923e+09
4.25 0.003081 1.68586e+08
4.375 0.003081 1.44641e+08
4.5 0.003081 1.37201e+08
4.625 0.003081 1.32552e+08
4.75 0.003081 1.292e+08
4.875 0.003081 1.26708e+08
5 0.003081 1.25101e+08
5.1 0.003081 1.24201e+08
5.2 0.003081 1.35355e+08
5.26719 0.003081 1.18006e+08
5.33437 0.003081 5.2725e+07
5.40156 0.003081 5.09135e+07
5.46875 0.003081 5.07639e+07
5.60313 0.003081 5.07349e+07
5.7375 0.003081 5.06303e+07
5.87188 0.003081 5.04408e+07
6.00625 0.003081 5.01817e+07
6.14062 0.003081 4.98602e+07
6.275 0.003081 4.94793e+07
6.40937 0.003081 4.90411e+07
6.54375 0.003081 4.8547e+07
6.67812 0.003081 4.79985e+07
6.8125 0.003081 4.73973e+07
6.94688 0.003081 4.6745e+07
7.08125 0.003081 4.60435e+07
7.21563 0.003081 4.5295e+07
7.35 0.003081 4.45014e+07
7.48438 0.003081 4.36652e+07
7.61875 0.003081 4.27887e+07
7.75312 0.003081 4.18744e+07
7.8875 0.003081 4.09251e+07
8.02187 0.003081 3.99433e+07
8.15625 0.003081 3.89319e+07
8.29063 0.003081 3.78937e+07
8.425 0.003081 3.68316e+07
8.55937 0.003081 3.57485e+07
8.69375 0.003081 3.46474e+07
8.82812 0.003081 3.35312e+07
8.9625 0.003081 3.24027e+07
9.09688 0.003081 3.12646e+07
9.23125 0.003081 3.01376e+07
9.36562 0.003081 2.94e+07
9.5 0.003081 2.00173e+07
9.75 0.003081 7.65126e+06
10 0.003081 3.41266e+06
0 0.0033891 -6.70256e+07
0.25 0.0033891 -1.6482e+07
0.5 0.0033891 3.09817e+08
0.75 0.0033891 1.2076e+09
1 0.0033891 1.21018e+09
1.25 0.0033891 1.19971e+09
1.5 0.0033891 1.20646e+09
1.7 0.0033891 1.16783e+09
1.85 0.0033891 2.34972e+09
2.1 0.0033891 2.15684e+09
2.35 0.0033891 2.34857e+09
2.6 0.0033891 2.60153e+09
2.85 0.0033891 2.94423e+09
3.1 0.0033891 3.44053e+09
3.35 0.0033891 4.27196e+09
3.6 0.0033891 6.82011e+09
3.85 0.0033891 6.22605e+11
4 0.0033891 9.42525e+11
4.125 0.0033891 8.66937e+08
4.25 0.0033891 8.59752e+07
4.375 0.0033891 6.90113e+07
4.5 0.0033891 6.494e+07
4.625 0.0033891 6.24067e+07
4.75 0.0033891 6.0562e+07
4.875 0.0033891 5.91702e+07
5 0.0033891 5.82474e+07
5.1 0.0033891 5.76738e+07
5.2 0.0033891 6.27461e+07
5.26719 0.0033891 5.44828e+07
5.33437 0.0033891 2.44911e+07
5.40156 0.0033891 2.35404e+07
5.46875 0.0033891 2.34548e+07
5.60313 0.0033891 2.34336e+07
5.7375 0.0033891 2.33721e+07
5.87188 0.0033891 2.32675e+07
6.00625 0.0033891 2.31276e+07
6.14062 0.0033891 2.29561e+07
6.275 0.0033891 2.27546e+07
6.40937 0.0033891 2.25243e+07
6.54375 0.0033891 2.22659e+07
6.67812 0.0033891 2.19805e+07
6.8125 0.0033891 2.16689e+07
6.94688 0.0033891 2.13321e+07
7.08125 0.0033891 2.09713e+07
7.21563 0.0033891 2.05876e+07
7.35 0.0033891 2.01823e+07
7.48438 0.0033891 1.97566e+07
7.61875 0.0033891 1.93119e+07
7.75312 0.0033891 1.88498e+07
7.8875 0.0033891 1.83715e+07
8.02187 0.0033891 1.78787e+07
8.15625 0.0033891 1.73728e+07
8.29063 0.0033891 1.68555e+07
8.425 0.0033891 1.63284e+07
8.55937 0.0033891 1.57929e+07
8.69375 0.0033891 1.52507e+07
8.82812 0.0033891 1.47034e+07
8.9625 0.0033891 1.41525e+07
9.09688 0.0033891 1.35993e+07
9.23125 0.0033891 1.30531e+07
9.36562 0.0033891 1.26727e+07
9.5 0.0033891 8.59131e+06
9.75 0.0033891 3.25409e+06
10 0.0033891 1.45251e+06
0 0.0036972 -5.15901e+07
0.25 0.0036972 -1.12255e+07
0.5 0.0036972 2.47074e+08
0.75 0.0036972 9.42256e+08
1 0.0036972 9.42346e+08
1.25 0.0036972 9.32033e+08
1.5 0.0036972 9.35159e+08
1.7 0.0036972 9.11003e+08
1.85 0.0036972 1.81678e+09
2.1 0.0036972 1.66422e+09
2.35 0.0036972 1.80679e+09
2.6 0.0036972 1.99557e+09
2.85 0.0036972 2.25186e+09
3.1 0.0036972 2.62401e+09
3.35 0.0036972 3.2531e+09
3.6 0.0036972 5.2869e+09
3.85 0.0036972 5.2887e+11
4 0.0036972 8.01913e+11
4.125 0.0036972 7.5164e+08
4.25 0.0036972 4.57451e+07
4.375 0.0036972 3.29586e+07
4.5 0.0036972 3.07405e+07
4.625 0.0036972 2.93841e+07
4.75 0.0036972 2.83903e+07
4.875 0.0036972 2.76333e+07
5 0.0036972 2.71219e+07
5.1 0.0036972 2.67831e+07
5.2 0.0036972 2.90897e+07
5.26719 0.0036972 2.51583e+07
5.33437 0.0036972 1.13769e+07
5.40156 0.0036972 1.08855e+07
5.46875 0.0036972 1.08383e+07
5.60313 0.0036972 1.08249e+07
5.7375 0.0036972 1.07903e+07
5.87188 0.0036972 1.07341e+07
6.00625 0.0036972 1.06602e+07
6.14062 0.0036972 1.05704e+07
6.275 0.0036972 1.04656e+07
6.40937 0.0036972 1.03464e+07
6.54375 0.0036972 1.02133e+07
6.67812 0.0036972 1.00668e+07
6.8125 0.0036972 9.90753e+06
6.94688 0.0036972 9.73593e+06
7.08125 0.0036972 9.55269e+06
7.21563 0.0036972 9.35846e+06
7.35 0.0036972 9.15392e+06
7.48438 0.0036972 8.93982e+06
7.61875 0.0036972 8.71689e+06
7.75312 0.0036972 8.48594e+06
7.8875 0.0036972 8.24776e+06
8.02187 0.0036972 8.00317e+06
8.15625 0.0036972 7.75299e+06
8.29063 0.0036972 7.49809e+06
8.425 0.0036972 7.23929e+06
8.55937 0.0036972 6.97742e+06
8.69375 0.0036972 6.71333e+06
8.82812 0.0036972 6.44786e+06
8.9625 0.0036972 6.18172e+06
9.09688 0.0036972 5.91571e+06
9.23125 0.0036972 5.65382e+06
9.36562 0.0036972 5.46281e+06
9.5 0.0036972 3.68756e+06
9.75 0.0036972 1.38411e+06
10 0.0036972 618283
0 0.0040053 -4.01289e+07
0.25 0.0040053 -7.78208e+06
0.5 0.0040053 1.97529e+08
0.75 0.0040053 7.40131e+08
1 0.0040053 7.38603e+08
1.25 0.0040053 7.28705e+08
1.5 0.0040053 7.29404e+08
1.7 0.0040053 7.13649e+08
1.85 0.0040053 1.41215e+09
2.1 0.0040053 1.29068e+09
2.35 0.0040053 1.39669e+09
2.6 0.0040053 1.53765e+09
2.85 0.0040053 1.72945e+09
3.1 0.0040053 2.00878e+09
3.35 0.0040053 2.48544e+09
3.6 0.0040053 4.11033e+09
3.85 0.0040053 4.51471e+11
4 0.0040053 6.85547e+11
4.125 0.0040053 6.58022e+08
4.25 0.0040053 2.59287e+07
4.375 0.0040053 1.57665e+07
4.5 0.0040053 1.45525e+07
4.625 0.0040053 1.38359e+07
4.75 0.0040053 1.33093e+07
4.875 0.0040053 1.29056e+07
5 0.0040053 1.26292e+07
5.1 0.0040053 1.24381e+07
5.2 0.0040053 1.34867e+07
5.26719 0.0040053 1.16177e+07
5.33437 0.0040053 5.28488e+06
5.40156 0.0040053 5.03394e+06
5.46875 0.0040053 5.00855e+06
5.60313 0.0040053 5.00067e+06
5.7375 0.0040053 4.98186e+06
5.87188 0.0040053 4.95227e+06
6.00625 0.0040053 4.91382e+06
6.14062 0.0040053 4.86747e+06
6.275 0.0040053 4.81367e+06
6.40937 0.0040053 4.75276e+06
6.54375 0.0040053 4.68501e+06
6.67812 0.0040053 4.6107e+06
6.8125 0.0040053 4.53014e+06
6.94688 0.0040053 4.44363e+06
7.08125 0.0040053 4.35153e+06
7.21563 0.0040053 4.25421e+06
7.35 0.0040053 4.15202e+06
7.48438 0.0040053 4.04539e+06
7.61875 0.0040053 3.93471e+06
7.75312 0.0040053 3.82039e+06
7.8875 0.0040053 3.70288e+06
8.02187 0.0040053 3.58261e+06
8.15625 0.0040053 3.46004e+06
8.29063 0.0040053 3.33556e+06
8.425 0.0040053 3.20966e+06
8.55937 0.0040053 3.08275e+06
8.69375 0.0040053 2.95526e+06
8.82812 0.0040053 2.82761e+06
8.9625 0.0040053 2.70019e+06
9.09688 0.0040053 2.57337e+06
9.23125 0.0040053 2.44893e+06
9.36562 0.0040053 2.35487e+06
9.5 0.0040053 1.58272e+06
9.75 0.0040053 588719
10 0.0040053 263168
0 0.0043135 -3.14835e+07
0.25 0.0043135 -5.49586e+06
0.5 0.0043135 1.58192e+08
0.75 0.0043135 5.8437e+08
1 0.0043135 5.81838e+08
1.25 0.0043135 5.72538e+08
1.5 0.0043135 5.7165e+08
1.7 0.0043135 5.60788e+08
1.85 0.0043135 1.10208e+09
2.1 0.0043135 1.00486e+09
2.35 0.0043135 1.0836e+09
2.6 0.0043135 1.1888e+09
2.85 0.0043135 1.33234e+09
3.1 0.0043135 1.54208e+09
3.35 0.0043135 1.90356e+09
3.6 0.0043135 3.20227e+09
3.85 0.0043135 3.86969e+11
4 0.0043135 5.88366e+11
4.125 0.0043135 5.78889e+08
4.25 0.0043135 1.59678e+07
4.375 0.0043135 7.56344e+06
4.5 0.0043135 6.88804e+06
4.625 0.0043135 6.51344e+06
4.75 0.0043135 6.23797e+06
4.875 0.0043135 6.02588e+06
5 0.0043135 5.87938e+06
5.1 0.0043135 5.77494e+06
5.2 0.0043135 6.25151e+06
5.26719 0.0043135 5.36406e+06
5.33437 0.0043135 2.45427e+06
5.40156 0.0043135 2.3274e+06
5.46875 0.0043135 2.31398e+06
5.60313 0.0043135 2.30958e+06
5.7375 0.0043135 2.29958e+06
5.87188 0.0043135 2.28424e+06
6.00625 0.0043135 2.26451e+06
6.14062 0.0043135 2.24086e+06
6.275 0.0043135 2.21355e+06
6.40937 0.0043135 2.18274e+06
6.54375 0.0043135 2.14859e+06
6.67812 0.0043135 2.11125e+06
6.8125 0.0043135 2.07089e+06
6.94688 0.0043135 2.02767e+06
7.08125 0.0043135 1.98179e+06
7.21563 0.0043135 1.93344e+06
7.35 0.0043135 1.88283e+06
7.48438 0.0043135 1.83016e+06
7.61875 0.0043135 1.77566e+06
7.75312 0.0043135 1.71954e+06
7.8875 0.0043135 1.66204e+06
8.02187 0.0043135 1.60338e+06
8.15625 0.0043135 1.54378e+06
8.29063 0.0043135 1.48349e+06
8.425 0.0043135 1.42271e+06
8.55937 0.0043135 1.36168e+06
8.69375 0.0043135 1.3006e+06
8.82812 0.0043135 1.2397e+06
8.9625 0.0043135 1.17915e+06
9.09688 0.0043135 1.11915e+06
9.23125 0.0043135 1.06047e+06
9.36562 0.0043135 1.0149e+06
9.5 0.0043135 679209
9.75 0.0043135 250385
10 0.0043135 112016
0 0.0046216 -2.487e+07
0.25 0.0046216 -3.94226e+06
0.5 0.0046216 1.26913e+08
0.75 0.0046216 4.63335e+08
1 0.0046216 4.60233e+08
1.25 0.0046216 4.51634e+08
1.5 0.0046216 4.49762e+08
1.7 0.0046216 4.41839e+08
1.85 0.0046216 8.62918e+08
2.1 0.0046216 7.84807e+08
2.35 0.0046216 8.43196e+08
2.6 0.0046216 9.21646e+08
2.85 0.0046216 1.02902e+09
3.1 0.0046216 1.18651e+09
3.35 0.0046216 1.46087e+09
3.6 0.0046216 2.49905e+09
3.85 0.0046216 3.32837e+11
4 0.0046216 5.06651e+11
4.125 0.0046216 5.10537e+08
4.25 0.0046216 1.07919e+07
4.375 0.0046216 3.64927e+06
4.5 0.0046216 3.26138e+06
4.625 0.0046216 3.06704e+06
4.75 0.0046216 2.9244e+06
4.875 0.0046216 2.81431e+06
5 0.0046216 2.73774e+06
5.1 0.0046216 2.68192e+06
5.2 0.0046216 2.89843e+06
5.26719 0.0046216 2.4771e+06
5.33437 0.0046216 1.13995e+06
5.40156 0.0046216 1.07633e+06
5.46875 0.0046216 1.06935e+06
5.60313 0.0046216 1.06695e+06
5.7375 0.0046216 1.06173e+06
5.87188 0.0046216 1.05387e+06
6.00625 0.0046216 1.04385e+06
6.14062 0.0046216 1.0319e+06
6.275 0.0046216 1.01815e+06
6.40937 0.0046216 1.00269e+06
6.54375 0.0046216 985614
6.67812 0.0046216 966992
6.8125 0.0046216 946916
6.94688 0.0046216 925481
7.08125 0.0046216 902782
7.21563 0.0046216 878931
7.35 0.0046216 854026
7.48438 0.0046216 828188
7.61875 0.0046216 801524
7.75312 0.0046216 774154
7.8875 0.0046216 746194
8.02187 0.0046216 717760
8.15625 0.0046216 688973
8.29063 0.0046216 659943
8.425 0.0046216 630789
8.55937 0.0046216 601618
8.69375 0.0046216 572539
8.82812 0.0046216 543653
8.9625 0.0046216 515057
9.09688 0.0046216 486838
9.23125 0.0046216 459339
9.36562 0.0046216 437497
9.5 0.0046216 291510
9.75 0.0046216 106503
10 0.0046216 47679.4
0 0.0049297 -1.9757e+07
0.25 0.0049297 -2.87539e+06
0.5 0.0049297 1.01939e+08
0.75 0.0049297 3.68577e+08
1 0.0049297 3.65208e+08
1.25 0.0049297 3.57363e+08
1.5 0.0049297 3.54925e+08
1.7 0.0049297 3.48799e+08
1.85 0.0049297 6.77361e+08
2.1 0.0049297 6.14414e+08
2.35 0.0049297 6.57594e+08
2.6 0.0049297 7.16003e+08
2.85 0.0049297 7.96259e+08
3.1 0.0049297 9.1447e+08
3.35 0.0049297 1.12278e+09
3.6 0.0049297 1.95251e+09
3.85 0.0049297 2.87092e+11
4 0.0049297 4.37472e+11
4.125 0.0049297 4.50848e+08
4.25 0.0049297 7.95558e+06
4.375 0.0049297 1.77859e+06
4.5 0.0049297 1.5445e+06
4.625 0.0049297 1.44422e+06
4.75 0.0049297 1.37099e+06
4.875 0.0049297 1.31439e+06
5 0.0049297 1.27484e+06
5.1 0.0049297 1.2455e+06
5.2 0.0049297 1.34383e+06
5.26719 0.0049297 1.14394e+06
5.33437 0.0049297 529449
5.40156 0.0049297 497765
5.46875 0.0049297 494173
5.60313 0.0049297 492899
5.7375 0.0049297 490207
5.87188 0.0049297 486221
6.00625 0.0049297 481171
6.14062 0.0049297 475179
6.275 0.0049297 468310
6.40937 0.0049297 460612
6.54375 0.0049297 452127
6.67812 0.0049297 442900
6.8125 0.0049297 432980
6.94688 0.0049297 422412
7.08125 0.0049297 411254
7.21563 0.0049297 399555
7.35 0.0049297 387376
7.48438 0.0049297 374772
7.61875 0.0049297 361805
7.75312 0.0049297 348532
7.8875 0.0049297 335014
8.02187 0.0049297 321310
8.15625 0.0049297 307480
8.29063 0.0049297 293583
8.425 0.0049297 279673
8.55937 0.0049297 265807
8.69375 0.0049297 252037
8.82812 0.0049297 238413
8.9625 0.0049297 224978
9.09688 0.0049297 211778
9.23125 0.0049297 198960
9.36562 0.0049297 188597
9.5 0.0049297 125118
9.75 0.0049297 45305.3
10 0.0049297 20296.6
0 0.0052378 -1.57669e+07
0.25 0.0052378 -2.13024e+06
0.5 0.0052378 8.19583e+07
0.75 0.0052378 2.93964e+08
1 0.0052378 2.90538e+08
1.25 0.0052378 2.83459e+08
1.5 0.0052378 2.80748e+08
1.7 0.0052378 2.75776e+08
1.85 0.0052378 5.32754e+08
2.1 0.0052378 4.8192e+08
2.35 0.0052378 5.1374e+08
2.6 0.0052378 5.57137e+08
2.85 0.0052378 6.17045e+08
3.1 0.0052378 7.0572e+08
3.35 0.0052378 8.63921e+08
3.6 0.0052378 1.52676e+09
3.85 0.0052378 2.48215e+11
4 0.0052378 3.78585e+11
4.125 0.0052378 3.98418e+08
4.25 0.0052378 6.28197e+06
4.375 0.0052378 882591
4.5 0.0052378 731680
4.625 0.0052378 680068
4.75 0.0052378 642735
4.875 0.0052378 613870
5 0.0052378 593630
5.1 0.0052378 578418
5.2 0.0052378 623057
5.26719 0.0052378 528278
5.33437 0.0052378 245885
5.40156 0.0052378 230198
5.46875 0.0052378 228368
5.60313 0.0052378 227702
5.7375 0.0052378 226330
5.87188 0.0052378 224325
6.00625 0.0052378 221800
6.14062 0.0052378 218815
6.275 0.0052378 215404
6.40937 0.0052378 211592
6.54375 0.0052378 207402
6.67812 0.0052378 202856
6.8125 0.0052378 197980
6.94688 0.0052378 192799
7.08125 0.0052378 187341
7.21563 0.0052378 181635
7.35 0.0052378 175708
7.48438 0.0052378 169592
7.61875 0.0052378 163317
7.75312 0.0052378 156912
7.8875 0.0052378 150408
8.02187 0.0052378 143836
8.15625 0.0052378 137225
8.29063 0.0052378 130603
8.425 0.0052378 123999
8.55937 0.0052378 117439
8.69375 0.0052378 110949
8.82812 0.0052378 104552
8.9625 0.0052378 98270.5
9.09688 0.0052378 92123.9
9.23125 0.0052378 86177.9
9.36562 0.0052378 81300.4
9.5 0.0052378 53699.8
9.75 0.0052378 19272.7
10 0.0052378 8640.04
0 0.0055459 -1.26295e+07
0.25 0.0055459 -1.6019e+06
0.5 0.0055459 6.59438e+07
0.75 0.0055459 2.34945e+08
1 0.0055459 2.31602e+08
1.25 0.0055459 2.25275e+08
1.5 0.0055459 2.22488e+08
1.7 0.0055459 2.18304e+08
1.85 0.0055459 4.19669e+08
2.1 0.0055459 3.78554e+08
2.35 0.0055459 4.01903e+08
2.6 0.0055459 4.34063e+08
2.85 0.0055459 4.78707e+08
3.1 0.0055459 5.45168e+08
3.35 0.0055459 6.6532e+08
3.6 0.0055459 1.19451e+09
3.85 0.0055459 2.15017e+11
4 0.0055459 3.28224e+11
4.125 0.0055459 3.52223e+08
4.25 0.0055459 5.20191e+06
4.375 0.0055459 451729
4.5 0.0055459 346840
4.625 0.0055459 320241
4.75 0.0055459 301321
4.875 0.0055459 286700
5 0.0055459 276423
5.1 0.0055459 268619
5.2 0.0055459 288875
5.26719 0.0055459 243959
5.33437 0.0055459 114185
5.40156 0.0055459 106458
5.46875 0.0055459 105533
5.60313 0.0055459 105190
5.7375 0.0055459 104497
5.87188 0.0055459 103495
6.00625 0.0055459 102239
6.14062 0.0055459 100761
6.275 0.0055459 99076.8
6.40937 0.0055459 97198.9
6.54375 0.0055459 95139.6
6.67812 0.0055459 92910.9
6.8125 0.0055459 90526
6.94688 0.0055459 87997.7
7.08125 0.0055459 85340.7
7.21563 0.0055459 82569.3
7.35 0.0055459 79698.5
7.48438 0.0055459 76743.6
7.61875 0.0055459 73719.8
7.75312 0.0055459 70642.6
7.8875 0.0055459 67527.2
8.02187 0.0055459 64388.6
8.15625 0.0055459 61241.3
8.29063 0.0055459 58099.6
8.425 0.0055459 54976.9
8.55937 0.0055459 51886.4
8.69375 0.0055459 48840.1
8.82812 0.0055459 45849.4
8.9625 0.0055459 42924.3
9.09688 0.0055459 40073.9
9.23125 0.0055459 37326.9
9.36562 0.0055459 35046.8
9.5 0.0055459 23047.1
9.75 0.0055459 8198.66
10 0.0055459 3677.97
0 0.005854 -1.01474e+07
0.25 0.005854 -1.22174e+06
0.5 0.005854 5.30895e+07
0.75 0.005854 1.88088e+08
1 0.005854 1.84918e+08
1.25 0.005854 1.7931e+08
1.5 0.005854 1.7658e+08
1.7 0.005854 1.72972e+08
1.85 0.005854 3.30993e+08
2.1 0.005854 2.97701e+08
2.35 0.005854 3.14747e+08
2.6 0.005854 3.38505e+08
2.85 0.005854 3.71709e+08
3.1 0.005854 4.21468e+08
3.35 0.005854 5.12717e+08
3.6 0.005854 9.34906e+08
3.85 0.005854 1.86552e+11
4 0.005854 2.84983e+11
4.125 0.005854 3.11455e+08
4.25 0.005854 4.43836e+06
4.375 0.005854 243031
4.5 0.005854 164610
4.625 0.005854 150803
4.75 0.005854 141262
4.875 0.005854 133899
5 0.005854 128716
5.1 0.005854 124747
5.2 0.005854 133934
5.26719 0.005854 112659
5.33437 0.005854 53022.2
5.40156 0.005854 49232.8
5.46875 0.005854 48768.3
5.60313 0.005854 48593.2
5.7375 0.005854 48245.6
5.87188 0.005854 47747.9
6.00625 0.005854 47127.4
6.14062 0.005854 46398.8
6.275 0.005854 45570.8
6.40937 0.005854 44649.9
6.54375 0.005854 43642.3
6.67812 0.005854 42554.3
6.8125 0.005854 41392.6
6.94688 0.005854 40163.8
7.08125 0.005854 38875.5
7.21563 0.005854 37535
7.35 0.005854 36149.8
7.48438 0.005854 34727.7
7.61875 0.005854 33276.4
7.75312 0.005854 31803.6
7.8875 0.005854 30316.8
8.02187 0.005854 28823.5
8.15625 0.005854 27330.9
8.29063 0.005854 25845.8
8.425 0.005854 24374.8
8.55937 0.005854 22924.1
8.69375 0.005854 21499.5
8.82812 0.005854 20106.3
8.9625 0.005854 18749
9.09688 0.005854 17432
9.23125 0.005854 16167.6
9.36562 0.005854 15107.8
9.5 0.005854 9891.26
9.75 0.005854 3487.77
10 0.005854 1565.66
0 0.0061621 -8.1736e+06
0.25 0.0061621 -944247
0.5 0.0061621 4.27596e+07
0.75 0.0061621 1.50777e+08
1 0.0061621 1.47834e+08
1.25 0.0061621 1.42898e+08
1.5 0.0061621 1.40309e+08
1.7 0.0061621 1.37155e+08
1.85 0.0061621 2.61307e+08
2.1 0.0061621 2.34331e+08
2.35 0.0061621 2.46697e+08
2.6 0.0061621 2.64184e+08
2.85 0.0061621 2.88822e+08
3.1 0.0061621 3.26031e+08
3.35 0.0061621 3.9532e+08
3.6 0.0061621 7.31871e+08
3.85 0.0061621 1.62058e+11
4 0.0061621 2.4773e+11
4.125 0.0061621 2.7544e+08
4.25 0.0061621 3.85483e+06
4.375 0.0061621 140621
4.5 0.0061621 78300.6
4.625 0.0061621 71016.9
4.75 0.0061621 66225.2
4.875 0.0061621 62535.8
5 0.0061621 59936
5.1 0.0061621 57932.2
5.2 0.0061621 62097
5.26719 0.0061621 52025
5.33437 0.0061621 24619.3
5.40156 0.0061621 22768.3
5.46875 0.0061621 22536.3
5.60313 0.0061621 22447.8
5.7375 0.0061621 22274.6
5.87188 0.0061621 22028.7
6.00625 0.0061621 21723.3
6.14062 0.0061621 21365.7
6.275 0.0061621 20960.4
6.40937 0.0061621 20510.5
6.54375 0.0061621 20019.4
6.67812 0.0061621 19490.2
6.8125 0.0061621 18926.4
6.94688 0.0061621 18331.4
7.08125 0.0061621 17709
7.21563 0.0061621 17062.8
7.35 0.0061621 16396.8
7.48438 0.0061621 15714.7
7.61875 0.0061621 15020.5
7.75312 0.0061621 14318
7.8875 0.0061621 13610.9
8.02187 0.0061621 12902.8
8.15625 0.0061621 12197.2
8.29063 0.0061621 11497.5
8.425 0.0061621 10806.8
8.55937 0.0061621 10128.1
8.69375 0.0061621 9464.04
8.82812 0.0061621 8817.11
8.9625 0.0061621 8189.4
9.09688 0.0061621 7582.81
9.23125 0.0061621 7002.66
9.36562 0.0061621 6512.58
9.5 0.0061621 4244.99
9.75 0.0061621 1483.74
10 0.0061621 666.482
0 0.0064702 -6.5975e+06
0.25 0.0064702 -738884
0.5 0.0064702 3.44507e+07
0.75 0.0064702 1.20997e+08
1 0.0064702 1.18308e+08
1.25 0.0064702 1.13992e+08
1.5 0.0064702 1.11593e+08
1.7 0.0064702 1.08817e+08
1.85 0.0064702 2.06449e+08
2.1 0.0064702 1.84581e+08
2.35 0.0064702 1.93486e+08
2.6 0.0064702 2.06302e+08
2.85 0.0064702 2.24537e+08
3.1 0.0064702 2.52321e+08
3.35 0.0064702 3.04924e+08
3.6 0.0064702 5.72978e+08
3.85 0.0064702 1.40919e+11
4 0.0064702 2.15544e+11
4.125 0.0064702 2.43609e+08
4.25 0.0064702 3.38267e+06
4.375 0.0064702 89210.2
4.5 0.0064702 37404.7
4.625 0.0064702 33446.3
4.75 0.0064702 31047.1
4.875 0.0064702 29206.3
5 0.0064702 27908.8
5.1 0.0064702 26903.5
5.2 0.0064702 28790.5
5.26719 0.0064702 24024.4
5.33437 0.0064702 11430.5
5.40156 0.0064702 10529.4
5.46875 0.0064702 10414.2
5.60313 0.0064702 10369.8
5.7375 0.0064702 10283.9
5.87188 0.0064702 10162.9
6.00625 0.0064702 10013.2
6.14062 0.0064702 9838.41
6.275 0.0064702 9640.68
6.40937 0.0064702 9421.73
6.54375 0.0064702 9183.17
6.67812 0.0064702 8926.65
6.8125 0.0064702 8653.92
6.94688 0.0064702 8366.71
7.08125 0.0064702 8066.92
7.21563 0.0064702 7756.45
7.35 0.0064702 7437.19
7.48438 0.0064702 7111.09
7.61875 0.0064702 6780.04
7.75312 0.0064702 6445.94
7.8875 0.0064702 6110.63
8.02187 0.0064702 5775.86
8.15625 0.0064702 5443.33
8.29063 0.0064702 5114.65
8.425 0.0064702 4791.3
8.55937 0.0064702 4474.67
8.69375 0.0064702 4166.03
8.82812 0.0064702 3866.5
8.9625 0.0064702 3577.03
9.09688 0.0064702 3298.44
9.23125 0.0064702 3033.04
9.36562 0.0064702 2807.39
9.5 0.0064702 1821.77
9.75 0.0064702 631.212
10 0.0064702 283.712
0 0.0067783 -5.33465e+06
0.25 0.0067783 -584906
0.5 0.0067783 2.77622e+07
0.75 0.0067783 9.71829e+07
1 0.0067783 9.47579e+07
1.25 0.0067783 9.10036e+07
1.5 0.0067783 8.88195e+07
1.7 0.0067783 8.63716e+07
1.85 0.0067783 1.63207e+08
2.1 0.0067783 1.45476e+08
2.35 0.0067783 1.5183e+08
2.6 0.0067783 1.61177e+08
2.85 0.0067783 1.74632e+08
3.1 0.0067783 1.95345e+08
3.35 0.0067783 2.3527e+08
3.6 0.0067783 4.48579e+08
3.85 0.0067783 1.2263e+11
4 0.0067783 1.87669e+11
4.125 0.0067783 2.15465e+08
4.25 0.0067783 2.98608e+06
4.375 0.0067783 62405.3
4.5 0.0067783 18011.7
4.625 0.0067783 15754.4
4.75 0.0067783 14555.2
4.875 0.0067783 13640.3
5 0.0067783 12995.5
5.1 0.0067783 12493.8
5.2 0.0067783 13348.3
5.26719 0.0067783 11094
5.33437 0.0067783 5306.71
5.40156 0.0067783 4869.41
5.46875 0.0067783 4812.42
5.60313 0.0067783 4790.27
5.7375 0.0067783 4747.93
5.87188 0.0067783 4688.62
6.00625 0.0067783 4615.5
6.14062 0.0067783 4530.32
6.275 0.0067783 4434.18
6.40937 0.0067783 4327.94
6.54375 0.0067783 4212.41
6.67812 0.0067783 4088.44
6.8125 0.0067783 3956.89
6.94688 0.0067783 3818.66
7.08125 0.0067783 3674.69
7.21563 0.0067783 3525.92
7.35 0.0067783 3373.32
7.48438 0.0067783 3217.83
7.61875 0.0067783 3060.39
7.75312 0.0067783 2901.94
7.8875 0.0067783 2743.36
8.02187 0.0067783 2585.52
8.15625 0.0067783 2429.22
8.29063 0.0067783 2275.23
8.425 0.0067783 2124.25
8.55937 0.0067783 1976.93
8.69375 0.0067783 1833.85
8.82812 0.0067783 1695.53
8.9625 0.0067783 1562.39
9.09688 0.0067783 1434.78
9.23125 0.0067783 1313.68
9.36562 0.0067783 1210.18
9.5 0.0067783 781.806
9.75 0.0067783 268.532
10 0.0067783 120.772
0 0.0070864 -4.31996e+06
0.25 0.0070864 -468045
0.5 0.0070864 2.2375e+07
0.75 0.0070864 7.81099e+07
1 0.0070864 7.59457e+07
1.25 0.0070864 7.2697e+07
1.5 0.0070864 7.0736e+07
1.7 0.0070864 6.85789e+07
1.85 0.0070864 1.29085e+08
2.1 0.0070864 1.14706e+08
2.35 0.0070864 1.1919e+08
2.6 0.0070864 1.25967e+08
2.85 0.0070864 1.35862e+08
3.1 0.0070864 1.51276e+08
3.35 0.0070864 1.81568e+08
3.6 0.0070864 3.51161e+08
3.85 0.0070864 1.06774e+11
4 0.0070864 1.63481e+11
4.125 0.0070864 1.90579e+08
4.25 0.0070864 2.64538e+06
4.375 0.0070864 47588.6
4.5 0.0070864 8801.88
4.625 0.0070864 7423.05
4.75 0.0070864 6823.68
4.875 0.0070864 6370.46
5 0.0070864 6051.2
5.1 0.0070864 5802.01
5.2 0.0070864 6188.74
5.26719 0.0070864 5122.95
5.33437 0.0070864 2463.52
5.40156 0.0070864 2251.89
5.46875 0.0070864 2223.81
5.60313 0.0070864 2212.82
5.7375 0.0070864 2192.03
5.87188 0.0070864 2163.06
6.00625 0.0070864 2127.45
6.14062 0.0070864 2086.07
6.275 0.0070864 2039.47
6.40937 0.0070864 1988.06
6.54375 0.0070864 1932.26
6.67812 0.0070864 1872.51
6.8125 0.0070864 1809.23
6.94688 0.0070864 1742.87
7.08125 0.0070864 1673.9
7.21563 0.0070864 1602.8
7.35 0.0070864 1530.04
7.48438 0.0070864 1456.08
7.61875 0.0070864 1381.4
7.75312 0.0070864 1306.43
7.8875 0.0070864 1231.62
8.02187 0.0070864 1157.38
8.15625 0.0070864 1084.09
8.29063 0.0070864 1012.12
8.425 0.0070864 941.793
8.55937 0.0070864 873.411
8.69375 0.0070864 807.244
8.82812 0.0070864 743.518
8.9625 0.0070864 682.42
9.09688 0.0070864 624.104
9.23125 0.0070864 568.98
9.36562 0.0070864 521.667
9.5 0.0070864 335.503
9.75 0.0070864 114.241
10 0.0070864 51.4107
0 0.0073945 -3.5028e+06
0.25 0.0073945 -378359
0.5 0.0073945 1.80337e+07
0.75 0.0073945 6.28153e+07
1 0.0073945 6.09008e+07
1.25 0.0073945 5.81021e+07
1.5 0.0073945 5.6361e+07
1.7 0.0073945 5.44651e+07
1.85 0.0073945 1.02136e+08
2.1 0.0073945 9.04764e+07
2.35 0.0073945 9.35967e+07
2.6 0.0073945 9.84773e+07
2.85 0.0073945 1.05725e+08
3.1 0.0073945 1.17174e+08
3.35 0.0073945 1.40149e+08
3.6 0.0073945 2.74863e+08
3.85 0.0073945 9.30029e+10
4 0.0073945 1.42458e+11
4.125 0.0073945 1.68573e+08
4.25 0.0073945 2.34884e+06
4.375 0.0073945 38715
4.5 0.0073945 4416
4.625 0.0073945 3499.55
4.75 0.0073945 3199.07
4.875 0.0073945 2975.2
5 0.0073945 2817.66
5.1 0.0073945 2694.39
5.2 0.0073945 2869.31
5.26719 0.0073945 2365.63
5.33437 0.0073945 1143.56
5.40156 0.0073945 1041.4
5.46875 0.0073945 1027.61
5.60313 0.0073945 1022.19
5.7375 0.0073945 1012.01
5.87188 0.0073945 997.903
6.00625 0.0073945 980.614
6.14062 0.0073945 960.567
6.275 0.0073945 938.029
6.40937 0.0073945 913.217
6.54375 0.0073945 886.337
6.67812 0.0073945 857.603
6.8125 0.0073945 827.235
6.94688 0.0073945 795.455
7.08125 0.0073945 762.496
7.21563 0.0073945 728.593
7.35 0.0073945 693.978
7.48438 0.0073945 658.883
7.61875 0.0073945 623.531
7.75312 0.0073945 588.144
7.8875 0.0073945 552.93
8.02187 0.0073945 518.086
8.15625 0.0073945 483.796
8.29063 0.0073945 450.23
8.425 0.0073945 417.544
8.55937 0.0073945 385.873
8.69375 0.0073945 355.338
8.82812 0.0073945 326.042
8.9625 0.0073945 298.066
9.09688 0.0073945 271.472
9.23125 0.0073945 246.434
9.36562 0.0073945 224.872
9.5 0.0073945 143.974
9.75 0.0073945 48.6023
10 0.0073945 21.8847
0 0.0077026 -2.84349e+06
0.25 0.0077026 -308836
0.5 0.0077026 1.4534e+07
0.75 0.0077026 5.05385e+07
1 0.0077026 4.88574e+07
1.25 0.0077026 4.64562e+07
1.5 0.0077026 4.49244e+07
1.7 0.0077026 4.32631e+07
1.85 0.0077026 8.08381e+07
2.1 0.0077026 7.13848e+07
2.35 0.0077026 7.35174e+07
2.6 0.0077026 7.70034e+07
2.85 0.0077026 8.22892e+07
3.1 0.0077026 9.07742e+07
3.35 0.0077026 1.08193e+08
3.6 0.0077026 2.15106e+08
3.85 0.0077026 8.10262e+10
4 0.0077026 1.24161e+11
4.125 0.0077026 1.49114e+08
4.25 0.0077026 2.08886e+06
4.375 0.0077026 32876.1
4.5 0.0077026 2316.55
4.625 0.0077026 1651.66
4.75 0.0077026 1499.81
4.875 0.0077026 1389.51
5 0.0077026 1312
5.1 0.0077026 1251.23
5.2 0.0077026 1330.3
5.26719 0.0077026 1092.37
5.33437 0.0077026 530.805
5.40156 0.0077026 481.598
5.46875 0.0077026 474.851
5.60313 0.0077026 472.181
5.7375 0.0077026 467.215
5.87188 0.0077026 460.367
6.00625 0.0077026 451.995
6.14062 0.0077026 442.305
6.275 0.0077026 431.433
6.40937 0.0077026 419.484
6.54375 0.0077026 406.564
6.67812 0.0077026 392.778
6.8125 0.0077026 378.236
6.94688 0.0077026 363.048
7.08125 0.0077026 347.33
7.21563 0.0077026 331.198
7.35 0.0077026 314.765
7.48438 0.0077026 298.145
7.61875 0.0077026 281.446
7.75312 0.0077026 264.776
7.8875 0.0077026 248.233
8.02187 0.0077026 231.913
8.15625 0.0077026 215.902
8.29063 0.0077026 200.279
8.425 0.0077026 185.117
8.55937 0.0077026 170.477
8.69375 0.0077026 156.414
8.82812 0.0077026 142.973
8.9625 0.0077026 130.187
9.09688 0.0077026 118.084
9.23125 0.0077026 106.734
9.36562 0.0077026 96.9339
9.5 0.0077026 61.7821
9.75 0.0077026 20.6773
10 0.0077026 9.31593
0 0.0080107 -2.31073e+06
0.25 0.0080107 -254462
0.5 0.0080107 1.17117e+07
0.75 0.0080107 4.06761e+07
1 0.0080107 3.92095e+07
1.25 0.0080107 3.71568e+07
1.5 0.0080107 3.58196e+07
1.7 0.0080107 3.43687e+07
1.85 0.0080107 6.39976e+07
2.1 0.0080107 5.63343e+07
2.35 0.0080107 5.77571e+07
2.6 0.0080107 6.02227e+07
2.85 0.0080107 6.40581e+07
3.1 0.0080107 7.03315e+07
3.35 0.0080107 8.35317e+07
3.6 0.0080107 1.68307e+08
3.85 0.0080107 7.05983e+10
4 0.0080107 1.08221e+11
4.125 0.0080107 1.31911e+08
4.25 0.0080107 1.85999e+06
4.375 0.0080107 28661.9
4.5 0.0080107 1301.93
4.625 0.0080107 781.191
4.75 0.0080107 703.182
4.875 0.0080107 648.939
5 0.0080107 610.91
5.1 0.0080107 581.052
5.2 0.0080107 616.767
5.26719 0.0080107 504.412
5.33437 0.0080107 246.367
5.40156 0.0080107 222.716
5.46875 0.0080107 219.422
5.60313 0.0080107 218.114
5.7375 0.0080107 215.699
5.87188 0.0080107 212.382
6.00625 0.0080107 208.336
6.14062 0.0080107 203.664
6.275 0.0080107 198.43
6.40937 0.0080107 192.688
6.54375 0.0080107 186.49
6.67812 0.0080107 179.889
6.8125 0.0080107 172.939
6.94688 0.0080107 165.695
7.08125 0.0080107 158.214
7.21563 0.0080107 150.552
7.35 0.0080107 142.766
7.48438 0.0080107 134.91
7.61875 0.0080107 127.037
7.75312 0.0080107 119.198
7.8875 0.0080107 111.442
8.02187 0.0080107 103.811
8.15625 0.0080107 96.349
8.29063 0.0080107 89.091
8.425 0.0080107 82.0705
8.55937 0.0080107 75.3155
8.69375 0.0080107 68.8503
8.82812 0.0080107 62.6944
8.9625 0.0080107 56.862
9.09688 0.0080107 51.3632
9.23125 0.0080107 46.2272
9.36562 0.0080107 41.7843
9.5 0.0080107 26.5114
9.75 0.0080107 8.79708
10 0.0080107 3.96562
0 0.0083188 -1.87968e+06
0.25 0.0083188 -211605
0.5 0.0083188 9.43527e+06
0.75 0.0083188 3.27482e+07
1 0.0083188 3.14758e+07
1.25 0.0083188 2.97268e+07
1.5 0.0083188 2.85673e+07
1.7 0.0083188 2.7304e+07
1.85 0.0083188 5.06761e+07
2.1 0.0083188 4.44649e+07
2.35 0.0083188 4.53827e+07
2.6 0.0083188 4.71054e+07
2.85 0.0083188 4.9872e+07
3.1 0.0083188 5.4498e+07
3.35 0.0083188 6.44964e+07
3.6 0.0083188 1.31659e+08
3.85 0.0083188 6.15106e+10
4 0.0083188 9.4322e+10
4.125 0.0083188 1.16705e+08
4.25 0.0083188 1.65807e+06
4.375 0.0083188 25379.4
4.5 0.0083188 803.018
4.625 0.0083188 371.007
4.75 0.0083188 329.712
4.875 0.0083188 303.073
5 0.0083188 284.458
5.1 0.0083188 269.829
5.2 0.0083188 285.951
5.26719 0.0083188 232.915
5.33437 0.0083188 114.341
5.40156 0.0083188 102.995
5.46875 0.0083188 101.391
5.60313 0.0083188 100.752
5.7375 0.0083188 99.5804
5.87188 0.0083188 97.9775
6.00625 0.0083188 96.0269
6.14062 0.0083188 93.7782
6.275 0.0083188 91.2635
6.40937 0.0083188 88.5097
6.54375 0.0083188 85.5422
6.67812 0.0083188 82.3872
6.8125 0.0083188 79.0718
6.94688 0.0083188 75.6228
7.08125 0.0083188 72.0684
7.21563 0.0083188 68.4361
7.35 0.0083188 64.7531
7.48438 0.0083188 61.0461
7.61875 0.0083188 57.3407
7.75312 0.0083188 53.6611
7.8875 0.0083188 50.0302
8.02187 0.0083188 46.4691
8.15625 0.0083188 42.9967
8.29063 0.0083188 39.6305
8.425 0.0083188 36.3852
8.55937 0.0083188 33.2737
8.69375 0.0083188 30.3063
8.82812 0.0083188 27.4917
8.9625 0.0083188 24.8354
9.09688 0.0083188 22.3414
9.23125 0.0083188 20.0212
9.36562 0.0083188 18.0114
9.5 0.0083188 11.3761
9.75 0.0083188 3.74272
10 0.0083188 1.68809
0 0.0086269 -1.53059e+06
0.25 0.0086269 -177600
0.5 0.0086269 7.59867e+06
0.75 0.0086269 2.6372e+07
1 0.0086269 2.52735e+07
1.25 0.0086269 2.37879e+07
1.5 0.0086269 2.27881e+07
1.7 0.0086269 2.16912e+07
1.85 0.0086269 4.01347e+07
2.1 0.0086269 3.51015e+07
2.35 0.0086269 3.5664e+07
2.6 0.0086269 3.68493e+07
2.85 0.0086269 3.88312e+07
3.1 0.0086269 4.22323e+07
3.35 0.0086269 4.98015e+07
3.6 0.0086269 1.02966e+08
3.85 0.0086269 5.35859e+10
4 0.0086269 8.21962e+10
4.125 0.0086269 1.03267e+08
4.25 0.0086269 1.47968e+06
4.375 0.0086269 22680.1
4.5 0.0086269 550.147
4.625 0.0086269 177.593
4.75 0.0086269 154.622
4.875 0.0086269 141.544
5 0.0086269 132.452
5.1 0.0086269 125.303
5.2 0.0086269 132.575
5.26719 0.0086269 107.549
5.33437 0.0086269 53.0635
5.40156 0.0086269 47.6298
5.46875 0.0086269 46.8508
5.60313 0.0086269 46.5396
5.7375 0.0086269 45.9724
5.87188 0.0086269 45.1994
6.00625 0.0086269 44.2607
6.14062 0.0086269 43.1804
6.275 0.0086269 41.9745
6.40937 0.0086269 40.656
6.54375 0.0086269 39.2376
6.67812 0.0086269 37.7322
6.8125 0.0086269 36.1533
6.94688 0.0086269 34.5139
7.08125 0.0086269 32.8279
7.21563 0.0086269 31.1086
7.35 0.0086269 29.3694
7.48438 0.0086269 27.623
7.61875 0.0086269 25.8817
7.75312 0.0086269 24.1572
7.8875 0.0086269 22.4603
8.02187 0.0086269 20.8008
8.15625 0.0086269 19.1877
8.29063 0.0086269 17.6288
8.425 0.0086269 16.131
8.55937 0.0086269 14.6999
8.69375 0.0086269 13.3401
8.82812 0.0086269 12.0551
8.9625 0.0086269 10.8472
9.09688 0.0086269 9.71775
9.23125 0.0086269 8.67122
9.36562 0.0086269 7.76391
9.5 0.0086269 4.88142
9.75 0.0086269 1.59236
10 0.0086269 0.718587
0 0.008935 -1.24763e+06
0.25 0.008935 -150465
0.5 0.008935 6.11668e+06
0.75 0.008935 2.12417e+07
1 0.008935 2.02975e+07
1.25 0.008935 1.9039e+07
1.5 0.008935 1.81812e+07
1.7 0.008935 1.7231e+07
1.85 0.008935 3.17912e+07
2.1 0.008935 2.77132e+07
2.35 0.008935 2.80295e+07
2.6 0.008935 2.88289e+07
2.85 0.008935 3.0237e+07
3.1 0.008935 3.27293e+07
3.35 0.008935 3.84561e+07
3.6 0.008935 8.05055e+07
3.85 0.008935 4.66719e+10
4 0.008935 7.1613e+10
4.125 0.008935 9.1396e+07
4.25 0.008935 1.32194e+06
4.375 0.008935 20381.5
4.5 0.008935 415.434
4.625 0.008935 86.2778
4.75 0.008935 72.5354
4.875 0.008935 66.1051
5 0.008935 61.6729
5.1 0.008935 58.1875
5.2 0.008935 61.465
5.26719 0.008935 49.6603
5.33437 0.008935 24.6242
5.40156 0.008935 22.0262
5.46875 0.008935 21.6486
5.60313 0.008935 21.4974
5.7375 0.008935 21.2235
5.87188 0.008935 20.8514
6.00625 0.008935 20.4005
6.14062 0.008935 19.8824
6.275 0.008935 19.305
6.40937 0.008935 18.6747
6.54375 0.008935 17.9979
6.67812 0.008935 17.2807
6.8125 0.008935 16.5299
6.94688 0.008935 15.7519
7.08125 0.008935 14.9533
7.21563 0.008935 14.1408
7.35 0.008935 13.3207
7.48438 0.008935 12.4991
7.61875 0.008935 11.6821
7.75312 0.008935 10.8751
7.8875 0.008935 10.0831
8.02187 0.008935 9.31093
8.15625 0.008935 8.56261
8.29063 0.008935 7.84176
8.425 0.008935 7.15145
8.55937 0.008935 6.49418
8.69375 0.008935 5.87193
8.82812 0.008935 5.28614
8.9625 0.008935 4.73765
9.09688 0.008935 4.22686
9.23125 0.008935 3.75549
9.36562 0.008935 3.34665
9.5 0.008935 2.09455
9.75 0.008935 0.677491
10 0.008935 0.305888
0 0.0092431 -1.01812e+06
0.25 0.0092431 -128709
0.5 0.0092431 4.92069e+06
0.75 0.0092431 1.71125e+07
1 0.0092431 1.6304e+07
1.25 0.0092431 1.52405e+07
1.5 0.0092431 1.45079e+07
1.7 0.0092431 1.3686e+07
1.85 0.0092431 2.51858e+07
2.1 0.0092431 2.18823e+07
2.35 0.0092431 2.20313e+07
2.6 0.0092431 2.25559e+07
2.85 0.0092431 2.35464e+07
3.1 0.0092431 2.53659e+07
3.35 0.0092431 2.96961e+07
3.6 0.0092431 6.29272e+07
3.85 0.0092431 4.06379e+10
4 0.0092431 6.23738e+10
4.125 0.0092431 8.09121e+07
4.25 0.0092431 1.18239e+06
4.375 0.0092431 18382.5
4.5 0.0092431 338.151
4.625 0.0092431 43.0616
4.75 0.0092431 34.0488
4.875 0.0092431 30.8734
5 0.0092431 28.7163
5.1 0.0092431 27.0207
5.2 0.0092431 28.4966
5.26719 0.0092431 22.9302
5.33437 0.0092431 11.4262
5.40156 0.0092431 10.1859
5.46875 0.0092431 10.0032
5.60313 0.0092431 9.92992
5.7375 0.0092431 9.79787
5.87188 0.0092431 9.61908
6.00625 0.0092431 9.40283
6.14062 0.0092431 9.15478
6.275 0.0092431 8.87875
6.40937 0.0092431 8.57793
6.54375 0.0092431 8.25538
6.67812 0.0092431 7.91425
6.8125 0.0092431 7.55773
6.94688 0.0092431 7.189
7.08125 0.0092431 6.81131
7.21563 0.0092431 6.42782
7.35 0.0092431 6.04164
7.48438 0.0092431 5.65571
7.61875 0.0092431 5.27286
7.75312 0.0092431 4.89569
7.8875 0.0092431 4.52661
8.02187 0.0092431 4.16777
8.15625 0.0092431 3.82109
8.29063 0.0092431 3.4882
8.425 0.0092431 3.17048
8.55937 0.0092431 2.86901
8.69375 0.0092431 2.58464
8.82812 0.0092431 2.31794
8.9625 0.0092431 2.06921
9.09688 0.0092431 1.83851
9.23125 0.0092431 1.62648
9.36562 0.0092431 1.44258
9.5 0.0092431 0.898723
9.75 0.0092431 0.288251
10 0.0092431 0.130211
0 0.0095512 -831826
0.25 0.0095512 -111141
0.5 0.0095512 3.95555e+06
0.75 0.0095512 1.37881e+07
1 0.0095512 1.30983e+07
1.25 0.0095512 1.22017e+07
1.5 0.0095512 1.15783e+07
1.7 0.0095512 1.08682e+07
1.85 0.0095512 1.99557e+07
2.1 0.0095512 1.72797e+07
2.35 0.0095512 1.73181e+07
2.6 0.0095512 1.7649e+07
2.85 0.0095512 1.83373e+07
3.1 0.0095512 1.96599e+07
3.35 0.0095512 2.29317e+07
3.6 0.0095512 4.91732e+07
3.85 0.0095512 3.53709e+10
4 0.0095512 5.43069e+10
4.125 0.0095512 7.16555e+07
4.25 0.0095512 1.05885e+06
4.375 0.0095512 16622.1
4.5 0.0095512 289.379
4.625 0.0095512 22.5143
4.75 0.0095512 16.0027
4.875 0.0095512 14.4192
5 0.0095512 13.3709
5.1 0.0095512 12.5475
5.2 0.0095512 13.2115
5.26719 0.0095512 10.5874
5.33437 0.0095512 5.30168
5.40156 0.0095512 4.71037
5.46875 0.0095512 4.62214
5.60313 0.0095512 4.58671
5.7375 0.0095512 4.52317
5.87188 0.0095512 4.4374
6.00625 0.0095512 4.33384
6.14062 0.0095512 4.21524
6.275 0.0095512 4.08347
6.40937 0.0095512 3.94008
6.54375 0.0095512 3.7866
6.67812 0.0095512 3.62454
6.8125 0.0095512 3.45547
6.94688 0.0095512 3.28095
7.08125 0.0095512 3.10254
7.21563 0.0095512 2.92179
7.35 0.0095512 2.74017
7.48438 0.0095512 2.55911
7.61875 0.0095512 2.37994
7.75312 0.0095512 2.20389
7.8875 0.0095512 2.0321
8.02187 0.0095512 1.86556
8.15625 0.0095512 1.70515
8.29063 0.0095512 1.55161
8.425 0.0095512 1.40556
8.55937 0.0095512 1.26745
8.69375 0.0095512 1.13766
8.82812 0.0095512 1.01638
8.9625 0.0095512 0.903726
9.09688 0.0095512 0.79966
9.23125 0.0095512 0.704403
9.36562 0.0095512 0.621805
9.5 0.0095512 0.385596
9.75 0.0095512 0.122636
10 0.0095512 0.055423
0 0.0098594 -680629
0.25 0.0098594 -97088.4
0.5 0.0098594 3.17588e+06
0.75 0.0098594 1.11103e+07
1 0.0098594 1.05236e+07
1.25 0.0098594 9.76939e+06
1.5 0.0098594 9.24084e+06
1.7 0.0098594 8.62718e+06
1.85 0.0098594 1.5813e+07
2.1 0.0098594 1.36454e+07
2.35 0.0098594 1.36131e+07
2.6 0.0098594 1.38094e+07
2.85 0.0098594 1.42801e+07
3.1 0.0098594 1.52369e+07
3.35 0.0098594 1.77068e+07
3.6 0.0098594 3.84107e+07
3.85 0.0098594 3.0772e+10
4 0.0098594 4.72617e+10
4.125 0.0098594 6.34864e+07
4.25 0.0098594 949436
4.375 0.0098594 15060.6
4.5 0.0098594 255.289
4.625 0.0098594 12.6578
4.75 0.0098594 7.53786
4.875 0.0098594 6.73318
5 0.0098594 6.22427
5.1 0.0098594 5.82528
5.2 0.0098594 6.12376
5.26719 0.0098594 4.88759
5.33437 0.0098594 2.45925
5.40156 0.0098594 2.17772
5.46875 0.0098594 2.13519
5.60313 0.0098594 2.1181
5.7375 0.0098594 2.08758
5.87188 0.0098594 2.04651
6.00625 0.0098594 1.997
6.14062 0.0098594 1.94039
6.275 0.0098594 1.87758
6.40937 0.0098594 1.80934
6.54375 0.0098594 1.73642
6.67812 0.0098594 1.65954
6.8125 0.0098594 1.57949
6.94688 0.0098594 1.49701
7.08125 0.0098594 1.41286
7.21563 0.0098594 1.32779
7.35 0.0098594 1.2425
7.48438 0.0098594 1.15767
7.61875 0.0098594 1.07394
7.75312 0.0098594 0.991888
7.8875 0.0098594 0.912037
8.02187 0.0098594 0.834851
8.15625 0.0098594 0.760733
8.29063 0.0098594 0.690017
8.425 0.0098594 0.622969
8.55937 0.0098594 0.559794
8.69375 0.0098594 0.500631
8.82812 0.0098594 0.445563
8.9625 0.0098594 0.394606
9.09688 0.0098594 0.347729
9.23125 0.0098594 0.304993
9.36562 0.0098594 0.267966
9.5 0.0098594 0.165415
9.75 0.0098594 0.0521705
10 0.0098594 0.0235902
