0 0 300.002
0.25 0 300.006
0.5 0 300.014
0.75 0 300.095
1 0 300.124
1.25 0 300.124
1.5 0 300.087
1.7 0 300.061
1.85 0 300.041
2.1 0 300.042
2.35 0 300.053
2.6 0 300.082
2.85 0 300.146
3.1 0 300.289
3.35 0 300.61
3.6 0 301.411
3.85 0 304.729
4 0 310.647
4.125 0 310.964
4.25 0 313.536
4.375 0 318.178
4.5 0 327.31
4.625 0 332.672
4.75 0 327.833
4.875 0 326.283
5 0 325.429
5.07031 0 325.043
5.14062 0 324.693
5.21094 0 324.36
5.28125 0 324.036
5.35156 0 323.715
5.42188 0 323.395
5.5625 0 322.753
5.70312 0 322.102
5.84375 0 321.443
5.98438 0 320.773
6.125 0 320.093
6.26562 0 319.402
6.40625 0 318.702
6.54688 0 317.992
6.6875 0 317.272
6.82812 0 316.542
6.96875 0 315.803
7.10938 0 315.053
7.25 0 314.294
7.39062 0 313.526
7.53125 0 312.748
7.67188 0 311.961
7.8125 0 311.164
7.95312 0 310.359
8.09375 0 309.544
8.23438 0 308.72
8.375 0 307.888
8.51562 0 307.046
8.65625 0 306.195
8.79688 0 305.335
8.9375 0 304.463
9.07812 0 303.575
9.21875 0 302.652
9.35938 0 301.632
9.5 0 300.149
9.75 0 300.07
10 0 300.014
0 0.000624 300.002
0.25 0.000624 300.006
0.5 0.000624 300.014
0.75 0.000624 300.095
1 0.000624 300.124
1.25 0.000624 300.124
1.5 0.000624 300.087
1.7 0.000624 300.061
1.85 0.000624 300.041
2.1 0.000624 300.042
2.35 0.000624 300.053
2.6 0.000624 300.082
2.85 0.000624 300.147
3.1 0.000624 300.29
3.35 0.000624 300.613
3.6 0.000624 301.419
3.85 0.000624 304.752
4 0.000624 310.654
4.125 0.000624 310.974
4.25 0.000624 313.549
4.375 0.000624 318.191
4.5 0.000624 327.32
4.625 0.000624 332.66
4.75 0.000624 327.83
4.875 0.000624 326.282
5 0.000624 325.428
5.07031 0.000624 325.043
5.14062 0.000624 324.693
5.21094 0.000624 324.36
5.28125 0.000624 324.036
5.35156 0.000624 323.715
5.42188 0.000624 323.395
5.5625 0.000624 322.753
5.70312 0.000624 322.102
5.84375 0.000624 321.442
5.98438 0.000624 320.772
6.125 0.000624 320.092
6.26562 0.000624 319.402
6.40625 0.000624 318.702
6.54688 0.000624 317.992
6.6875 0.000624 317.272
6.82812 0.000624 316.542
6.96875 0.000624 315.802
7.10938 0.000624 315.053
7.25 0.000624 314.294
7.39062 0.000624 313.526
7.53125 0.000624 312.748
7.67188 0.000624 311.961
7.8125 0.000624 311.164
7.95312 0.000624 310.359
8.09375 0.000624 309.544
8.23438 0.000624 308.72
8.375 0.000624 307.887
8.51562 0.000624 307.046
8.65625 0.000624 306.195
8.79688 0.000624 305.335
8.9375 0.000624 304.463
9.07812 0.000624 303.575
9.21875 0.000624 302.652
9.35938 0.000624 301.632
9.5 0.000624 300.154
9.75 0.000624 300.072
10 0.000624 300.015
0 0.001248 300.002
0.25 0.001248 300.006
0.5 0.001248 300.014
0.75 0.001248 300.095
1 0.001248 300.123
1.25 0.001248 300.123
1.5 0.001248 300.087
1.7 0.001248 300.061
1.85 0.001248 300.042
2.1 0.001248 300.042
2.35 0.001248 300.054
2.6 0.001248 300.083
2.85 0.001248 300.148
3.1 0.001248 300.292
3.35 0.001248 300.617
3.6 0.001248 301.426
3.85 0.001248 304.772
4 0.001248 310.657
4.125 0.001248 310.984
4.25 0.001248 313.561
4.375 0.001248 318.203
4.5 0.001248 327.314
4.625 0.001248 332.632
4.75 0.001248 327.828
4.875 0.001248 326.281
5 0.001248 325.428
5.07031 0.001248 325.043
5.14062 0.001248 324.692
5.21094 0.001248 324.36
5.28125 0.001248 324.035
5.35156 0.001248 323.715
5.42188 0.001248 323.395
5.5625 0.001248 322.753
5.70312 0.001248 322.102
5.84375 0.001248 321.442
5.98438 0.001248 320.772
6.125 0.001248 320.092
6.26562 0.001248 319.402
6.40625 0.001248 318.702
6.54688 0.001248 317.992
6.6875 0.001248 317.272
6.82812 0.001248 316.542
6.96875 0.001248 315.802
7.10938 0.001248 315.053
7.25 0.001248 314.294
7.39062 0.001248 313.526
7.53125 0.001248 312.748
7.67188 0.001248 311.961
7.8125 0.001248 311.164
7.95312 0.001248 310.359
8.09375 0.001248 309.544
8.23438 0.001248 308.72
8.375 0.001248 307.887
8.51562 0.001248 307.046
8.65625 0.001248 306.195
8.79688 0.001248 305.335
8.9375 0.001248 304.463
9.07812 0.001248 303.575
9.21875 0.001248 302.652
9.35938 0.001248 301.632
9.5 0.001248 300.159
9.75 0.001248 300.073
10 0.001248 300.016
0 0.0015601 300.002
0.25 0.0015601 300.006
0.5 0.0015601 300.014
0.75 0.0015601 300.095
1 0.0015601 300.123
1.25 0.0015601 300.123
1.5 0.0015601 300.087
1.7 0.0015601 300.061
1.85 0.0015601 300.042
2.1 0.0015601 300.042
2.35 0.0015601 300.054
2.6 0.0015601 300.083
2.85 0.0015601 300.148
3.1 0.0015601 300.293
3.35 0.0015601 300.618
3.6 0.0015601 301.43
3.85 0.0015601 304.781
4 0.0015601 310.657
4.125 0.0015601 310.989
4.25 0.0015601 313.567
4.375 0.0015601 318.209
4.5 0.0015601 327.308
4.625 0.0015601 332.615
4.75 0.0015601 327.826
4.875 0.0015601 326.281
5 0.0015601 325.428
5.07031 0.0015601 325.043
5.14062 0.0015601 324.692
5.21094 0.0015601 324.36
5.28125 0.0015601 324.035
5.35156 0.0015601 323.715
5.42188 0.0015601 323.395
5.5625 0.0015601 322.752
5.70312 0.0015601 322.102
5.84375 0.0015601 321.442
5.98438 0.0015601 320.772
6.125 0.0015601 320.092
6.26562 0.0015601 319.402
6.40625 0.0015601 318.702
6.54688 0.0015601 317.992
6.6875 0.0015601 317.272
6.82812 0.0015601 316.542
6.96875 0.0015601 315.802
7.10938 0.0015601 315.053
7.25 0.0015601 314.294
7.39062 0.0015601 313.526
7.53125 0.0015601 312.748
7.67188 0.0015601 311.961
7.8125 0.0015601 311.164
7.95312 0.0015601 310.358
8.09375 0.0015601 309.544
8.23438 0.0015601 308.72
8.375 0.0015601 307.887
8.51562 0.0015601 307.046
8.65625 0.0015601 306.195
8.79688 0.0015601 305.335
8.9375 0.0015601 304.463
9.07812 0.0015601 303.575
9.21875 0.0015601 302.652
9.35938 0.0015601 301.632
9.5 0.0015601 300.161
9.75 0.0015601 300.074
10 0.0015601 300.017
0 0.0018721 300.002
0.25 0.0018721 300.006
0.5 0.0018721 300.014
0.75 0.0018721 300.095
1 0.0018721 300.123
1.25 0.0018721 300.123
1.5 0.0018721 300.087
1.7 0.0018721 300.061
1.85 0.0018721 300.042
2.1 0.0018721 300.042
2.35 0.0018721 300.054
2.6 0.0018721 300.083
2.85 0.0018721 300.149
3.1 0.0018721 300.293
3.35 0.0018721 300.62
3.6 0.0018721 301.434
3.85 0.0018721 304.79
4 0.0018721 310.657
4.125 0.0018721 310.994
4.25 0.0018721 313.573
4.375 0.0018721 318.215
4.5 0.0018721 327.3
4.625 0.0018721 332.596
4.75 0.0018721 327.825
4.875 0.0018721 326.281
5 0.0018721 325.428
5.07031 0.0018721 325.043
5.14062 0.0018721 324.692
5.21094 0.0018721 324.36
5.28125 0.0018721 324.035
5.35156 0.0018721 323.715
5.42188 0.0018721 323.395
5.5625 0.0018721 322.752
5.70312 0.0018721 322.102
5.84375 0.0018721 321.442
5.98438 0.0018721 320.772
6.125 0.0018721 320.092
6.26562 0.0018721 319.402
6.40625 0.0018721 318.702
6.54688 0.0018721 317.992
6.6875 0.0018721 317.272
6.82812 0.0018721 316.542
6.96875 0.0018721 315.802
7.10938 0.0018721 315.053
7.25 0.0018721 314.294
7.39062 0.0018721 313.526
7.53125 0.0018721 312.748
7.67188 0.0018721 311.961
7.8125 0.0018721 311.164
7.95312 0.0018721 310.358
8.09375 0.0018721 309.544
8.23438 0.0018721 308.72
8.375 0.0018721 307.887
8.51562 0.0018721 307.045
8.65625 0.0018721 306.195
8.79688 0.0018721 305.335
8.9375 0.0018721 304.463
9.07812 0.0018721 303.575
9.21875 0.0018721 302.652
9.35938 0.0018721 301.632
9.5 0.0018721 300.164
9.75 0.0018721 300.075
10 0.0018721 300.018
0 0.0021841 300.002
0.25 0.0021841 300.006
0.5 0.0021841 300.014
0.75 0.0021841 300.095
1 0.0021841 300.123
1.25 0.0021841 300.123
1.5 0.0021841 300.087
1.7 0.0021841 300.061
1.85 0.0021841 300.042
2.1 0.0021841 300.042
2.35 0.0021841 300.054
2.6 0.0021841 300.083
2.85 0.0021841 300.149
3.1 0.0021841 300.294
3.35 0.0021841 300.622
3.6 0.0021841 301.438
3.85 0.0021841 304.798
4 0.0021841 310.656
4.125 0.0021841 310.999
4.25 0.0021841 313.579
4.375 0.0021841 318.22
4.5 0.0021841 327.291
4.625 0.0021841 332.576
4.75 0.0021841 327.823
4.875 0.0021841 326.28
5 0.0021841 325.427
5.07031 0.0021841 325.042
5.14062 0.0021841 324.692
5.21094 0.0021841 324.359
5.28125 0.0021841 324.035
5.35156 0.0021841 323.715
5.42188 0.0021841 323.395
5.5625 0.0021841 322.752
5.70312 0.0021841 322.102
5.84375 0.0021841 321.442
5.98438 0.0021841 320.772
6.125 0.0021841 320.092
6.26562 0.0021841 319.402
6.40625 0.0021841 318.702
6.54688 0.0021841 317.992
6.6875 0.0021841 317.272
6.82812 0.0021841 316.542
6.96875 0.0021841 315.802
7.10938 0.0021841 315.053
7.25 0.0021841 314.294
7.39062 0.0021841 313.526
7.53125 0.0021841 312.748
7.67188 0.0021841 311.96
7.8125 0.0021841 311.164
7.95312 0.0021841 310.358
8.09375 0.0021841 309.544
8.23438 0.0021841 308.72
8.375 0.0021841 307.887
8.51562 0.0021841 307.045
8.65625 0.0021841 306.195
8.79688 0.0021841 305.334
8.9375 0.0021841 304.463
9.07812 0.0021841 303.575
9.21875 0.0021841 302.652
9.35938 0.0021841 301.632
9.5 0.0021841 300.166
9.75 0.0021841 300.075
10 0.0021841 300.018
0 0.0024961 300.002
0.25 0.0024961 300.006
0.5 0.0024961 300.014
0.75 0.0024961 300.095
1 0.0024961 300.123
1.25 0.0024961 300.123
1.5 0.0024961 300.087
1.7 0.0024961 300.061
1.85 0.0024961 300.042
2.1 0.0024961 300.042
2.35 0.0024961 300.054
2.6 0.0024961 300.083
2.85 0.0024961 300.149
3.1 0.0024961 300.295
3.35 0.0024961 300.623
3.6 0.0024961 301.442
3.85 0.0024961 304.806
4 0.0024961 310.655
4.125 0.0024961 311.003
4.25 0.0024961 313.585
4.375 0.0024961 318.226
4.5 0.0024961 327.281
4.625 0.0024961 332.556
4.75 0.0024961 327.822
4.875 0.0024961 326.28
5 0.0024961 325.427
5.07031 0.0024961 325.042
5.14062 0.0024961 324.692
5.21094 0.0024961 324.359
5.28125 0.0024961 324.035
5.35156 0.0024961 323.714
5.42188 0.0024961 323.395
5.5625 0.0024961 322.752
5.70312 0.0024961 322.102
5.84375 0.0024961 321.442
5.98438 0.0024961 320.772
6.125 0.0024961 320.092
6.26562 0.0024961 319.402
6.40625 0.0024961 318.702
6.54688 0.0024961 317.992
6.6875 0.0024961 317.272
6.82812 0.0024961 316.542
6.96875 0.0024961 315.802
7.10938 0.0024961 315.053
7.25 0.0024961 314.294
7.39062 0.0024961 313.525
7.53125 0.0024961 312.748
7.67188 0.0024961 311.96
7.8125 0.0024961 311.164
7.95312 0.0024961 310.358
8.09375 0.0024961 309.544
8.23438 0.0024961 308.72
8.375 0.0024961 307.887
8.51562 0.0024961 307.045
8.65625 0.0024961 306.195
8.79688 0.0024961 305.334
8.9375 0.0024961 304.463
9.07812 0.0024961 303.575
9.21875 0.0024961 302.652
9.35938 0.0024961 301.632
9.5 0.0024961 300.169
9.75 0.0024961 300.076
10 0.0024961 300.019
0 0.0028081 300.002
0.25 0.0028081 300.006
0.5 0.0028081 300.014
0.75 0.0028081 300.095
1 0.0028081 300.123
1.25 0.0028081 300.123
1.5 0.0028081 300.087
1.7 0.0028081 300.061
1.85 0.0028081 300.042
2.1 0.0028081 300.042
2.35 0.0028081 300.054
2.6 0.0028081 300.084
2.85 0.0028081 300.15
3.1 0.0028081 300.295
3.35 0.0028081 300.625
3.6 0.0028081 301.446
3.85 0.0028081 304.813
4 0.0028081 310.653
4.125 0.0028081 311.008
4.25 0.0028081 313.591
4.375 0.0028081 318.231
4.5 0.0028081 327.27
4.625 0.0028081 332.535
4.75 0.0028081 327.82
4.875 0.0028081 326.28
5 0.0028081 325.427
5.07031 0.0028081 325.042
5.14062 0.0028081 324.692
5.21094 0.0028081 324.359
5.28125 0.0028081 324.035
5.35156 0.0028081 323.714
5.42188 0.0028081 323.394
5.5625 0.0028081 322.752
5.70312 0.0028081 322.102
5.84375 0.0028081 321.442
5.98438 0.0028081 320.772
6.125 0.0028081 320.092
6.26562 0.0028081 319.402
6.40625 0.0028081 318.702
6.54688 0.0028081 317.992
6.6875 0.0028081 317.271
6.82812 0.0028081 316.542
6.96875 0.0028081 315.802
7.10938 0.0028081 315.053
7.25 0.0028081 314.294
7.39062 0.0028081 313.525
7.53125 0.0028081 312.748
7.67188 0.0028081 311.96
7.8125 0.0028081 311.164
7.95312 0.0028081 310.358
8.09375 0.0028081 309.543
8.23438 0.0028081 308.72
8.375 0.0028081 307.887
8.51562 0.0028081 307.045
8.65625 0.0028081 306.195
8.79688 0.0028081 305.334
8.9375 0.0028081 304.463
9.07812 0.0028081 303.575
9.21875 0.0028081 302.652
9.35938 0.0028081 301.632
9.5 0.0028081 300.171
9.75 0.0028081 300.077
10 0.0028081 300.019
0 0.0031201 300.002
0.25 0.0031201 300.006
0.5 0.0031201 300.014
0.75 0.0031201 300.095
1 0.0031201 300.123
1.25 0.0031201 300.123
1.5 0.0031201 300.087
1.7 0.0031201 300.061
1.85 0.0031201 300.042
2.1 0.0031201 300.042
2.35 0.0031201 300.054
2.6 0.0031201 300.084
2.85 0.0031201 300.15
3.1 0.0031201 300.296
3.35 0.0031201 300.627
3.6 0.0031201 301.45
3.85 0.0031201 304.821
4 0.0031201 310.651
4.125 0.0031201 311.013
4.25 0.0031201 313.597
4.375 0.0031201 318.237
4.5 0.0031201 327.259
4.625 0.0031201 332.513
4.75 0.0031201 327.819
4.875 0.0031201 326.279
5 0.0031201 325.427
5.07031 0.0031201 325.042
5.14062 0.0031201 324.692
5.21094 0.0031201 324.359
5.28125 0.0031201 324.035
5.35156 0.0031201 323.714
5.42188 0.0031201 323.394
5.5625 0.0031201 322.752
5.70312 0.0031201 322.102
5.84375 0.0031201 321.442
5.98438 0.0031201 320.772
6.125 0.0031201 320.092
6.26562 0.0031201 319.402
6.40625 0.0031201 318.702
6.54688 0.0031201 317.991
6.6875 0.0031201 317.271
6.82812 0.0031201 316.542
6.96875 0.0031201 315.802
7.10938 0.0031201 315.053
7.25 0.0031201 314.294
7.39062 0.0031201 313.525
7.53125 0.0031201 312.747
7.67188 0.0031201 311.96
7.8125 0.0031201 311.164
7.95312 0.0031201 310.358
8.09375 0.0031201 309.543
8.23438 0.0031201 308.72
8.375 0.0031201 307.887
8.51562 0.0031201 307.045
8.65625 0.0031201 306.195
8.79688 0.0031201 305.334
8.9375 0.0031201 304.463
9.07812 0.0031201 303.575
9.21875 0.0031201 302.652
9.35938 0.0031201 301.632
9.5 0.0031201 300.174
9.75 0.0031201 300.078
10 0.0031201 300.02
0 0.0034321 300.002
0.25 0.0034321 300.006
0.5 0.0034321 300.014
0.75 0.0034321 300.095
1 0.0034321 300.123
1.25 0.0034321 300.123
1.5 0.0034321 300.087
1.7 0.0034321 300.061
1.85 0.0034321 300.042
2.1 0.0034321 300.042
2.35 0.0034321 300.054
2.6 0.0034321 300.084
2.85 0.0034321 300.15
3.1 0.0034321 300.297
3.35 0.0034321 300.628
3.6 0.0034321 301.453
3.85 0.0034321 304.828
4 0.0034321 310.648
4.125 0.0034321 311.018
4.25 0.0034321 313.603
4.375 0.0034321 318.242
4.5 0.0034321 327.248
4.625 0.0034321 332.491
4.75 0.0034321 327.817
4.875 0.0034321 326.279
5 0.0034321 325.427
5.07031 0.0034321 325.042
5.14062 0.0034321 324.692
5.21094 0.0034321 324.359
5.28125 0.0034321 324.035
5.35156 0.0034321 323.714
5.42188 0.0034321 323.394
5.5625 0.0034321 322.752
5.70312 0.0034321 322.102
5.84375 0.0034321 321.442
5.98438 0.0034321 320.772
6.125 0.0034321 320.092
6.26562 0.0034321 319.402
6.40625 0.0034321 318.702
6.54688 0.0034321 317.991
6.6875 0.0034321 317.271
6.82812 0.0034321 316.541
6.96875 0.0034321 315.802
7.10938 0.0034321 315.053
7.25 0.0034321 314.294
7.39062 0.0034321 313.525
7.53125 0.0034321 312.747
7.67188 0.0034321 311.96
7.8125 0.0034321 311.164
7.95312 0.0034321 310.358
8.09375 0.0034321 309.543
8.23438 0.0034321 308.72
8.375 0.0034321 307.887
8.51562 0.0034321 307.045
8.65625 0.0034321 306.194
8.79688 0.0034321 305.334
8.9375 0.0034321 304.463
9.07812 0.0034321 303.575
9.21875 0.0034321 302.652
9.35938 0.0034321 301.633
9.5 0.0034321 300.176
9.75 0.0034321 300.078
10 0.0034321 300.02
0 0.0037441 300.002
0.25 0.0037441 300.006
0.5 0.0037441 300.014
0.75 0.0037441 300.095
1 0.0037441 300.123
1.25 0.0037441 300.123
1.5 0.0037441 300.087
1.7 0.0037441 300.061
1.85 0.0037441 300.042
2.1 0.0037441 300.042
2.35 0.0037441 300.054
2.6 0.0037441 300.084
2.85 0.0037441 300.151
3.1 0.0037441 300.298
3.35 0.0037441 300.63
3.6 0.0037441 301.457
3.85 0.0037441 304.835
4 0.0037441 310.645
4.125 0.0037441 311.023
4.25 0.0037441 313.609
4.375 0.0037441 318.248
4.5 0.0037441 327.236
4.625 0.0037441 332.469
4.75 0.0037441 327.816
4.875 0.0037441 326.278
5 0.0037441 325.427
5.07031 0.0037441 325.042
5.14062 0.0037441 324.692
5.21094 0.0037441 324.359
5.28125 0.0037441 324.035
5.35156 0.0037441 323.714
5.42188 0.0037441 323.394
5.5625 0.0037441 322.752
5.70312 0.0037441 322.102
5.84375 0.0037441 321.442
5.98438 0.0037441 320.772
6.125 0.0037441 320.092
6.26562 0.0037441 319.402
6.40625 0.0037441 318.701
6.54688 0.0037441 317.991
6.6875 0.0037441 317.271
6.82812 0.0037441 316.541
6.96875 0.0037441 315.802
7.10938 0.0037441 315.052
7.25 0.0037441 314.294
7.39062 0.0037441 313.525
7.53125 0.0037441 312.747
7.67188 0.0037441 311.96
7.8125 0.0037441 311.164
7.95312 0.0037441 310.358
8.09375 0.0037441 309.543
8.23438 0.0037441 308.72
8.375 0.0037441 307.887
8.51562 0.0037441 307.045
8.65625 0.0037441 306.194
8.79688 0.0037441 305.334
8.9375 0.0037441 304.463
9.07812 0.0037441 303.575
9.21875 0.0037441 302.652
9.35938 0.0037441 301.633
9.5 0.0037441 300.179
9.75 0.0037441 300.079
10 0.0037441 300.021
0 0.0040561 300.002
0.25 0.0040561 300.006
0.5 0.0040561 300.014
0.75 0.0040561 300.095
1 0.0040561 300.123
1.25 0.0040561 300.123
1.5 0.0040561 300.087
1.7 0.0040561 300.061
1.85 0.0040561 300.042
2.1 0.0040561 300.042
2.35 0.0040561 300.054
2.6 0.0040561 300.084
2.85 0.0040561 300.151
3.1 0.0040561 300.298
3.35 0.0040561 300.631
3.6 0.0040561 301.461
3.85 0.0040561 304.841
4 0.0040561 310.642
4.125 0.0040561 311.027
4.25 0.0040561 313.615
4.375 0.0040561 318.253
4.5 0.0040561 327.225
4.625 0.0040561 332.447
4.75 0.0040561 327.814
4.875 0.0040561 326.278
5 0.0040561 325.426
5.07031 0.0040561 325.042
5.14062 0.0040561 324.692
5.21094 0.0040561 324.359
5.28125 0.0040561 324.035
5.35156 0.0040561 323.714
5.42188 0.0040561 323.394
5.5625 0.0040561 322.752
5.70312 0.0040561 322.102
5.84375 0.0040561 321.442
5.98438 0.0040561 320.772
6.125 0.0040561 320.092
6.26562 0.0040561 319.402
6.40625 0.0040561 318.701
6.54688 0.0040561 317.991
6.6875 0.0040561 317.271
6.82812 0.0040561 316.541
6.96875 0.0040561 315.802
7.10938 0.0040561 315.052
7.25 0.0040561 314.294
7.39062 0.0040561 313.525
7.53125 0.0040561 312.747
7.67188 0.0040561 311.96
7.8125 0.0040561 311.164
7.95312 0.0040561 310.358
8.09375 0.0040561 309.543
8.23438 0.0040561 308.719
8.375 0.0040561 307.887
8.51562 0.0040561 307.045
8.65625 0.0040561 306.194
8.79688 0.0040561 305.334
8.9375 0.0040561 304.463
9.07812 0.0040561 303.575
9.21875 0.0040561 302.652
9.35938 0.0040561 301.633
9.5 0.0040561 300.181
9.75 0.0040561 300.08
10 0.0040561 300.021
0 0.0043681 300.002
0.25 0.0043681 300.007
0.5 0.0043681 300.014
0.75 0.0043681 300.095
1 0.0043681 300.123
1.25 0.0043681 300.123
1.5 0.0043681 300.087
1.7 0.0043681 300.061
1.85 0.0043681 300.042
2.1 0.0043681 300.042
2.35 0.0043681 300.054
2.6 0.0043681 300.084
2.85 0.0043681 300.151
3.1 0.0043681 300.299
3.35 0.0043681 300.633
3.6 0.0043681 301.465
3.85 0.0043681 304.848
4 0.0043681 310.639
4.125 0.0043681 311.032
4.25 0.0043681 313.621
4.375 0.0043681 318.259
4.5 0.0043681 327.213
4.625 0.0043681 332.424
4.75 0.0043681 327.812
4.875 0.0043681 326.278
5 0.0043681 325.426
5.07031 0.0043681 325.042
5.14062 0.0043681 324.691
5.21094 0.0043681 324.359
5.28125 0.0043681 324.035
5.35156 0.0043681 323.714
5.42188 0.0043681 323.394
5.5625 0.0043681 322.752
5.70312 0.0043681 322.101
5.84375 0.0043681 321.442
5.98438 0.0043681 320.772
6.125 0.0043681 320.092
6.26562 0.0043681 319.401
6.40625 0.0043681 318.701
6.54688 0.0043681 317.991
6.6875 0.0043681 317.271
6.82812 0.0043681 316.541
6.96875 0.0043681 315.802
7.10938 0.0043681 315.052
7.25 0.0043681 314.293
7.39062 0.0043681 313.525
7.53125 0.0043681 312.747
7.67188 0.0043681 311.96
7.8125 0.0043681 311.164
7.95312 0.0043681 310.358
8.09375 0.0043681 309.543
8.23438 0.0043681 308.719
8.375 0.0043681 307.887
8.51562 0.0043681 307.045
8.65625 0.0043681 306.194
8.79688 0.0043681 305.334
8.9375 0.0043681 304.463
9.07812 0.0043681 303.574
9.21875 0.0043681 302.652
9.35938 0.0043681 301.633
9.5 0.0043681 300.184
9.75 0.0043681 300.081
10 0.0043681 300.022
0 0.0046801 300.002
0.25 0.0046801 300.007
0.5 0.0046801 300.014
0.75 0.0046801 300.095
1 0.0046801 300.123
1.25 0.0046801 300.123
1.5 0.0046801 300.087
1.7 0.0046801 300.061
1.85 0.0046801 300.042
2.1 0.0046801 300.042
2.35 0.0046801 300.054
2.6 0.0046801 300.085
2.85 0.0046801 300.152
3.1 0.0046801 300.3
3.35 0.0046801 300.635
3.6 0.0046801 301.469
3.85 0.0046801 304.854
4 0.0046801 310.636
4.125 0.0046801 311.037
4.25 0.0046801 313.627
4.375 0.0046801 318.264
4.5 0.0046801 327.201
4.625 0.0046801 332.402
4.75 0.0046801 327.811
4.875 0.0046801 326.277
5 0.0046801 325.426
5.07031 0.0046801 325.041
5.14062 0.0046801 324.691
5.21094 0.0046801 324.359
5.28125 0.0046801 324.035
5.35156 0.0046801 323.714
5.42188 0.0046801 323.394
5.5625 0.0046801 322.752
5.70312 0.0046801 322.101
5.84375 0.0046801 321.442
5.98438 0.0046801 320.772
6.125 0.0046801 320.092
6.26562 0.0046801 319.401
6.40625 0.0046801 318.701
6.54688 0.0046801 317.991
6.6875 0.0046801 317.271
6.82812 0.0046801 316.541
6.96875 0.0046801 315.802
7.10938 0.0046801 315.052
7.25 0.0046801 314.293
7.39062 0.0046801 313.525
7.53125 0.0046801 312.747
7.67188 0.0046801 311.96
7.8125 0.0046801 311.163
7.95312 0.0046801 310.358
8.09375 0.0046801 309.543
8.23438 0.0046801 308.719
8.375 0.0046801 307.887
8.51562 0.0046801 307.045
8.65625 0.0046801 306.194
8.79688 0.0046801 305.334
8.9375 0.0046801 304.463
9.07812 0.0046801 303.574
9.21875 0.0046801 302.652
9.35938 0.0046801 301.633
9.5 0.0046801 300.186
9.75 0.0046801 300.081
10 0.0046801 300.023
0 0.0049922 300.002
0.25 0.0049922 300.007
0.5 0.0049922 300.014
0.75 0.0049922 300.095
1 0.0049922 300.123
1.25 0.0049922 300.123
1.5 0.0049922 300.087
1.7 0.0049922 300.061
1.85 0.0049922 300.042
2.1 0.0049922 300.042
2.35 0.0049922 300.054
2.6 0.0049922 300.085
2.85 0.0049922 300.152
3.1 0.0049922 300.301
3.35 0.0049922 300.636
3.6 0.0049922 301.473
3.85 0.0049922 304.86
4 0.0049922 310.632
4.125 0.0049922 311.042
4.25 0.0049922 313.633
4.375 0.0049922 318.269
4.5 0.0049922 327.189
4.625 0.0049922 332.379
4.75 0.0049922 327.809
4.875 0.0049922 326.277
5 0.0049922 325.426
5.07031 0.0049922 325.041
5.14062 0.0049922 324.691
5.21094 0.0049922 324.359
5.28125 0.0049922 324.035
5.35156 0.0049922 323.714
5.42188 0.0049922 323.394
5.5625 0.0049922 322.752
5.70312 0.0049922 322.101
5.84375 0.0049922 321.441
5.98438 0.0049922 320.772
6.125 0.0049922 320.091
6.26562 0.0049922 319.401
6.40625 0.0049922 318.701
6.54688 0.0049922 317.991
6.6875 0.0049922 317.271
6.82812 0.0049922 316.541
6.96875 0.0049922 315.802
7.10938 0.0049922 315.052
7.25 0.0049922 314.293
7.39062 0.0049922 313.525
7.53125 0.0049922 312.747
7.67188 0.0049922 311.96
7.8125 0.0049922 311.163
7.95312 0.0049922 310.358
8.09375 0.0049922 309.543
8.23438 0.0049922 308.719
8.375 0.0049922 307.887
8.51562 0.0049922 307.045
8.65625 0.0049922 306.194
8.79688 0.0049922 305.334
8.9375 0.0049922 304.462
9.07812 0.0049922 303.574
9.21875 0.0049922 302.652
9.35938 0.0049922 301.633
9.5 0.0049922 300.188
9.75 0.0049922 300.082
10 0.0049922 300.023
0 0.0053042 300.002
0.25 0.0053042 300.007
0.5 0.0053042 300.015
0.75 0.0053042 300.095
1 0.0053042 300.123
1.25 0.0053042 300.123
1.5 0.0053042 300.087
1.7 0.0053042 300.061
1.85 0.0053042 300.042
2.1 0.0053042 300.042
2.35 0.0053042 300.055
2.6 0.0053042 300.085
2.85 0.0053042 300.152
3.1 0.0053042 300.301
3.35 0.0053042 300.638
3.6 0.0053042 301.476
3.85 0.0053042 304.867
4 0.0053042 310.628
4.125 0.0053042 311.046
4.25 0.0053042 313.639
4.375 0.0053042 318.275
4.5 0.0053042 327.177
4.625 0.0053042 332.357
4.75 0.0053042 327.807
4.875 0.0053042 326.276
5 0.0053042 325.426
5.07031 0.0053042 325.041
5.14062 0.0053042 324.691
5.21094 0.0053042 324.359
5.28125 0.0053042 324.034
5.35156 0.0053042 323.714
5.42188 0.0053042 323.394
5.5625 0.0053042 322.752
5.70312 0.0053042 322.101
5.84375 0.0053042 321.441
5.98438 0.0053042 320.771
6.125 0.0053042 320.091
6.26562 0.0053042 319.401
6.40625 0.0053042 318.701
6.54688 0.0053042 317.991
6.6875 0.0053042 317.271
6.82812 0.0053042 316.541
6.96875 0.0053042 315.801
7.10938 0.0053042 315.052
7.25 0.0053042 314.293
7.39062 0.0053042 313.525
7.53125 0.0053042 312.747
7.67188 0.0053042 311.96
7.8125 0.0053042 311.163
7.95312 0.0053042 310.358
8.09375 0.0053042 309.543
8.23438 0.0053042 308.719
8.375 0.0053042 307.886
8.51562 0.0053042 307.045
8.65625 0.0053042 306.194
8.79688 0.0053042 305.334
8.9375 0.0053042 304.462
9.07812 0.0053042 303.574
9.21875 0.0053042 302.652
9.35938 0.0053042 301.633
9.5 0.0053042 300.191
9.75 0.0053042 300.083
10 0.0053042 300.024
0 0.0056162 300.002
0.25 0.0056162 300.007
0.5 0.0056162 300.015
0.75 0.0056162 300.095
1 0.0056162 300.123
1.25 0.0056162 300.123
1.5 0.0056162 300.087
1.7 0.0056162 300.061
1.85 0.0056162 300.042
2.1 0.0056162 300.042
2.35 0.0056162 300.055
2.6 0.0056162 300.085
2.85 0.0056162 300.153
3.1 0.0056162 300.302
3.35 0.0056162 300.64
3.6 0.0056162 301.48
3.85 0.0056162 304.873
4 0.0056162 310.625
4.125 0.0056162 311.051
4.25 0.0056162 313.645
4.375 0.0056162 318.28
4.5 0.0056162 327.165
4.625 0.0056162 332.334
4.75 0.0056162 327.806
4.875 0.0056162 326.276
5 0.0056162 325.426
5.07031 0.0056162 325.041
5.14062 0.0056162 324.691
5.21094 0.0056162 324.359
5.28125 0.0056162 324.034
5.35156 0.0056162 323.714
5.42188 0.0056162 323.394
5.5625 0.0056162 322.752
5.70312 0.0056162 322.101
5.84375 0.0056162 321.441
5.98438 0.0056162 320.771
6.125 0.0056162 320.091
6.26562 0.0056162 319.401
6.40625 0.0056162 318.701
6.54688 0.0056162 317.991
6.6875 0.0056162 317.271
6.82812 0.0056162 316.541
6.96875 0.0056162 315.801
7.10938 0.0056162 315.052
7.25 0.0056162 314.293
7.39062 0.0056162 313.525
7.53125 0.0056162 312.747
7.67188 0.0056162 311.96
7.8125 0.0056162 311.163
7.95312 0.0056162 310.358
8.09375 0.0056162 309.543
8.23438 0.0056162 308.719
8.375 0.0056162 307.886
8.51562 0.0056162 307.045
8.65625 0.0056162 306.194
8.79688 0.0056162 305.334
8.9375 0.0056162 304.462
9.07812 0.0056162 303.574
9.21875 0.0056162 302.652
9.35938 0.0056162 301.633
9.5 0.0056162 300.193
9.75 0.0056162 300.084
10 0.0056162 300.024
0 0.0059282 300.002
0.25 0.0059282 300.007
0.5 0.0059282 300.015
0.75 0.0059282 300.095
1 0.0059282 300.123
1.25 0.0059282 300.123
1.5 0.0059282 300.087
1.7 0.0059282 300.061
1.85 0.0059282 300.042
2.1 0.0059282 300.042
2.35 0.0059282 300.055
2.6 0.0059282 300.085
2.85 0.0059282 300.153
3.1 0.0059282 300.303
3.35 0.0059282 300.641
3.6 0.0059282 301.484
3.85 0.0059282 304.878
4 0.0059282 310.621
4.125 0.0059282 311.056
4.25 0.0059282 313.651
4.375 0.0059282 318.285
4.5 0.0059282 327.153
4.625 0.0059282 332.312
4.75 0.0059282 327.804
4.875 0.0059282 326.275
5 0.0059282 325.425
5.07031 0.0059282 325.041
5.14062 0.0059282 324.691
5.21094 0.0059282 324.358
5.28125 0.0059282 324.034
5.35156 0.0059282 323.714
5.42188 0.0059282 323.394
5.5625 0.0059282 322.751
5.70312 0.0059282 322.101
5.84375 0.0059282 321.441
5.98438 0.0059282 320.771
6.125 0.0059282 320.091
6.26562 0.0059282 319.401
6.40625 0.0059282 318.701
6.54688 0.0059282 317.991
6.6875 0.0059282 317.271
6.82812 0.0059282 316.541
6.96875 0.0059282 315.801
7.10938 0.0059282 315.052
7.25 0.0059282 314.293
7.39062 0.0059282 313.525
7.53125 0.0059282 312.747
7.67188 0.0059282 311.96
7.8125 0.0059282 311.163
7.95312 0.0059282 310.358
8.09375 0.0059282 309.543
8.23438 0.0059282 308.719
8.375 0.0059282 307.886
8.51562 0.0059282 307.045
8.65625 0.0059282 306.194
8.79688 0.0059282 305.334
8.9375 0.0059282 304.462
9.07812 0.0059282 303.574
9.21875 0.0059282 302.652
9.35938 0.0059282 301.633
9.5 0.0059282 300.196
9.75 0.0059282 300.084
10 0.0059282 300.025
0 0.0062402 300.002
0.25 0.0062402 300.007
0.5 0.0062402 300.015
0.75 0.0062402 300.094
1 0.0062402 300.123
1.25 0.0062402 300.123
1.5 0.0062402 300.087
1.7 0.0062402 300.061
1.85 0.0062402 300.042
2.1 0.0062402 300.043
2.35 0.0062402 300.055
2.6 0.0062402 300.085
2.85 0.0062402 300.153
3.1 0.0062402 300.303
3.35 0.0062402 300.643
3.6 0.0062402 301.488
3.85 0.0062402 304.884
4 0.0062402 310.617
4.125 0.0062402 311.06
4.25 0.0062402 313.657
4.375 0.0062402 318.29
4.5 0.0062402 327.14
4.625 0.0062402 332.289
4.75 0.0062402 327.802
4.875 0.0062402 326.275
5 0.0062402 325.425
5.07031 0.0062402 325.041
5.14062 0.0062402 324.691
5.21094 0.0062402 324.358
5.28125 0.0062402 324.034
5.35156 0.0062402 323.714
5.42188 0.0062402 323.394
5.5625 0.0062402 322.751
5.70312 0.0062402 322.101
5.84375 0.0062402 321.441
5.98438 0.0062402 320.771
6.125 0.0062402 320.091
6.26562 0.0062402 319.401
6.40625 0.0062402 318.701
6.54688 0.0062402 317.991
6.6875 0.0062402 317.271
6.82812 0.0062402 316.541
6.96875 0.0062402 315.801
7.10938 0.0062402 315.052
7.25 0.0062402 314.293
7.39062 0.0062402 313.525
7.53125 0.0062402 312.747
7.67188 0.0062402 311.96
7.8125 0.0062402 311.163
7.95312 0.0062402 310.358
8.09375 0.0062402 309.543
8.23438 0.0062402 308.719
8.375 0.0062402 307.886
8.51562 0.0062402 307.045
8.65625 0.0062402 306.194
8.79688 0.0062402 305.334
8.9375 0.0062402 304.462
9.07812 0.0062402 303.574
9.21875 0.0062402 302.652
9.35938 0.0062402 301.633
9.5 0.0062402 300.198
9.75 0.0062402 300.085
10 0.0062402 300.025
0 0.0065522 300.002
0.25 0.0065522 300.007
0.5 0.0065522 300.015
0.75 0.0065522 300.094
1 0.0065522 300.123
1.25 0.0065522 300.123
1.5 0.0065522 300.087
1.7 0.0065522 300.061
1.85 0.0065522 300.042
2.1 0.0065522 300.043
2.35 0.0065522 300.055
2.6 0.0065522 300.085
2.85 0.0065522 300.154
3.1 0.0065522 300.304
3.35 0.0065522 300.644
3.6 0.0065522 301.491
3.85 0.0065522 304.89
4 0.0065522 310.613
4.125 0.0065522 311.065
4.25 0.0065522 313.662
4.375 0.0065522 318.296
4.5 0.0065522 327.128
4.625 0.0065522 332.267
4.75 0.0065522 327.801
4.875 0.0065522 326.275
5 0.0065522 325.425
5.07031 0.0065522 325.041
5.14062 0.0065522 324.691
5.21094 0.0065522 324.358
5.28125 0.0065522 324.034
5.35156 0.0065522 323.714
5.42188 0.0065522 323.394
5.5625 0.0065522 322.751
5.70312 0.0065522 322.101
5.84375 0.0065522 321.441
5.98438 0.0065522 320.771
6.125 0.0065522 320.091
6.26562 0.0065522 319.401
6.40625 0.0065522 318.701
6.54688 0.0065522 317.991
6.6875 0.0065522 317.271
6.82812 0.0065522 316.541
6.96875 0.0065522 315.801
7.10938 0.0065522 315.052
7.25 0.0065522 314.293
7.39062 0.0065522 313.525
7.53125 0.0065522 312.747
7.67188 0.0065522 311.96
7.8125 0.0065522 311.163
7.95312 0.0065522 310.357
8.09375 0.0065522 309.543
8.23438 0.0065522 308.719
8.375 0.0065522 307.886
8.51562 0.0065522 307.045
8.65625 0.0065522 306.194
8.79688 0.0065522 305.334
8.9375 0.0065522 304.462
9.07812 0.0065522 303.574
9.21875 0.0065522 302.652
9.35938 0.0065522 301.634
9.5 0.0065522 300.201
9.75 0.0065522 300.086
10 0.0065522 300.026
0 0.0068642 300.002
0.25 0.0068642 300.007
0.5 0.0068642 300.015
0.75 0.0068642 300.094
1 0.0068642 300.123
1.25 0.0068642 300.123
1.5 0.0068642 300.087
1.7 0.0068642 300.061
1.85 0.0068642 300.042
2.1 0.0068642 300.043
2.35 0.0068642 300.055
2.6 0.0068642 300.086
2.85 0.0068642 300.154
3.1 0.0068642 300.305
3.35 0.0068642 300.646
3.6 0.0068642 301.495
3.85 0.0068642 304.896
4 0.0068642 310.609
4.125 0.0068642 311.07
4.25 0.0068642 313.668
4.375 0.0068642 318.301
4.5 0.0068642 327.116
4.625 0.0068642 332.245
4.75 0.0068642 327.799
4.875 0.0068642 326.274
5 0.0068642 325.425
5.07031 0.0068642 325.041
5.14062 0.0068642 324.691
5.21094 0.0068642 324.358
5.28125 0.0068642 324.034
5.35156 0.0068642 323.713
5.42188 0.0068642 323.394
5.5625 0.0068642 322.751
5.70312 0.0068642 322.101
5.84375 0.0068642 321.441
5.98438 0.0068642 320.771
6.125 0.0068642 320.091
6.26562 0.0068642 319.401
6.40625 0.0068642 318.701
6.54688 0.0068642 317.991
6.6875 0.0068642 317.271
6.82812 0.0068642 316.541
6.96875 0.0068642 315.801
7.10938 0.0068642 315.052
7.25 0.0068642 314.293
7.39062 0.0068642 313.525
7.53125 0.0068642 312.747
7.67188 0.0068642 311.959
7.8125 0.0068642 311.163
7.95312 0.0068642 310.357
8.09375 0.0068642 309.543
8.23438 0.0068642 308.719
8.375 0.0068642 307.886
8.51562 0.0068642 307.044
8.65625 0.0068642 306.194
8.79688 0.0068642 305.334
8.9375 0.0068642 304.462
9.07812 0.0068642 303.574
9.21875 0.0068642 302.652
9.35938 0.0068642 301.634
9.5 0.0068642 300.203
9.75 0.0068642 300.087
10 0.0068642 300.026
0 0.0071762 300.002
0.25 0.0071762 300.007
0.5 0.0071762 300.015
0.75 0.0071762 300.094
1 0.0071762 300.123
1.25 0.0071762 300.123
1.5 0.0071762 300.087
1.7 0.0071762 300.061
1.85 0.0071762 300.043
2.1 0.0071762 300.043
2.35 0.0071762 300.055
2.6 0.0071762 300.086
2.85 0.0071762 300.154
3.1 0.0071762 300.306
3.35 0.0071762 300.648
3.6 0.0071762 301.499
3.85 0.0071762 304.901
4 0.0071762 310.604
4.125 0.0071762 311.074
4.25 0.0071762 313.674
4.375 0.0071762 318.306
4.5 0.0071762 327.104
4.625 0.0071762 332.223
4.75 0.0071762 327.797
4.875 0.0071762 326.274
5 0.0071762 325.425
5.07031 0.0071762 325.04
5.14062 0.0071762 324.691
5.21094 0.0071762 324.358
5.28125 0.0071762 324.034
5.35156 0.0071762 323.713
5.42188 0.0071762 323.394
5.5625 0.0071762 322.751
5.70312 0.0071762 322.101
5.84375 0.0071762 321.441
5.98438 0.0071762 320.771
6.125 0.0071762 320.091
6.26562 0.0071762 319.401
6.40625 0.0071762 318.701
6.54688 0.0071762 317.991
6.6875 0.0071762 317.271
6.82812 0.0071762 316.541
6.96875 0.0071762 315.801
7.10938 0.0071762 315.052
7.25 0.0071762 314.293
7.39062 0.0071762 313.524
7.53125 0.0071762 312.747
7.67188 0.0071762 311.959
7.8125 0.0071762 311.163
7.95312 0.0071762 310.357
8.09375 0.0071762 309.543
8.23438 0.0071762 308.719
8.375 0.0071762 307.886
8.51562 0.0071762 307.044
8.65625 0.0071762 306.194
8.79688 0.0071762 305.333
8.9375 0.0071762 304.462
9.07812 0.0071762 303.574
9.21875 0.0071762 302.652
9.35938 0.0071762 301.634
9.5 0.0071762 300.205
9.75 0.0071762 300.087
10 0.0071762 300.027
0 0.0074883 300.002
0.25 0.0074883 300.007
0.5 0.0074883 300.015
0.75 0.0074883 300.094
1 0.0074883 300.123
1.25 0.0074883 300.123
1.5 0.0074883 300.087
1.7 0.0074883 300.061
1.85 0.0074883 300.043
2.1 0.0074883 300.043
2.35 0.0074883 300.055
2.6 0.0074883 300.086
2.85 0.0074883 300.155
3.1 0.0074883 300.306
3.35 0.0074883 300.649
3.6 0.0074883 301.503
3.85 0.0074883 304.907
4 0.0074883 310.6
4.125 0.0074883 311.079
4.25 0.0074883 313.68
4.375 0.0074883 318.311
4.5 0.0074883 327.092
4.625 0.0074883 332.2
4.75 0.0074883 327.795
4.875 0.0074883 326.273
5 0.0074883 325.424
5.07031 0.0074883 325.04
5.14062 0.0074883 324.69
5.21094 0.0074883 324.358
5.28125 0.0074883 324.034
5.35156 0.0074883 323.713
5.42188 0.0074883 323.393
5.5625 0.0074883 322.751
5.70312 0.0074883 322.101
5.84375 0.0074883 321.441
5.98438 0.0074883 320.771
6.125 0.0074883 320.091
6.26562 0.0074883 319.401
6.40625 0.0074883 318.701
6.54688 0.0074883 317.991
6.6875 0.0074883 317.27
6.82812 0.0074883 316.541
6.96875 0.0074883 315.801
7.10938 0.0074883 315.052
7.25 0.0074883 314.293
7.39062 0.0074883 313.524
7.53125 0.0074883 312.747
7.67188 0.0074883 311.959
7.8125 0.0074883 311.163
7.95312 0.0074883 310.357
8.09375 0.0074883 309.543
8.23438 0.0074883 308.719
8.375 0.0074883 307.886
8.51562 0.0074883 307.044
8.65625 0.0074883 306.194
8.79688 0.0074883 305.333
8.9375 0.0074883 304.462
9.07812 0.0074883 303.574
9.21875 0.0074883 302.652
9.35938 0.0074883 301.634
9.5 0.0074883 300.208
9.75 0.0074883 300.088
10 0.0074883 300.027
0 0.0078003 300.002
0.25 0.0078003 300.007
0.5 0.0078003 300.015
0.75 0.0078003 300.094
1 0.0078003 300.123
1.25 0.0078003 300.123
1.5 0.0078003 300.087
1.7 0.0078003 300.061
1.85 0.0078003 300.043
2.1 0.0078003 300.043
2.35 0.0078003 300.055
2.6 0.0078003 300.086
2.85 0.0078003 300.155
3.1 0.0078003 300.307
3.35 0.0078003 300.651
3.6 0.0078003 301.507
3.85 0.0078003 304.913
4 0.0078003 310.596
4.125 0.0078003 311.083
4.25 0.0078003 313.686
4.375 0.0078003 318.316
4.5 0.0078003 327.08
4.625 0.0078003 332.178
4.75 0.0078003 327.794
4.875 0.0078003 326.273
5 0.0078003 325.424
5.07031 0.0078003 325.04
5.14062 0.0078003 324.69
5.21094 0.0078003 324.358
5.28125 0.0078003 324.034
5.35156 0.0078003 323.713
5.42188 0.0078003 323.393
5.5625 0.0078003 322.751
5.70312 0.0078003 322.101
5.84375 0.0078003 321.441
5.98438 0.0078003 320.771
6.125 0.0078003 320.091
6.26562 0.0078003 319.401
6.40625 0.0078003 318.701
6.54688 0.0078003 317.99
6.6875 0.0078003 317.27
6.82812 0.0078003 316.541
6.96875 0.0078003 315.801
7.10938 0.0078003 315.052
7.25 0.0078003 314.293
7.39062 0.0078003 313.524
7.53125 0.0078003 312.746
7.67188 0.0078003 311.959
7.8125 0.0078003 311.163
7.95312 0.0078003 310.357
8.09375 0.0078003 309.542
8.23438 0.0078003 308.719
8.375 0.0078003 307.886
8.51562 0.0078003 307.044
8.65625 0.0078003 306.194
8.79688 0.0078003 305.333
8.9375 0.0078003 304.462
9.07812 0.0078003 303.574
9.21875 0.0078003 302.652
9.35938 0.0078003 301.634
9.5 0.0078003 300.21
9.75 0.0078003 300.089
10 0.0078003 300.028
0 0.0081123 300.002
0.25 0.0081123 300.007
0.5 0.0081123 300.015
0.75 0.0081123 300.094
1 0.0081123 300.122
1.25 0.0081123 300.123
1.5 0.0081123 300.087
1.7 0.0081123 300.061
1.85 0.0081123 300.043
2.1 0.0081123 300.043
2.35 0.0081123 300.055
2.6 0.0081123 300.086
2.85 0.0081123 300.155
3.1 0.0081123 300.308
3.35 0.0081123 300.652
3.6 0.0081123 301.51
3.85 0.0081123 304.918
4 0.0081123 310.592
4.125 0.0081123 311.088
4.25 0.0081123 313.692
4.375 0.0081123 318.321
4.5 0.0081123 327.068
4.625 0.0081123 332.156
4.75 0.0081123 327.792
4.875 0.0081123 326.272
5 0.0081123 325.424
5.07031 0.0081123 325.04
5.14062 0.0081123 324.69
5.21094 0.0081123 324.358
5.28125 0.0081123 324.034
5.35156 0.0081123 323.713
5.42188 0.0081123 323.393
5.5625 0.0081123 322.751
5.70312 0.0081123 322.101
5.84375 0.0081123 321.441
5.98438 0.0081123 320.771
6.125 0.0081123 320.091
6.26562 0.0081123 319.401
6.40625 0.0081123 318.701
6.54688 0.0081123 317.99
6.6875 0.0081123 317.27
6.82812 0.0081123 316.54
6.96875 0.0081123 315.801
7.10938 0.0081123 315.052
7.25 0.0081123 314.293
7.39062 0.0081123 313.524
7.53125 0.0081123 312.746
7.67188 0.0081123 311.959
7.8125 0.0081123 311.163
7.95312 0.0081123 310.357
8.09375 0.0081123 309.542
8.23438 0.0081123 308.719
8.375 0.0081123 307.886
8.51562 0.0081123 307.044
8.65625 0.0081123 306.193
8.79688 0.0081123 305.333
8.9375 0.0081123 304.462
9.07812 0.0081123 303.574
9.21875 0.0081123 302.652
9.35938 0.0081123 301.634
9.5 0.0081123 300.213
9.75 0.0081123 300.089
10 0.0081123 300.029
0 0.0084243 300.002
0.25 0.0084243 300.007
0.5 0.0084243 300.015
0.75 0.0084243 300.094
1 0.0084243 300.122
1.25 0.0084243 300.122
1.5 0.0084243 300.087
1.7 0.0084243 300.061
1.85 0.0084243 300.043
2.1 0.0084243 300.043
2.35 0.0084243 300.055
2.6 0.0084243 300.086
2.85 0.0084243 300.156
3.1 0.0084243 300.309
3.35 0.0084243 300.654
3.6 0.0084243 301.514
3.85 0.0084243 304.924
4 0.0084243 310.587
4.125 0.0084243 311.093
4.25 0.0084243 313.697
4.375 0.0084243 318.326
4.5 0.0084243 327.056
4.625 0.0084243 332.134
4.75 0.0084243 327.79
4.875 0.0084243 326.272
5 0.0084243 325.424
5.07031 0.0084243 325.04
5.14062 0.0084243 324.69
5.21094 0.0084243 324.358
5.28125 0.0084243 324.034
5.35156 0.0084243 323.713
5.42188 0.0084243 323.393
5.5625 0.0084243 322.751
5.70312 0.0084243 322.101
5.84375 0.0084243 321.441
5.98438 0.0084243 320.771
6.125 0.0084243 320.091
6.26562 0.0084243 319.401
6.40625 0.0084243 318.7
6.54688 0.0084243 317.99
6.6875 0.0084243 317.27
6.82812 0.0084243 316.54
6.96875 0.0084243 315.801
7.10938 0.0084243 315.051
7.25 0.0084243 314.293
7.39062 0.0084243 313.524
7.53125 0.0084243 312.746
7.67188 0.0084243 311.959
7.8125 0.0084243 311.163
7.95312 0.0084243 310.357
8.09375 0.0084243 309.542
8.23438 0.0084243 308.719
8.375 0.0084243 307.886
8.51562 0.0084243 307.044
8.65625 0.0084243 306.193
8.79688 0.0084243 305.333
8.9375 0.0084243 304.462
9.07812 0.0084243 303.574
9.21875 0.0084243 302.652
9.35938 0.0084243 301.634
9.5 0.0084243 300.215
9.75 0.0084243 300.09
10 0.0084243 300.029
0 0.0087363 300.002
0.25 0.0087363 300.007
0.5 0.0087363 300.015
0.75 0.0087363 300.094
1 0.0087363 300.122
1.25 0.0087363 300.122
1.5 0.0087363 300.087
1.7 0.0087363 300.061
1.85 0.0087363 300.043
2.1 0.0087363 300.043
2.35 0.0087363 300.055
2.6 0.0087363 300.086
2.85 0.0087363 300.156
3.1 0.0087363 300.309
3.35 0.0087363 300.656
3.6 0.0087363 301.518
3.85 0.0087363 304.929
4 0.0087363 310.583
4.125 0.0087363 311.097
4.25 0.0087363 313.703
4.375 0.0087363 318.332
4.5 0.0087363 327.044
4.625 0.0087363 332.112
4.75 0.0087363 327.788
4.875 0.0087363 326.271
5 0.0087363 325.424
5.07031 0.0087363 325.04
5.14062 0.0087363 324.69
5.21094 0.0087363 324.358
5.28125 0.0087363 324.034
5.35156 0.0087363 323.713
5.42188 0.0087363 323.393
5.5625 0.0087363 322.751
5.70312 0.0087363 322.101
5.84375 0.0087363 321.441
5.98438 0.0087363 320.771
6.125 0.0087363 320.091
6.26562 0.0087363 319.401
6.40625 0.0087363 318.7
6.54688 0.0087363 317.99
6.6875 0.0087363 317.27
6.82812 0.0087363 316.54
6.96875 0.0087363 315.801
7.10938 0.0087363 315.051
7.25 0.0087363 314.293
7.39062 0.0087363 313.524
7.53125 0.0087363 312.746
7.67188 0.0087363 311.959
7.8125 0.0087363 311.163
7.95312 0.0087363 310.357
8.09375 0.0087363 309.542
8.23438 0.0087363 308.718
8.375 0.0087363 307.886
8.51562 0.0087363 307.044
8.65625 0.0087363 306.193
8.79688 0.0087363 305.333
8.9375 0.0087363 304.462
9.07812 0.0087363 303.574
9.21875 0.0087363 302.652
9.35938 0.0087363 301.634
9.5 0.0087363 300.217
9.75 0.0087363 300.091
10 0.0087363 300.03
0 0.0090483 300.002
0.25 0.0090483 300.007
0.5 0.0090483 300.015
0.75 0.0090483 300.094
1 0.0090483 300.122
1.25 0.0090483 300.122
1.5 0.0090483 300.087
1.7 0.0090483 300.061
1.85 0.0090483 300.043
2.1 0.0090483 300.043
2.35 0.0090483 300.055
2.6 0.0090483 300.087
2.85 0.0090483 300.156
3.1 0.0090483 300.31
3.35 0.0090483 300.657
3.6 0.0090483 301.522
3.85 0.0090483 304.934
4 0.0090483 310.579
4.125 0.0090483 311.102
4.25 0.0090483 313.709
4.375 0.0090483 318.337
4.5 0.0090483 327.032
4.625 0.0090483 332.09
4.75 0.0090483 327.786
4.875 0.0090483 326.271
5 0.0090483 325.423
5.07031 0.0090483 325.04
5.14062 0.0090483 324.69
5.21094 0.0090483 324.358
5.28125 0.0090483 324.034
5.35156 0.0090483 323.713
5.42188 0.0090483 323.393
5.5625 0.0090483 322.751
5.70312 0.0090483 322.1
5.84375 0.0090483 321.441
5.98438 0.0090483 320.771
6.125 0.0090483 320.091
6.26562 0.0090483 319.401
6.40625 0.0090483 318.7
6.54688 0.0090483 317.99
6.6875 0.0090483 317.27
6.82812 0.0090483 316.54
6.96875 0.0090483 315.801
7.10938 0.0090483 315.051
7.25 0.0090483 314.292
7.39062 0.0090483 313.524
7.53125 0.0090483 312.746
7.67188 0.0090483 311.959
7.8125 0.0090483 311.163
7.95312 0.0090483 310.357
8.09375 0.0090483 309.542
8.23438 0.0090483 308.718
8.375 0.0090483 307.886
8.51562 0.0090483 307.044
8.65625 0.0090483 306.193
8.79688 0.0090483 305.333
8.9375 0.0090483 304.462
9.07812 0.0090483 303.574
9.21875 0.0090483 302.652
9.35938 0.0090483 301.634
9.5 0.0090483 300.22
9.75 0.0090483 300.092
10 0.0090483 300.03
0 0.0093603 300.002
0.25 0.0093603 300.007
0.5 0.0093603 300.015
0.75 0.0093603 300.094
1 0.0093603 300.122
1.25 0.0093603 300.122
1.5 0.0093603 300.087
1.7 0.0093603 300.062
1.85 0.0093603 300.043
2.1 0.0093603 300.043
2.35 0.0093603 300.056
2.6 0.0093603 300.087
2.85 0.0093603 300.157
3.1 0.0093603 300.311
3.35 0.0093603 300.659
3.6 0.0093603 301.525
3.85 0.0093603 304.94
4 0.0093603 310.574
4.125 0.0093603 311.106
4.25 0.0093603 313.715
4.375 0.0093603 318.342
4.5 0.0093603 327.02
4.625 0.0093603 332.068
4.75 0.0093603 327.784
4.875 0.0093603 326.27
5 0.0093603 325.423
5.07031 0.0093603 325.04
5.14062 0.0093603 324.69
5.21094 0.0093603 324.358
5.28125 0.0093603 324.033
5.35156 0.0093603 323.713
5.42188 0.0093603 323.393
5.5625 0.0093603 322.751
5.70312 0.0093603 322.1
5.84375 0.0093603 321.441
5.98438 0.0093603 320.771
6.125 0.0093603 320.091
6.26562 0.0093603 319.4
6.40625 0.0093603 318.7
6.54688 0.0093603 317.99
6.6875 0.0093603 317.27
6.82812 0.0093603 316.54
6.96875 0.0093603 315.801
7.10938 0.0093603 315.051
7.25 0.0093603 314.292
7.39062 0.0093603 313.524
7.53125 0.0093603 312.746
7.67188 0.0093603 311.959
7.8125 0.0093603 311.163
7.95312 0.0093603 310.357
8.09375 0.0093603 309.542
8.23438 0.0093603 308.718
8.375 0.0093603 307.886
8.51562 0.0093603 307.044
8.65625 0.0093603 306.193
8.79688 0.0093603 305.333
8.9375 0.0093603 304.462
9.07812 0.0093603 303.574
9.21875 0.0093603 302.652
9.35938 0.0093603 301.635
9.5 0.0093603 300.222
9.75 0.0093603 300.092
10 0.0093603 300.031
0 0.0096724 300.002
0.25 0.0096724 300.007
0.5 0.0096724 300.015
0.75 0.0096724 300.094
1 0.0096724 300.122
1.25 0.0096724 300.122
1.5 0.0096724 300.087
1.7 0.0096724 300.062
1.85 0.0096724 300.043
2.1 0.0096724 300.043
2.35 0.0096724 300.056
2.6 0.0096724 300.087
2.85 0.0096724 300.157
3.1 0.0096724 300.311
3.35 0.0096724 300.66
3.6 0.0096724 301.529
3.85 0.0096724 304.945
4 0.0096724 310.57
4.125 0.0096724 311.111
4.25 0.0096724 313.72
4.375 0.0096724 318.347
4.5 0.0096724 327.008
4.625 0.0096724 332.047
4.75 0.0096724 327.782
4.875 0.0096724 326.27
5 0.0096724 325.423
5.07031 0.0096724 325.039
5.14062 0.0096724 324.69
5.21094 0.0096724 324.357
5.28125 0.0096724 324.033
5.35156 0.0096724 323.713
5.42188 0.0096724 323.393
5.5625 0.0096724 322.751
5.70312 0.0096724 322.1
5.84375 0.0096724 321.44
5.98438 0.0096724 320.771
6.125 0.0096724 320.09
6.26562 0.0096724 319.4
6.40625 0.0096724 318.7
6.54688 0.0096724 317.99
6.6875 0.0096724 317.27
6.82812 0.0096724 316.54
6.96875 0.0096724 315.801
7.10938 0.0096724 315.051
7.25 0.0096724 314.292
7.39062 0.0096724 313.524
7.53125 0.0096724 312.746
7.67188 0.0096724 311.959
7.8125 0.0096724 311.162
7.95312 0.0096724 310.357
8.09375 0.0096724 309.542
8.23438 0.0096724 308.718
8.375 0.0096724 307.886
8.51562 0.0096724 307.044
8.65625 0.0096724 306.193
8.79688 0.0096724 305.333
8.9375 0.0096724 304.462
9.07812 0.0096724 303.574
9.21875 0.0096724 302.652
9.35938 0.0096724 301.635
9.5 0.0096724 300.224
9.75 0.0096724 300.093
10 0.0096724 300.031
0 0.0099844 300.002
0.25 0.0099844 300.007
0.5 0.0099844 300.015
0.75 0.0099844 300.094
1 0.0099844 300.122
1.25 0.0099844 300.122
1.5 0.0099844 300.087
1.7 0.0099844 300.062
1.85 0.0099844 300.043
2.1 0.0099844 300.043
2.35 0.0099844 300.056
2.6 0.0099844 300.087
2.85 0.0099844 300.157
3.1 0.0099844 300.312
3.35 0.0099844 300.662
3.6 0.0099844 301.533
3.85 0.0099844 304.95
4 0.0099844 310.566
4.125 0.0099844 311.115
4.25 0.0099844 313.726
4.375 0.0099844 318.351
4.5 0.0099844 326.997
4.625 0.0099844 332.025
4.75 0.0099844 327.78
4.875 0.0099844 326.269
5 0.0099844 325.423
5.07031 0.0099844 325.039
5.14062 0.0099844 324.69
5.21094 0.0099844 324.357
5.28125 0.0099844 324.033
5.35156 0.0099844 323.713
5.42188 0.0099844 323.393
5.5625 0.0099844 322.751
5.70312 0.0099844 322.1
5.84375 0.0099844 321.44
5.98438 0.0099844 320.77
6.125 0.0099844 320.09
6.26562 0.0099844 319.4
6.40625 0.0099844 318.7
6.54688 0.0099844 317.99
6.6875 0.0099844 317.27
6.82812 0.0099844 316.54
6.96875 0.0099844 315.8
7.10938 0.0099844 315.051
7.25 0.0099844 314.292
7.39062 0.0099844 313.524
7.53125 0.0099844 312.746
7.67188 0.0099844 311.959
7.8125 0.0099844 311.162
7.95312 0.0099844 310.357
8.09375 0.0099844 309.542
8.23438 0.0099844 308.718
8.375 0.0099844 307.885
8.51562 0.0099844 307.044
8.65625 0.0099844 306.193
8.79688 0.0099844 305.333
8.9375 0.0099844 304.461
9.07812 0.0099844 303.574
9.21875 0.0099844 302.652
9.35938 0.0099844 301.635
9.5 0.0099844 300.227
9.75 0.0099844 300.094
10 0.0099844 300.032
