0 0 3.07664
0.25 0 3.08867
0.5 0 3.12353
0.75 0 3.18143
1 0 3.23943
1.25 0 3.29748
1.5 0 3.35556
1.7 0 3.40236
1.85 0 3.43403
2.1 0 3.50261
2.35 0 3.57339
2.6 0 3.64687
2.85 0 3.72376
3.1 0 3.80516
3.35 0 3.89301
3.6 0 3.99163
3.85 0 4.11309
4 0 11.994
4.125 0 12.0381
4.25 0 12.0844
4.375 0 12.1303
4.5 0 12.1763
4.625 0 12.2226
4.75 0 12.2692
4.875 0 12.3161
5 0 12.3634
5.1 0 12.4016
5.2 0 12.4405
5.26719 0 12.483
5.33437 0 12.4999
5.40156 0 12.5168
5.46875 0 12.5336
5.60313 0 12.5673
5.7375 0 12.601
5.87188 0 12.6347
6.00625 0 12.6685
6.14062 0 12.7022
6.275 0 12.7361
6.40937 0 12.7699
6.54375 0 12.8038
6.67812 0 12.8376
6.8125 0 12.8715
6.94688 0 12.9054
7.08125 0 12.9394
7.21563 0 12.9733
7.35 0 13.0073
7.48438 0 13.0413
7.61875 0 13.0753
7.75312 0 13.1093
7.8875 0 13.1433
8.02187 0 13.1773
8.15625 0 13.2114
8.29063 0 13.2454
8.425 0 13.2795
8.55937 0 13.3135
8.69375 0 13.3476
8.82812 0 13.3816
8.9625 0 13.4157
9.09688 0 13.4497
9.23125 0 13.4838
9.36562 0 13.5179
9.5 0 13.5524
9.75 0 13.5963
10 0 13.6171
0 0.0006162 3.02592
0.25 0.0006162 3.03796
0.5 0.0006162 3.07287
0.75 0.0006162 3.13061
1 0.0006162 3.18856
1.25 0.0006162 3.24659
1.5 0.0006162 3.30488
1.7 0.0006162 3.35173
1.85 0.0006162 3.39034
2.1 0.0006162 3.46023
2.35 0.0006162 3.5325
2.6 0.0006162 3.60769
2.85 0.0006162 3.68658
3.1 0.0006162 3.77035
3.35 0.0006162 3.86117
3.6 0.0006162 3.96382
3.85 0.0006162 4.09315
4 0.0006162 11.934
4.125 0.0006162 11.9868
4.25 0.0006162 12.0338
4.375 0.0006162 12.0799
4.5 0.0006162 12.126
4.625 0.0006162 12.1723
4.75 0.0006162 12.2189
4.875 0.0006162 12.2659
5 0.0006162 12.3133
5.1 0.0006162 12.3514
5.2 0.0006162 12.3899
5.26719 0.0006162 12.4229
5.33437 0.0006162 12.4397
5.40156 0.0006162 12.4565
5.46875 0.0006162 12.4733
5.60313 0.0006162 12.5068
5.7375 0.0006162 12.5405
5.87188 0.0006162 12.5741
6.00625 0.0006162 12.6078
6.14062 0.0006162 12.6415
6.275 0.0006162 12.6753
6.40937 0.0006162 12.709
6.54375 0.0006162 12.7428
6.67812 0.0006162 12.7766
6.8125 0.0006162 12.8105
6.94688 0.0006162 12.8444
7.08125 0.0006162 12.8783
7.21563 0.0006162 12.9122
7.35 0.0006162 12.9461
7.48438 0.0006162 12.98
7.61875 0.0006162 13.014
7.75312 0.0006162 13.048
7.8875 0.0006162 13.082
8.02187 0.0006162 13.116
8.15625 0.0006162 13.15
8.29063 0.0006162 13.1841
8.425 0.0006162 13.2181
8.55937 0.0006162 13.2521
8.69375 0.0006162 13.2862
8.82812 0.0006162 13.3203
8.9625 0.0006162 13.3543
9.09688 0.0006162 13.3884
9.23125 0.0006162 13.4225
9.36562 0.0006162 13.4565
9.5 0.0006162 13.4895
9.75 0.0006162 13.5333
10 0.0006162 13.5541
0 0.0012324 2.99858
0.25 0.0012324 3.01061
0.5 0.0012324 3.04551
0.75 0.0012324 3.10314
1 0.0012324 3.16102
1.25 0.0012324 3.219
1.5 0.0012324 3.27731
1.7 0.0012324 3.32416
1.85 0.0012324 3.36473
2.1 0.0012324 3.43496
2.35 0.0012324 3.50764
2.6 0.0012324 3.58331
2.85 0.0012324 3.66279
3.1 0.0012324 3.7473
3.35 0.0012324 3.8391
3.6 0.0012324 3.94328
3.85 0.0012324 4.07819
4 0.0012324 11.8819
4.125 0.0012324 11.9442
4.25 0.0012324 11.992
4.375 0.0012324 12.0381
4.5 0.0012324 12.0841
4.625 0.0012324 12.1303
4.75 0.0012324 12.1769
4.875 0.0012324 12.2238
5 0.0012324 12.271
5.1 0.0012324 12.3091
5.2 0.0012324 12.3473
5.26719 0.0012324 12.3786
5.33437 0.0012324 12.3954
5.40156 0.0012324 12.4121
5.46875 0.0012324 12.4289
5.60313 0.0012324 12.4623
5.7375 0.0012324 12.4959
5.87188 0.0012324 12.5294
6.00625 0.0012324 12.563
6.14062 0.0012324 12.5966
6.275 0.0012324 12.6303
6.40937 0.0012324 12.664
6.54375 0.0012324 12.6977
6.67812 0.0012324 12.7314
6.8125 0.0012324 12.7652
6.94688 0.0012324 12.799
7.08125 0.0012324 12.8328
7.21563 0.0012324 12.8666
7.35 0.0012324 12.9004
7.48438 0.0012324 12.9343
7.61875 0.0012324 12.9682
7.75312 0.0012324 13.0021
7.8875 0.0012324 13.036
8.02187 0.0012324 13.07
8.15625 0.0012324 13.1039
8.29063 0.0012324 13.1379
8.425 0.0012324 13.1718
8.55937 0.0012324 13.2058
8.69375 0.0012324 13.2398
8.82812 0.0012324 13.2738
8.9625 0.0012324 13.3078
9.09688 0.0012324 13.3418
9.23125 0.0012324 13.3758
9.36562 0.0012324 13.4098
9.5 0.0012324 13.4425
9.75 0.0012324 13.4862
10 0.0012324 13.5069
0 0.0015405 2.98795
0.25 0.0015405 2.99998
0.5 0.0015405 3.03486
0.75 0.0015405 3.09244
1 0.0015405 3.15028
1.25 0.0015405 3.20823
1.5 0.0015405 3.26652
1.7 0.0015405 3.31335
1.85 0.0015405 3.35444
2.1 0.0015405 3.42475
2.35 0.0015405 3.49751
2.6 0.0015405 3.57329
2.85 0.0015405 3.65289
3.1 0.0015405 3.73758
3.35 0.0015405 3.82962
3.6 0.0015405 3.93425
3.85 0.0015405 4.07176
4 0.0015405 11.8563
4.125 0.0015405 11.9235
4.25 0.0015405 11.9717
4.375 0.0015405 12.0178
4.5 0.0015405 12.0638
4.625 0.0015405 12.11
4.75 0.0015405 12.1565
4.875 0.0015405 12.2033
5 0.0015405 12.2505
5.1 0.0015405 12.2885
5.2 0.0015405 12.3267
5.26719 0.0015405 12.3576
5.33437 0.0015405 12.3744
5.40156 0.0015405 12.3911
5.46875 0.0015405 12.4078
5.60313 0.0015405 12.4412
5.7375 0.0015405 12.4747
5.87188 0.0015405 12.5082
6.00625 0.0015405 12.5417
6.14062 0.0015405 12.5753
6.275 0.0015405 12.6089
6.40937 0.0015405 12.6425
6.54375 0.0015405 12.6762
6.67812 0.0015405 12.7099
6.8125 0.0015405 12.7436
6.94688 0.0015405 12.7773
7.08125 0.0015405 12.8111
7.21563 0.0015405 12.8449
7.35 0.0015405 12.8787
7.48438 0.0015405 12.9125
7.61875 0.0015405 12.9463
7.75312 0.0015405 12.9802
7.8875 0.0015405 13.0141
8.02187 0.0015405 13.048
8.15625 0.0015405 13.0819
8.29063 0.0015405 13.1158
8.425 0.0015405 13.1497
8.55937 0.0015405 13.1836
8.69375 0.0015405 13.2176
8.82812 0.0015405 13.2515
8.9625 0.0015405 13.2855
9.09688 0.0015405 13.3195
9.23125 0.0015405 13.3534
9.36562 0.0015405 13.3874
9.5 0.0015405 13.4199
9.75 0.0015405 13.4636
10 0.0015405 13.4843
0 0.0018486 2.97867
0.25 0.0018486 2.99069
0.5 0.0018486 3.02556
0.75 0.0018486 3.08307
1 0.0018486 3.14087
1.25 0.0018486 3.19877
1.5 0.0018486 3.25704
1.7 0.0018486 3.30385
1.85 0.0018486 3.34528
2.1 0.0018486 3.41562
2.35 0.0018486 3.48841
2.6 0.0018486 3.56424
2.85 0.0018486 3.64391
3.1 0.0018486 3.72869
3.35 0.0018486 3.82088
3.6 0.0018486 3.92581
3.85 0.0018486 4.06587
4 0.0018486 11.8309
4.125 0.0018486 11.9031
4.25 0.0018486 11.9517
4.375 0.0018486 11.9978
4.5 0.0018486 12.0438
4.625 0.0018486 12.0899
4.75 0.0018486 12.1363
4.875 0.0018486 12.183
5 0.0018486 12.2301
5.1 0.0018486 12.2681
5.2 0.0018486 12.3062
5.26719 0.0018486 12.3369
5.33437 0.0018486 12.3537
5.40156 0.0018486 12.3704
5.46875 0.0018486 12.3871
5.60313 0.0018486 12.4204
5.7375 0.0018486 12.4539
5.87188 0.0018486 12.4873
6.00625 0.0018486 12.5208
6.14062 0.0018486 12.5543
6.275 0.0018486 12.5879
6.40937 0.0018486 12.6215
6.54375 0.0018486 12.6551
6.67812 0.0018486 12.6887
6.8125 0.0018486 12.7224
6.94688 0.0018486 12.756
7.08125 0.0018486 12.7898
7.21563 0.0018486 12.8235
7.35 0.0018486 12.8572
7.48438 0.0018486 12.891
7.61875 0.0018486 12.9248
7.75312 0.0018486 12.9586
7.8875 0.0018486 12.9924
8.02187 0.0018486 13.0263
8.15625 0.0018486 13.0601
8.29063 0.0018486 13.094
8.425 0.0018486 13.1279
8.55937 0.0018486 13.1618
8.69375 0.0018486 13.1956
8.82812 0.0018486 13.2295
8.9625 0.0018486 13.2635
9.09688 0.0018486 13.2974
9.23125 0.0018486 13.3313
9.36562 0.0018486 13.3652
9.5 0.0018486 13.3977
9.75 0.0018486 13.4412
10 0.0018486 13.4619
0 0.0021567 2.97033
0.25 0.0021567 2.98234
0.5 0.0021567 3.01718
0.75 0.0021567 3.07464
1 0.0021567 3.13239
1.25 0.0021567 3.19024
1.5 0.0021567 3.24847
1.7 0.0021567 3.29525
1.85 0.0021567 3.33692
2.1 0.0021567 3.40725
2.35 0.0021567 3.48004
2.6 0.0021567 3.55588
2.85 0.0021567 3.63557
3.1 0.0021567 3.72039
3.35 0.0021567 3.81265
3.6 0.0021567 3.91779
3.85 0.0021567 4.06042
4 0.0021567 11.8056
4.125 0.0021567 11.8827
4.25 0.0021567 11.9318
4.375 0.0021567 11.9779
4.5 0.0021567 12.0238
4.625 0.0021567 12.0698
4.75 0.0021567 12.1162
4.875 0.0021567 12.1629
5 0.0021567 12.2099
5.1 0.0021567 12.2478
5.2 0.0021567 12.2859
5.26719 0.0021567 12.3164
5.33437 0.0021567 12.3332
5.40156 0.0021567 12.3498
5.46875 0.0021567 12.3665
5.60313 0.0021567 12.3998
5.7375 0.0021567 12.4332
5.87188 0.0021567 12.4666
6.00625 0.0021567 12.5
6.14062 0.0021567 12.5335
6.275 0.0021567 12.567
6.40937 0.0021567 12.6005
6.54375 0.0021567 12.6341
6.67812 0.0021567 12.6677
6.8125 0.0021567 12.7013
6.94688 0.0021567 12.7349
7.08125 0.0021567 12.7686
7.21563 0.0021567 12.8022
7.35 0.0021567 12.8359
7.48438 0.0021567 12.8697
7.61875 0.0021567 12.9034
7.75312 0.0021567 12.9371
7.8875 0.0021567 12.9709
8.02187 0.0021567 13.0047
8.15625 0.0021567 13.0385
8.29063 0.0021567 13.0723
8.425 0.0021567 13.1061
8.55937 0.0021567 13.14
8.69375 0.0021567 13.1738
8.82812 0.0021567 13.2077
8.9625 0.0021567 13.2415
9.09688 0.0021567 13.2754
9.23125 0.0021567 13.3093
9.36562 0.0021567 13.3431
9.5 0.0021567 13.3755
9.75 0.0021567 13.419
10 0.0021567 13.4397
0 0.0024648 2.96267
0.25 0.0024648 2.97468
0.5 0.0024648 3.00949
0.75 0.0024648 3.06687
1 0.0024648 3.12457
1.25 0.0024648 3.18238
1.5 0.0024648 3.24056
1.7 0.0024648 3.2873
1.85 0.0024648 3.32912
2.1 0.0024648 3.39943
2.35 0.0024648 3.4722
2.6 0.0024648 3.54802
2.85 0.0024648 3.6277
3.1 0.0024648 3.71252
3.35 0.0024648 3.80479
3.6 0.0024648 3.91008
3.85 0.0024648 4.05532
4 0.0024648 11.7803
4.125 0.0024648 11.8624
4.25 0.0024648 11.9119
4.375 0.0024648 11.958
4.5 0.0024648 12.0039
4.625 0.0024648 12.0498
4.75 0.0024648 12.0961
4.875 0.0024648 12.1427
5 0.0024648 12.1897
5.1 0.0024648 12.2275
5.2 0.0024648 12.2655
5.26719 0.0024648 12.2959
5.33437 0.0024648 12.3127
5.40156 0.0024648 12.3294
5.46875 0.0024648 12.346
5.60313 0.0024648 12.3793
5.7375 0.0024648 12.4126
5.87188 0.0024648 12.4459
6.00625 0.0024648 12.4793
6.14062 0.0024648 12.5127
6.275 0.0024648 12.5462
6.40937 0.0024648 12.5796
6.54375 0.0024648 12.6131
6.67812 0.0024648 12.6467
6.8125 0.0024648 12.6802
6.94688 0.0024648 12.7138
7.08125 0.0024648 12.7474
7.21563 0.0024648 12.781
7.35 0.0024648 12.8147
7.48438 0.0024648 12.8484
7.61875 0.0024648 12.882
7.75312 0.0024648 12.9158
7.8875 0.0024648 12.9495
8.02187 0.0024648 12.9832
8.15625 0.0024648 13.017
8.29063 0.0024648 13.0507
8.425 0.0024648 13.0845
8.55937 0.0024648 13.1183
8.69375 0.0024648 13.1521
8.82812 0.0024648 13.1859
8.9625 0.0024648 13.2197
9.09688 0.0024648 13.2535
9.23125 0.0024648 13.2873
9.36562 0.0024648 13.3211
9.5 0.0024648 13.3534
9.75 0.0024648 13.3969
10 0.0024648 13.4175
0 0.0027729 2.95552
0.25 0.0027729 2.96751
0.5 0.0027729 3.00229
0.75 0.0027729 3.05961
1 0.0027729 3.11725
1.25 0.0027729 3.175
1.5 0.0027729 3.23313
1.7 0.0027729 3.27984
1.85 0.0027729 3.32176
2.1 0.0027729 3.39202
2.35 0.0027729 3.46475
2.6 0.0027729 3.54053
2.85 0.0027729 3.62017
3.1 0.0027729 3.70496
3.35 0.0027729 3.79721
3.6 0.0027729 3.9026
3.85 0.0027729 4.0505
4 0.0027729 11.7551
4.125 0.0027729 11.8422
4.25 0.0027729 11.8921
4.375 0.0027729 11.9382
4.5 0.0027729 11.9839
4.625 0.0027729 12.0299
4.75 0.0027729 12.0761
4.875 0.0027729 12.1226
5 0.0027729 12.1695
5.1 0.0027729 12.2073
5.2 0.0027729 12.2452
5.26719 0.0027729 12.2755
5.33437 0.0027729 12.2923
5.40156 0.0027729 12.3089
5.46875 0.0027729 12.3255
5.60313 0.0027729 12.3587
5.7375 0.0027729 12.392
5.87188 0.0027729 12.4253
6.00625 0.0027729 12.4586
6.14062 0.0027729 12.492
6.275 0.0027729 12.5254
6.40937 0.0027729 12.5588
6.54375 0.0027729 12.5923
6.67812 0.0027729 12.6257
6.8125 0.0027729 12.6592
6.94688 0.0027729 12.6928
7.08125 0.0027729 12.7263
7.21563 0.0027729 12.7599
7.35 0.0027729 12.7935
7.48438 0.0027729 12.8271
7.61875 0.0027729 12.8607
7.75312 0.0027729 12.8944
7.8875 0.0027729 12.928
8.02187 0.0027729 12.9617
8.15625 0.0027729 12.9954
8.29063 0.0027729 13.0291
8.425 0.0027729 13.0628
8.55937 0.0027729 13.0966
8.69375 0.0027729 13.1303
8.82812 0.0027729 13.1641
8.9625 0.0027729 13.1978
9.09688 0.0027729 13.2316
9.23125 0.0027729 13.2653
9.36562 0.0027729 13.299
9.5 0.0027729 13.3314
9.75 0.0027729 13.3747
10 0.0027729 13.3953
0 0.003081 2.94875
0.25 0.003081 2.96073
0.5 0.003081 2.99548
0.75 0.003081 3.05273
1 0.003081 3.1103
1.25 0.003081 3.16799
1.5 0.003081 3.22607
1.7 0.003081 3.27273
1.85 0.003081 3.31471
2.1 0.003081 3.38492
2.35 0.003081 3.45759
2.6 0.003081 3.53332
2.85 0.003081 3.6129
3.1 0.003081 3.69764
3.35 0.003081 3.78985
3.6 0.003081 3.89529
3.85 0.003081 4.04592
4 0.003081 11.7299
4.125 0.003081 11.8219
4.25 0.003081 11.8722
4.375 0.003081 11.9184
4.5 0.003081 11.964
4.625 0.003081 12.0099
4.75 0.003081 12.056
4.875 0.003081 12.1025
5 0.003081 12.1493
5.1 0.003081 12.187
5.2 0.003081 12.2249
5.26719 0.003081 12.2551
5.33437 0.003081 12.2719
5.40156 0.003081 12.2885
5.46875 0.003081 12.3051
5.60313 0.003081 12.3382
5.7375 0.003081 12.3715
5.87188 0.003081 12.4047
6.00625 0.003081 12.438
6.14062 0.003081 12.4713
6.275 0.003081 12.5046
6.40937 0.003081 12.538
6.54375 0.003081 12.5714
6.67812 0.003081 12.6048
6.8125 0.003081 12.6383
6.94688 0.003081 12.6717
7.08125 0.003081 12.7052
7.21563 0.003081 12.7387
7.35 0.003081 12.7723
7.48438 0.003081 12.8058
7.61875 0.003081 12.8394
7.75312 0.003081 12.873
7.8875 0.003081 12.9066
8.02187 0.003081 12.9403
8.15625 0.003081 12.9739
8.29063 0.003081 13.0076
8.425 0.003081 13.0412
8.55937 0.003081 13.0749
8.69375 0.003081 13.1086
8.82812 0.003081 13.1423
8.9625 0.003081 13.176
9.09688 0.003081 13.2097
9.23125 0.003081 13.2434
9.36562 0.003081 13.277
9.5 0.003081 13.3093
9.75 0.003081 13.3526
10 0.003081 13.3731
0 0.0033891 2.94228
0.25 0.0033891 2.95425
0.5 0.0033891 2.98895
0.75 0.0033891 3.04613
1 0.0033891 3.10364
1.25 0.0033891 3.16126
1.5 0.0033891 3.21928
1.7 0.0033891 3.26589
1.85 0.0033891 3.3079
2.1 0.0033891 3.37805
2.35 0.0033891 3.45066
2.6 0.0033891 3.52631
2.85 0.0033891 3.60583
3.1 0.0033891 3.69049
3.35 0.0033891 3.78263
3.6 0.0033891 3.88812
3.85 0.0033891 4.04152
4 0.0033891 11.7048
4.125 0.0033891 11.8016
4.25 0.0033891 11.8524
4.375 0.0033891 11.8985
4.5 0.0033891 11.9442
4.625 0.0033891 11.9899
4.75 0.0033891 12.036
4.875 0.0033891 12.0824
5 0.0033891 12.1291
5.1 0.0033891 12.1668
5.2 0.0033891 12.2046
5.26719 0.0033891 12.2347
5.33437 0.0033891 12.2515
5.40156 0.0033891 12.2681
5.46875 0.0033891 12.2846
5.60313 0.0033891 12.3178
5.7375 0.0033891 12.3509
5.87188 0.0033891 12.3841
6.00625 0.0033891 12.4173
6.14062 0.0033891 12.4506
6.275 0.0033891 12.4839
6.40937 0.0033891 12.5172
6.54375 0.0033891 12.5505
6.67812 0.0033891 12.5839
6.8125 0.0033891 12.6173
6.94688 0.0033891 12.6507
7.08125 0.0033891 12.6841
7.21563 0.0033891 12.7176
7.35 0.0033891 12.7511
7.48438 0.0033891 12.7846
7.61875 0.0033891 12.8181
7.75312 0.0033891 12.8517
7.8875 0.0033891 12.8852
8.02187 0.0033891 12.9188
8.15625 0.0033891 12.9524
8.29063 0.0033891 12.986
8.425 0.0033891 13.0196
8.55937 0.0033891 13.0532
8.69375 0.0033891 13.0868
8.82812 0.0033891 13.1205
8.9625 0.0033891 13.1541
9.09688 0.0033891 13.1878
9.23125 0.0033891 13.2214
9.36562 0.0033891 13.255
9.5 0.0033891 13.2873
9.75 0.0033891 13.3305
10 0.0033891 13.3509
0 0.0036972 2.93604
0.25 0.0036972 2.94799
0.5 0.0036972 2.98266
0.75 0.0036972 3.03975
1 0.0036972 3.0972
1.25 0.0036972 3.15475
1.5 0.0036972 3.2127
1.7 0.0036972 3.25926
1.85 0.0036972 3.30129
2.1 0.0036972 3.37136
2.35 0.0036972 3.44389
2.6 0.0036972 3.51947
2.85 0.0036972 3.5989
3.1 0.0036972 3.68348
3.35 0.0036972 3.77554
3.6 0.0036972 3.88105
3.85 0.0036972 4.03729
4 0.0036972 11.6797
4.125 0.0036972 11.7814
4.25 0.0036972 11.8325
4.375 0.0036972 11.8787
4.5 0.0036972 11.9243
4.625 0.0036972 11.97
4.75 0.0036972 12.0159
4.875 0.0036972 12.0623
5 0.0036972 12.1089
5.1 0.0036972 12.1465
5.2 0.0036972 12.1843
5.26719 0.0036972 12.2143
5.33437 0.0036972 12.2311
5.40156 0.0036972 12.2477
5.46875 0.0036972 12.2642
5.60313 0.0036972 12.2973
5.7375 0.0036972 12.3304
5.87188 0.0036972 12.3635
6.00625 0.0036972 12.3967
6.14062 0.0036972 12.4299
6.275 0.0036972 12.4631
6.40937 0.0036972 12.4964
6.54375 0.0036972 12.5297
6.67812 0.0036972 12.563
6.8125 0.0036972 12.5963
6.94688 0.0036972 12.6297
7.08125 0.0036972 12.6631
7.21563 0.0036972 12.6965
7.35 0.0036972 12.7299
7.48438 0.0036972 12.7634
7.61875 0.0036972 12.7968
7.75312 0.0036972 12.8303
7.8875 0.0036972 12.8638
8.02187 0.0036972 12.8973
8.15625 0.0036972 12.9309
8.29063 0.0036972 12.9644
8.425 0.0036972 12.998
8.55937 0.0036972 13.0315
8.69375 0.0036972 13.0651
8.82812 0.0036972 13.0987
8.9625 0.0036972 13.1323
9.09688 0.0036972 13.1659
9.23125 0.0036972 13.1995
9.36562 0.0036972 13.233
9.5 0.0036972 13.2652
9.75 0.0036972 13.3083
10 0.0036972 13.3288
0 0.0040053 2.92997
0.25 0.0040053 2.94191
0.5 0.0040053 2.97654
0.75 0.0040053 3.03356
1 0.0040053 3.09093
1.25 0.0040053 3.14841
1.5 0.0040053 3.20628
1.7 0.0040053 3.2528
1.85 0.0040053 3.29481
2.1 0.0040053 3.3648
2.35 0.0040053 3.43725
2.6 0.0040053 3.51274
2.85 0.0040053 3.59209
3.1 0.0040053 3.67657
3.35 0.0040053 3.76853
3.6 0.0040053 3.87405
3.85 0.0040053 4.03318
4 0.0040053 11.6546
4.125 0.0040053 11.7611
4.25 0.0040053 11.8127
4.375 0.0040053 11.8589
4.5 0.0040053 11.9044
4.625 0.0040053 11.95
4.75 0.0040053 11.9959
4.875 0.0040053 12.0421
5 0.0040053 12.0887
5.1 0.0040053 12.1263
5.2 0.0040053 12.164
5.26719 0.0040053 12.1939
5.33437 0.0040053 12.2107
5.40156 0.0040053 12.2273
5.46875 0.0040053 12.2438
5.60313 0.0040053 12.2768
5.7375 0.0040053 12.3098
5.87188 0.0040053 12.3429
6.00625 0.0040053 12.376
6.14062 0.0040053 12.4092
6.275 0.0040053 12.4423
6.40937 0.0040053 12.4756
6.54375 0.0040053 12.5088
6.67812 0.0040053 12.542
6.8125 0.0040053 12.5753
6.94688 0.0040053 12.6086
7.08125 0.0040053 12.642
7.21563 0.0040053 12.6753
7.35 0.0040053 12.7087
7.48438 0.0040053 12.7421
7.61875 0.0040053 12.7755
7.75312 0.0040053 12.809
7.8875 0.0040053 12.8424
8.02187 0.0040053 12.8759
8.15625 0.0040053 12.9094
8.29063 0.0040053 12.9429
8.425 0.0040053 12.9764
8.55937 0.0040053 13.0099
8.69375 0.0040053 13.0434
8.82812 0.0040053 13.0769
8.9625 0.0040053 13.1105
9.09688 0.0040053 13.144
9.23125 0.0040053 13.1775
9.36562 0.0040053 13.211
9.5 0.0040053 13.2431
9.75 0.0040053 13.2862
10 0.0040053 13.3066
0 0.0043135 2.92405
0.25 0.0043135 2.93597
0.5 0.0043135 2.97056
0.75 0.0043135 3.02749
1 0.0043135 3.08479
1.25 0.0043135 3.14219
1.5 0.0043135 3.2
1.7 0.0043135 3.24645
1.85 0.0043135 3.28845
2.1 0.0043135 3.35836
2.35 0.0043135 3.43071
2.6 0.0043135 3.50611
2.85 0.0043135 3.58536
3.1 0.0043135 3.66973
3.35 0.0043135 3.7616
3.6 0.0043135 3.8671
3.85 0.0043135 4.02919
4 0.0043135 11.6296
4.125 0.0043135 11.7408
4.25 0.0043135 11.7929
4.375 0.0043135 11.839
4.5 0.0043135 11.8845
4.625 0.0043135 11.93
4.75 0.0043135 11.9759
4.875 0.0043135 12.022
5 0.0043135 12.0685
5.1 0.0043135 12.106
5.2 0.0043135 12.1437
5.26719 0.0043135 12.1735
5.33437 0.0043135 12.1903
5.40156 0.0043135 12.2068
5.46875 0.0043135 12.2233
5.60313 0.0043135 12.2563
5.7375 0.0043135 12.2893
5.87188 0.0043135 12.3223
6.00625 0.0043135 12.3554
6.14062 0.0043135 12.3885
6.275 0.0043135 12.4216
6.40937 0.0043135 12.4547
6.54375 0.0043135 12.4879
6.67812 0.0043135 12.5211
6.8125 0.0043135 12.5544
6.94688 0.0043135 12.5876
7.08125 0.0043135 12.6209
7.21563 0.0043135 12.6542
7.35 0.0043135 12.6875
7.48438 0.0043135 12.7209
7.61875 0.0043135 12.7542
7.75312 0.0043135 12.7876
7.8875 0.0043135 12.821
8.02187 0.0043135 12.8544
8.15625 0.0043135 12.8879
8.29063 0.0043135 12.9213
8.425 0.0043135 12.9547
8.55937 0.0043135 12.9882
8.69375 0.0043135 13.0217
8.82812 0.0043135 13.0551
8.9625 0.0043135 13.0886
9.09688 0.0043135 13.1221
9.23125 0.0043135 13.1556
9.36562 0.0043135 13.189
9.5 0.0043135 13.2211
9.75 0.0043135 13.2641
10 0.0043135 13.2844
0 0.0046216 2.91825
0.25 0.0046216 2.93015
0.5 0.0046216 2.96469
0.75 0.0046216 3.02154
1 0.0046216 3.07876
1.25 0.0046216 3.13609
1.5 0.0046216 3.19381
1.7 0.0046216 3.24021
1.85 0.0046216 3.28218
2.1 0.0046216 3.35199
2.35 0.0046216 3.42426
2.6 0.0046216 3.49955
2.85 0.0046216 3.57869
3.1 0.0046216 3.66296
3.35 0.0046216 3.75471
3.6 0.0046216 3.86021
3.85 0.0046216 4.02529
4 0.0046216 11.6046
4.125 0.0046216 11.7206
4.25 0.0046216 11.773
4.375 0.0046216 11.8192
4.5 0.0046216 11.8646
4.625 0.0046216 11.9101
4.75 0.0046216 11.9558
4.875 0.0046216 12.0019
5 0.0046216 12.0483
5.1 0.0046216 12.0858
5.2 0.0046216 12.1234
5.26719 0.0046216 12.1531
5.33437 0.0046216 12.1699
5.40156 0.0046216 12.1864
5.46875 0.0046216 12.2029
5.60313 0.0046216 12.2358
5.7375 0.0046216 12.2687
5.87188 0.0046216 12.3017
6.00625 0.0046216 12.3347
6.14062 0.0046216 12.3678
6.275 0.0046216 12.4008
6.40937 0.0046216 12.4339
6.54375 0.0046216 12.4671
6.67812 0.0046216 12.5002
6.8125 0.0046216 12.5334
6.94688 0.0046216 12.5666
7.08125 0.0046216 12.5998
7.21563 0.0046216 12.6331
7.35 0.0046216 12.6663
7.48438 0.0046216 12.6996
7.61875 0.0046216 12.7329
7.75312 0.0046216 12.7663
7.8875 0.0046216 12.7996
8.02187 0.0046216 12.833
8.15625 0.0046216 12.8663
8.29063 0.0046216 12.8997
8.425 0.0046216 12.9331
8.55937 0.0046216 12.9665
8.69375 0.0046216 12.9999
8.82812 0.0046216 13.0333
8.9625 0.0046216 13.0668
9.09688 0.0046216 13.1002
9.23125 0.0046216 13.1336
9.36562 0.0046216 13.167
9.5 0.0046216 13.199
9.75 0.0046216 13.242
10 0.0046216 13.2623
0 0.0049297 2.91253
0.25 0.0049297 2.92442
0.5 0.0049297 2.95891
0.75 0.0049297 3.01568
1 0.0049297 3.07281
1.25 0.0049297 3.13006
1.5 0.0049297 3.18771
1.7 0.0049297 3.23405
1.85 0.0049297 3.27597
2.1 0.0049297 3.34569
2.35 0.0049297 3.41786
2.6 0.0049297 3.49305
2.85 0.0049297 3.57209
3.1 0.0049297 3.65624
3.35 0.0049297 3.74787
3.6 0.0049297 3.85334
3.85 0.0049297 4.02146
4 0.0049297 11.5797
4.125 0.0049297 11.7003
4.25 0.0049297 11.7532
4.375 0.0049297 11.7994
4.5 0.0049297 11.8447
4.625 0.0049297 11.8901
4.75 0.0049297 11.9358
4.875 0.0049297 11.9818
5 0.0049297 12.0282
5.1 0.0049297 12.0655
5.2 0.0049297 12.1031
5.26719 0.0049297 12.1328
5.33437 0.0049297 12.1495
5.40156 0.0049297 12.166
5.46875 0.0049297 12.1824
5.60313 0.0049297 12.2153
5.7375 0.0049297 12.2482
5.87188 0.0049297 12.2811
6.00625 0.0049297 12.3141
6.14062 0.0049297 12.3471
6.275 0.0049297 12.3801
6.40937 0.0049297 12.4131
6.54375 0.0049297 12.4462
6.67812 0.0049297 12.4793
6.8125 0.0049297 12.5124
6.94688 0.0049297 12.5456
7.08125 0.0049297 12.5787
7.21563 0.0049297 12.6119
7.35 0.0049297 12.6452
7.48438 0.0049297 12.6784
7.61875 0.0049297 12.7116
7.75312 0.0049297 12.7449
7.8875 0.0049297 12.7782
8.02187 0.0049297 12.8115
8.15625 0.0049297 12.8448
8.29063 0.0049297 12.8782
8.425 0.0049297 12.9115
8.55937 0.0049297 12.9448
8.69375 0.0049297 12.9782
8.82812 0.0049297 13.0116
8.9625 0.0049297 13.0449
9.09688 0.0049297 13.0783
9.23125 0.0049297 13.1117
9.36562 0.0049297 13.145
9.5 0.0049297 13.177
9.75 0.0049297 13.2198
10 0.0049297 13.2401
0 0.0052378 2.90689
0.25 0.0052378 2.91876
0.5 0.0052378 2.9532
0.75 0.0052378 3.00988
1 0.0052378 3.06693
1.25 0.0052378 3.1241
1.5 0.0052378 3.18167
1.7 0.0052378 3.22794
1.85 0.0052378 3.26982
2.1 0.0052378 3.33945
2.35 0.0052378 3.41151
2.6 0.0052378 3.4866
2.85 0.0052378 3.56552
3.1 0.0052378 3.64955
3.35 0.0052378 3.74106
3.6 0.0052378 3.84651
3.85 0.0052378 4.0177
4 0.0052378 11.5548
4.125 0.0052378 11.6801
4.25 0.0052378 11.7334
4.375 0.0052378 11.7795
4.5 0.0052378 11.8248
4.625 0.0052378 11.8702
4.75 0.0052378 11.9158
4.875 0.0052378 11.9617
5 0.0052378 12.008
5.1 0.0052378 12.0453
5.2 0.0052378 12.0828
5.26719 0.0052378 12.1124
5.33437 0.0052378 12.1292
5.40156 0.0052378 12.1456
5.46875 0.0052378 12.162
5.60313 0.0052378 12.1948
5.7375 0.0052378 12.2276
5.87188 0.0052378 12.2605
6.00625 0.0052378 12.2934
6.14062 0.0052378 12.3264
6.275 0.0052378 12.3593
6.40937 0.0052378 12.3923
6.54375 0.0052378 12.4253
6.67812 0.0052378 12.4584
6.8125 0.0052378 12.4914
6.94688 0.0052378 12.5245
7.08125 0.0052378 12.5577
7.21563 0.0052378 12.5908
7.35 0.0052378 12.624
7.48438 0.0052378 12.6572
7.61875 0.0052378 12.6904
7.75312 0.0052378 12.7236
7.8875 0.0052378 12.7568
8.02187 0.0052378 12.7901
8.15625 0.0052378 12.8233
8.29063 0.0052378 12.8566
8.425 0.0052378 12.8899
8.55937 0.0052378 12.9232
8.69375 0.0052378 12.9565
8.82812 0.0052378 12.9898
8.9625 0.0052378 13.0231
9.09688 0.0052378 13.0564
9.23125 0.0052378 13.0898
9.36562 0.0052378 13.123
9.5 0.0052378 13.1549
9.75 0.0052378 13.1977
10 0.0052378 13.218
0 0.0055459 2.9013
0.25 0.0055459 2.91316
0.5 0.0055459 2.94755
0.75 0.0055459 3.00414
1 0.0055459 3.06111
1.25 0.0055459 3.1182
1.5 0.0055459 3.17568
1.7 0.0055459 3.22189
1.85 0.0055459 3.26372
2.1 0.0055459 3.33324
2.35 0.0055459 3.4052
2.6 0.0055459 3.48017
2.85 0.0055459 3.55898
3.1 0.0055459 3.64289
3.35 0.0055459 3.73427
3.6 0.0055459 3.83969
3.85 0.0055459 4.01398
4 0.0055459 11.5299
4.125 0.0055459 11.6598
4.25 0.0055459 11.7135
4.375 0.0055459 11.7597
4.5 0.0055459 11.8049
4.625 0.0055459 11.8502
4.75 0.0055459 11.8957
4.875 0.0055459 11.9416
5 0.0055459 11.9878
5.1 0.0055459 12.025
5.2 0.0055459 12.0625
5.26719 0.0055459 12.092
5.33437 0.0055459 12.1088
5.40156 0.0055459 12.1252
5.46875 0.0055459 12.1416
5.60313 0.0055459 12.1743
5.7375 0.0055459 12.2071
5.87188 0.0055459 12.2399
6.00625 0.0055459 12.2728
6.14062 0.0055459 12.3056
6.275 0.0055459 12.3386
6.40937 0.0055459 12.3715
6.54375 0.0055459 12.4045
6.67812 0.0055459 12.4375
6.8125 0.0055459 12.4705
6.94688 0.0055459 12.5035
7.08125 0.0055459 12.5366
7.21563 0.0055459 12.5697
7.35 0.0055459 12.6028
7.48438 0.0055459 12.6359
7.61875 0.0055459 12.6691
7.75312 0.0055459 12.7022
7.8875 0.0055459 12.7354
8.02187 0.0055459 12.7686
8.15625 0.0055459 12.8018
8.29063 0.0055459 12.835
8.425 0.0055459 12.8683
8.55937 0.0055459 12.9015
8.69375 0.0055459 12.9348
8.82812 0.0055459 12.968
8.9625 0.0055459 13.0013
9.09688 0.0055459 13.0345
9.23125 0.0055459 13.0678
9.36562 0.0055459 13.101
9.5 0.0055459 13.1329
9.75 0.0055459 13.1756
10 0.0055459 13.1958
0 0.005854 2.89577
0.25 0.005854 2.9076
0.5 0.005854 2.94195
0.75 0.005854 2.99844
1 0.005854 3.05533
1.25 0.005854 3.11233
1.5 0.005854 3.16973
1.7 0.005854 3.21587
1.85 0.005854 3.25764
2.1 0.005854 3.32706
2.35 0.005854 3.39891
2.6 0.005854 3.47378
2.85 0.005854 3.55246
3.1 0.005854 3.63625
3.35 0.005854 3.7275
3.6 0.005854 3.83289
3.85 0.005854 4.01031
4 0.005854 11.505
4.125 0.005854 11.6396
4.25 0.005854 11.6937
4.375 0.005854 11.7399
4.5 0.005854 11.785
4.625 0.005854 11.8302
4.75 0.005854 11.8757
4.875 0.005854 11.9215
5 0.005854 11.9676
5.1 0.005854 12.0048
5.2 0.005854 12.0422
5.26719 0.005854 12.0716
5.33437 0.005854 12.0884
5.40156 0.005854 12.1048
5.46875 0.005854 12.1211
5.60313 0.005854 12.1538
5.7375 0.005854 12.1866
5.87188 0.005854 12.2193
6.00625 0.005854 12.2521
6.14062 0.005854 12.2849
6.275 0.005854 12.3178
6.40937 0.005854 12.3507
6.54375 0.005854 12.3836
6.67812 0.005854 12.4165
6.8125 0.005854 12.4495
6.94688 0.005854 12.4825
7.08125 0.005854 12.5155
7.21563 0.005854 12.5485
7.35 0.005854 12.5816
7.48438 0.005854 12.6147
7.61875 0.005854 12.6478
7.75312 0.005854 12.6809
7.8875 0.005854 12.714
8.02187 0.005854 12.7471
8.15625 0.005854 12.7803
8.29063 0.005854 12.8135
8.425 0.005854 12.8466
8.55937 0.005854 12.8798
8.69375 0.005854 12.913
8.82812 0.005854 12.9462
8.9625 0.005854 12.9794
9.09688 0.005854 13.0126
9.23125 0.005854 13.0459
9.36562 0.005854 13.079
9.5 0.005854 13.1108
9.75 0.005854 13.1535
10 0.005854 13.1736
0 0.0061621 2.89027
0.25 0.0061621 2.90209
0.5 0.0061621 2.93638
0.75 0.0061621 2.99278
1 0.0061621 3.04958
1.25 0.0061621 3.1065
1.5 0.0061621 3.16381
1.7 0.0061621 3.20989
1.85 0.0061621 3.2516
2.1 0.0061621 3.32091
2.35 0.0061621 3.39265
2.6 0.0061621 3.4674
2.85 0.0061621 3.54597
3.1 0.0061621 3.62963
3.35 0.0061621 3.72074
3.6 0.0061621 3.8261
3.85 0.0061621 4.00668
4 0.0061621 11.4802
4.125 0.0061621 11.6193
4.25 0.0061621 11.6739
4.375 0.0061621 11.7201
4.5 0.0061621 11.7651
4.625 0.0061621 11.8103
4.75 0.0061621 11.8557
4.875 0.0061621 11.9014
5 0.0061621 11.9474
5.1 0.0061621 11.9845
5.2 0.0061621 12.0219
5.26719 0.0061621 12.0512
5.33437 0.0061621 12.068
5.40156 0.0061621 12.0844
5.46875 0.0061621 12.1007
5.60313 0.0061621 12.1333
5.7375 0.0061621 12.166
5.87188 0.0061621 12.1987
6.00625 0.0061621 12.2315
6.14062 0.0061621 12.2642
6.275 0.0061621 12.297
6.40937 0.0061621 12.3299
6.54375 0.0061621 12.3627
6.67812 0.0061621 12.3956
6.8125 0.0061621 12.4285
6.94688 0.0061621 12.4615
7.08125 0.0061621 12.4944
7.21563 0.0061621 12.5274
7.35 0.0061621 12.5604
7.48438 0.0061621 12.5934
7.61875 0.0061621 12.6265
7.75312 0.0061621 12.6595
7.8875 0.0061621 12.6926
8.02187 0.0061621 12.7257
8.15625 0.0061621 12.7588
8.29063 0.0061621 12.7919
8.425 0.0061621 12.825
8.55937 0.0061621 12.8582
8.69375 0.0061621 12.8913
8.82812 0.0061621 12.9244
8.9625 0.0061621 12.9576
9.09688 0.0061621 12.9908
9.23125 0.0061621 13.0239
9.36562 0.0061621 13.057
9.5 0.0061621 13.0887
9.75 0.0061621 13.1313
10 0.0061621 13.1515
0 0.0064702 2.8848
0.25 0.0064702 2.8966
0.5 0.0064702 2.93084
0.75 0.0064702 2.98715
1 0.0064702 3.04386
1.25 0.0064702 3.10069
1.5 0.0064702 3.15791
1.7 0.0064702 3.20392
1.85 0.0064702 3.24557
2.1 0.0064702 3.31478
2.35 0.0064702 3.38641
2.6 0.0064702 3.46104
2.85 0.0064702 3.53949
3.1 0.0064702 3.62301
3.35 0.0064702 3.714
3.6 0.0064702 3.81932
3.85 0.0064702 4.00306
4 0.0064702 11.4555
4.125 0.0064702 11.5991
4.25 0.0064702 11.6541
4.375 0.0064702 11.7002
4.5 0.0064702 11.7452
4.625 0.0064702 11.7903
4.75 0.0064702 11.8356
4.875 0.0064702 11.8813
5 0.0064702 11.9272
5.1 0.0064702 11.9643
5.2 0.0064702 12.0016
5.26719 0.0064702 12.0308
5.33437 0.0064702 12.0476
5.40156 0.0064702 12.064
5.46875 0.0064702 12.0803
5.60313 0.0064702 12.1129
5.7375 0.0064702 12.1455
5.87188 0.0064702 12.1781
6.00625 0.0064702 12.2108
6.14062 0.0064702 12.2435
6.275 0.0064702 12.2763
6.40937 0.0064702 12.3091
6.54375 0.0064702 12.3419
6.67812 0.0064702 12.3747
6.8125 0.0064702 12.4076
6.94688 0.0064702 12.4404
7.08125 0.0064702 12.4734
7.21563 0.0064702 12.5063
7.35 0.0064702 12.5392
7.48438 0.0064702 12.5722
7.61875 0.0064702 12.6052
7.75312 0.0064702 12.6382
7.8875 0.0064702 12.6712
8.02187 0.0064702 12.7042
8.15625 0.0064702 12.7373
8.29063 0.0064702 12.7703
8.425 0.0064702 12.8034
8.55937 0.0064702 12.8365
8.69375 0.0064702 12.8696
8.82812 0.0064702 12.9027
8.9625 0.0064702 12.9358
9.09688 0.0064702 12.9689
9.23125 0.0064702 13.002
9.36562 0.0064702 13.035
9.5 0.0064702 13.0667
9.75 0.0064702 13.1092
10 0.0064702 13.1293
0 0.0067783 2.87935
0.25 0.0067783 2.89114
0.5 0.0067783 2.92532
0.75 0.0067783 2.98154
1 0.0067783 3.03816
1.25 0.0067783 3.0949
1.5 0.0067783 3.15203
1.7 0.0067783 3.19798
1.85 0.0067783 3.23957
2.1 0.0067783 3.30867
2.35 0.0067783 3.38018
2.6 0.0067783 3.4547
2.85 0.0067783 3.53302
3.1 0.0067783 3.61641
3.35 0.0067783 3.70726
3.6 0.0067783 3.81254
3.85 0.0067783 3.99947
4 0.0067783 11.4307
4.125 0.0067783 11.5788
4.25 0.0067783 11.6342
4.375 0.0067783 11.6804
4.5 0.0067783 11.7254
4.625 0.0067783 11.7703
4.75 0.0067783 11.8156
4.875 0.0067783 11.8612
5 0.0067783 11.9071
5.1 0.0067783 11.9441
5.2 0.0067783 11.9813
5.26719 0.0067783 12.0104
5.33437 0.0067783 12.0272
5.40156 0.0067783 12.0436
5.46875 0.0067783 12.0598
5.60313 0.0067783 12.0924
5.7375 0.0067783 12.1249
5.87188 0.0067783 12.1575
6.00625 0.0067783 12.1902
6.14062 0.0067783 12.2228
6.275 0.0067783 12.2555
6.40937 0.0067783 12.2883
6.54375 0.0067783 12.321
6.67812 0.0067783 12.3538
6.8125 0.0067783 12.3866
6.94688 0.0067783 12.4194
7.08125 0.0067783 12.4523
7.21563 0.0067783 12.4851
7.35 0.0067783 12.518
7.48438 0.0067783 12.551
7.61875 0.0067783 12.5839
7.75312 0.0067783 12.6168
7.8875 0.0067783 12.6498
8.02187 0.0067783 12.6828
8.15625 0.0067783 12.7158
8.29063 0.0067783 12.7488
8.425 0.0067783 12.7818
8.55937 0.0067783 12.8148
8.69375 0.0067783 12.8478
8.82812 0.0067783 12.8809
8.9625 0.0067783 12.9139
9.09688 0.0067783 12.947
9.23125 0.0067783 12.98
9.36562 0.0067783 13.013
9.5 0.0067783 13.0446
9.75 0.0067783 13.0871
10 0.0067783 13.1071
0 0.0070864 2.87393
0.25 0.0070864 2.88569
0.5 0.0070864 2.91983
0.75 0.0070864 2.97595
1 0.0070864 3.03248
1.25 0.0070864 3.08913
1.5 0.0070864 3.14617
1.7 0.0070864 3.19205
1.85 0.0070864 3.23357
2.1 0.0070864 3.30256
2.35 0.0070864 3.37397
2.6 0.0070864 3.44836
2.85 0.0070864 3.52656
3.1 0.0070864 3.60982
3.35 0.0070864 3.70053
3.6 0.0070864 3.80577
3.85 0.0070864 3.99589
4 0.0070864 11.406
4.125 0.0070864 11.5585
4.25 0.0070864 11.6144
4.375 0.0070864 11.6606
4.5 0.0070864 11.7055
4.625 0.0070864 11.7504
4.75 0.0070864 11.7956
4.875 0.0070864 11.841
5 0.0070864 11.8869
5.1 0.0070864 11.9238
5.2 0.0070864 11.961
5.26719 0.0070864 11.9901
5.33437 0.0070864 12.0068
5.40156 0.0070864 12.0231
5.46875 0.0070864 12.0394
5.60313 0.0070864 12.0719
5.7375 0.0070864 12.1044
5.87188 0.0070864 12.1369
6.00625 0.0070864 12.1695
6.14062 0.0070864 12.2021
6.275 0.0070864 12.2348
6.40937 0.0070864 12.2674
6.54375 0.0070864 12.3001
6.67812 0.0070864 12.3329
6.8125 0.0070864 12.3656
6.94688 0.0070864 12.3984
7.08125 0.0070864 12.4312
7.21563 0.0070864 12.464
7.35 0.0070864 12.4969
7.48438 0.0070864 12.5297
7.61875 0.0070864 12.5626
7.75312 0.0070864 12.5955
7.8875 0.0070864 12.6284
8.02187 0.0070864 12.6613
8.15625 0.0070864 12.6943
8.29063 0.0070864 12.7272
8.425 0.0070864 12.7602
8.55937 0.0070864 12.7931
8.69375 0.0070864 12.8261
8.82812 0.0070864 12.8591
8.9625 0.0070864 12.8921
9.09688 0.0070864 12.9251
9.23125 0.0070864 12.9581
9.36562 0.0070864 12.991
9.5 0.0070864 13.0226
9.75 0.0070864 13.065
10 0.0070864 13.085
0 0.0073945 2.86852
0.25 0.0073945 2.88027
0.5 0.0073945 2.91435
0.75 0.0073945 2.97037
1 0.0073945 3.02682
1.25 0.0073945 3.08337
1.5 0.0073945 3.14033
1.7 0.0073945 3.18613
1.85 0.0073945 3.22759
2.1 0.0073945 3.29647
2.35 0.0073945 3.36776
2.6 0.0073945 3.44204
2.85 0.0073945 3.52011
3.1 0.0073945 3.60323
3.35 0.0073945 3.6938
3.6 0.0073945 3.79901
3.85 0.0073945 3.99232
4 0.0073945 11.3814
4.125 0.0073945 11.5383
4.25 0.0073945 11.5946
4.375 0.0073945 11.6407
4.5 0.0073945 11.6856
4.625 0.0073945 11.7304
4.75 0.0073945 11.7755
4.875 0.0073945 11.8209
5 0.0073945 11.8667
5.1 0.0073945 11.9036
5.2 0.0073945 11.9407
5.26719 0.0073945 11.9697
5.33437 0.0073945 11.9864
5.40156 0.0073945 12.0027
5.46875 0.0073945 12.019
5.60313 0.0073945 12.0514
5.7375 0.0073945 12.0839
5.87188 0.0073945 12.1163
6.00625 0.0073945 12.1489
6.14062 0.0073945 12.1814
6.275 0.0073945 12.214
6.40937 0.0073945 12.2466
6.54375 0.0073945 12.2793
6.67812 0.0073945 12.312
6.8125 0.0073945 12.3447
6.94688 0.0073945 12.3774
7.08125 0.0073945 12.4101
7.21563 0.0073945 12.4429
7.35 0.0073945 12.4757
7.48438 0.0073945 12.5085
7.61875 0.0073945 12.5413
7.75312 0.0073945 12.5741
7.8875 0.0073945 12.607
8.02187 0.0073945 12.6399
8.15625 0.0073945 12.6727
8.29063 0.0073945 12.7056
8.425 0.0073945 12.7386
8.55937 0.0073945 12.7715
8.69375 0.0073945 12.8044
8.82812 0.0073945 12.8373
8.9625 0.0073945 12.8703
9.09688 0.0073945 12.9032
9.23125 0.0073945 12.9361
9.36562 0.0073945 12.969
9.5 0.0073945 13.0005
9.75 0.0073945 13.0428
10 0.0073945 13.0628
0 0.0077026 2.86313
0.25 0.0077026 2.87485
0.5 0.0077026 2.90888
0.75 0.0077026 2.96481
1 0.0077026 3.02116
1.25 0.0077026 3.07763
1.5 0.0077026 3.13449
1.7 0.0077026 3.18023
1.85 0.0077026 3.22161
2.1 0.0077026 3.29038
2.35 0.0077026 3.36156
2.6 0.0077026 3.43571
2.85 0.0077026 3.51366
3.1 0.0077026 3.59665
3.35 0.0077026 3.68708
3.6 0.0077026 3.79225
3.85 0.0077026 3.98876
4 0.0077026 11.3567
4.125 0.0077026 11.518
4.25 0.0077026 11.5747
4.375 0.0077026 11.6209
4.5 0.0077026 11.6657
4.625 0.0077026 11.7105
4.75 0.0077026 11.7555
4.875 0.0077026 11.8008
5 0.0077026 11.8465
5.1 0.0077026 11.8833
5.2 0.0077026 11.9203
5.26719 0.0077026 11.9493
5.33437 0.0077026 11.966
5.40156 0.0077026 11.9823
5.46875 0.0077026 11.9985
5.60313 0.0077026 12.0309
5.7375 0.0077026 12.0633
5.87188 0.0077026 12.0958
6.00625 0.0077026 12.1282
6.14062 0.0077026 12.1607
6.275 0.0077026 12.1933
6.40937 0.0077026 12.2258
6.54375 0.0077026 12.2584
6.67812 0.0077026 12.291
6.8125 0.0077026 12.3237
6.94688 0.0077026 12.3563
7.08125 0.0077026 12.389
7.21563 0.0077026 12.4218
7.35 0.0077026 12.4545
7.48438 0.0077026 12.4872
7.61875 0.0077026 12.52
7.75312 0.0077026 12.5528
7.8875 0.0077026 12.5856
8.02187 0.0077026 12.6184
8.15625 0.0077026 12.6512
8.29063 0.0077026 12.6841
8.425 0.0077026 12.7169
8.55937 0.0077026 12.7498
8.69375 0.0077026 12.7827
8.82812 0.0077026 12.8155
8.9625 0.0077026 12.8484
9.09688 0.0077026 12.8813
9.23125 0.0077026 12.9142
9.36562 0.0077026 12.947
9.5 0.0077026 12.9785
9.75 0.0077026 13.0207
10 0.0077026 13.0406
0 0.0080107 2.85774
0.25 0.0080107 2.86945
0.5 0.0080107 2.90342
0.75 0.0080107 2.95926
1 0.0080107 3.01552
1.25 0.0080107 3.07189
1.5 0.0080107 3.12866
1.7 0.0080107 3.17433
1.85 0.0080107 3.21564
2.1 0.0080107 3.2843
2.35 0.0080107 3.35536
2.6 0.0080107 3.4294
2.85 0.0080107 3.50721
3.1 0.0080107 3.59007
3.35 0.0080107 3.68036
3.6 0.0080107 3.78549
3.85 0.0080107 3.9852
4 0.0080107 11.3321
4.125 0.0080107 11.4978
4.25 0.0080107 11.5549
4.375 0.0080107 11.6011
4.5 0.0080107 11.6458
4.625 0.0080107 11.6905
4.75 0.0080107 11.7355
4.875 0.0080107 11.7807
5 0.0080107 11.8263
5.1 0.0080107 11.8631
5.2 0.0080107 11.9
5.26719 0.0080107 11.9289
5.33437 0.0080107 11.9457
5.40156 0.0080107 11.9619
5.46875 0.0080107 11.9781
5.60313 0.0080107 12.0104
5.7375 0.0080107 12.0428
5.87188 0.0080107 12.0752
6.00625 0.0080107 12.1076
6.14062 0.0080107 12.14
6.275 0.0080107 12.1725
6.40937 0.0080107 12.205
6.54375 0.0080107 12.2376
6.67812 0.0080107 12.2701
6.8125 0.0080107 12.3027
6.94688 0.0080107 12.3353
7.08125 0.0080107 12.368
7.21563 0.0080107 12.4006
7.35 0.0080107 12.4333
7.48438 0.0080107 12.466
7.61875 0.0080107 12.4987
7.75312 0.0080107 12.5314
7.8875 0.0080107 12.5642
8.02187 0.0080107 12.597
8.15625 0.0080107 12.6297
8.29063 0.0080107 12.6625
8.425 0.0080107 12.6953
8.55937 0.0080107 12.7281
8.69375 0.0080107 12.7609
8.82812 0.0080107 12.7938
8.9625 0.0080107 12.8266
9.09688 0.0080107 12.8594
9.23125 0.0080107 12.8923
9.36562 0.0080107 12.925
9.5 0.0080107 12.9564
9.75 0.0080107 12.9986
10 0.0080107 13.0185
0 0.0083188 2.85237
0.25 0.0083188 2.86406
0.5 0.0083188 2.89797
0.75 0.0083188 2.95371
1 0.0083188 3.00988
1.25 0.0083188 3.06616
1.5 0.0083188 3.12284
1.7 0.0083188 3.16843
1.85 0.0083188 3.20968
2.1 0.0083188 3.27823
2.35 0.0083188 3.34917
2.6 0.0083188 3.42308
2.85 0.0083188 3.50077
3.1 0.0083188 3.5835
3.35 0.0083188 3.67365
3.6 0.0083188 3.77873
3.85 0.0083188 3.98164
4 0.0083188 11.3076
4.125 0.0083188 11.4775
4.25 0.0083188 11.5351
4.375 0.0083188 11.5813
4.5 0.0083188 11.6259
4.625 0.0083188 11.6705
4.75 0.0083188 11.7154
4.875 0.0083188 11.7606
5 0.0083188 11.8061
5.1 0.0083188 11.8428
5.2 0.0083188 11.8797
5.26719 0.0083188 11.9085
5.33437 0.0083188 11.9253
5.40156 0.0083188 11.9415
5.46875 0.0083188 11.9577
5.60313 0.0083188 11.9899
5.7375 0.0083188 12.0222
5.87188 0.0083188 12.0546
6.00625 0.0083188 12.0869
6.14062 0.0083188 12.1193
6.275 0.0083188 12.1518
6.40937 0.0083188 12.1842
6.54375 0.0083188 12.2167
6.67812 0.0083188 12.2492
6.8125 0.0083188 12.2817
6.94688 0.0083188 12.3143
7.08125 0.0083188 12.3469
7.21563 0.0083188 12.3795
7.35 0.0083188 12.4121
7.48438 0.0083188 12.4448
7.61875 0.0083188 12.4774
7.75312 0.0083188 12.5101
7.8875 0.0083188 12.5428
8.02187 0.0083188 12.5755
8.15625 0.0083188 12.6082
8.29063 0.0083188 12.641
8.425 0.0083188 12.6737
8.55937 0.0083188 12.7064
8.69375 0.0083188 12.7392
8.82812 0.0083188 12.772
8.9625 0.0083188 12.8048
9.09688 0.0083188 12.8375
9.23125 0.0083188 12.8703
9.36562 0.0083188 12.903
9.5 0.0083188 12.9344
9.75 0.0083188 12.9764
10 0.0083188 12.9963
0 0.0086269 2.847
0.25 0.0086269 2.85867
0.5 0.0086269 2.89253
0.75 0.0086269 2.94817
1 0.0086269 3.00424
1.25 0.0086269 3.06043
1.5 0.0086269 3.11702
1.7 0.0086269 3.16255
1.85 0.0086269 3.20372
2.1 0.0086269 3.27216
2.35 0.0086269 3.34298
2.6 0.0086269 3.41677
2.85 0.0086269 3.49433
3.1 0.0086269 3.57692
3.35 0.0086269 3.66693
3.6 0.0086269 3.77198
3.85 0.0086269 3.97807
4 0.0086269 11.283
4.125 0.0086269 11.4573
4.25 0.0086269 11.5152
4.375 0.0086269 11.5614
4.5 0.0086269 11.606
4.625 0.0086269 11.6506
4.75 0.0086269 11.6954
4.875 0.0086269 11.7405
5 0.0086269 11.7859
5.1 0.0086269 11.8226
5.2 0.0086269 11.8594
5.26719 0.0086269 11.8881
5.33437 0.0086269 11.9049
5.40156 0.0086269 11.9211
5.46875 0.0086269 11.9372
5.60313 0.0086269 11.9694
5.7375 0.0086269 12.0017
5.87188 0.0086269 12.034
6.00625 0.0086269 12.0663
6.14062 0.0086269 12.0986
6.275 0.0086269 12.131
6.40937 0.0086269 12.1634
6.54375 0.0086269 12.1958
6.67812 0.0086269 12.2283
6.8125 0.0086269 12.2608
6.94688 0.0086269 12.2933
7.08125 0.0086269 12.3258
7.21563 0.0086269 12.3584
7.35 0.0086269 12.3909
7.48438 0.0086269 12.4235
7.61875 0.0086269 12.4561
7.75312 0.0086269 12.4887
7.8875 0.0086269 12.5214
8.02187 0.0086269 12.554
8.15625 0.0086269 12.5867
8.29063 0.0086269 12.6194
8.425 0.0086269 12.6521
8.55937 0.0086269 12.6848
8.69375 0.0086269 12.7175
8.82812 0.0086269 12.7502
8.9625 0.0086269 12.7829
9.09688 0.0086269 12.8156
9.23125 0.0086269 12.8484
9.36562 0.0086269 12.881
9.5 0.0086269 12.9123
9.75 0.0086269 12.9543
10 0.0086269 12.9742
0 0.008935 2.84164
0.25 0.008935 2.85329
0.5 0.008935 2.88709
0.75 0.008935 2.94263
1 0.008935 2.99862
1.25 0.008935 3.05471
1.5 0.008935 3.1112
1.7 0.008935 3.15666
1.85 0.008935 3.19776
2.1 0.008935 3.26609
2.35 0.008935 3.33679
2.6 0.008935 3.41046
2.85 0.008935 3.4879
3.1 0.008935 3.57035
3.35 0.008935 3.66022
3.6 0.008935 3.76522
3.85 0.008935 3.9745
4 0.008935 11.2585
4.125 0.008935 11.437
4.25 0.008935 11.4954
4.375 0.008935 11.5416
4.5 0.008935 11.5861
4.625 0.008935 11.6306
4.75 0.008935 11.6753
4.875 0.008935 11.7204
5 0.008935 11.7658
5.1 0.008935 11.8023
5.2 0.008935 11.8391
5.26719 0.008935 11.8677
5.33437 0.008935 11.8845
5.40156 0.008935 11.9007
5.46875 0.008935 11.9168
5.60313 0.008935 11.9489
5.7375 0.008935 11.9811
5.87188 0.008935 12.0134
6.00625 0.008935 12.0456
6.14062 0.008935 12.0779
6.275 0.008935 12.1102
6.40937 0.008935 12.1426
6.54375 0.008935 12.175
6.67812 0.008935 12.2074
6.8125 0.008935 12.2398
6.94688 0.008935 12.2722
7.08125 0.008935 12.3047
7.21563 0.008935 12.3372
7.35 0.008935 12.3697
7.48438 0.008935 12.4023
7.61875 0.008935 12.4348
7.75312 0.008935 12.4674
7.8875 0.008935 12.5
8.02187 0.008935 12.5326
8.15625 0.008935 12.5652
8.29063 0.008935 12.5978
8.425 0.008935 12.6305
8.55937 0.008935 12.6631
8.69375 0.008935 12.6958
8.82812 0.008935 12.7284
8.9625 0.008935 12.7611
9.09688 0.008935 12.7938
9.23125 0.008935 12.8264
9.36562 0.008935 12.859
9.5 0.008935 12.8902
9.75 0.008935 12.9322
10 0.008935 12.952
0 0.0092431 2.83628
0.25 0.0092431 2.84791
0.5 0.0092431 2.88166
0.75 0.0092431 2.9371
1 0.0092431 2.99299
1.25 0.0092431 3.049
1.5 0.0092431 3.10539
1.7 0.0092431 3.15078
1.85 0.0092431 3.19181
2.1 0.0092431 3.26002
2.35 0.0092431 3.33061
2.6 0.0092431 3.40416
2.85 0.0092431 3.48146
3.1 0.0092431 3.56378
3.35 0.0092431 3.6535
3.6 0.0092431 3.75847
3.85 0.0092431 3.97092
4 0.0092431 11.2341
4.125 0.0092431 11.4168
4.25 0.0092431 11.4756
4.375 0.0092431 11.5218
4.5 0.0092431 11.5662
4.625 0.0092431 11.6107
4.75 0.0092431 11.6553
4.875 0.0092431 11.7003
5 0.0092431 11.7456
5.1 0.0092431 11.7821
5.2 0.0092431 11.8188
5.26719 0.0092431 11.8474
5.33437 0.0092431 11.8641
5.40156 0.0092431 11.8803
5.46875 0.0092431 11.8963
5.60313 0.0092431 11.9285
5.7375 0.0092431 11.9606
5.87188 0.0092431 11.9928
6.00625 0.0092431 12.025
6.14062 0.0092431 12.0572
6.275 0.0092431 12.0895
6.40937 0.0092431 12.1218
6.54375 0.0092431 12.1541
6.67812 0.0092431 12.1865
6.8125 0.0092431 12.2188
6.94688 0.0092431 12.2512
7.08125 0.0092431 12.2836
7.21563 0.0092431 12.3161
7.35 0.0092431 12.3486
7.48438 0.0092431 12.381
7.61875 0.0092431 12.4135
7.75312 0.0092431 12.446
7.8875 0.0092431 12.4786
8.02187 0.0092431 12.5111
8.15625 0.0092431 12.5437
8.29063 0.0092431 12.5763
8.425 0.0092431 12.6088
8.55937 0.0092431 12.6414
8.69375 0.0092431 12.674
8.82812 0.0092431 12.7066
8.9625 0.0092431 12.7392
9.09688 0.0092431 12.7719
9.23125 0.0092431 12.8045
9.36562 0.0092431 12.837
9.5 0.0092431 12.8682
9.75 0.0092431 12.9101
10 0.0092431 12.9298
0 0.0095512 2.83093
0.25 0.0095512 2.84254
0.5 0.0095512 2.87623
0.75 0.0095512 2.93157
1 0.0095512 2.98737
1.25 0.0095512 3.04328
1.5 0.0095512 3.09959
1.7 0.0095512 3.1449
1.85 0.0095512 3.18586
2.1 0.0095512 3.25396
2.35 0.0095512 3.32443
2.6 0.0095512 3.39785
2.85 0.0095512 3.47503
3.1 0.0095512 3.55721
3.35 0.0095512 3.64679
3.6 0.0095512 3.75171
3.85 0.0095512 3.96733
4 0.0095512 11.2096
4.125 0.0095512 11.3965
4.25 0.0095512 11.4557
4.375 0.0095512 11.5019
4.5 0.0095512 11.5464
4.625 0.0095512 11.5907
4.75 0.0095512 11.6353
4.875 0.0095512 11.6802
5 0.0095512 11.7254
5.1 0.0095512 11.7618
5.2 0.0095512 11.7985
5.26719 0.0095512 11.827
5.33437 0.0095512 11.8437
5.40156 0.0095512 11.8599
5.46875 0.0095512 11.8759
5.60313 0.0095512 11.908
5.7375 0.0095512 11.9401
5.87188 0.0095512 11.9722
6.00625 0.0095512 12.0043
6.14062 0.0095512 12.0365
6.275 0.0095512 12.0687
6.40937 0.0095512 12.101
6.54375 0.0095512 12.1332
6.67812 0.0095512 12.1655
6.8125 0.0095512 12.1979
6.94688 0.0095512 12.2302
7.08125 0.0095512 12.2626
7.21563 0.0095512 12.295
7.35 0.0095512 12.3274
7.48438 0.0095512 12.3598
7.61875 0.0095512 12.3922
7.75312 0.0095512 12.4247
7.8875 0.0095512 12.4572
8.02187 0.0095512 12.4897
8.15625 0.0095512 12.5222
8.29063 0.0095512 12.5547
8.425 0.0095512 12.5872
8.55937 0.0095512 12.6198
8.69375 0.0095512 12.6523
8.82812 0.0095512 12.6849
8.9625 0.0095512 12.7174
9.09688 0.0095512 12.75
9.23125 0.0095512 12.7825
9.36562 0.0095512 12.815
9.5 0.0095512 12.8461
9.75 0.0095512 12.8879
10 0.0095512 12.9077
0 0.0098594 2.82557
0.25 0.0098594 2.83717
0.5 0.0098594 2.8708
0.75 0.0098594 2.92605
1 0.0098594 2.98175
1.25 0.0098594 3.03757
1.5 0.0098594 3.09378
1.7 0.0098594 3.13902
1.85 0.0098594 3.17991
2.1 0.0098594 3.24789
2.35 0.0098594 3.31824
2.6 0.0098594 3.39155
2.85 0.0098594 3.46859
3.1 0.0098594 3.55064
3.35 0.0098594 3.64008
3.6 0.0098594 3.74496
3.85 0.0098594 3.96373
4 0.0098594 11.1852
4.125 0.0098594 11.3763
4.25 0.0098594 11.4359
4.375 0.0098594 11.4821
4.5 0.0098594 11.5265
4.625 0.0098594 11.5707
4.75 0.0098594 11.6152
4.875 0.0098594 11.6601
5 0.0098594 11.7052
5.1 0.0098594 11.7416
5.2 0.0098594 11.7782
5.26719 0.0098594 11.8066
5.33437 0.0098594 11.8233
5.40156 0.0098594 11.8394
5.46875 0.0098594 11.8555
5.60313 0.0098594 11.8875
5.7375 0.0098594 11.9195
5.87188 0.0098594 11.9516
6.00625 0.0098594 11.9837
6.14062 0.0098594 12.0158
6.275 0.0098594 12.048
6.40937 0.0098594 12.0802
6.54375 0.0098594 12.1124
6.67812 0.0098594 12.1446
6.8125 0.0098594 12.1769
6.94688 0.0098594 12.2092
7.08125 0.0098594 12.2415
7.21563 0.0098594 12.2738
7.35 0.0098594 12.3062
7.48438 0.0098594 12.3385
7.61875 0.0098594 12.3709
7.75312 0.0098594 12.4033
7.8875 0.0098594 12.4358
8.02187 0.0098594 12.4682
8.15625 0.0098594 12.5007
8.29063 0.0098594 12.5331
8.425 0.0098594 12.5656
8.55937 0.0098594 12.5981
8.69375 0.0098594 12.6306
8.82812 0.0098594 12.6631
8.9625 0.0098594 12.6956
9.09688 0.0098594 12.7281
9.23125 0.0098594 12.7606
9.36562 0.0098594 12.793
9.5 0.0098594 12.8241
9.75 0.0098594 12.8658
10 0.0098594 12.8855
