0 0 -197.809
0.25 0 -512.055
0.5 0 -1075.39
0.75 0 -1284.66
1 0 -1288.19
1.25 0 -1291.42
1.5 0 -1310.57
1.7 0 -1081.15
1.85 0 -1494.42
2.1 0 -2038.02
2.35 0 -2128.13
2.6 0 -2238.25
2.85 0 -2379.46
3.1 0 -2575.24
3.35 0 -2890.35
3.6 0 -3661.58
3.85 0 -349172
4 0 -176358
4.125 0 -5950.42
4.25 0 -14425.1
4.375 0 -82291.5
4.5 0 -977419
4.625 0 -473751
4.75 0 -2205.2
4.875 0 -1894.51
5 0 -1866.45
5.07031 0 -1860.46
5.14062 0 -1858.32
5.21094 0 -1857.26
5.28125 0 -1856.63
5.35156 0 -1856.18
5.42188 0 -1855.93
5.5625 0 -1855.46
5.70312 0 -1854.84
5.84375 0 -1854.21
5.98438 0 -1853.55
6.125 0 -1852.87
6.26562 0 -1852.16
6.40625 0 -1851.42
6.54688 0 -1850.65
6.6875 0 -1849.85
6.82812 0 -1849.01
6.96875 0 -1848.15
7.10938 0 -1847.26
7.25 0 -1846.34
7.39062 0 -1845.39
7.53125 0 -1844.41
7.67188 0 -1843.39
7.8125 0 -1842.34
7.95312 0 -1841.27
8.09375 0 -1840.16
8.23438 0 -1839.01
8.375 0 -1837.84
8.51562 0 -1836.63
8.65625 0 -1835.4
8.79688 0 -1834.15
8.9375 0 -1832.92
9.07812 0 -1831.81
9.21875 0 -1830.85
9.35938 0 -1834.98
9.5 0 -1450.26
9.75 0 -759.991
10 0 -513.722
0 0.000624 -197.887
0.25 0.000624 -433.691
0.5 0.000624 -973.645
0.75 0.000624 -1282.66
1 0.000624 -1287.56
1.25 0.000624 -1295.56
1.5 0.000624 -1309.74
1.7 0.000624 -1421
1.85 0.000624 -1571.86
2.1 0.000624 -2059.16
2.35 0.000624 -2151.62
2.6 0.000624 -2264.5
2.85 0.000624 -2408.81
3.1 0.000624 -2607.49
3.35 0.000624 -2922.95
3.6 0.000624 -3688.03
3.85 0.000624 -261739
4 0.000624 -262513
4.125 0.000624 -5448.5
4.25 0.000624 -12906.8
4.375 0.000624 -66838.1
4.5 0.000624 -758138
4.625 0.000624 -706614
4.75 0.000624 -3129.57
4.875 0.000624 -1976.64
5 0.000624 -1877.52
5.07031 0.000624 -1861.37
5.14062 0.000624 -1856.68
5.21094 0.000624 -1854.74
5.28125 0.000624 -1853.79
5.35156 0.000624 -1853.24
5.42188 0.000624 -1852.91
5.5625 0.000624 -1852.5
5.70312 0.000624 -1851.89
5.84375 0.000624 -1851.26
5.98438 0.000624 -1850.62
6.125 0.000624 -1849.94
6.26562 0.000624 -1849.24
6.40625 0.000624 -1848.51
6.54688 0.000624 -1847.75
6.6875 0.000624 -1846.96
6.82812 0.000624 -1846.13
6.96875 0.000624 -1845.28
7.10938 0.000624 -1844.4
7.25 0.000624 -1843.49
7.39062 0.000624 -1842.55
7.53125 0.000624 -1841.57
7.67188 0.000624 -1840.56
7.8125 0.000624 -1839.53
7.95312 0.000624 -1838.46
8.09375 0.000624 -1837.35
8.23438 0.000624 -1836.22
8.375 0.000624 -1835.05
8.51562 0.000624 -1833.86
8.65625 0.000624 -1832.63
8.79688 0.000624 -1831.38
8.9375 0.000624 -1830.16
9.07812 0.000624 -1829.03
9.21875 0.000624 -1828
9.35938 0.000624 -1826.92
9.5 0.000624 -1541.28
9.75 0.000624 -881.682
10 0.000624 -512.704
0 0.001248 -197.801
0.25 0.001248 -433.559
0.5 0.001248 -973.084
0.75 0.001248 -1281.57
1 0.001248 -1286.53
1.25 0.001248 -1296.47
1.5 0.001248 -1313.63
1.7 0.001248 -1528
1.85 0.001248 -1827.65
2.1 0.001248 -2083.21
2.35 0.001248 -2179.54
2.6 0.001248 -2297.69
2.85 0.001248 -2449.46
3.1 0.001248 -2659.71
3.35 0.001248 -2997.79
3.6 0.001248 -3874.6
3.85 0.001248 -260728
4 0.001248 -261431
4.125 0.001248 -5962.12
4.25 0.001248 -13088.6
4.375 0.001248 -67596.7
4.5 0.001248 -754977
4.625 0.001248 -702917
4.75 0.001248 -4368.97
4.875 0.001248 -2092.79
5 0.001248 -1891.98
5.07031 0.001248 -1861.7
5.14062 0.001248 -1853.42
5.21094 0.001248 -1850.26
5.28125 0.001248 -1848.91
5.35156 0.001248 -1848.21
5.42188 0.001248 -1847.83
5.5625 0.001248 -1847.41
5.70312 0.001248 -1846.79
5.84375 0.001248 -1846.17
5.98438 0.001248 -1845.52
6.125 0.001248 -1844.85
6.26562 0.001248 -1844.15
6.40625 0.001248 -1843.42
6.54688 0.001248 -1842.67
6.6875 0.001248 -1841.88
6.82812 0.001248 -1841.06
6.96875 0.001248 -1840.21
7.10938 0.001248 -1839.33
7.25 0.001248 -1838.42
7.39062 0.001248 -1837.48
7.53125 0.001248 -1836.51
7.67188 0.001248 -1835.51
7.8125 0.001248 -1834.47
7.95312 0.001248 -1833.4
8.09375 0.001248 -1832.3
8.23438 0.001248 -1831.17
8.375 0.001248 -1830.01
8.51562 0.001248 -1828.81
8.65625 0.001248 -1827.59
8.79688 0.001248 -1826.35
8.9375 0.001248 -1825.12
9.07812 0.001248 -1824
9.21875 0.001248 -1822.95
9.35938 0.001248 -1821.49
9.5 0.001248 -1534.16
9.75 0.001248 -879.013
10 0.001248 -510.993
0 0.0015601 -197.704
0.25 0.0015601 -433.35
0.5 0.0015601 -972.467
0.75 0.0015601 -1280.62
1 0.0015601 -1285.65
1.25 0.0015601 -1296.21
1.5 0.0015601 -1314.16
1.7 0.0015601 -1562.72
1.85 0.0015601 -1902.78
2.1 0.0015601 -2090.21
2.35 0.0015601 -2187.91
2.6 0.0015601 -2307.97
2.85 0.0015601 -2462.54
3.1 0.0015601 -2677.32
3.35 0.0015601 -3025.3
3.6 0.0015601 -3969.67
3.85 0.0015601 -260120
4 0.0015601 -260700
4.125 0.0015601 -6275.42
4.25 0.0015601 -13201.9
4.375 0.0015601 -68065.2
4.5 0.0015601 -753129
4.625 0.0015601 -700378
4.75 0.0015601 -5196.7
4.875 0.0015601 -2171.71
5 0.0015601 -1901.68
5.07031 0.0015601 -1861.86
5.14062 0.0015601 -1851.19
5.21094 0.0015601 -1847.22
5.28125 0.0015601 -1845.6
5.35156 0.0015601 -1844.81
5.42188 0.0015601 -1844.4
5.5625 0.0015601 -1843.96
5.70312 0.0015601 -1843.34
5.84375 0.0015601 -1842.72
5.98438 0.0015601 -1842.08
6.125 0.0015601 -1841.41
6.26562 0.0015601 -1840.71
6.40625 0.0015601 -1839.98
6.54688 0.0015601 -1839.22
6.6875 0.0015601 -1838.44
6.82812 0.0015601 -1837.62
6.96875 0.0015601 -1836.77
7.10938 0.0015601 -1835.89
7.25 0.0015601 -1834.99
7.39062 0.0015601 -1834.05
7.53125 0.0015601 -1833.08
7.67188 0.0015601 -1832.07
7.8125 0.0015601 -1831.04
7.95312 0.0015601 -1829.98
8.09375 0.0015601 -1828.88
8.23438 0.0015601 -1827.75
8.375 0.0015601 -1826.59
8.51562 0.0015601 -1825.39
8.65625 0.0015601 -1824.17
8.79688 0.0015601 -1822.93
8.9375 0.0015601 -1821.71
9.07812 0.0015601 -1820.58
9.21875 0.0015601 -1819.52
9.35938 0.0015601 -1817.88
9.5 0.0015601 -1530.93
9.75 0.0015601 -877.214
10 0.0015601 -509.789
0 0.0018721 -197.583
0.25 0.0018721 -433.087
0.5 0.0018721 -971.749
0.75 0.0018721 -1279.64
1 0.0018721 -1284.72
1.25 0.0018721 -1295.7
1.5 0.0018721 -1313.88
1.7 0.0018721 -1586.49
1.85 0.0018721 -1934.73
2.1 0.0018721 -2093.19
2.35 0.0018721 -2191.62
2.6 0.0018721 -2312.73
2.85 0.0018721 -2468.88
3.1 0.0018721 -2686.33
3.35 0.0018721 -3041.19
3.6 0.0018721 -4050.25
3.85 0.0018721 -259482
4 0.0018721 -260201
4.125 0.0018721 -6512.92
4.25 0.0018721 -13306.2
4.375 0.0018721 -68510
4.5 0.0018721 -751163
4.625 0.0018721 -698613
4.75 0.0018721 -5825.22
4.875 0.0018721 -2232.66
5 0.0018721 -1909.12
5.07031 0.0018721 -1861.78
5.14062 0.0018721 -1849.19
5.21094 0.0018721 -1844.58
5.28125 0.0018721 -1842.74
5.35156 0.0018721 -1841.87
5.42188 0.0018721 -1841.44
5.5625 0.0018721 -1840.99
5.70312 0.0018721 -1840.37
5.84375 0.0018721 -1839.75
5.98438 0.0018721 -1839.11
6.125 0.0018721 -1838.44
6.26562 0.0018721 -1837.74
6.40625 0.0018721 -1837.01
6.54688 0.0018721 -1836.26
6.6875 0.0018721 -1835.47
6.82812 0.0018721 -1834.66
6.96875 0.0018721 -1833.81
7.10938 0.0018721 -1832.94
7.25 0.0018721 -1832.03
7.39062 0.0018721 -1831.09
7.53125 0.0018721 -1830.12
7.67188 0.0018721 -1829.12
7.8125 0.0018721 -1828.09
7.95312 0.0018721 -1827.03
8.09375 0.0018721 -1825.93
8.23438 0.0018721 -1824.8
8.375 0.0018721 -1823.64
8.51562 0.0018721 -1822.45
8.65625 0.0018721 -1821.23
8.79688 0.0018721 -1820
8.9375 0.0018721 -1818.77
9.07812 0.0018721 -1817.65
9.21875 0.0018721 -1816.57
9.35938 0.0018721 -1814.76
9.5 0.0018721 -1528.28
9.75 0.0018721 -875.75
10 0.0018721 -508.885
0 0.0021841 -197.441
0.25 0.0021841 -432.776
0.5 0.0021841 -970.928
0.75 0.0021841 -1278.53
1 0.0021841 -1283.68
1.25 0.0021841 -1294.96
1.5 0.0021841 -1313.32
1.7 0.0021841 -1603.13
1.85 0.0021841 -1956.63
2.1 0.0021841 -2094.67
2.35 0.0021841 -2193.59
2.6 0.0021841 -2315.42
2.85 0.0021841 -2472.67
3.1 0.0021841 -2692.07
3.35 0.0021841 -3052.56
3.6 0.0021841 -4126.6
3.85 0.0021841 -258839
4 0.0021841 -259698
4.125 0.0021841 -6748.54
4.25 0.0021841 -13410.7
4.375 0.0021841 -68955
4.5 0.0021841 -749201
4.625 0.0021841 -696847
4.75 0.0021841 -6449.36
4.875 0.0021841 -2293.6
5 0.0021841 -1916.57
5.07031 0.0021841 -1861.71
5.14062 0.0021841 -1847.19
5.21094 0.0021841 -1841.94
5.28125 0.0021841 -1839.88
5.35156 0.0021841 -1838.94
5.42188 0.0021841 -1838.48
5.5625 0.0021841 -1838.02
5.70312 0.0021841 -1837.4
5.84375 0.0021841 -1836.78
5.98438 0.0021841 -1836.14
6.125 0.0021841 -1835.47
6.26562 0.0021841 -1834.77
6.40625 0.0021841 -1834.05
6.54688 0.0021841 -1833.29
6.6875 0.0021841 -1832.51
6.82812 0.0021841 -1831.7
6.96875 0.0021841 -1830.85
7.10938 0.0021841 -1829.98
7.25 0.0021841 -1829.07
7.39062 0.0021841 -1828.13
7.53125 0.0021841 -1827.17
7.67188 0.0021841 -1826.17
7.8125 0.0021841 -1825.14
7.95312 0.0021841 -1824.08
8.09375 0.0021841 -1822.98
8.23438 0.0021841 -1821.86
8.375 0.0021841 -1820.7
8.51562 0.0021841 -1819.51
8.65625 0.0021841 -1818.29
8.79688 0.0021841 -1817.06
8.9375 0.0021841 -1815.84
9.07812 0.0021841 -1814.71
9.21875 0.0021841 -1813.62
9.35938 0.0021841 -1811.64
9.5 0.0021841 -1525.62
9.75 0.0021841 -874.286
10 0.0021841 -507.981
0 0.0024961 -197.281
0.25 0.0024961 -432.422
0.5 0.0024961 -970.015
0.75 0.0024961 -1277.31
1 0.0024961 -1282.52
1.25 0.0024961 -1294.02
1.5 0.0024961 -1312.54
1.7 0.0024961 -1614.91
1.85 0.0024961 -1971.89
2.1 0.0024961 -2095.08
2.35 0.0024961 -2194.32
2.6 0.0024961 -2316.64
2.85 0.0024961 -2474.65
3.1 0.0024961 -2695.45
3.35 0.0024961 -3060.67
3.6 0.0024961 -4200.03
3.85 0.0024961 -258193
4 0.0024961 -259191
4.125 0.0024961 -6982.57
4.25 0.0024961 -13515
4.375 0.0024961 -69399.6
4.5 0.0024961 -747244
4.625 0.0024961 -695081
4.75 0.0024961 -7069.19
4.875 0.0024961 -2354.51
5 0.0024961 -1924.01
5.07031 0.0024961 -1861.63
5.14062 0.0024961 -1845.19
5.21094 0.0024961 -1839.3
5.28125 0.0024961 -1837.02
5.35156 0.0024961 -1836.01
5.42188 0.0024961 -1835.52
5.5625 0.0024961 -1835.05
5.70312 0.0024961 -1834.43
5.84375 0.0024961 -1833.81
5.98438 0.0024961 -1833.17
6.125 0.0024961 -1832.5
6.26562 0.0024961 -1831.81
6.40625 0.0024961 -1831.08
6.54688 0.0024961 -1830.33
6.6875 0.0024961 -1829.55
6.82812 0.0024961 -1828.73
6.96875 0.0024961 -1827.89
7.10938 0.0024961 -1827.02
7.25 0.0024961 -1826.11
7.39062 0.0024961 -1825.18
7.53125 0.0024961 -1824.21
7.67188 0.0024961 -1823.22
7.8125 0.0024961 -1822.19
7.95312 0.0024961 -1821.13
8.09375 0.0024961 -1820.03
8.23438 0.0024961 -1818.91
8.375 0.0024961 -1817.75
8.51562 0.0024961 -1816.57
8.65625 0.0024961 -1815.35
8.79688 0.0024961 -1814.12
8.9375 0.0024961 -1812.9
9.07812 0.0024961 -1811.77
9.21875 0.0024961 -1810.67
9.35938 0.0024961 -1808.52
9.5 0.0024961 -1522.97
9.75 0.0024961 -872.822
10 0.0024961 -507.078
0 0.0028081 -197.104
0.25 0.0028081 -432.03
0.5 0.0028081 -969.016
0.75 0.0028081 -1275.99
1 0.0028081 -1281.26
1.25 0.0028081 -1292.91
1.5 0.0028081 -1311.57
1.7 0.0028081 -1623.25
1.85 0.0028081 -1982.54
2.1 0.0028081 -2094.69
2.35 0.0028081 -2194.14
2.6 0.0028081 -2316.77
2.85 0.0028081 -2475.29
3.1 0.0028081 -2697.09
3.35 0.0028081 -3066.37
3.6 0.0028081 -4271.47
3.85 0.0028081 -257545
4 0.0028081 -258680
4.125 0.0028081 -7215.08
4.25 0.0028081 -13619.2
4.375 0.0028081 -69842.8
4.5 0.0028081 -745291
4.625 0.0028081 -693315
4.75 0.0028081 -7684.73
4.875 0.0028081 -2415.39
5 0.0028081 -1931.45
5.07031 0.0028081 -1861.55
5.14062 0.0028081 -1843.2
5.21094 0.0028081 -1836.65
5.28125 0.0028081 -1834.15
5.35156 0.0028081 -1833.07
5.42188 0.0028081 -1832.56
5.5625 0.0028081 -1832.08
5.70312 0.0028081 -1831.46
5.84375 0.0028081 -1830.84
5.98438 0.0028081 -1830.2
6.125 0.0028081 -1829.53
6.26562 0.0028081 -1828.84
6.40625 0.0028081 -1828.12
6.54688 0.0028081 -1827.37
6.6875 0.0028081 -1826.58
6.82812 0.0028081 -1825.77
6.96875 0.0028081 -1824.93
7.10938 0.0028081 -1824.06
7.25 0.0028081 -1823.15
7.39062 0.0028081 -1822.22
7.53125 0.0028081 -1821.26
7.67188 0.0028081 -1820.26
7.8125 0.0028081 -1819.23
7.95312 0.0028081 -1818.18
8.09375 0.0028081 -1817.09
8.23438 0.0028081 -1815.96
8.375 0.0028081 -1814.81
8.51562 0.0028081 -1813.62
8.65625 0.0028081 -1812.41
8.79688 0.0028081 -1811.18
8.9375 0.0028081 -1809.96
9.07812 0.0028081 -1808.84
9.21875 0.0028081 -1807.72
9.35938 0.0028081 -1805.4
9.5 0.0028081 -1520.32
9.75 0.0028081 -871.358
10 0.0028081 -506.175
0 0.0031201 -196.912
0.25 0.0031201 -431.602
0.5 0.0031201 -967.94
0.75 0.0031201 -1274.56
1 0.0031201 -1279.9
1.25 0.0031201 -1291.67
1.5 0.0031201 -1310.46
1.7 0.0031201 -1629.07
1.85 0.0031201 -1989.88
2.1 0.0031201 -2093.71
2.35 0.0031201 -2193.26
2.6 0.0031201 -2316.07
2.85 0.0031201 -2474.93
3.1 0.0031201 -2697.43
3.35 0.0031201 -3070.25
3.6 0.0031201 -4341.52
3.85 0.0031201 -256896
4 0.0031201 -258167
4.125 0.0031201 -7446.07
4.25 0.0031201 -13723.2
4.375 0.0031201 -70284.2
4.5 0.0031201 -743343
4.625 0.0031201 -691551
4.75 0.0031201 -8296.01
4.875 0.0031201 -2476.25
5 0.0031201 -1938.88
5.07031 0.0031201 -1861.47
5.14062 0.0031201 -1841.2
5.21094 0.0031201 -1834.01
5.28125 0.0031201 -1831.29
5.35156 0.0031201 -1830.14
5.42188 0.0031201 -1829.6
5.5625 0.0031201 -1829.11
5.70312 0.0031201 -1828.49
5.84375 0.0031201 -1827.87
5.98438 0.0031201 -1827.23
6.125 0.0031201 -1826.57
6.26562 0.0031201 -1825.87
6.40625 0.0031201 -1825.15
6.54688 0.0031201 -1824.4
6.6875 0.0031201 -1823.62
6.82812 0.0031201 -1822.81
6.96875 0.0031201 -1821.97
7.10938 0.0031201 -1821.1
7.25 0.0031201 -1820.2
7.39062 0.0031201 -1819.26
7.53125 0.0031201 -1818.3
7.67188 0.0031201 -1817.31
7.8125 0.0031201 -1816.28
7.95312 0.0031201 -1815.23
8.09375 0.0031201 -1814.14
8.23438 0.0031201 -1813.02
8.375 0.0031201 -1811.86
8.51562 0.0031201 -1810.68
8.65625 0.0031201 -1809.47
8.79688 0.0031201 -1808.24
8.9375 0.0031201 -1807.03
9.07812 0.0031201 -1805.9
9.21875 0.0031201 -1804.77
9.35938 0.0031201 -1802.28
9.5 0.0031201 -1517.67
9.75 0.0031201 -869.895
10 0.0031201 -505.273
0 0.0034321 -196.707
0.25 0.0034321 -431.144
0.5 0.0034321 -966.794
0.75 0.0034321 -1273.05
1 0.0034321 -1278.44
1.25 0.0034321 -1290.3
1.5 0.0034321 -1309.22
1.7 0.0034321 -1633.01
1.85 0.0034321 -1994.79
2.1 0.0034321 -2092.25
2.35 0.0034321 -2191.85
2.6 0.0034321 -2314.75
2.85 0.0034321 -2473.79
3.1 0.0034321 -2696.77
3.35 0.0034321 -3072.76
3.6 0.0034321 -4410.64
3.85 0.0034321 -256245
4 0.0034321 -257651
4.125 0.0034321 -7675.55
4.25 0.0034321 -13827
4.375 0.0034321 -70723.3
4.5 0.0034321 -741400
4.625 0.0034321 -689788
4.75 0.0034321 -8903.05
4.875 0.0034321 -2537.07
5 0.0034321 -1946.32
5.07031 0.0034321 -1861.39
5.14062 0.0034321 -1839.2
5.21094 0.0034321 -1831.37
5.28125 0.0034321 -1828.43
5.35156 0.0034321 -1827.2
5.42188 0.0034321 -1826.63
5.5625 0.0034321 -1826.14
5.70312 0.0034321 -1825.52
5.84375 0.0034321 -1824.9
5.98438 0.0034321 -1824.26
6.125 0.0034321 -1823.6
6.26562 0.0034321 -1822.91
6.40625 0.0034321 -1822.18
6.54688 0.0034321 -1821.44
6.6875 0.0034321 -1820.66
6.82812 0.0034321 -1819.85
6.96875 0.0034321 -1819.01
7.10938 0.0034321 -1818.14
7.25 0.0034321 -1817.24
7.39062 0.0034321 -1816.31
7.53125 0.0034321 -1815.35
7.67188 0.0034321 -1814.35
7.8125 0.0034321 -1813.33
7.95312 0.0034321 -1812.28
8.09375 0.0034321 -1811.19
8.23438 0.0034321 -1810.07
8.375 0.0034321 -1808.92
8.51562 0.0034321 -1807.74
8.65625 0.0034321 -1806.53
8.79688 0.0034321 -1805.3
8.9375 0.0034321 -1804.09
9.07812 0.0034321 -1802.96
9.21875 0.0034321 -1801.82
9.35938 0.0034321 -1799.16
9.5 0.0034321 -1515.02
9.75 0.0034321 -868.432
10 0.0034321 -504.371
0 0.0037441 -196.489
0.25 0.0037441 -430.657
0.5 0.0037441 -965.584
0.75 0.0037441 -1271.45
1 0.0037441 -1276.91
1.25 0.0037441 -1288.83
1.5 0.0037441 -1307.87
1.7 0.0037441 -1635.52
1.85 0.0037441 -1997.87
2.1 0.0037441 -2090.42
2.35 0.0037441 -2190.01
2.6 0.0037441 -2312.93
2.85 0.0037441 -2472.05
3.1 0.0037441 -2695.34
3.35 0.0037441 -3074.21
3.6 0.0037441 -4479.13
3.85 0.0037441 -255594
4 0.0037441 -257133
4.125 0.0037441 -7903.52
4.25 0.0037441 -13930.4
4.375 0.0037441 -71159.6
4.5 0.0037441 -739461
4.625 0.0037441 -688029
4.75 0.0037441 -9505.87
4.875 0.0037441 -2597.86
5 0.0037441 -1953.75
5.07031 0.0037441 -1861.31
5.14062 0.0037441 -1837.2
5.21094 0.0037441 -1828.72
5.28125 0.0037441 -1825.57
5.35156 0.0037441 -1824.27
5.42188 0.0037441 -1823.67
5.5625 0.0037441 -1823.17
5.70312 0.0037441 -1822.54
5.84375 0.0037441 -1821.93
5.98438 0.0037441 -1821.29
6.125 0.0037441 -1820.63
6.26562 0.0037441 -1819.94
6.40625 0.0037441 -1819.22
6.54688 0.0037441 -1818.47
6.6875 0.0037441 -1817.69
6.82812 0.0037441 -1816.88
6.96875 0.0037441 -1816.05
7.10938 0.0037441 -1815.18
7.25 0.0037441 -1814.28
7.39062 0.0037441 -1813.35
7.53125 0.0037441 -1812.39
7.67188 0.0037441 -1811.4
7.8125 0.0037441 -1810.38
7.95312 0.0037441 -1809.33
8.09375 0.0037441 -1808.24
8.23438 0.0037441 -1807.12
8.375 0.0037441 -1805.98
8.51562 0.0037441 -1804.8
8.65625 0.0037441 -1803.59
8.79688 0.0037441 -1802.36
8.9375 0.0037441 -1801.15
9.07812 0.0037441 -1800.02
9.21875 0.0037441 -1798.86
9.35938 0.0037441 -1796.04
9.5 0.0037441 -1512.38
9.75 0.0037441 -866.969
10 0.0037441 -503.469
0 0.0040561 -196.261
0.25 0.0040561 -430.144
0.5 0.0040561 -964.317
0.75 0.0040561 -1269.77
1 0.0040561 -1275.3
1.25 0.0040561 -1287.27
1.5 0.0040561 -1306.43
1.7 0.0040561 -1636.94
1.85 0.0040561 -1999.56
2.1 0.0040561 -2088.29
2.35 0.0040561 -2187.83
2.6 0.0040561 -2310.72
2.85 0.0040561 -2469.84
3.1 0.0040561 -2693.31
3.35 0.0040561 -3074.86
3.6 0.0040561 -4547.18
3.85 0.0040561 -254943
4 0.0040561 -256613
4.125 0.0040561 -8129.99
4.25 0.0040561 -14033.5
4.375 0.0040561 -71593
4.5 0.0040561 -737527
4.625 0.0040561 -686272
4.75 0.0040561 -10104.5
4.875 0.0040561 -2658.6
5 0.0040561 -1961.17
5.07031 0.0040561 -1861.23
5.14062 0.0040561 -1835.2
5.21094 0.0040561 -1826.08
5.28125 0.0040561 -1822.71
5.35156 0.0040561 -1821.34
5.42188 0.0040561 -1820.71
5.5625 0.0040561 -1820.2
5.70312 0.0040561 -1819.57
5.84375 0.0040561 -1818.96
5.98438 0.0040561 -1818.32
6.125 0.0040561 -1817.66
6.26562 0.0040561 -1816.97
6.40625 0.0040561 -1816.25
6.54688 0.0040561 -1815.51
6.6875 0.0040561 -1814.73
6.82812 0.0040561 -1813.92
6.96875 0.0040561 -1813.09
7.10938 0.0040561 -1812.22
7.25 0.0040561 -1811.32
7.39062 0.0040561 -1810.39
7.53125 0.0040561 -1809.44
7.67188 0.0040561 -1808.45
7.8125 0.0040561 -1807.43
7.95312 0.0040561 -1806.38
8.09375 0.0040561 -1805.29
8.23438 0.0040561 -1804.18
8.375 0.0040561 -1803.03
8.51562 0.0040561 -1801.85
8.65625 0.0040561 -1800.65
8.79688 0.0040561 -1799.42
8.9375 0.0040561 -1798.21
9.07812 0.0040561 -1797.09
9.21875 0.0040561 -1795.91
9.35938 0.0040561 -1792.93
9.5 0.0040561 -1509.73
9.75 0.0040561 -865.506
10 0.0040561 -502.568
0 0.0043681 -196.022
0.25 0.0043681 -429.609
0.5 0.0043681 -962.998
0.75 0.0043681 -1268.04
1 0.0043681 -1273.62
1.25 0.0043681 -1285.63
1.5 0.0043681 -1304.9
1.7 0.0043681 -1637.51
1.85 0.0043681 -2000.16
2.1 0.0043681 -2085.92
2.35 0.0043681 -2185.39
2.6 0.0043681 -2308.2
2.85 0.0043681 -2467.26
3.1 0.0043681 -2690.81
3.35 0.0043681 -3074.88
3.6 0.0043681 -4614.94
3.85 0.0043681 -254291
4 0.0043681 -256092
4.125 0.0043681 -8354.95
4.25 0.0043681 -14136.4
4.375 0.0043681 -72023.2
4.5 0.0043681 -735598
4.625 0.0043681 -684518
4.75 0.0043681 -10698.9
4.875 0.0043681 -2719.31
5 0.0043681 -1968.59
5.07031 0.0043681 -1861.15
5.14062 0.0043681 -1833.2
5.21094 0.0043681 -1823.44
5.28125 0.0043681 -1819.85
5.35156 0.0043681 -1818.4
5.42188 0.0043681 -1817.75
5.5625 0.0043681 -1817.23
5.70312 0.0043681 -1816.6
5.84375 0.0043681 -1815.99
5.98438 0.0043681 -1815.35
6.125 0.0043681 -1814.69
6.26562 0.0043681 -1814
6.40625 0.0043681 -1813.29
6.54688 0.0043681 -1812.54
6.6875 0.0043681 -1811.76
6.82812 0.0043681 -1810.96
6.96875 0.0043681 -1810.12
7.10938 0.0043681 -1809.26
7.25 0.0043681 -1808.36
7.39062 0.0043681 -1807.44
7.53125 0.0043681 -1806.48
7.67188 0.0043681 -1805.49
7.8125 0.0043681 -1804.48
7.95312 0.0043681 -1803.43
8.09375 0.0043681 -1802.34
8.23438 0.0043681 -1801.23
8.375 0.0043681 -1800.09
8.51562 0.0043681 -1798.91
8.65625 0.0043681 -1797.71
8.79688 0.0043681 -1796.49
8.9375 0.0043681 -1795.28
9.07812 0.0043681 -1794.15
9.21875 0.0043681 -1792.96
9.35938 0.0043681 -1789.81
9.5 0.0043681 -1507.08
9.75 0.0043681 -864.043
10 0.0043681 -501.667
0 0.0046801 -195.775
0.25 0.0046801 -429.054
0.5 0.0046801 -961.634
0.75 0.0046801 -1266.24
1 0.0046801 -1271.89
1.25 0.0046801 -1283.92
1.5 0.0046801 -1303.31
1.7 0.0046801 -1637.4
1.85 0.0046801 -1999.93
2.1 0.0046801 -2083.35
2.35 0.0046801 -2182.73
2.6 0.0046801 -2305.43
2.85 0.0046801 -2464.38
3.1 0.0046801 -2687.95
3.35 0.0046801 -3074.42
3.6 0.0046801 -4682.51
3.85 0.0046801 -253641
4 0.0046801 -255569
4.125 0.0046801 -8578.44
4.25 0.0046801 -14238.9
4.375 0.0046801 -72450.2
4.5 0.0046801 -733673
4.625 0.0046801 -682768
4.75 0.0046801 -11289.2
4.875 0.0046801 -2779.97
5 0.0046801 -1976.01
5.07031 0.0046801 -1861.06
5.14062 0.0046801 -1831.2
5.21094 0.0046801 -1820.79
5.28125 0.0046801 -1816.99
5.35156 0.0046801 -1815.47
5.42188 0.0046801 -1814.79
5.5625 0.0046801 -1814.26
5.70312 0.0046801 -1813.63
5.84375 0.0046801 -1813.02
5.98438 0.0046801 -1812.38
6.125 0.0046801 -1811.72
6.26562 0.0046801 -1811.04
6.40625 0.0046801 -1810.32
6.54688 0.0046801 -1809.58
6.6875 0.0046801 -1808.8
6.82812 0.0046801 -1808
6.96875 0.0046801 -1807.16
7.10938 0.0046801 -1806.3
7.25 0.0046801 -1805.41
7.39062 0.0046801 -1804.48
7.53125 0.0046801 -1803.53
7.67188 0.0046801 -1802.54
7.8125 0.0046801 -1801.52
7.95312 0.0046801 -1800.48
8.09375 0.0046801 -1799.4
8.23438 0.0046801 -1798.28
8.375 0.0046801 -1797.14
8.51562 0.0046801 -1795.97
8.65625 0.0046801 -1794.77
8.79688 0.0046801 -1793.55
8.9375 0.0046801 -1792.34
9.07812 0.0046801 -1791.21
9.21875 0.0046801 -1790.01
9.35938 0.0046801 -1786.7
9.5 0.0046801 -1504.44
9.75 0.0046801 -862.581
10 0.0046801 -500.767
0 0.0049922 -195.52
0.25 0.0049922 -428.481
0.5 0.0049922 -960.228
0.75 0.0049922 -1264.38
1 0.0049922 -1270.11
1.25 0.0049922 -1282.14
1.5 0.0049922 -1301.65
1.7 0.0049922 -1636.77
1.85 0.0049922 -1999.03
2.1 0.0049922 -2080.62
2.35 0.0049922 -2179.89
2.6 0.0049922 -2302.47
2.85 0.0049922 -2461.27
3.1 0.0049922 -2684.8
3.35 0.0049922 -3073.57
3.6 0.0049922 -4749.94
3.85 0.0049922 -252990
4 0.0049922 -255045
4.125 0.0049922 -8800.49
4.25 0.0049922 -14341.1
4.375 0.0049922 -72873.8
4.5 0.0049922 -731752
4.625 0.0049922 -681021
4.75 0.0049922 -11875.5
4.875 0.0049922 -2840.59
5 0.0049922 -1983.43
5.07031 0.0049922 -1860.98
5.14062 0.0049922 -1829.2
5.21094 0.0049922 -1818.15
5.28125 0.0049922 -1814.13
5.35156 0.0049922 -1812.53
5.42188 0.0049922 -1811.83
5.5625 0.0049922 -1811.29
5.70312 0.0049922 -1810.66
5.84375 0.0049922 -1810.04
5.98438 0.0049922 -1809.41
6.125 0.0049922 -1808.75
6.26562 0.0049922 -1808.07
6.40625 0.0049922 -1807.35
6.54688 0.0049922 -1806.61
6.6875 0.0049922 -1805.84
6.82812 0.0049922 -1805.03
6.96875 0.0049922 -1804.2
7.10938 0.0049922 -1803.34
7.25 0.0049922 -1802.45
7.39062 0.0049922 -1801.52
7.53125 0.0049922 -1800.57
7.67188 0.0049922 -1799.59
7.8125 0.0049922 -1798.57
7.95312 0.0049922 -1797.53
8.09375 0.0049922 -1796.45
8.23438 0.0049922 -1795.34
8.375 0.0049922 -1794.2
8.51562 0.0049922 -1793.02
8.65625 0.0049922 -1791.82
8.79688 0.0049922 -1790.61
8.9375 0.0049922 -1789.4
9.07812 0.0049922 -1788.27
9.21875 0.0049922 -1787.06
9.35938 0.0049922 -1783.58
9.5 0.0049922 -1501.79
9.75 0.0049922 -861.119
10 0.0049922 -499.867
0 0.0053042 -195.259
0.25 0.0053042 -427.893
0.5 0.0053042 -958.787
0.75 0.0053042 -1262.48
1 0.0053042 -1268.27
1.25 0.0053042 -1280.32
1.5 0.0053042 -1299.94
1.7 0.0053042 -1635.71
1.85 0.0053042 -1997.61
2.1 0.0053042 -2077.76
2.35 0.0053042 -2176.91
2.6 0.0053042 -2299.34
2.85 0.0053042 -2457.97
3.1 0.0053042 -2681.41
3.35 0.0053042 -3072.43
3.6 0.0053042 -4817.23
3.85 0.0053042 -252341
4 0.0053042 -254520
4.125 0.0053042 -9021.04
4.25 0.0053042 -14442.9
4.375 0.0053042 -73293.8
4.5 0.0053042 -729837
4.625 0.0053042 -679277
4.75 0.0053042 -12457.6
4.875 0.0053042 -2901.16
5 0.0053042 -1990.84
5.07031 0.0053042 -1860.89
5.14062 0.0053042 -1827.2
5.21094 0.0053042 -1815.5
5.28125 0.0053042 -1811.26
5.35156 0.0053042 -1809.6
5.42188 0.0053042 -1808.87
5.5625 0.0053042 -1808.31
5.70312 0.0053042 -1807.69
5.84375 0.0053042 -1807.07
5.98438 0.0053042 -1806.44
6.125 0.0053042 -1805.79
6.26562 0.0053042 -1805.1
6.40625 0.0053042 -1804.39
6.54688 0.0053042 -1803.64
6.6875 0.0053042 -1802.87
6.82812 0.0053042 -1802.07
6.96875 0.0053042 -1801.24
7.10938 0.0053042 -1800.38
7.25 0.0053042 -1799.49
7.39062 0.0053042 -1798.57
7.53125 0.0053042 -1797.62
7.67188 0.0053042 -1796.63
7.8125 0.0053042 -1795.62
7.95312 0.0053042 -1794.57
8.09375 0.0053042 -1793.5
8.23438 0.0053042 -1792.39
8.375 0.0053042 -1791.25
8.51562 0.0053042 -1790.08
8.65625 0.0053042 -1788.88
8.79688 0.0053042 -1787.67
8.9375 0.0053042 -1786.47
9.07812 0.0053042 -1785.34
9.21875 0.0053042 -1784.11
9.35938 0.0053042 -1780.47
9.5 0.0053042 -1499.15
9.75 0.0053042 -859.657
10 0.0053042 -498.967
0 0.0056162 -194.991
0.25 0.0056162 -427.29
0.5 0.0056162 -957.315
0.75 0.0056162 -1260.54
1 0.0056162 -1266.4
1.25 0.0056162 -1278.45
1.5 0.0056162 -1298.18
1.7 0.0056162 -1634.32
1.85 0.0056162 -1995.77
2.1 0.0056162 -2074.8
2.35 0.0056162 -2173.81
2.6 0.0056162 -2296.08
2.85 0.0056162 -2454.53
3.1 0.0056162 -2677.85
3.35 0.0056162 -3071.06
3.6 0.0056162 -4884.42
3.85 0.0056162 -251692
4 0.0056162 -253994
4.125 0.0056162 -9240.12
4.25 0.0056162 -14544.4
4.375 0.0056162 -73710.3
4.5 0.0056162 -727925
4.625 0.0056162 -677538
4.75 0.0056162 -13035.6
4.875 0.0056162 -2961.67
5 0.0056162 -1998.24
5.07031 0.0056162 -1860.8
5.14062 0.0056162 -1825.2
5.21094 0.0056162 -1812.86
5.28125 0.0056162 -1808.4
5.35156 0.0056162 -1806.66
5.42188 0.0056162 -1805.91
5.5625 0.0056162 -1805.34
5.70312 0.0056162 -1804.72
5.84375 0.0056162 -1804.1
5.98438 0.0056162 -1803.47
6.125 0.0056162 -1802.82
6.26562 0.0056162 -1802.13
6.40625 0.0056162 -1801.42
6.54688 0.0056162 -1800.68
6.6875 0.0056162 -1799.91
6.82812 0.0056162 -1799.11
6.96875 0.0056162 -1798.28
7.10938 0.0056162 -1797.42
7.25 0.0056162 -1796.53
7.39062 0.0056162 -1795.61
7.53125 0.0056162 -1794.66
7.67188 0.0056162 -1793.68
7.8125 0.0056162 -1792.67
7.95312 0.0056162 -1791.62
8.09375 0.0056162 -1790.55
8.23438 0.0056162 -1789.44
8.375 0.0056162 -1788.31
8.51562 0.0056162 -1787.14
8.65625 0.0056162 -1785.94
8.79688 0.0056162 -1784.73
8.9375 0.0056162 -1783.53
9.07812 0.0056162 -1782.4
9.21875 0.0056162 -1781.15
9.35938 0.0056162 -1777.36
9.5 0.0056162 -1496.51
9.75 0.0056162 -858.195
10 0.0056162 -498.069
0 0.0059282 -194.718
0.25 0.0059282 -426.676
0.5 0.0059282 -955.815
0.75 0.0059282 -1258.57
1 0.0059282 -1264.49
1.25 0.0059282 -1276.55
1.5 0.0059282 -1296.39
1.7 0.0059282 -1632.66
1.85 0.0059282 -1993.6
2.1 0.0059282 -2071.74
2.35 0.0059282 -2170.61
2.6 0.0059282 -2292.71
2.85 0.0059282 -2450.96
3.1 0.0059282 -2674.14
3.35 0.0059282 -3069.5
3.6 0.0059282 -4951.5
3.85 0.0059282 -251044
4 0.0059282 -253468
4.125 0.0059282 -9457.74
4.25 0.0059282 -14645.6
4.375 0.0059282 -74123.2
4.5 0.0059282 -726018
4.625 0.0059282 -675802
4.75 0.0059282 -13609.5
4.875 0.0059282 -3022.12
5 0.0059282 -2005.64
5.07031 0.0059282 -1860.71
5.14062 0.0059282 -1823.19
5.21094 0.0059282 -1810.21
5.28125 0.0059282 -1805.54
5.35156 0.0059282 -1803.73
5.42188 0.0059282 -1802.95
5.5625 0.0059282 -1802.37
5.70312 0.0059282 -1801.74
5.84375 0.0059282 -1801.13
5.98438 0.0059282 -1800.5
6.125 0.0059282 -1799.85
6.26562 0.0059282 -1799.17
6.40625 0.0059282 -1798.45
6.54688 0.0059282 -1797.71
6.6875 0.0059282 -1796.95
6.82812 0.0059282 -1796.15
6.96875 0.0059282 -1795.32
7.10938 0.0059282 -1794.46
7.25 0.0059282 -1793.57
7.39062 0.0059282 -1792.65
7.53125 0.0059282 -1791.71
7.67188 0.0059282 -1790.73
7.8125 0.0059282 -1789.72
7.95312 0.0059282 -1788.67
8.09375 0.0059282 -1787.6
8.23438 0.0059282 -1786.5
8.375 0.0059282 -1785.36
8.51562 0.0059282 -1784.2
8.65625 0.0059282 -1783
8.79688 0.0059282 -1781.79
8.9375 0.0059282 -1780.59
9.07812 0.0059282 -1779.46
9.21875 0.0059282 -1778.2
9.35938 0.0059282 -1774.25
9.5 0.0059282 -1493.87
9.75 0.0059282 -856.734
10 0.0059282 -497.17
0 0.0062402 -194.44
0.25 0.0062402 -426.051
0.5 0.0062402 -954.292
0.75 0.0062402 -1256.56
1 0.0062402 -1262.56
1.25 0.0062402 -1274.61
1.5 0.0062402 -1294.56
1.7 0.0062402 -1630.79
1.85 0.0062402 -1991.17
2.1 0.0062402 -2068.62
2.35 0.0062402 -2167.34
2.6 0.0062402 -2289.26
2.85 0.0062402 -2447.29
3.1 0.0062402 -2670.31
3.35 0.0062402 -3067.8
3.6 0.0062402 -5018.47
3.85 0.0062402 -250397
4 0.0062402 -252941
4.125 0.0062402 -9673.92
4.25 0.0062402 -14746.4
4.375 0.0062402 -74532.5
4.5 0.0062402 -724116
4.625 0.0062402 -674069
4.75 0.0062402 -14179.3
4.875 0.0062402 -3082.51
5 0.0062402 -2013.03
5.07031 0.0062402 -1860.62
5.14062 0.0062402 -1821.19
5.21094 0.0062402 -1807.57
5.28125 0.0062402 -1802.68
5.35156 0.0062402 -1800.8
5.42188 0.0062402 -1799.99
5.5625 0.0062402 -1799.4
5.70312 0.0062402 -1798.77
5.84375 0.0062402 -1798.16
5.98438 0.0062402 -1797.53
6.125 0.0062402 -1796.88
6.26562 0.0062402 -1796.2
6.40625 0.0062402 -1795.49
6.54688 0.0062402 -1794.75
6.6875 0.0062402 -1793.98
6.82812 0.0062402 -1793.18
6.96875 0.0062402 -1792.36
7.10938 0.0062402 -1791.5
7.25 0.0062402 -1790.61
7.39062 0.0062402 -1789.7
7.53125 0.0062402 -1788.75
7.67188 0.0062402 -1787.77
7.8125 0.0062402 -1786.76
7.95312 0.0062402 -1785.72
8.09375 0.0062402 -1784.65
8.23438 0.0062402 -1783.55
8.375 0.0062402 -1782.42
8.51562 0.0062402 -1781.25
8.65625 0.0062402 -1780.06
8.79688 0.0062402 -1778.85
8.9375 0.0062402 -1777.65
9.07812 0.0062402 -1776.53
9.21875 0.0062402 -1775.25
9.35938 0.0062402 -1771.14
9.5 0.0062402 -1491.23
9.75 0.0062402 -855.272
10 0.0062402 -496.272
0 0.0065522 -194.159
0.25 0.0065522 -425.417
0.5 0.0065522 -952.747
0.75 0.0065522 -1254.53
1 0.0065522 -1260.59
1.25 0.0065522 -1272.64
1.5 0.0065522 -1292.7
1.7 0.0065522 -1628.75
1.85 0.0065522 -1988.52
2.1 0.0065522 -2065.43
2.35 0.0065522 -2164
2.6 0.0065522 -2285.74
2.85 0.0065522 -2443.55
3.1 0.0065522 -2666.39
3.35 0.0065522 -3065.99
3.6 0.0065522 -5085.3
3.85 0.0065522 -249751
4 0.0065522 -252414
4.125 0.0065522 -9888.67
4.25 0.0065522 -14846.9
4.375 0.0065522 -74938.3
4.5 0.0065522 -722218
4.625 0.0065522 -672341
4.75 0.0065522 -14745
4.875 0.0065522 -3142.84
5 0.0065522 -2020.41
5.07031 0.0065522 -1860.53
5.14062 0.0065522 -1819.19
5.21094 0.0065522 -1804.93
5.28125 0.0065522 -1799.82
5.35156 0.0065522 -1797.86
5.42188 0.0065522 -1797.02
5.5625 0.0065522 -1796.43
5.70312 0.0065522 -1795.8
5.84375 0.0065522 -1795.19
5.98438 0.0065522 -1794.57
6.125 0.0065522 -1793.91
6.26562 0.0065522 -1793.23
6.40625 0.0065522 -1792.52
6.54688 0.0065522 -1791.79
6.6875 0.0065522 -1791.02
6.82812 0.0065522 -1790.22
6.96875 0.0065522 -1789.4
7.10938 0.0065522 -1788.54
7.25 0.0065522 -1787.66
7.39062 0.0065522 -1786.74
7.53125 0.0065522 -1785.8
7.67188 0.0065522 -1784.82
7.8125 0.0065522 -1783.81
7.95312 0.0065522 -1782.77
8.09375 0.0065522 -1781.7
8.23438 0.0065522 -1780.6
8.375 0.0065522 -1779.47
8.51562 0.0065522 -1778.31
8.65625 0.0065522 -1777.12
8.79688 0.0065522 -1775.91
8.9375 0.0065522 -1774.72
9.07812 0.0065522 -1773.59
9.21875 0.0065522 -1772.3
9.35938 0.0065522 -1768.03
9.5 0.0065522 -1488.59
9.75 0.0065522 -853.811
10 0.0065522 -495.374
0 0.0068642 -193.874
0.25 0.0068642 -424.774
0.5 0.0068642 -951.185
0.75 0.0068642 -1252.47
1 0.0068642 -1258.6
1.25 0.0068642 -1270.64
1.5 0.0068642 -1290.82
1.7 0.0068642 -1626.56
1.85 0.0068642 -1985.7
2.1 0.0068642 -2062.19
2.35 0.0068642 -2160.61
2.6 0.0068642 -2282.17
2.85 0.0068642 -2439.75
3.1 0.0068642 -2662.4
3.35 0.0068642 -3064.08
3.6 0.0068642 -5151.99
3.85 0.0068642 -249107
4 0.0068642 -251886
4.125 0.0068642 -10102
4.25 0.0068642 -14947.1
4.375 0.0068642 -75340.4
4.5 0.0068642 -720324
4.625 0.0068642 -670616
4.75 0.0068642 -15306.8
4.875 0.0068642 -3203.11
5 0.0068642 -2027.79
5.07031 0.0068642 -1860.44
5.14062 0.0068642 -1817.19
5.21094 0.0068642 -1802.28
5.28125 0.0068642 -1796.96
5.35156 0.0068642 -1794.93
5.42188 0.0068642 -1794.06
5.5625 0.0068642 -1793.46
5.70312 0.0068642 -1792.83
5.84375 0.0068642 -1792.22
5.98438 0.0068642 -1791.6
6.125 0.0068642 -1790.94
6.26562 0.0068642 -1790.26
6.40625 0.0068642 -1789.56
6.54688 0.0068642 -1788.82
6.6875 0.0068642 -1788.05
6.82812 0.0068642 -1787.26
6.96875 0.0068642 -1786.44
7.10938 0.0068642 -1785.58
7.25 0.0068642 -1784.7
7.39062 0.0068642 -1783.78
7.53125 0.0068642 -1782.84
7.67188 0.0068642 -1781.87
7.8125 0.0068642 -1780.86
7.95312 0.0068642 -1779.82
8.09375 0.0068642 -1778.76
8.23438 0.0068642 -1777.66
8.375 0.0068642 -1776.53
8.51562 0.0068642 -1775.37
8.65625 0.0068642 -1774.18
8.79688 0.0068642 -1772.97
8.9375 0.0068642 -1771.78
9.07812 0.0068642 -1770.65
9.21875 0.0068642 -1769.35
9.35938 0.0068642 -1764.93
9.5 0.0068642 -1485.95
9.75 0.0068642 -852.351
10 0.0068642 -494.477
0 0.0071762 -193.586
0.25 0.0071762 -424.125
0.5 0.0071762 -949.607
0.75 0.0071762 -1250.39
1 0.0071762 -1256.6
1.25 0.0071762 -1268.63
1.5 0.0071762 -1288.91
1.7 0.0071762 -1624.27
1.85 0.0071762 -1982.75
2.1 0.0071762 -2058.91
2.35 0.0071762 -2157.18
2.6 0.0071762 -2278.54
2.85 0.0071762 -2435.89
3.1 0.0071762 -2658.35
3.35 0.0071762 -3062.1
3.6 0.0071762 -5218.51
3.85 0.0071762 -248463
4 0.0071762 -251359
4.125 0.0071762 -10313.9
4.25 0.0071762 -15046.9
4.375 0.0071762 -75738.9
4.5 0.0071762 -718435
4.625 0.0071762 -668894
4.75 0.0071762 -15864.5
4.875 0.0071762 -3263.31
5 0.0071762 -2035.17
5.07031 0.0071762 -1860.34
5.14062 0.0071762 -1815.18
5.21094 0.0071762 -1799.64
5.28125 0.0071762 -1794.09
5.35156 0.0071762 -1791.99
5.42188 0.0071762 -1791.1
5.5625 0.0071762 -1790.49
5.70312 0.0071762 -1789.86
5.84375 0.0071762 -1789.25
5.98438 0.0071762 -1788.63
6.125 0.0071762 -1787.98
6.26562 0.0071762 -1787.3
6.40625 0.0071762 -1786.59
6.54688 0.0071762 -1785.86
6.6875 0.0071762 -1785.09
6.82812 0.0071762 -1784.3
6.96875 0.0071762 -1783.47
7.10938 0.0071762 -1782.62
7.25 0.0071762 -1781.74
7.39062 0.0071762 -1780.83
7.53125 0.0071762 -1779.89
7.67188 0.0071762 -1778.91
7.8125 0.0071762 -1777.91
7.95312 0.0071762 -1776.87
8.09375 0.0071762 -1775.81
8.23438 0.0071762 -1774.71
8.375 0.0071762 -1773.58
8.51562 0.0071762 -1772.42
8.65625 0.0071762 -1771.24
8.79688 0.0071762 -1770.04
8.9375 0.0071762 -1768.84
9.07812 0.0071762 -1767.71
9.21875 0.0071762 -1766.4
9.35938 0.0071762 -1761.82
9.5 0.0071762 -1483.32
9.75 0.0071762 -850.89
10 0.0071762 -493.58
0 0.0074883 -193.295
0.25 0.0074883 -423.47
0.5 0.0074883 -948.016
0.75 0.0074883 -1248.3
1 0.0074883 -1254.57
1.25 0.0074883 -1266.59
1.5 0.0074883 -1286.99
1.7 0.0074883 -1621.88
1.85 0.0074883 -1979.69
2.1 0.0074883 -2055.6
2.35 0.0074883 -2153.72
2.6 0.0074883 -2274.88
2.85 0.0074883 -2431.99
3.1 0.0074883 -2654.25
3.35 0.0074883 -3060.07
3.6 0.0074883 -5284.85
3.85 0.0074883 -247820
4 0.0074883 -250831
4.125 0.0074883 -10524.4
4.25 0.0074883 -15146.4
4.375 0.0074883 -76133.9
4.5 0.0074883 -716549
4.625 0.0074883 -667177
4.75 0.0074883 -16418.4
4.875 0.0074883 -3323.44
5 0.0074883 -2042.53
5.07031 0.0074883 -1860.25
5.14062 0.0074883 -1813.18
5.21094 0.0074883 -1796.99
5.28125 0.0074883 -1791.23
5.35156 0.0074883 -1789.06
5.42188 0.0074883 -1788.14
5.5625 0.0074883 -1787.52
5.70312 0.0074883 -1786.89
5.84375 0.0074883 -1786.28
5.98438 0.0074883 -1785.66
6.125 0.0074883 -1785.01
6.26562 0.0074883 -1784.33
6.40625 0.0074883 -1783.62
6.54688 0.0074883 -1782.89
6.6875 0.0074883 -1782.13
6.82812 0.0074883 -1781.33
6.96875 0.0074883 -1780.51
7.10938 0.0074883 -1779.66
7.25 0.0074883 -1778.78
7.39062 0.0074883 -1777.87
7.53125 0.0074883 -1776.93
7.67188 0.0074883 -1775.96
7.8125 0.0074883 -1774.96
7.95312 0.0074883 -1773.92
8.09375 0.0074883 -1772.86
8.23438 0.0074883 -1771.76
8.375 0.0074883 -1770.64
8.51562 0.0074883 -1769.48
8.65625 0.0074883 -1768.3
8.79688 0.0074883 -1767.1
8.9375 0.0074883 -1765.91
9.07812 0.0074883 -1764.78
9.21875 0.0074883 -1763.45
9.35938 0.0074883 -1758.71
9.5 0.0074883 -1480.68
9.75 0.0074883 -849.429
10 0.0074883 -492.684
0 0.0078003 -193.002
0.25 0.0078003 -422.81
0.5 0.0078003 -946.414
0.75 0.0078003 -1246.19
1 0.0078003 -1252.53
1.25 0.0078003 -1264.55
1.5 0.0078003 -1285.05
1.7 0.0078003 -1619.42
1.85 0.0078003 -1976.54
2.1 0.0078003 -2052.26
2.35 0.0078003 -2150.22
2.6 0.0078003 -2271.19
2.85 0.0078003 -2428.06
3.1 0.0078003 -2650.12
3.35 0.0078003 -3057.99
3.6 0.0078003 -5350.97
3.85 0.0078003 -247179
4 0.0078003 -250303
4.125 0.0078003 -10733.5
4.25 0.0078003 -15245.5
4.375 0.0078003 -76525.3
4.5 0.0078003 -714668
4.625 0.0078003 -665463
4.75 0.0078003 -16968.2
4.875 0.0078003 -3383.5
5 0.0078003 -2049.89
5.07031 0.0078003 -1860.15
5.14062 0.0078003 -1811.17
5.21094 0.0078003 -1794.34
5.28125 0.0078003 -1788.37
5.35156 0.0078003 -1786.12
5.42188 0.0078003 -1785.18
5.5625 0.0078003 -1784.55
5.70312 0.0078003 -1783.92
5.84375 0.0078003 -1783.31
5.98438 0.0078003 -1782.69
6.125 0.0078003 -1782.04
6.26562 0.0078003 -1781.36
6.40625 0.0078003 -1780.66
6.54688 0.0078003 -1779.92
6.6875 0.0078003 -1779.16
6.82812 0.0078003 -1778.37
6.96875 0.0078003 -1777.55
7.10938 0.0078003 -1776.7
7.25 0.0078003 -1775.82
7.39062 0.0078003 -1774.91
7.53125 0.0078003 -1773.97
7.67188 0.0078003 -1773
7.8125 0.0078003 -1772
7.95312 0.0078003 -1770.97
8.09375 0.0078003 -1769.91
8.23438 0.0078003 -1768.82
8.375 0.0078003 -1767.69
8.51562 0.0078003 -1766.54
8.65625 0.0078003 -1765.36
8.79688 0.0078003 -1764.16
8.9375 0.0078003 -1762.97
9.07812 0.0078003 -1761.84
9.21875 0.0078003 -1760.49
9.35938 0.0078003 -1755.61
9.5 0.0078003 -1478.04
9.75 0.0078003 -847.969
10 0.0078003 -491.787
0 0.0081123 -192.707
0.25 0.0081123 -422.145
0.5 0.0081123 -944.803
0.75 0.0081123 -1244.06
1 0.0081123 -1250.48
1.25 0.0081123 -1262.48
1.5 0.0081123 -1283.09
1.7 0.0081123 -1616.9
1.85 0.0081123 -1973.32
2.1 0.0081123 -2048.9
2.35 0.0081123 -2146.7
2.6 0.0081123 -2267.48
2.85 0.0081123 -2424.11
3.1 0.0081123 -2645.96
3.35 0.0081123 -3055.88
3.6 0.0081123 -5416.85
3.85 0.0081123 -246539
4 0.0081123 -249775
4.125 0.0081123 -10941.2
4.25 0.0081123 -15344.2
4.375 0.0081123 -76913
4.5 0.0081123 -712792
4.625 0.0081123 -663752
4.75 0.0081123 -17514
4.875 0.0081123 -3443.48
5 0.0081123 -2057.24
5.07031 0.0081123 -1860.05
5.14062 0.0081123 -1809.17
5.21094 0.0081123 -1791.7
5.28125 0.0081123 -1785.51
5.35156 0.0081123 -1783.19
5.42188 0.0081123 -1782.22
5.5625 0.0081123 -1781.58
5.70312 0.0081123 -1780.95
5.84375 0.0081123 -1780.34
5.98438 0.0081123 -1779.72
6.125 0.0081123 -1779.07
6.26562 0.0081123 -1778.39
6.40625 0.0081123 -1777.69
6.54688 0.0081123 -1776.96
6.6875 0.0081123 -1776.2
6.82812 0.0081123 -1775.41
6.96875 0.0081123 -1774.59
7.10938 0.0081123 -1773.74
7.25 0.0081123 -1772.86
7.39062 0.0081123 -1771.96
7.53125 0.0081123 -1771.02
7.67188 0.0081123 -1770.05
7.8125 0.0081123 -1769.05
7.95312 0.0081123 -1768.02
8.09375 0.0081123 -1766.96
8.23438 0.0081123 -1765.87
8.375 0.0081123 -1764.75
8.51562 0.0081123 -1763.6
8.65625 0.0081123 -1762.42
8.79688 0.0081123 -1761.22
8.9375 0.0081123 -1760.03
9.07812 0.0081123 -1758.9
9.21875 0.0081123 -1757.54
9.35938 0.0081123 -1752.51
9.5 0.0081123 -1475.41
9.75 0.0081123 -846.509
10 0.0081123 -490.892
0 0.0084243 -192.41
0.25 0.0084243 -421.477
0.5 0.0084243 -943.183
0.75 0.0084243 -1241.93
1 0.0084243 -1248.42
1.25 0.0084243 -1260.41
1.5 0.0084243 -1281.13
1.7 0.0084243 -1614.34
1.85 0.0084243 -1970.04
2.1 0.0084243 -2045.52
2.35 0.0084243 -2143.17
2.6 0.0084243 -2263.75
2.85 0.0084243 -2420.13
3.1 0.0084243 -2641.77
3.35 0.0084243 -3053.73
3.6 0.0084243 -5482.48
3.85 0.0084243 -245901
4 0.0084243 -249248
4.125 0.0084243 -11147.5
4.25 0.0084243 -15442.6
4.375 0.0084243 -77297.2
4.5 0.0084243 -710920
4.625 0.0084243 -662046
4.75 0.0084243 -18055.9
4.875 0.0084243 -3503.38
5 0.0084243 -2064.58
5.07031 0.0084243 -1859.94
5.14062 0.0084243 -1807.16
5.21094 0.0084243 -1789.05
5.28125 0.0084243 -1782.65
5.35156 0.0084243 -1780.25
5.42188 0.0084243 -1779.26
5.5625 0.0084243 -1778.61
5.70312 0.0084243 -1777.97
5.84375 0.0084243 -1777.37
5.98438 0.0084243 -1776.75
6.125 0.0084243 -1776.1
6.26562 0.0084243 -1775.43
6.40625 0.0084243 -1774.72
6.54688 0.0084243 -1773.99
6.6875 0.0084243 -1773.24
6.82812 0.0084243 -1772.45
6.96875 0.0084243 -1771.63
7.10938 0.0084243 -1770.78
7.25 0.0084243 -1769.91
7.39062 0.0084243 -1769
7.53125 0.0084243 -1768.06
7.67188 0.0084243 -1767.1
7.8125 0.0084243 -1766.1
7.95312 0.0084243 -1765.07
8.09375 0.0084243 -1764.01
8.23438 0.0084243 -1762.92
8.375 0.0084243 -1761.8
8.51562 0.0084243 -1760.65
8.65625 0.0084243 -1759.48
8.79688 0.0084243 -1758.28
8.9375 0.0084243 -1757.09
9.07812 0.0084243 -1755.96
9.21875 0.0084243 -1754.59
9.35938 0.0084243 -1749.4
9.5 0.0084243 -1472.78
9.75 0.0084243 -845.05
10 0.0084243 -489.997
0 0.0087363 -192.112
0.25 0.0087363 -420.805
0.5 0.0087363 -941.557
0.75 0.0087363 -1239.79
1 0.0087363 -1246.35
1.25 0.0087363 -1258.33
1.5 0.0087363 -1279.15
1.7 0.0087363 -1611.73
1.85 0.0087363 -1966.71
2.1 0.0087363 -2042.12
2.35 0.0087363 -2139.62
2.6 0.0087363 -2260
2.85 0.0087363 -2416.14
3.1 0.0087363 -2637.56
3.35 0.0087363 -3051.57
3.6 0.0087363 -5547.84
3.85 0.0087363 -245263
4 0.0087363 -248720
4.125 0.0087363 -11352.4
4.25 0.0087363 -15540.7
4.375 0.0087363 -77677.8
4.5 0.0087363 -709052
4.625 0.0087363 -660343
4.75 0.0087363 -18593.9
4.875 0.0087363 -3563.19
5 0.0087363 -2071.92
5.07031 0.0087363 -1859.84
5.14062 0.0087363 -1805.15
5.21094 0.0087363 -1786.41
5.28125 0.0087363 -1779.78
5.35156 0.0087363 -1777.32
5.42188 0.0087363 -1776.3
5.5625 0.0087363 -1775.64
5.70312 0.0087363 -1775
5.84375 0.0087363 -1774.4
5.98438 0.0087363 -1773.78
6.125 0.0087363 -1773.13
6.26562 0.0087363 -1772.46
6.40625 0.0087363 -1771.76
6.54688 0.0087363 -1771.03
6.6875 0.0087363 -1770.27
6.82812 0.0087363 -1769.48
6.96875 0.0087363 -1768.67
7.10938 0.0087363 -1767.82
7.25 0.0087363 -1766.95
7.39062 0.0087363 -1766.04
7.53125 0.0087363 -1765.11
7.67188 0.0087363 -1764.14
7.8125 0.0087363 -1763.15
7.95312 0.0087363 -1762.12
8.09375 0.0087363 -1761.07
8.23438 0.0087363 -1759.98
8.375 0.0087363 -1758.86
8.51562 0.0087363 -1757.71
8.65625 0.0087363 -1756.53
8.79688 0.0087363 -1755.34
8.9375 0.0087363 -1754.16
9.07812 0.0087363 -1753.03
9.21875 0.0087363 -1751.64
9.35938 0.0087363 -1746.3
9.5 0.0087363 -1470.14
9.75 0.0087363 -843.59
10 0.0087363 -489.102
0 0.0090483 -191.813
0.25 0.0090483 -420.13
0.5 0.0090483 -939.925
0.75 0.0090483 -1237.64
1 0.0090483 -1244.27
1.25 0.0090483 -1256.24
1.5 0.0090483 -1277.17
1.7 0.0090483 -1609.1
1.85 0.0090483 -1963.35
2.1 0.0090483 -2038.71
2.35 0.0090483 -2136.05
2.6 0.0090483 -2256.24
2.85 0.0090483 -2412.13
3.1 0.0090483 -2633.34
3.35 0.0090483 -3049.38
3.6 0.0090483 -5612.91
3.85 0.0090483 -244627
4 0.0090483 -248193
4.125 0.0090483 -11555.9
4.25 0.0090483 -15638.3
4.375 0.0090483 -78054.9
4.5 0.0090483 -707188
4.625 0.0090483 -658645
4.75 0.0090483 -19127.9
4.875 0.0090483 -3622.93
5 0.0090483 -2079.24
5.07031 0.0090483 -1859.73
5.14062 0.0090483 -1803.15
5.21094 0.0090483 -1783.76
5.28125 0.0090483 -1776.92
5.35156 0.0090483 -1774.39
5.42188 0.0090483 -1773.34
5.5625 0.0090483 -1772.67
5.70312 0.0090483 -1772.03
5.84375 0.0090483 -1771.43
5.98438 0.0090483 -1770.81
6.125 0.0090483 -1770.16
6.26562 0.0090483 -1769.49
6.40625 0.0090483 -1768.79
6.54688 0.0090483 -1768.06
6.6875 0.0090483 -1767.31
6.82812 0.0090483 -1766.52
6.96875 0.0090483 -1765.71
7.10938 0.0090483 -1764.86
7.25 0.0090483 -1763.99
7.39062 0.0090483 -1763.09
7.53125 0.0090483 -1762.15
7.67188 0.0090483 -1761.19
7.8125 0.0090483 -1760.2
7.95312 0.0090483 -1759.17
8.09375 0.0090483 -1758.12
8.23438 0.0090483 -1757.03
8.375 0.0090483 -1755.91
8.51562 0.0090483 -1754.77
8.65625 0.0090483 -1753.59
8.79688 0.0090483 -1752.4
8.9375 0.0090483 -1751.22
9.07812 0.0090483 -1750.09
9.21875 0.0090483 -1748.69
9.35938 0.0090483 -1743.2
9.5 0.0090483 -1467.51
9.75 0.0090483 -842.131
10 0.0090483 -488.208
0 0.0093603 -191.513
0.25 0.0093603 -419.454
0.5 0.0093603 -938.288
0.75 0.0093603 -1235.49
1 0.0093603 -1242.19
1.25 0.0093603 -1254.15
1.5 0.0093603 -1275.18
1.7 0.0093603 -1606.44
1.85 0.0093603 -1959.96
2.1 0.0093603 -2035.29
2.35 0.0093603 -2132.48
2.6 0.0093603 -2252.46
2.85 0.0093603 -2408.11
3.1 0.0093603 -2629.11
3.35 0.0093603 -3047.18
3.6 0.0093603 -5677.69
3.85 0.0093603 -243992
4 0.0093603 -247666
4.125 0.0093603 -11758.1
4.25 0.0093603 -15735.7
4.375 0.0093603 -78428.4
4.5 0.0093603 -705328
4.625 0.0093603 -656949
4.75 0.0093603 -19658.1
4.875 0.0093603 -3682.57
5 0.0093603 -2086.56
5.07031 0.0093603 -1859.62
5.14062 0.0093603 -1801.14
5.21094 0.0093603 -1781.11
5.28125 0.0093603 -1774.06
5.35156 0.0093603 -1771.45
5.42188 0.0093603 -1770.38
5.5625 0.0093603 -1769.7
5.70312 0.0093603 -1769.06
5.84375 0.0093603 -1768.46
5.98438 0.0093603 -1767.84
6.125 0.0093603 -1767.2
6.26562 0.0093603 -1766.52
6.40625 0.0093603 -1765.83
6.54688 0.0093603 -1765.1
6.6875 0.0093603 -1764.34
6.82812 0.0093603 -1763.56
6.96875 0.0093603 -1762.75
7.10938 0.0093603 -1761.9
7.25 0.0093603 -1761.03
7.39062 0.0093603 -1760.13
7.53125 0.0093603 -1759.2
7.67188 0.0093603 -1758.24
7.8125 0.0093603 -1757.24
7.95312 0.0093603 -1756.22
8.09375 0.0093603 -1755.17
8.23438 0.0093603 -1754.08
8.375 0.0093603 -1752.97
8.51562 0.0093603 -1751.82
8.65625 0.0093603 -1750.65
8.79688 0.0093603 -1749.46
8.9375 0.0093603 -1748.28
9.07812 0.0093603 -1747.15
9.21875 0.0093603 -1745.74
9.35938 0.0093603 -1740.1
9.5 0.0093603 -1464.88
9.75 0.0093603 -840.672
10 0.0093603 -487.314
0 0.0096724 -191.211
0.25 0.0096724 -418.775
0.5 0.0096724 -936.647
0.75 0.0096724 -1233.33
1 0.0096724 -1240.1
1.25 0.0096724 -1252.05
1.5 0.0096724 -1273.19
1.7 0.0096724 -1603.76
1.85 0.0096724 -1956.54
2.1 0.0096724 -2031.86
2.35 0.0096724 -2128.89
2.6 0.0096724 -2248.68
2.85 0.0096724 -2404.08
3.1 0.0096724 -2624.86
3.35 0.0096724 -3044.96
3.6 0.0096724 -5742.15
3.85 0.0096724 -243358
4 0.0096724 -247140
4.125 0.0096724 -11958.9
4.25 0.0096724 -15832.6
4.375 0.0096724 -78798.6
4.5 0.0096724 -703472
4.625 0.0096724 -655257
4.75 0.0096724 -20184.5
4.875 0.0096724 -3742.14
5 0.0096724 -2093.87
5.07031 0.0096724 -1859.51
5.14062 0.0096724 -1799.13
5.21094 0.0096724 -1778.47
5.28125 0.0096724 -1771.2
5.35156 0.0096724 -1768.52
5.42188 0.0096724 -1767.41
5.5625 0.0096724 -1766.73
5.70312 0.0096724 -1766.09
5.84375 0.0096724 -1765.49
5.98438 0.0096724 -1764.87
6.125 0.0096724 -1764.23
6.26562 0.0096724 -1763.56
6.40625 0.0096724 -1762.86
6.54688 0.0096724 -1762.13
6.6875 0.0096724 -1761.38
6.82812 0.0096724 -1760.6
6.96875 0.0096724 -1759.78
7.10938 0.0096724 -1758.94
7.25 0.0096724 -1758.07
7.39062 0.0096724 -1757.17
7.53125 0.0096724 -1756.24
7.67188 0.0096724 -1755.28
7.8125 0.0096724 -1754.29
7.95312 0.0096724 -1753.27
8.09375 0.0096724 -1752.22
8.23438 0.0096724 -1751.14
8.375 0.0096724 -1750.02
8.51562 0.0096724 -1748.88
8.65625 0.0096724 -1747.71
8.79688 0.0096724 -1746.52
8.9375 0.0096724 -1745.35
9.07812 0.0096724 -1744.21
9.21875 0.0096724 -1742.79
9.35938 0.0096724 -1737
9.5 0.0096724 -1462.25
9.75 0.0096724 -839.213
10 0.0096724 -486.42
0 0.0099844 -190.909
0.25 0.0099844 -418.094
0.5 0.0099844 -935.003
0.75 0.0099844 -1231.16
1 0.0099844 -1238
1.25 0.0099844 -1249.94
1.5 0.0099844 -1271.19
1.7 0.0099844 -1601.07
1.85 0.0099844 -1953.11
2.1 0.0099844 -2028.43
2.35 0.0099844 -2125.3
2.6 0.0099844 -2244.89
2.85 0.0099844 -2400.04
3.1 0.0099844 -2620.61
3.35 0.0099844 -3042.73
3.6 0.0099844 -5806.27
3.85 0.0099844 -242726
4 0.0099844 -246613
4.125 0.0099844 -12158.3
4.25 0.0099844 -15929.2
4.375 0.0099844 -79165.1
4.5 0.0099844 -701621
4.625 0.0099844 -653569
4.75 0.0099844 -20707
4.875 0.0099844 -3801.61
5 0.0099844 -2101.17
5.07031 0.0099844 -1859.4
5.14062 0.0099844 -1797.12
5.21094 0.0099844 -1775.82
5.28125 0.0099844 -1768.33
5.35156 0.0099844 -1765.58
5.42188 0.0099844 -1764.45
5.5625 0.0099844 -1763.76
5.70312 0.0099844 -1763.12
5.84375 0.0099844 -1762.52
5.98438 0.0099844 -1761.9
6.125 0.0099844 -1761.26
6.26562 0.0099844 -1760.59
6.40625 0.0099844 -1759.89
6.54688 0.0099844 -1759.17
6.6875 0.0099844 -1758.42
6.82812 0.0099844 -1757.63
6.96875 0.0099844 -1756.82
7.10938 0.0099844 -1755.98
7.25 0.0099844 -1755.11
7.39062 0.0099844 -1754.22
7.53125 0.0099844 -1753.29
7.67188 0.0099844 -1752.33
7.8125 0.0099844 -1751.34
7.95312 0.0099844 -1750.32
8.09375 0.0099844 -1749.27
8.23438 0.0099844 -1748.19
8.375 0.0099844 -1747.08
8.51562 0.0099844 -1745.94
8.65625 0.0099844 -1744.77
8.79688 0.0099844 -1743.58
8.9375 0.0099844 -1742.41
9.07812 0.0099844 -1741.28
9.21875 0.0099844 -1739.84
9.35938 0.0099844 -1733.91
9.5 0.0099844 -1459.62
9.75 0.0099844 -837.754
10 0.0099844 -485.527
