0 0 818564
0.25 0 818416
0.5 0 818283
0.75 0 818533
1 0 818789
1.25 0 816582
1.5 0 811872
1.7 0 737439
1.85 0 580880
2.1 0 556522
2.35 0 528910
2.6 0 497038
2.85 0 459378
3.1 0 413292
3.35 0 353080
3.6 0 254015
3.85 0 395571
4 0 806738
4.125 0 656545
4.25 0 621486
4.375 0 483692
4.5 0 909587
4.625 0 2.00547e+06
4.75 0 1.69425e+06
4.875 0 1.66621e+06
5 0 1.66262e+06
5.07031 0 1.66239e+06
5.14062 0 1.66262e+06
5.21094 0 1.663e+06
5.28125 0 1.66344e+06
5.35156 0 1.6639e+06
5.42188 0 1.66453e+06
5.5625 0 1.66546e+06
5.70312 0 1.6664e+06
5.84375 0 1.66734e+06
5.98438 0 1.66827e+06
6.125 0 1.6692e+06
6.26562 0 1.67013e+06
6.40625 0 1.67106e+06
6.54688 0 1.67198e+06
6.6875 0 1.67291e+06
6.82812 0 1.67383e+06
6.96875 0 1.67475e+06
7.10938 0 1.67567e+06
7.25 0 1.67659e+06
7.39062 0 1.6775e+06
7.53125 0 1.67842e+06
7.67188 0 1.67933e+06
7.8125 0 1.68024e+06
7.95312 0 1.68115e+06
8.09375 0 1.68206e+06
8.23438 0 1.68297e+06
8.375 0 1.68388e+06
8.51562 0 1.68478e+06
8.65625 0 1.68569e+06
8.79688 0 1.68659e+06
8.9375 0 1.6875e+06
9.07812 0 1.68839e+06
9.21875 0 1.6893e+06
9.35938 0 1.69137e+06
9.5 0 1.69471e+06
9.75 0 1.69583e+06
10 0 1.69624e+06
0 0.000624 566761
0.25 0.000624 629721
0.5 0.000624 629727
0.75 0.000624 630016
1 0.000624 630387
1.25 0.000624 630398
1.5 0.000624 627614
1.7 0.000624 615174
1.85 0.000624 516913
2.1 0.000624 468002
2.35 0.000624 450707
2.6 0.000624 430683
2.85 0.000624 406947
3.1 0.000624 377826
3.35 0.000624 339679
3.6 0.000624 273816
3.85 0.000624 283658
4 0.000624 697077
4.125 0.000624 684752
4.25 0.000624 623987
4.375 0.000624 531591
4.5 0.000624 637818
4.625 0.000624 1.75702e+06
4.75 0.000624 1.75629e+06
4.875 0.000624 1.65328e+06
5 0.000624 1.64312e+06
5.07031 0.000624 1.64207e+06
5.14062 0.000624 1.64225e+06
5.21094 0.000624 1.64269e+06
5.28125 0.000624 1.64321e+06
5.35156 0.000624 1.64376e+06
5.42188 0.000624 1.64443e+06
5.5625 0.000624 1.64548e+06
5.70312 0.000624 1.64661e+06
5.84375 0.000624 1.64774e+06
5.98438 0.000624 1.64887e+06
6.125 0.000624 1.64999e+06
6.26562 0.000624 1.65112e+06
6.40625 0.000624 1.65224e+06
6.54688 0.000624 1.65336e+06
6.6875 0.000624 1.65449e+06
6.82812 0.000624 1.65561e+06
6.96875 0.000624 1.65673e+06
7.10938 0.000624 1.65785e+06
7.25 0.000624 1.65896e+06
7.39062 0.000624 1.66008e+06
7.53125 0.000624 1.6612e+06
7.67188 0.000624 1.66231e+06
7.8125 0.000624 1.66342e+06
7.95312 0.000624 1.66454e+06
8.09375 0.000624 1.66565e+06
8.23438 0.000624 1.66676e+06
8.375 0.000624 1.66787e+06
8.51562 0.000624 1.66898e+06
8.65625 0.000624 1.67009e+06
8.79688 0.000624 1.6712e+06
8.9375 0.000624 1.6723e+06
9.07812 0.000624 1.67341e+06
9.21875 0.000624 1.67451e+06
9.35938 0.000624 1.67567e+06
9.5 0.000624 1.67804e+06
9.75 0.000624 1.67988e+06
10 0.000624 1.68564e+06
0 0.001248 375661
0.25 0.001248 392021
0.5 0.001248 392263
0.75 0.001248 392810
1 0.001248 393384
1.25 0.001248 393748
1.5 0.001248 393223
1.7 0.001248 386879
1.85 0.001248 351128
2.1 0.001248 335372
2.35 0.001248 328869
2.6 0.001248 321028
2.85 0.001248 311283
3.1 0.001248 298616
3.35 0.001248 280481
3.6 0.001248 238268
3.85 0.001248 266163
4 0.001248 669766
4.125 0.001248 664800
4.25 0.001248 610766
4.375 0.001248 517634
4.5 0.001248 624055
4.625 0.001248 1.74606e+06
4.75 0.001248 1.74084e+06
4.875 0.001248 1.63318e+06
5 0.001248 1.6223e+06
5.07031 0.001248 1.62124e+06
5.14062 0.001248 1.62151e+06
5.21094 0.001248 1.62204e+06
5.28125 0.001248 1.62266e+06
5.35156 0.001248 1.62331e+06
5.42188 0.001248 1.62408e+06
5.5625 0.001248 1.6253e+06
5.70312 0.001248 1.62662e+06
5.84375 0.001248 1.62795e+06
5.98438 0.001248 1.62928e+06
6.125 0.001248 1.63061e+06
6.26562 0.001248 1.63194e+06
6.40625 0.001248 1.63327e+06
6.54688 0.001248 1.63459e+06
6.6875 0.001248 1.63592e+06
6.82812 0.001248 1.63724e+06
6.96875 0.001248 1.63857e+06
7.10938 0.001248 1.63989e+06
7.25 0.001248 1.64122e+06
7.39062 0.001248 1.64254e+06
7.53125 0.001248 1.64387e+06
7.67188 0.001248 1.64519e+06
7.8125 0.001248 1.64651e+06
7.95312 0.001248 1.64783e+06
8.09375 0.001248 1.64915e+06
8.23438 0.001248 1.65047e+06
8.375 0.001248 1.65179e+06
8.51562 0.001248 1.65311e+06
8.65625 0.001248 1.65443e+06
8.79688 0.001248 1.65575e+06
8.9375 0.001248 1.65706e+06
9.07812 0.001248 1.65838e+06
9.21875 0.001248 1.6597e+06
9.35938 0.001248 1.66105e+06
9.5 0.001248 1.66254e+06
9.75 0.001248 1.66399e+06
10 0.001248 1.66469e+06
0 0.0015601 314355
0.25 0.0015601 321626
0.5 0.0015601 321962
0.75 0.0015601 322643
1 0.0015601 323349
1.25 0.0015601 323908
1.5 0.0015601 323937
1.7 0.0015601 319842
1.85 0.0015601 298440
2.1 0.0015601 289813
2.35 0.0015601 286332
2.6 0.0015601 282006
2.85 0.0015601 276451
3.1 0.0015601 268954
3.35 0.0015601 257519
3.6 0.0015601 223657
3.85 0.0015601 258044
4 0.0015601 664162
4.125 0.0015601 661467
4.25 0.0015601 608143
4.375 0.0015601 514552
4.5 0.0015601 619758
4.625 0.0015601 1.74201e+06
4.75 0.0015601 1.73966e+06
4.875 0.0015601 1.63274e+06
5 0.0015601 1.62184e+06
5.07031 0.0015601 1.62079e+06
5.14062 0.0015601 1.62106e+06
5.21094 0.0015601 1.62159e+06
5.28125 0.0015601 1.62221e+06
5.35156 0.0015601 1.62287e+06
5.42188 0.0015601 1.62364e+06
5.5625 0.0015601 1.62487e+06
5.70312 0.0015601 1.62621e+06
5.84375 0.0015601 1.62754e+06
5.98438 0.0015601 1.62888e+06
6.125 0.0015601 1.63022e+06
6.26562 0.0015601 1.63155e+06
6.40625 0.0015601 1.63289e+06
6.54688 0.0015601 1.63422e+06
6.6875 0.0015601 1.63556e+06
6.82812 0.0015601 1.63689e+06
6.96875 0.0015601 1.63823e+06
7.10938 0.0015601 1.63956e+06
7.25 0.0015601 1.64089e+06
7.39062 0.0015601 1.64222e+06
7.53125 0.0015601 1.64355e+06
7.67188 0.0015601 1.64488e+06
7.8125 0.0015601 1.64621e+06
7.95312 0.0015601 1.64754e+06
8.09375 0.0015601 1.64887e+06
8.23438 0.0015601 1.6502e+06
8.375 0.0015601 1.65153e+06
8.51562 0.0015601 1.65285e+06
8.65625 0.0015601 1.65418e+06
8.79688 0.0015601 1.6555e+06
8.9375 0.0015601 1.65682e+06
9.07812 0.0015601 1.65815e+06
9.21875 0.0015601 1.65947e+06
9.35938 0.0015601 1.66083e+06
9.5 0.0015601 1.66231e+06
9.75 0.0015601 1.66376e+06
10 0.0015601 1.6644e+06
0 0.0018721 280006
0.25 0.0018721 285116
0.5 0.0018721 285516
0.75 0.0018721 286294
1 0.0018721 287102
1.25 0.0018721 287799
1.5 0.0018721 288116
1.7 0.0018721 285424
1.85 0.0018721 270738
2.1 0.0018721 265210
2.35 0.0018721 263271
2.6 0.0018721 260754
2.85 0.0018721 257381
3.1 0.0018721 252622
3.35 0.0018721 244818
3.6 0.0018721 215415
3.85 0.0018721 253161
4 0.0018721 661567
4.125 0.0018721 660267
4.25 0.0018721 607199
4.375 0.0018721 513439
4.5 0.0018721 617776
4.625 0.0018721 1.73927e+06
4.75 0.0018721 1.73903e+06
4.875 0.0018721 1.63269e+06
5 0.0018721 1.62179e+06
5.07031 0.0018721 1.62074e+06
5.14062 0.0018721 1.62101e+06
5.21094 0.0018721 1.62154e+06
5.28125 0.0018721 1.62216e+06
5.35156 0.0018721 1.62282e+06
5.42188 0.0018721 1.62359e+06
5.5625 0.0018721 1.62482e+06
5.70312 0.0018721 1.62616e+06
5.84375 0.0018721 1.6275e+06
5.98438 0.0018721 1.62884e+06
6.125 0.0018721 1.63017e+06
6.26562 0.0018721 1.63151e+06
6.40625 0.0018721 1.63285e+06
6.54688 0.0018721 1.63419e+06
6.6875 0.0018721 1.63552e+06
6.82812 0.0018721 1.63686e+06
6.96875 0.0018721 1.63819e+06
7.10938 0.0018721 1.63952e+06
7.25 0.0018721 1.64086e+06
7.39062 0.0018721 1.64219e+06
7.53125 0.0018721 1.64352e+06
7.67188 0.0018721 1.64485e+06
7.8125 0.0018721 1.64619e+06
7.95312 0.0018721 1.64751e+06
8.09375 0.0018721 1.64884e+06
8.23438 0.0018721 1.65017e+06
8.375 0.0018721 1.6515e+06
8.51562 0.0018721 1.65283e+06
8.65625 0.0018721 1.65415e+06
8.79688 0.0018721 1.65548e+06
8.9375 0.0018721 1.6568e+06
9.07812 0.0018721 1.65812e+06
9.21875 0.0018721 1.65945e+06
9.35938 0.0018721 1.66081e+06
9.5 0.0018721 1.66229e+06
9.75 0.0018721 1.66374e+06
10 0.0018721 1.66437e+06
0 0.0021841 255580
0.25 0.0021841 259317
0.5 0.0021841 259776
0.75 0.0021841 260644
1 0.0021841 261546
1.25 0.0021841 262363
1.5 0.0021841 262894
1.7 0.0021841 261162
1.85 0.0021841 250869
2.1 0.0021841 247388
2.35 0.0021841 246528
2.6 0.0021841 245277
2.85 0.0021841 243436
3.1 0.0021841 240611
3.35 0.0021841 235397
3.6 0.0021841 209158
3.85 0.0021841 249194
4 0.0021841 659659
4.125 0.0021841 659614
4.25 0.0021841 606763
4.375 0.0021841 513027
4.5 0.0021841 616742
4.625 0.0021841 1.73678e+06
4.75 0.0021841 1.73844e+06
4.875 0.0021841 1.63268e+06
5 0.0021841 1.62178e+06
5.07031 0.0021841 1.62073e+06
5.14062 0.0021841 1.621e+06
5.21094 0.0021841 1.62153e+06
5.28125 0.0021841 1.62216e+06
5.35156 0.0021841 1.62281e+06
5.42188 0.0021841 1.62359e+06
5.5625 0.0021841 1.62481e+06
5.70312 0.0021841 1.62615e+06
5.84375 0.0021841 1.62749e+06
5.98438 0.0021841 1.62883e+06
6.125 0.0021841 1.63017e+06
6.26562 0.0021841 1.63151e+06
6.40625 0.0021841 1.63284e+06
6.54688 0.0021841 1.63418e+06
6.6875 0.0021841 1.63552e+06
6.82812 0.0021841 1.63685e+06
6.96875 0.0021841 1.63819e+06
7.10938 0.0021841 1.63952e+06
7.25 0.0021841 1.64085e+06
7.39062 0.0021841 1.64219e+06
7.53125 0.0021841 1.64352e+06
7.67188 0.0021841 1.64485e+06
7.8125 0.0021841 1.64618e+06
7.95312 0.0021841 1.64751e+06
8.09375 0.0021841 1.64884e+06
8.23438 0.0021841 1.65017e+06
8.375 0.0021841 1.6515e+06
8.51562 0.0021841 1.65282e+06
8.65625 0.0021841 1.65415e+06
8.79688 0.0021841 1.65547e+06
8.9375 0.0021841 1.6568e+06
9.07812 0.0021841 1.65812e+06
9.21875 0.0021841 1.65945e+06
9.35938 0.0021841 1.66081e+06
9.5 0.0021841 1.66228e+06
9.75 0.0021841 1.66373e+06
10 0.0021841 1.66437e+06
0 0.0024961 237672
0.25 0.0024961 240490
0.5 0.0024961 241000
0.75 0.0024961 241952
1 0.0024961 242942
1.25 0.0024961 243865
1.5 0.0024961 244564
1.7 0.0024961 243519
1.85 0.0024961 236244
2.1 0.0024961 234187
2.35 0.0024961 234112
2.6 0.0024961 233782
2.85 0.0024961 233055
3.1 0.0024961 231640
3.35 0.0024961 228321
3.6 0.0024961 204362
3.85 0.0024961 245929
4 0.0024961 658090
4.125 0.0024961 659208
4.25 0.0024961 606577
4.375 0.0024961 513022
4.5 0.0024961 616385
4.625 0.0024961 1.73448e+06
4.75 0.0024961 1.73785e+06
4.875 0.0024961 1.63267e+06
5 0.0024961 1.62178e+06
5.07031 0.0024961 1.62073e+06
5.14062 0.0024961 1.621e+06
5.21094 0.0024961 1.62153e+06
5.28125 0.0024961 1.62216e+06
5.35156 0.0024961 1.62281e+06
5.42188 0.0024961 1.62359e+06
5.5625 0.0024961 1.62481e+06
5.70312 0.0024961 1.62615e+06
5.84375 0.0024961 1.62749e+06
5.98438 0.0024961 1.62883e+06
6.125 0.0024961 1.63017e+06
6.26562 0.0024961 1.63151e+06
6.40625 0.0024961 1.63284e+06
6.54688 0.0024961 1.63418e+06
6.6875 0.0024961 1.63552e+06
6.82812 0.0024961 1.63685e+06
6.96875 0.0024961 1.63819e+06
7.10938 0.0024961 1.63952e+06
7.25 0.0024961 1.64085e+06
7.39062 0.0024961 1.64219e+06
7.53125 0.0024961 1.64352e+06
7.67188 0.0024961 1.64485e+06
7.8125 0.0024961 1.64618e+06
7.95312 0.0024961 1.64751e+06
8.09375 0.0024961 1.64884e+06
8.23438 0.0024961 1.65017e+06
8.375 0.0024961 1.6515e+06
8.51562 0.0024961 1.65282e+06
8.65625 0.0024961 1.65415e+06
8.79688 0.0024961 1.65548e+06
8.9375 0.0024961 1.6568e+06
9.07812 0.0024961 1.65812e+06
9.21875 0.0024961 1.65945e+06
9.35938 0.0024961 1.66081e+06
9.5 0.0024961 1.66229e+06
9.75 0.0024961 1.66373e+06
10 0.0024961 1.66437e+06
0 0.0028081 224248
0.25 0.0028081 226426
0.5 0.0028081 226983
0.75 0.0028081 228012
1 0.0028081 229084
1.25 0.0028081 230102
1.5 0.0028081 230937
1.7 0.0028081 230400
1.85 0.0028081 225274
2.1 0.0028081 224247
2.35 0.0028081 224762
2.6 0.0028081 225122
2.85 0.0028081 225228
3.1 0.0028081 224863
3.35 0.0028081 222958
3.6 0.0028081 200661
3.85 0.0028081 243219
4 0.0028081 656712
4.125 0.0028081 658916
4.25 0.0028081 606517
4.375 0.0028081 513259
4.5 0.0028081 616521
4.625 0.0028081 1.73233e+06
4.75 0.0028081 1.73726e+06
4.875 0.0028081 1.63267e+06
5 0.0028081 1.62178e+06
5.07031 0.0028081 1.62073e+06
5.14062 0.0028081 1.621e+06
5.21094 0.0028081 1.62153e+06
5.28125 0.0028081 1.62216e+06
5.35156 0.0028081 1.62281e+06
5.42188 0.0028081 1.62359e+06
5.5625 0.0028081 1.62482e+06
5.70312 0.0028081 1.62615e+06
5.84375 0.0028081 1.62749e+06
5.98438 0.0028081 1.62883e+06
6.125 0.0028081 1.63017e+06
6.26562 0.0028081 1.63151e+06
6.40625 0.0028081 1.63285e+06
6.54688 0.0028081 1.63418e+06
6.6875 0.0028081 1.63552e+06
6.82812 0.0028081 1.63685e+06
6.96875 0.0028081 1.63819e+06
7.10938 0.0028081 1.63952e+06
7.25 0.0028081 1.64086e+06
7.39062 0.0028081 1.64219e+06
7.53125 0.0028081 1.64352e+06
7.67188 0.0028081 1.64485e+06
7.8125 0.0028081 1.64618e+06
7.95312 0.0028081 1.64751e+06
8.09375 0.0028081 1.64884e+06
8.23438 0.0028081 1.65017e+06
8.375 0.0028081 1.6515e+06
8.51562 0.0028081 1.65283e+06
8.65625 0.0028081 1.65415e+06
8.79688 0.0028081 1.65548e+06
8.9375 0.0028081 1.6568e+06
9.07812 0.0028081 1.65812e+06
9.21875 0.0028081 1.65945e+06
9.35938 0.0028081 1.66081e+06
9.5 0.0028081 1.66229e+06
9.75 0.0028081 1.66373e+06
10 0.0028081 1.66437e+06
0 0.0031201 214016
0.25 0.0031201 215736
0.5 0.0031201 216335
0.75 0.0031201 217435
1 0.0031201 218582
1.25 0.0031201 219684
1.5 0.0031201 220634
1.7 0.0031201 220483
1.85 0.0031201 216930
2.1 0.0031201 216669
2.35 0.0031201 217638
2.6 0.0031201 218526
2.85 0.0031201 219267
3.1 0.0031201 219701
3.35 0.0031201 218864
3.6 0.0031201 197790
3.85 0.0031201 240958
4 0.0031201 655456
4.125 0.0031201 658677
4.25 0.0031201 606518
4.375 0.0031201 513645
4.5 0.0031201 617017
4.625 0.0031201 1.73028e+06
4.75 0.0031201 1.73667e+06
4.875 0.0031201 1.63266e+06
5 0.0031201 1.62178e+06
5.07031 0.0031201 1.62073e+06
5.14062 0.0031201 1.621e+06
5.21094 0.0031201 1.62154e+06
5.28125 0.0031201 1.62216e+06
5.35156 0.0031201 1.62281e+06
5.42188 0.0031201 1.62359e+06
5.5625 0.0031201 1.62482e+06
5.70312 0.0031201 1.62616e+06
5.84375 0.0031201 1.62749e+06
5.98438 0.0031201 1.62883e+06
6.125 0.0031201 1.63017e+06
6.26562 0.0031201 1.63151e+06
6.40625 0.0031201 1.63285e+06
6.54688 0.0031201 1.63418e+06
6.6875 0.0031201 1.63552e+06
6.82812 0.0031201 1.63685e+06
6.96875 0.0031201 1.63819e+06
7.10938 0.0031201 1.63952e+06
7.25 0.0031201 1.64086e+06
7.39062 0.0031201 1.64219e+06
7.53125 0.0031201 1.64352e+06
7.67188 0.0031201 1.64485e+06
7.8125 0.0031201 1.64618e+06
7.95312 0.0031201 1.64751e+06
8.09375 0.0031201 1.64884e+06
8.23438 0.0031201 1.65017e+06
8.375 0.0031201 1.6515e+06
8.51562 0.0031201 1.65283e+06
8.65625 0.0031201 1.65415e+06
8.79688 0.0031201 1.65548e+06
8.9375 0.0031201 1.6568e+06
9.07812 0.0031201 1.65813e+06
9.21875 0.0031201 1.65945e+06
9.35938 0.0031201 1.66081e+06
9.5 0.0031201 1.66229e+06
9.75 0.0031201 1.66373e+06
10 0.0031201 1.66437e+06
0 0.0034321 206119
0.25 0.0034321 207503
0.5 0.0034321 208140
0.75 0.0034321 209304
1 0.0034321 210520
1.25 0.0034321 211698
1.5 0.0034321 212745
1.7 0.0034321 212892
1.85 0.0034321 210517
2.1 0.0034321 210838
2.35 0.0034321 212163
2.6 0.0034321 213463
2.85 0.0034321 214694
3.1 0.0034321 215742
3.35 0.0034321 215722
3.6 0.0034321 195555
3.85 0.0034321 239066
4 0.0034321 654291
4.125 0.0034321 658463
4.25 0.0034321 606550
4.375 0.0034321 514127
4.5 0.0034321 617779
4.625 0.0034321 1.72832e+06
4.75 0.0034321 1.73609e+06
4.875 0.0034321 1.63266e+06
5 0.0034321 1.62178e+06
5.07031 0.0034321 1.62073e+06
5.14062 0.0034321 1.621e+06
5.21094 0.0034321 1.62154e+06
5.28125 0.0034321 1.62216e+06
5.35156 0.0034321 1.62282e+06
5.42188 0.0034321 1.62359e+06
5.5625 0.0034321 1.62482e+06
5.70312 0.0034321 1.62616e+06
5.84375 0.0034321 1.6275e+06
5.98438 0.0034321 1.62883e+06
6.125 0.0034321 1.63017e+06
6.26562 0.0034321 1.63151e+06
6.40625 0.0034321 1.63285e+06
6.54688 0.0034321 1.63418e+06
6.6875 0.0034321 1.63552e+06
6.82812 0.0034321 1.63686e+06
6.96875 0.0034321 1.63819e+06
7.10938 0.0034321 1.63952e+06
7.25 0.0034321 1.64086e+06
7.39062 0.0034321 1.64219e+06
7.53125 0.0034321 1.64352e+06
7.67188 0.0034321 1.64486e+06
7.8125 0.0034321 1.64619e+06
7.95312 0.0034321 1.64752e+06
8.09375 0.0034321 1.64885e+06
8.23438 0.0034321 1.65017e+06
8.375 0.0034321 1.6515e+06
8.51562 0.0034321 1.65283e+06
8.65625 0.0034321 1.65415e+06
8.79688 0.0034321 1.65548e+06
8.9375 0.0034321 1.6568e+06
9.07812 0.0034321 1.65813e+06
9.21875 0.0034321 1.65945e+06
9.35938 0.0034321 1.66081e+06
9.5 0.0034321 1.66229e+06
9.75 0.0034321 1.66373e+06
10 0.0034321 1.66437e+06
0 0.0037441 199965
0.25 0.0037441 201097
0.5 0.0037441 201769
0.75 0.0037441 202991
1 0.0037441 204270
1.25 0.0037441 205515
1.5 0.0037441 206646
1.7 0.0037441 207027
1.85 0.0037441 205546
2.1 0.0037441 206319
2.35 0.0037441 207926
2.6 0.0037441 209550
2.85 0.0037441 211166
3.1 0.0037441 212691
3.35 0.0037441 213301
3.6 0.0037441 193812
3.85 0.0037441 237481
4 0.0037441 653198
4.125 0.0037441 658261
4.25 0.0037441 606597
4.375 0.0037441 514671
4.5 0.0037441 618738
4.625 0.0037441 1.72642e+06
4.75 0.0037441 1.73551e+06
4.875 0.0037441 1.63265e+06
5 0.0037441 1.62178e+06
5.07031 0.0037441 1.62073e+06
5.14062 0.0037441 1.621e+06
5.21094 0.0037441 1.62154e+06
5.28125 0.0037441 1.62216e+06
5.35156 0.0037441 1.62282e+06
5.42188 0.0037441 1.62359e+06
5.5625 0.0037441 1.62482e+06
5.70312 0.0037441 1.62616e+06
5.84375 0.0037441 1.6275e+06
5.98438 0.0037441 1.62884e+06
6.125 0.0037441 1.63017e+06
6.26562 0.0037441 1.63151e+06
6.40625 0.0037441 1.63285e+06
6.54688 0.0037441 1.63419e+06
6.6875 0.0037441 1.63552e+06
6.82812 0.0037441 1.63686e+06
6.96875 0.0037441 1.63819e+06
7.10938 0.0037441 1.63953e+06
7.25 0.0037441 1.64086e+06
7.39062 0.0037441 1.64219e+06
7.53125 0.0037441 1.64353e+06
7.67188 0.0037441 1.64486e+06
7.8125 0.0037441 1.64619e+06
7.95312 0.0037441 1.64752e+06
8.09375 0.0037441 1.64885e+06
8.23438 0.0037441 1.65018e+06
8.375 0.0037441 1.6515e+06
8.51562 0.0037441 1.65283e+06
8.65625 0.0037441 1.65416e+06
8.79688 0.0037441 1.65548e+06
8.9375 0.0037441 1.6568e+06
9.07812 0.0037441 1.65813e+06
9.21875 0.0037441 1.65945e+06
9.35938 0.0037441 1.66081e+06
9.5 0.0037441 1.66229e+06
9.75 0.0037441 1.66373e+06
10 0.0037441 1.66437e+06
0 0.0040561 195133
0.25 0.0040561 196074
0.5 0.0040561 196777
0.75 0.0040561 198052
1 0.0040561 199386
1.25 0.0040561 200692
1.5 0.0040561 201894
1.7 0.0040561 202462
1.85 0.0040561 201670
2.1 0.0040561 202797
2.35 0.0040561 204631
2.6 0.0040561 206513
2.85 0.0040561 208432
3.1 0.0040561 210331
3.35 0.0040561 211430
3.6 0.0040561 192450
3.85 0.0040561 236153
4 0.0040561 652165
4.125 0.0040561 658066
4.25 0.0040561 606653
4.375 0.0040561 515256
4.5 0.0040561 619841
4.625 0.0040561 1.72458e+06
4.75 0.0040561 1.73493e+06
4.875 0.0040561 1.63265e+06
5 0.0040561 1.62178e+06
5.07031 0.0040561 1.62073e+06
5.14062 0.0040561 1.621e+06
5.21094 0.0040561 1.62154e+06
5.28125 0.0040561 1.62216e+06
5.35156 0.0040561 1.62282e+06
5.42188 0.0040561 1.62359e+06
5.5625 0.0040561 1.62482e+06
5.70312 0.0040561 1.62616e+06
5.84375 0.0040561 1.6275e+06
5.98438 0.0040561 1.62884e+06
6.125 0.0040561 1.63018e+06
6.26562 0.0040561 1.63151e+06
6.40625 0.0040561 1.63285e+06
6.54688 0.0040561 1.63419e+06
6.6875 0.0040561 1.63552e+06
6.82812 0.0040561 1.63686e+06
6.96875 0.0040561 1.63819e+06
7.10938 0.0040561 1.63953e+06
7.25 0.0040561 1.64086e+06
7.39062 0.0040561 1.64219e+06
7.53125 0.0040561 1.64353e+06
7.67188 0.0040561 1.64486e+06
7.8125 0.0040561 1.64619e+06
7.95312 0.0040561 1.64752e+06
8.09375 0.0040561 1.64885e+06
8.23438 0.0040561 1.65018e+06
8.375 0.0040561 1.6515e+06
8.51562 0.0040561 1.65283e+06
8.65625 0.0040561 1.65416e+06
8.79688 0.0040561 1.65548e+06
8.9375 0.0040561 1.65681e+06
9.07812 0.0040561 1.65813e+06
9.21875 0.0040561 1.65946e+06
9.35938 0.0040561 1.66081e+06
9.5 0.0040561 1.66229e+06
9.75 0.0040561 1.66373e+06
10 0.0040561 1.66437e+06
0 0.0043681 191316
0.25 0.0043681 192112
0.5 0.0043681 192842
0.75 0.0043681 194164
1 0.0043681 195548
1.25 0.0043681 196907
1.5 0.0043681 198171
1.7 0.0043681 198889
1.85 0.0043681 198633
2.1 0.0043681 200040
2.35 0.0043681 202057
2.6 0.0043681 204145
2.85 0.0043681 206307
3.1 0.0043681 208500
3.35 0.0043681 209981
3.6 0.0043681 191387
3.85 0.0043681 235043
4 0.0043681 651183
4.125 0.0043681 657875
4.25 0.0043681 606713
4.375 0.0043681 515870
4.5 0.0043681 621051
4.625 0.0043681 1.72277e+06
4.75 0.0043681 1.73435e+06
4.875 0.0043681 1.63264e+06
5 0.0043681 1.62178e+06
5.07031 0.0043681 1.62073e+06
5.14062 0.0043681 1.62101e+06
5.21094 0.0043681 1.62154e+06
5.28125 0.0043681 1.62216e+06
5.35156 0.0043681 1.62282e+06
5.42188 0.0043681 1.6236e+06
5.5625 0.0043681 1.62482e+06
5.70312 0.0043681 1.62616e+06
5.84375 0.0043681 1.6275e+06
5.98438 0.0043681 1.62884e+06
6.125 0.0043681 1.63018e+06
6.26562 0.0043681 1.63151e+06
6.40625 0.0043681 1.63285e+06
6.54688 0.0043681 1.63419e+06
6.6875 0.0043681 1.63552e+06
6.82812 0.0043681 1.63686e+06
6.96875 0.0043681 1.63819e+06
7.10938 0.0043681 1.63953e+06
7.25 0.0043681 1.64086e+06
7.39062 0.0043681 1.6422e+06
7.53125 0.0043681 1.64353e+06
7.67188 0.0043681 1.64486e+06
7.8125 0.0043681 1.64619e+06
7.95312 0.0043681 1.64752e+06
8.09375 0.0043681 1.64885e+06
8.23438 0.0043681 1.65018e+06
8.375 0.0043681 1.65151e+06
8.51562 0.0043681 1.65283e+06
8.65625 0.0043681 1.65416e+06
8.79688 0.0043681 1.65548e+06
8.9375 0.0043681 1.65681e+06
9.07812 0.0043681 1.65813e+06
9.21875 0.0043681 1.65946e+06
9.35938 0.0043681 1.66081e+06
9.5 0.0043681 1.66229e+06
9.75 0.0043681 1.66374e+06
10 0.0043681 1.66437e+06
0 0.0046801 188287
0.25 0.0046801 188970
0.5 0.0046801 189725
0.75 0.0046801 191088
1 0.0046801 192518
1.25 0.0046801 193923
1.5 0.0046801 195241
1.7 0.0046801 196079
1.85 0.0046801 196245
2.1 0.0046801 197874
2.35 0.0046801 200040
2.6 0.0046801 202295
2.85 0.0046801 204649
3.1 0.0046801 207076
3.35 0.0046801 208856
3.6 0.0046801 190558
3.85 0.0046801 234117
4 0.0046801 650245
4.125 0.0046801 657685
4.25 0.0046801 606774
4.375 0.0046801 516503
4.5 0.0046801 622339
4.625 0.0046801 1.72099e+06
4.75 0.0046801 1.73377e+06
4.875 0.0046801 1.63263e+06
5 0.0046801 1.62178e+06
5.07031 0.0046801 1.62074e+06
5.14062 0.0046801 1.62101e+06
5.21094 0.0046801 1.62154e+06
5.28125 0.0046801 1.62217e+06
5.35156 0.0046801 1.62282e+06
5.42188 0.0046801 1.6236e+06
5.5625 0.0046801 1.62482e+06
5.70312 0.0046801 1.62616e+06
5.84375 0.0046801 1.6275e+06
5.98438 0.0046801 1.62884e+06
6.125 0.0046801 1.63018e+06
6.26562 0.0046801 1.63152e+06
6.40625 0.0046801 1.63285e+06
6.54688 0.0046801 1.63419e+06
6.6875 0.0046801 1.63553e+06
6.82812 0.0046801 1.63686e+06
6.96875 0.0046801 1.6382e+06
7.10938 0.0046801 1.63953e+06
7.25 0.0046801 1.64086e+06
7.39062 0.0046801 1.6422e+06
7.53125 0.0046801 1.64353e+06
7.67188 0.0046801 1.64486e+06
7.8125 0.0046801 1.64619e+06
7.95312 0.0046801 1.64752e+06
8.09375 0.0046801 1.64885e+06
8.23438 0.0046801 1.65018e+06
8.375 0.0046801 1.65151e+06
8.51562 0.0046801 1.65283e+06
8.65625 0.0046801 1.65416e+06
8.79688 0.0046801 1.65548e+06
8.9375 0.0046801 1.65681e+06
9.07812 0.0046801 1.65813e+06
9.21875 0.0046801 1.65946e+06
9.35938 0.0046801 1.66081e+06
9.5 0.0046801 1.66229e+06
9.75 0.0046801 1.66374e+06
10 0.0046801 1.66437e+06
0 0.0049922 185874
0.25 0.0049922 186469
0.5 0.0049922 187246
0.75 0.0049922 188646
1 0.0049922 190115
1.25 0.0049922 191561
1.5 0.0049922 192926
1.7 0.0049922 193862
1.85 0.0049922 194360
2.1 0.0049922 196169
2.35 0.0049922 198456
2.6 0.0049922 200846
2.85 0.0049922 203355
3.1 0.0049922 205967
3.35 0.0049922 207982
3.6 0.0049922 189913
3.85 0.0049922 233349
4 0.0049922 649347
4.125 0.0049922 657498
4.25 0.0049922 606837
4.375 0.0049922 517150
4.5 0.0049922 623684
4.625 0.0049922 1.71924e+06
4.75 0.0049922 1.73319e+06
4.875 0.0049922 1.63262e+06
5 0.0049922 1.62178e+06
5.07031 0.0049922 1.62074e+06
5.14062 0.0049922 1.62101e+06
5.21094 0.0049922 1.62154e+06
5.28125 0.0049922 1.62217e+06
5.35156 0.0049922 1.62282e+06
5.42188 0.0049922 1.6236e+06
5.5625 0.0049922 1.62482e+06
5.70312 0.0049922 1.62616e+06
5.84375 0.0049922 1.6275e+06
5.98438 0.0049922 1.62884e+06
6.125 0.0049922 1.63018e+06
6.26562 0.0049922 1.63152e+06
6.40625 0.0049922 1.63285e+06
6.54688 0.0049922 1.63419e+06
6.6875 0.0049922 1.63553e+06
6.82812 0.0049922 1.63686e+06
6.96875 0.0049922 1.6382e+06
7.10938 0.0049922 1.63953e+06
7.25 0.0049922 1.64086e+06
7.39062 0.0049922 1.6422e+06
7.53125 0.0049922 1.64353e+06
7.67188 0.0049922 1.64486e+06
7.8125 0.0049922 1.64619e+06
7.95312 0.0049922 1.64752e+06
8.09375 0.0049922 1.64885e+06
8.23438 0.0049922 1.65018e+06
8.375 0.0049922 1.65151e+06
8.51562 0.0049922 1.65283e+06
8.65625 0.0049922 1.65416e+06
8.79688 0.0049922 1.65549e+06
8.9375 0.0049922 1.65681e+06
9.07812 0.0049922 1.65813e+06
9.21875 0.0049922 1.65946e+06
9.35938 0.0049922 1.66082e+06
9.5 0.0049922 1.66229e+06
9.75 0.0049922 1.66374e+06
10 0.0049922 1.66437e+06
0 0.0053042 183947
0.25 0.0053042 184474
0.5 0.0053042 185270
0.75 0.0053042 186702
1 0.0053042 188206
1.25 0.0053042 189688
1.5 0.0053042 191092
1.7 0.0053042 192109
1.85 0.0053042 192870
2.1 0.0053042 194823
2.35 0.0053042 197210
2.6 0.0053042 199709
2.85 0.0053042 202342
3.1 0.0053042 205102
3.35 0.0053042 207302
3.6 0.0053042 189416
3.85 0.0053042 232717
4 0.0053042 648483
4.125 0.0053042 657311
4.25 0.0053042 606901
4.375 0.0053042 517807
4.5 0.0053042 625069
4.625 0.0053042 1.71751e+06
4.75 0.0053042 1.73261e+06
4.875 0.0053042 1.63262e+06
5 0.0053042 1.62178e+06
5.07031 0.0053042 1.62074e+06
5.14062 0.0053042 1.62101e+06
5.21094 0.0053042 1.62154e+06
5.28125 0.0053042 1.62217e+06
5.35156 0.0053042 1.62282e+06
5.42188 0.0053042 1.6236e+06
5.5625 0.0053042 1.62483e+06
5.70312 0.0053042 1.62616e+06
5.84375 0.0053042 1.6275e+06
5.98438 0.0053042 1.62884e+06
6.125 0.0053042 1.63018e+06
6.26562 0.0053042 1.63152e+06
6.40625 0.0053042 1.63286e+06
6.54688 0.0053042 1.63419e+06
6.6875 0.0053042 1.63553e+06
6.82812 0.0053042 1.63686e+06
6.96875 0.0053042 1.6382e+06
7.10938 0.0053042 1.63953e+06
7.25 0.0053042 1.64087e+06
7.39062 0.0053042 1.6422e+06
7.53125 0.0053042 1.64353e+06
7.67188 0.0053042 1.64486e+06
7.8125 0.0053042 1.64619e+06
7.95312 0.0053042 1.64752e+06
8.09375 0.0053042 1.64885e+06
8.23438 0.0053042 1.65018e+06
8.375 0.0053042 1.65151e+06
8.51562 0.0053042 1.65284e+06
8.65625 0.0053042 1.65416e+06
8.79688 0.0053042 1.65549e+06
8.9375 0.0053042 1.65681e+06
9.07812 0.0053042 1.65813e+06
9.21875 0.0053042 1.65946e+06
9.35938 0.0053042 1.66082e+06
9.5 0.0053042 1.66229e+06
9.75 0.0053042 1.66374e+06
10 0.0053042 1.66437e+06
0 0.0056162 182405
0.25 0.0056162 182877
0.5 0.0056162 183690
0.75 0.0056162 185151
1 0.0056162 186685
1.25 0.0056162 188198
1.5 0.0056162 189637
1.7 0.0056162 190719
1.85 0.0056162 191690
2.1 0.0056162 193760
2.35 0.0056162 196227
2.6 0.0056162 198816
2.85 0.0056162 201549
3.1 0.0056162 204427
3.35 0.0056162 206773
3.6 0.0056162 189035
3.85 0.0056162 232202
4 0.0056162 647650
4.125 0.0056162 657125
4.25 0.0056162 606965
4.375 0.0056162 518470
4.5 0.0056162 626482
4.625 0.0056162 1.7158e+06
4.75 0.0056162 1.73204e+06
4.875 0.0056162 1.63261e+06
5 0.0056162 1.62178e+06
5.07031 0.0056162 1.62074e+06
5.14062 0.0056162 1.62101e+06
5.21094 0.0056162 1.62155e+06
5.28125 0.0056162 1.62217e+06
5.35156 0.0056162 1.62282e+06
5.42188 0.0056162 1.6236e+06
5.5625 0.0056162 1.62483e+06
5.70312 0.0056162 1.62617e+06
5.84375 0.0056162 1.6275e+06
5.98438 0.0056162 1.62884e+06
6.125 0.0056162 1.63018e+06
6.26562 0.0056162 1.63152e+06
6.40625 0.0056162 1.63286e+06
6.54688 0.0056162 1.63419e+06
6.6875 0.0056162 1.63553e+06
6.82812 0.0056162 1.63686e+06
6.96875 0.0056162 1.6382e+06
7.10938 0.0056162 1.63953e+06
7.25 0.0056162 1.64087e+06
7.39062 0.0056162 1.6422e+06
7.53125 0.0056162 1.64353e+06
7.67188 0.0056162 1.64486e+06
7.8125 0.0056162 1.64619e+06
7.95312 0.0056162 1.64753e+06
8.09375 0.0056162 1.64885e+06
8.23438 0.0056162 1.65018e+06
8.375 0.0056162 1.65151e+06
8.51562 0.0056162 1.65284e+06
8.65625 0.0056162 1.65416e+06
8.79688 0.0056162 1.65549e+06
8.9375 0.0056162 1.65681e+06
9.07812 0.0056162 1.65814e+06
9.21875 0.0056162 1.65946e+06
9.35938 0.0056162 1.66082e+06
9.5 0.0056162 1.66229e+06
9.75 0.0056162 1.66374e+06
10 0.0056162 1.66437e+06
0 0.0059282 181167
0.25 0.0059282 181597
0.5 0.0059282 182424
0.75 0.0059282 183910
1 0.0059282 185471
1.25 0.0059282 187012
1.5 0.0059282 188479
1.7 0.0059282 189615
1.85 0.0059282 190754
2.1 0.0059282 192919
2.35 0.0059282 195452
2.6 0.0059282 198113
2.85 0.0059282 200927
3.1 0.0059282 203899
3.35 0.0059282 206362
3.6 0.0059282 188747
3.85 0.0059282 231789
4 0.0059282 646845
4.125 0.0059282 656940
4.25 0.0059282 607030
4.375 0.0059282 519138
4.5 0.0059282 627915
4.625 0.0059282 1.7141e+06
4.75 0.0059282 1.73146e+06
4.875 0.0059282 1.6326e+06
5 0.0059282 1.62178e+06
5.07031 0.0059282 1.62074e+06
5.14062 0.0059282 1.62101e+06
5.21094 0.0059282 1.62155e+06
5.28125 0.0059282 1.62217e+06
5.35156 0.0059282 1.62283e+06
5.42188 0.0059282 1.6236e+06
5.5625 0.0059282 1.62483e+06
5.70312 0.0059282 1.62617e+06
5.84375 0.0059282 1.62751e+06
5.98438 0.0059282 1.62884e+06
6.125 0.0059282 1.63018e+06
6.26562 0.0059282 1.63152e+06
6.40625 0.0059282 1.63286e+06
6.54688 0.0059282 1.63419e+06
6.6875 0.0059282 1.63553e+06
6.82812 0.0059282 1.63687e+06
6.96875 0.0059282 1.6382e+06
7.10938 0.0059282 1.63954e+06
7.25 0.0059282 1.64087e+06
7.39062 0.0059282 1.6422e+06
7.53125 0.0059282 1.64353e+06
7.67188 0.0059282 1.64487e+06
7.8125 0.0059282 1.6462e+06
7.95312 0.0059282 1.64753e+06
8.09375 0.0059282 1.64886e+06
8.23438 0.0059282 1.65018e+06
8.375 0.0059282 1.65151e+06
8.51562 0.0059282 1.65284e+06
8.65625 0.0059282 1.65416e+06
8.79688 0.0059282 1.65549e+06
8.9375 0.0059282 1.65681e+06
9.07812 0.0059282 1.65814e+06
9.21875 0.0059282 1.65946e+06
9.35938 0.0059282 1.66082e+06
9.5 0.0059282 1.66229e+06
9.75 0.0059282 1.66374e+06
10 0.0059282 1.66437e+06
0 0.0062402 180173
0.25 0.0062402 180569
0.5 0.0062402 181409
0.75 0.0062402 182917
1 0.0062402 184501
1.25 0.0062402 186065
1.5 0.0062402 187557
1.7 0.0062402 188738
1.85 0.0062402 190010
2.1 0.0062402 192252
2.35 0.0062402 194841
2.6 0.0062402 197560
2.85 0.0062402 200440
3.1 0.0062402 203487
3.35 0.0062402 206041
3.6 0.0062402 188534
3.85 0.0062402 231463
4 0.0062402 646064
4.125 0.0062402 656756
4.25 0.0062402 607094
4.375 0.0062402 519808
4.5 0.0062402 629361
4.625 0.0062402 1.71241e+06
4.75 0.0062402 1.73089e+06
4.875 0.0062402 1.63259e+06
5 0.0062402 1.62178e+06
5.07031 0.0062402 1.62074e+06
5.14062 0.0062402 1.62101e+06
5.21094 0.0062402 1.62155e+06
5.28125 0.0062402 1.62217e+06
5.35156 0.0062402 1.62283e+06
5.42188 0.0062402 1.6236e+06
5.5625 0.0062402 1.62483e+06
5.70312 0.0062402 1.62617e+06
5.84375 0.0062402 1.62751e+06
5.98438 0.0062402 1.62885e+06
6.125 0.0062402 1.63018e+06
6.26562 0.0062402 1.63152e+06
6.40625 0.0062402 1.63286e+06
6.54688 0.0062402 1.6342e+06
6.6875 0.0062402 1.63553e+06
6.82812 0.0062402 1.63687e+06
6.96875 0.0062402 1.6382e+06
7.10938 0.0062402 1.63954e+06
7.25 0.0062402 1.64087e+06
7.39062 0.0062402 1.6422e+06
7.53125 0.0062402 1.64354e+06
7.67188 0.0062402 1.64487e+06
7.8125 0.0062402 1.6462e+06
7.95312 0.0062402 1.64753e+06
8.09375 0.0062402 1.64886e+06
8.23438 0.0062402 1.65019e+06
8.375 0.0062402 1.65151e+06
8.51562 0.0062402 1.65284e+06
8.65625 0.0062402 1.65417e+06
8.79688 0.0062402 1.65549e+06
8.9375 0.0062402 1.65681e+06
9.07812 0.0062402 1.65814e+06
9.21875 0.0062402 1.65946e+06
9.35938 0.0062402 1.66082e+06
9.5 0.0062402 1.66229e+06
9.75 0.0062402 1.66374e+06
10 0.0062402 1.66437e+06
0 0.0065522 179374
0.25 0.0065522 179743
0.5 0.0065522 180594
0.75 0.0065522 182120
1 0.0065522 183724
1.25 0.0065522 185308
1.5 0.0065522 186823
1.7 0.0065522 188040
1.85 0.0065522 189419
2.1 0.0065522 191724
2.35 0.0065522 194357
2.6 0.0065522 197125
2.85 0.0065522 200057
3.1 0.0065522 203164
3.35 0.0065522 205791
3.6 0.0065522 188381
3.85 0.0065522 231214
4 0.0065522 645305
4.125 0.0065522 656572
4.25 0.0065522 607160
4.375 0.0065522 520480
4.5 0.0065522 630814
4.625 0.0065522 1.71074e+06
4.75 0.0065522 1.73031e+06
4.875 0.0065522 1.63258e+06
5 0.0065522 1.62178e+06
5.07031 0.0065522 1.62074e+06
5.14062 0.0065522 1.62101e+06
5.21094 0.0065522 1.62155e+06
5.28125 0.0065522 1.62217e+06
5.35156 0.0065522 1.62283e+06
5.42188 0.0065522 1.6236e+06
5.5625 0.0065522 1.62483e+06
5.70312 0.0065522 1.62617e+06
5.84375 0.0065522 1.62751e+06
5.98438 0.0065522 1.62885e+06
6.125 0.0065522 1.63019e+06
6.26562 0.0065522 1.63152e+06
6.40625 0.0065522 1.63286e+06
6.54688 0.0065522 1.6342e+06
6.6875 0.0065522 1.63553e+06
6.82812 0.0065522 1.63687e+06
6.96875 0.0065522 1.6382e+06
7.10938 0.0065522 1.63954e+06
7.25 0.0065522 1.64087e+06
7.39062 0.0065522 1.6422e+06
7.53125 0.0065522 1.64354e+06
7.67188 0.0065522 1.64487e+06
7.8125 0.0065522 1.6462e+06
7.95312 0.0065522 1.64753e+06
8.09375 0.0065522 1.64886e+06
8.23438 0.0065522 1.65019e+06
8.375 0.0065522 1.65151e+06
8.51562 0.0065522 1.65284e+06
8.65625 0.0065522 1.65417e+06
8.79688 0.0065522 1.65549e+06
8.9375 0.0065522 1.65682e+06
9.07812 0.0065522 1.65814e+06
9.21875 0.0065522 1.65947e+06
9.35938 0.0065522 1.66082e+06
9.5 0.0065522 1.66229e+06
9.75 0.0065522 1.66374e+06
10 0.0065522 1.66437e+06
0 0.0068642 178731
0.25 0.0068642 179079
0.5 0.0068642 179939
0.75 0.0068642 181481
1 0.0068642 183102
1.25 0.0068642 184704
1.5 0.0068642 186236
1.7 0.0068642 187484
1.85 0.0068642 188949
2.1 0.0068642 191305
2.35 0.0068642 193975
2.6 0.0068642 196782
2.85 0.0068642 199756
3.1 0.0068642 202912
3.35 0.0068642 205597
3.6 0.0068642 188276
3.85 0.0068642 231032
4 0.0068642 644566
4.125 0.0068642 656389
4.25 0.0068642 607225
4.375 0.0068642 521154
4.5 0.0068642 632272
4.625 0.0068642 1.70907e+06
4.75 0.0068642 1.72974e+06
4.875 0.0068642 1.63256e+06
5 0.0068642 1.62178e+06
5.07031 0.0068642 1.62074e+06
5.14062 0.0068642 1.62101e+06
5.21094 0.0068642 1.62155e+06
5.28125 0.0068642 1.62217e+06
5.35156 0.0068642 1.62283e+06
5.42188 0.0068642 1.62361e+06
5.5625 0.0068642 1.62483e+06
5.70312 0.0068642 1.62617e+06
5.84375 0.0068642 1.62751e+06
5.98438 0.0068642 1.62885e+06
6.125 0.0068642 1.63019e+06
6.26562 0.0068642 1.63152e+06
6.40625 0.0068642 1.63286e+06
6.54688 0.0068642 1.6342e+06
6.6875 0.0068642 1.63553e+06
6.82812 0.0068642 1.63687e+06
6.96875 0.0068642 1.6382e+06
7.10938 0.0068642 1.63954e+06
7.25 0.0068642 1.64087e+06
7.39062 0.0068642 1.64221e+06
7.53125 0.0068642 1.64354e+06
7.67188 0.0068642 1.64487e+06
7.8125 0.0068642 1.6462e+06
7.95312 0.0068642 1.64753e+06
8.09375 0.0068642 1.64886e+06
8.23438 0.0068642 1.65019e+06
8.375 0.0068642 1.65152e+06
8.51562 0.0068642 1.65284e+06
8.65625 0.0068642 1.65417e+06
8.79688 0.0068642 1.65549e+06
8.9375 0.0068642 1.65682e+06
9.07812 0.0068642 1.65814e+06
9.21875 0.0068642 1.65947e+06
9.35938 0.0068642 1.66082e+06
9.5 0.0068642 1.66229e+06
9.75 0.0068642 1.66374e+06
10 0.0068642 1.66437e+06
0 0.0071762 178212
0.25 0.0071762 178544
0.5 0.0071762 179412
0.75 0.0071762 180968
1 0.0071762 182604
1.25 0.0071762 184220
1.5 0.0071762 185768
1.7 0.0071762 187041
1.85 0.0071762 188576
2.1 0.0071762 190973
2.35 0.0071762 193673
2.6 0.0071762 196511
2.85 0.0071762 199521
3.1 0.0071762 202715
3.35 0.0071762 205446
3.6 0.0071762 188211
3.85 0.0071762 230909
4 0.0071762 643844
4.125 0.0071762 656207
4.25 0.0071762 607291
4.375 0.0071762 521827
4.5 0.0071762 633731
4.625 0.0071762 1.70741e+06
4.75 0.0071762 1.72916e+06
4.875 0.0071762 1.63255e+06
5 0.0071762 1.62178e+06
5.07031 0.0071762 1.62074e+06
5.14062 0.0071762 1.62102e+06
5.21094 0.0071762 1.62155e+06
5.28125 0.0071762 1.62218e+06
5.35156 0.0071762 1.62283e+06
5.42188 0.0071762 1.62361e+06
5.5625 0.0071762 1.62483e+06
5.70312 0.0071762 1.62617e+06
5.84375 0.0071762 1.62751e+06
5.98438 0.0071762 1.62885e+06
6.125 0.0071762 1.63019e+06
6.26562 0.0071762 1.63153e+06
6.40625 0.0071762 1.63286e+06
6.54688 0.0071762 1.6342e+06
6.6875 0.0071762 1.63554e+06
6.82812 0.0071762 1.63687e+06
6.96875 0.0071762 1.63821e+06
7.10938 0.0071762 1.63954e+06
7.25 0.0071762 1.64087e+06
7.39062 0.0071762 1.64221e+06
7.53125 0.0071762 1.64354e+06
7.67188 0.0071762 1.64487e+06
7.8125 0.0071762 1.6462e+06
7.95312 0.0071762 1.64753e+06
8.09375 0.0071762 1.64886e+06
8.23438 0.0071762 1.65019e+06
8.375 0.0071762 1.65152e+06
8.51562 0.0071762 1.65284e+06
8.65625 0.0071762 1.65417e+06
8.79688 0.0071762 1.65549e+06
8.9375 0.0071762 1.65682e+06
9.07812 0.0071762 1.65814e+06
9.21875 0.0071762 1.65947e+06
9.35938 0.0071762 1.66082e+06
9.5 0.0071762 1.66229e+06
9.75 0.0071762 1.66374e+06
10 0.0071762 1.66437e+06
0 0.0074883 177795
0.25 0.0074883 178113
0.5 0.0074883 178988
0.75 0.0074883 180556
1 0.0074883 182204
1.25 0.0074883 183833
1.5 0.0074883 185395
1.7 0.0074883 186687
1.85 0.0074883 188278
2.1 0.0074883 190709
2.35 0.0074883 193434
2.6 0.0074883 196298
2.85 0.0074883 199335
3.1 0.0074883 202561
3.35 0.0074883 205328
3.6 0.0074883 188177
3.85 0.0074883 230838
4 0.0074883 643138
4.125 0.0074883 656025
4.25 0.0074883 607356
4.375 0.0074883 522501
4.5 0.0074883 635189
4.625 0.0074883 1.70576e+06
4.75 0.0074883 1.72859e+06
4.875 0.0074883 1.63254e+06
5 0.0074883 1.62178e+06
5.07031 0.0074883 1.62074e+06
5.14062 0.0074883 1.62102e+06
5.21094 0.0074883 1.62155e+06
5.28125 0.0074883 1.62218e+06
5.35156 0.0074883 1.62283e+06
5.42188 0.0074883 1.62361e+06
5.5625 0.0074883 1.62483e+06
5.70312 0.0074883 1.62617e+06
5.84375 0.0074883 1.62751e+06
5.98438 0.0074883 1.62885e+06
6.125 0.0074883 1.63019e+06
6.26562 0.0074883 1.63153e+06
6.40625 0.0074883 1.63286e+06
6.54688 0.0074883 1.6342e+06
6.6875 0.0074883 1.63554e+06
6.82812 0.0074883 1.63687e+06
6.96875 0.0074883 1.63821e+06
7.10938 0.0074883 1.63954e+06
7.25 0.0074883 1.64088e+06
7.39062 0.0074883 1.64221e+06
7.53125 0.0074883 1.64354e+06
7.67188 0.0074883 1.64487e+06
7.8125 0.0074883 1.6462e+06
7.95312 0.0074883 1.64753e+06
8.09375 0.0074883 1.64886e+06
8.23438 0.0074883 1.65019e+06
8.375 0.0074883 1.65152e+06
8.51562 0.0074883 1.65284e+06
8.65625 0.0074883 1.65417e+06
8.79688 0.0074883 1.6555e+06
8.9375 0.0074883 1.65682e+06
9.07812 0.0074883 1.65814e+06
9.21875 0.0074883 1.65947e+06
9.35938 0.0074883 1.66082e+06
9.5 0.0074883 1.66229e+06
9.75 0.0074883 1.66374e+06
10 0.0074883 1.66437e+06
0 0.0078003 177458
0.25 0.0078003 177766
0.5 0.0078003 178647
0.75 0.0078003 180224
1 0.0078003 181883
1.25 0.0078003 183523
1.5 0.0078003 185096
1.7 0.0078003 186406
1.85 0.0078003 188041
2.1 0.0078003 190500
2.35 0.0078003 193245
2.6 0.0078003 196130
2.85 0.0078003 199190
3.1 0.0078003 202441
3.35 0.0078003 205237
3.6 0.0078003 188169
3.85 0.0078003 230812
4 0.0078003 642447
4.125 0.0078003 655844
4.25 0.0078003 607423
4.375 0.0078003 523174
4.5 0.0078003 636646
4.625 0.0078003 1.70412e+06
4.75 0.0078003 1.72802e+06
4.875 0.0078003 1.63253e+06
5 0.0078003 1.62178e+06
5.07031 0.0078003 1.62075e+06
5.14062 0.0078003 1.62102e+06
5.21094 0.0078003 1.62155e+06
5.28125 0.0078003 1.62218e+06
5.35156 0.0078003 1.62283e+06
5.42188 0.0078003 1.62361e+06
5.5625 0.0078003 1.62484e+06
5.70312 0.0078003 1.62617e+06
5.84375 0.0078003 1.62751e+06
5.98438 0.0078003 1.62885e+06
6.125 0.0078003 1.63019e+06
6.26562 0.0078003 1.63153e+06
6.40625 0.0078003 1.63287e+06
6.54688 0.0078003 1.6342e+06
6.6875 0.0078003 1.63554e+06
6.82812 0.0078003 1.63687e+06
6.96875 0.0078003 1.63821e+06
7.10938 0.0078003 1.63954e+06
7.25 0.0078003 1.64088e+06
7.39062 0.0078003 1.64221e+06
7.53125 0.0078003 1.64354e+06
7.67188 0.0078003 1.64487e+06
7.8125 0.0078003 1.6462e+06
7.95312 0.0078003 1.64753e+06
8.09375 0.0078003 1.64886e+06
8.23438 0.0078003 1.65019e+06
8.375 0.0078003 1.65152e+06
8.51562 0.0078003 1.65285e+06
8.65625 0.0078003 1.65417e+06
8.79688 0.0078003 1.6555e+06
8.9375 0.0078003 1.65682e+06
9.07812 0.0078003 1.65814e+06
9.21875 0.0078003 1.65947e+06
9.35938 0.0078003 1.66083e+06
9.5 0.0078003 1.66229e+06
9.75 0.0078003 1.66374e+06
10 0.0078003 1.66437e+06
0 0.0081123 177187
0.25 0.0081123 177486
0.5 0.0081123 178372
0.75 0.0081123 179958
1 0.0081123 181626
1.25 0.0081123 183276
1.5 0.0081123 184858
1.7 0.0081123 186181
1.85 0.0081123 187853
2.1 0.0081123 190333
2.35 0.0081123 193095
2.6 0.0081123 195998
2.85 0.0081123 199076
3.1 0.0081123 202347
3.35 0.0081123 205167
3.6 0.0081123 188183
3.85 0.0081123 230825
4 0.0081123 641769
4.125 0.0081123 655663
4.25 0.0081123 607489
4.375 0.0081123 523846
4.5 0.0081123 638099
4.625 0.0081123 1.70249e+06
4.75 0.0081123 1.72745e+06
4.875 0.0081123 1.63251e+06
5 0.0081123 1.62178e+06
5.07031 0.0081123 1.62075e+06
5.14062 0.0081123 1.62102e+06
5.21094 0.0081123 1.62156e+06
5.28125 0.0081123 1.62218e+06
5.35156 0.0081123 1.62283e+06
5.42188 0.0081123 1.62361e+06
5.5625 0.0081123 1.62484e+06
5.70312 0.0081123 1.62618e+06
5.84375 0.0081123 1.62751e+06
5.98438 0.0081123 1.62885e+06
6.125 0.0081123 1.63019e+06
6.26562 0.0081123 1.63153e+06
6.40625 0.0081123 1.63287e+06
6.54688 0.0081123 1.6342e+06
6.6875 0.0081123 1.63554e+06
6.82812 0.0081123 1.63687e+06
6.96875 0.0081123 1.63821e+06
7.10938 0.0081123 1.63954e+06
7.25 0.0081123 1.64088e+06
7.39062 0.0081123 1.64221e+06
7.53125 0.0081123 1.64354e+06
7.67188 0.0081123 1.64487e+06
7.8125 0.0081123 1.64621e+06
7.95312 0.0081123 1.64754e+06
8.09375 0.0081123 1.64886e+06
8.23438 0.0081123 1.65019e+06
8.375 0.0081123 1.65152e+06
8.51562 0.0081123 1.65285e+06
8.65625 0.0081123 1.65417e+06
8.79688 0.0081123 1.6555e+06
8.9375 0.0081123 1.65682e+06
9.07812 0.0081123 1.65815e+06
9.21875 0.0081123 1.65947e+06
9.35938 0.0081123 1.66083e+06
9.5 0.0081123 1.66229e+06
9.75 0.0081123 1.66374e+06
10 0.0081123 1.66437e+06
0 0.0084243 176968
0.25 0.0084243 177260
0.5 0.0084243 178151
0.75 0.0084243 179744
1 0.0084243 181420
1.25 0.0084243 183077
1.5 0.0084243 184667
1.7 0.0084243 186003
1.85 0.0084243 187703
2.1 0.0084243 190202
2.35 0.0084243 192977
2.6 0.0084243 195894
2.85 0.0084243 198987
3.1 0.0084243 202273
3.35 0.0084243 205112
3.6 0.0084243 188215
3.85 0.0084243 230874
4 0.0084243 641102
4.125 0.0084243 655482
4.25 0.0084243 607555
4.375 0.0084243 524518
4.5 0.0084243 639549
4.625 0.0084243 1.70086e+06
4.75 0.0084243 1.72688e+06
4.875 0.0084243 1.6325e+06
5 0.0084243 1.62178e+06
5.07031 0.0084243 1.62075e+06
5.14062 0.0084243 1.62102e+06
5.21094 0.0084243 1.62156e+06
5.28125 0.0084243 1.62218e+06
5.35156 0.0084243 1.62284e+06
5.42188 0.0084243 1.62361e+06
5.5625 0.0084243 1.62484e+06
5.70312 0.0084243 1.62618e+06
5.84375 0.0084243 1.62752e+06
5.98438 0.0084243 1.62885e+06
6.125 0.0084243 1.63019e+06
6.26562 0.0084243 1.63153e+06
6.40625 0.0084243 1.63287e+06
6.54688 0.0084243 1.6342e+06
6.6875 0.0084243 1.63554e+06
6.82812 0.0084243 1.63688e+06
6.96875 0.0084243 1.63821e+06
7.10938 0.0084243 1.63955e+06
7.25 0.0084243 1.64088e+06
7.39062 0.0084243 1.64221e+06
7.53125 0.0084243 1.64354e+06
7.67188 0.0084243 1.64488e+06
7.8125 0.0084243 1.64621e+06
7.95312 0.0084243 1.64754e+06
8.09375 0.0084243 1.64887e+06
8.23438 0.0084243 1.65019e+06
8.375 0.0084243 1.65152e+06
8.51562 0.0084243 1.65285e+06
8.65625 0.0084243 1.65417e+06
8.79688 0.0084243 1.6555e+06
8.9375 0.0084243 1.65682e+06
9.07812 0.0084243 1.65815e+06
9.21875 0.0084243 1.65947e+06
9.35938 0.0084243 1.66083e+06
9.5 0.0084243 1.66229e+06
9.75 0.0084243 1.66374e+06
10 0.0084243 1.66437e+06
0 0.0087363 176792
0.25 0.0087363 177079
0.5 0.0087363 177973
0.75 0.0087363 179572
1 0.0087363 181254
1.25 0.0087363 182918
1.5 0.0087363 184515
1.7 0.0087363 185860
1.85 0.0087363 187584
2.1 0.0087363 190097
2.35 0.0087363 192884
2.6 0.0087363 195812
2.85 0.0087363 198917
3.1 0.0087363 202216
3.35 0.0087363 205070
3.6 0.0087363 188261
3.85 0.0087363 230953
4 0.0087363 640447
4.125 0.0087363 655302
4.25 0.0087363 607622
4.375 0.0087363 525188
4.5 0.0087363 640993
4.625 0.0087363 1.69924e+06
4.75 0.0087363 1.72631e+06
4.875 0.0087363 1.63249e+06
5 0.0087363 1.62178e+06
5.07031 0.0087363 1.62075e+06
5.14062 0.0087363 1.62102e+06
5.21094 0.0087363 1.62156e+06
5.28125 0.0087363 1.62218e+06
5.35156 0.0087363 1.62284e+06
5.42188 0.0087363 1.62361e+06
5.5625 0.0087363 1.62484e+06
5.70312 0.0087363 1.62618e+06
5.84375 0.0087363 1.62752e+06
5.98438 0.0087363 1.62886e+06
6.125 0.0087363 1.63019e+06
6.26562 0.0087363 1.63153e+06
6.40625 0.0087363 1.63287e+06
6.54688 0.0087363 1.63421e+06
6.6875 0.0087363 1.63554e+06
6.82812 0.0087363 1.63688e+06
6.96875 0.0087363 1.63821e+06
7.10938 0.0087363 1.63955e+06
7.25 0.0087363 1.64088e+06
7.39062 0.0087363 1.64221e+06
7.53125 0.0087363 1.64355e+06
7.67188 0.0087363 1.64488e+06
7.8125 0.0087363 1.64621e+06
7.95312 0.0087363 1.64754e+06
8.09375 0.0087363 1.64887e+06
8.23438 0.0087363 1.6502e+06
8.375 0.0087363 1.65152e+06
8.51562 0.0087363 1.65285e+06
8.65625 0.0087363 1.65418e+06
8.79688 0.0087363 1.6555e+06
8.9375 0.0087363 1.65682e+06
9.07812 0.0087363 1.65815e+06
9.21875 0.0087363 1.65947e+06
9.35938 0.0087363 1.66083e+06
9.5 0.0087363 1.6623e+06
9.75 0.0087363 1.66374e+06
10 0.0087363 1.66437e+06
0 0.0090483 176650
0.25 0.0090483 176932
0.5 0.0090483 177830
0.75 0.0090483 179434
1 0.0090483 181122
1.25 0.0090483 182791
1.5 0.0090483 184393
1.7 0.0090483 185747
1.85 0.0090483 187489
2.1 0.0090483 190015
2.35 0.0090483 192810
2.6 0.0090483 195748
2.85 0.0090483 198862
3.1 0.0090483 202172
3.35 0.0090483 205038
3.6 0.0090483 188319
3.85 0.0090483 231059
4 0.0090483 639801
4.125 0.0090483 655122
4.25 0.0090483 607689
4.375 0.0090483 525858
4.5 0.0090483 642434
4.625 0.0090483 1.69763e+06
4.75 0.0090483 1.72574e+06
4.875 0.0090483 1.63247e+06
5 0.0090483 1.62178e+06
5.07031 0.0090483 1.62075e+06
5.14062 0.0090483 1.62102e+06
5.21094 0.0090483 1.62156e+06
5.28125 0.0090483 1.62218e+06
5.35156 0.0090483 1.62284e+06
5.42188 0.0090483 1.62361e+06
5.5625 0.0090483 1.62484e+06
5.70312 0.0090483 1.62618e+06
5.84375 0.0090483 1.62752e+06
5.98438 0.0090483 1.62886e+06
6.125 0.0090483 1.6302e+06
6.26562 0.0090483 1.63153e+06
6.40625 0.0090483 1.63287e+06
6.54688 0.0090483 1.63421e+06
6.6875 0.0090483 1.63554e+06
6.82812 0.0090483 1.63688e+06
6.96875 0.0090483 1.63821e+06
7.10938 0.0090483 1.63955e+06
7.25 0.0090483 1.64088e+06
7.39062 0.0090483 1.64221e+06
7.53125 0.0090483 1.64355e+06
7.67188 0.0090483 1.64488e+06
7.8125 0.0090483 1.64621e+06
7.95312 0.0090483 1.64754e+06
8.09375 0.0090483 1.64887e+06
8.23438 0.0090483 1.6502e+06
8.375 0.0090483 1.65152e+06
8.51562 0.0090483 1.65285e+06
8.65625 0.0090483 1.65418e+06
8.79688 0.0090483 1.6555e+06
8.9375 0.0090483 1.65683e+06
9.07812 0.0090483 1.65815e+06
9.21875 0.0090483 1.65948e+06
9.35938 0.0090483 1.66083e+06
9.5 0.0090483 1.6623e+06
9.75 0.0090483 1.66374e+06
10 0.0090483 1.66437e+06
0 0.0093603 176535
0.25 0.0093603 176814
0.5 0.0093603 177715
0.75 0.0093603 179323
1 0.0093603 181015
1.25 0.0093603 182689
1.5 0.0093603 184296
1.7 0.0093603 185656
1.85 0.0093603 187414
2.1 0.0093603 189949
2.35 0.0093603 192752
2.6 0.0093603 195697
2.85 0.0093603 198819
3.1 0.0093603 202137
3.35 0.0093603 205013
3.6 0.0093603 188387
3.85 0.0093603 231190
4 0.0093603 639164
4.125 0.0093603 654943
4.25 0.0093603 607756
4.375 0.0093603 526527
4.5 0.0093603 643869
4.625 0.0093603 1.69602e+06
4.75 0.0093603 1.72518e+06
4.875 0.0093603 1.63246e+06
5 0.0093603 1.62178e+06
5.07031 0.0093603 1.62075e+06
5.14062 0.0093603 1.62102e+06
5.21094 0.0093603 1.62156e+06
5.28125 0.0093603 1.62218e+06
5.35156 0.0093603 1.62284e+06
5.42188 0.0093603 1.62362e+06
5.5625 0.0093603 1.62484e+06
5.70312 0.0093603 1.62618e+06
5.84375 0.0093603 1.62752e+06
5.98438 0.0093603 1.62886e+06
6.125 0.0093603 1.6302e+06
6.26562 0.0093603 1.63153e+06
6.40625 0.0093603 1.63287e+06
6.54688 0.0093603 1.63421e+06
6.6875 0.0093603 1.63554e+06
6.82812 0.0093603 1.63688e+06
6.96875 0.0093603 1.63821e+06
7.10938 0.0093603 1.63955e+06
7.25 0.0093603 1.64088e+06
7.39062 0.0093603 1.64222e+06
7.53125 0.0093603 1.64355e+06
7.67188 0.0093603 1.64488e+06
7.8125 0.0093603 1.64621e+06
7.95312 0.0093603 1.64754e+06
8.09375 0.0093603 1.64887e+06
8.23438 0.0093603 1.6502e+06
8.375 0.0093603 1.65153e+06
8.51562 0.0093603 1.65285e+06
8.65625 0.0093603 1.65418e+06
8.79688 0.0093603 1.6555e+06
8.9375 0.0093603 1.65683e+06
9.07812 0.0093603 1.65815e+06
9.21875 0.0093603 1.65948e+06
9.35938 0.0093603 1.66083e+06
9.5 0.0093603 1.6623e+06
9.75 0.0093603 1.66374e+06
10 0.0093603 1.66437e+06
0 0.0096724 176443
0.25 0.0096724 176719
0.5 0.0096724 177622
0.75 0.0096724 179233
1 0.0096724 180930
1.25 0.0096724 182608
1.5 0.0096724 184219
1.7 0.0096724 185585
1.85 0.0096724 187354
2.1 0.0096724 189897
2.35 0.0096724 192706
2.6 0.0096724 195657
2.85 0.0096724 198786
3.1 0.0096724 202111
3.35 0.0096724 204995
3.6 0.0096724 188464
3.85 0.0096724 231341
4 0.0096724 638535
4.125 0.0096724 654763
4.25 0.0096724 607824
4.375 0.0096724 527194
4.5 0.0096724 645299
4.625 0.0096724 1.69442e+06
4.75 0.0096724 1.72461e+06
4.875 0.0096724 1.63244e+06
5 0.0096724 1.62178e+06
5.07031 0.0096724 1.62075e+06
5.14062 0.0096724 1.62102e+06
5.21094 0.0096724 1.62156e+06
5.28125 0.0096724 1.62219e+06
5.35156 0.0096724 1.62284e+06
5.42188 0.0096724 1.62362e+06
5.5625 0.0096724 1.62484e+06
5.70312 0.0096724 1.62618e+06
5.84375 0.0096724 1.62752e+06
5.98438 0.0096724 1.62886e+06
6.125 0.0096724 1.6302e+06
6.26562 0.0096724 1.63154e+06
6.40625 0.0096724 1.63287e+06
6.54688 0.0096724 1.63421e+06
6.6875 0.0096724 1.63555e+06
6.82812 0.0096724 1.63688e+06
6.96875 0.0096724 1.63822e+06
7.10938 0.0096724 1.63955e+06
7.25 0.0096724 1.64088e+06
7.39062 0.0096724 1.64222e+06
7.53125 0.0096724 1.64355e+06
7.67188 0.0096724 1.64488e+06
7.8125 0.0096724 1.64621e+06
7.95312 0.0096724 1.64754e+06
8.09375 0.0096724 1.64887e+06
8.23438 0.0096724 1.6502e+06
8.375 0.0096724 1.65153e+06
8.51562 0.0096724 1.65285e+06
8.65625 0.0096724 1.65418e+06
8.79688 0.0096724 1.6555e+06
8.9375 0.0096724 1.65683e+06
9.07812 0.0096724 1.65815e+06
9.21875 0.0096724 1.65948e+06
9.35938 0.0096724 1.66083e+06
9.5 0.0096724 1.6623e+06
9.75 0.0096724 1.66374e+06
10 0.0096724 1.66437e+06
0 0.0099844 176369
0.25 0.0099844 176643
0.5 0.0099844 177548
0.75 0.0099844 179162
1 0.0099844 180861
1.25 0.0099844 182542
1.5 0.0099844 184157
1.7 0.0099844 185528
1.85 0.0099844 187306
2.1 0.0099844 189856
2.35 0.0099844 192670
2.6 0.0099844 195626
2.85 0.0099844 198760
3.1 0.0099844 202090
3.35 0.0099844 204981
3.6 0.0099844 188547
3.85 0.0099844 231511
4 0.0099844 637914
4.125 0.0099844 654585
4.25 0.0099844 607892
4.375 0.0099844 527860
4.5 0.0099844 646723
4.625 0.0099844 1.69282e+06
4.75 0.0099844 1.72404e+06
4.875 0.0099844 1.63242e+06
5 0.0099844 1.62178e+06
5.07031 0.0099844 1.62075e+06
5.14062 0.0099844 1.62103e+06
5.21094 0.0099844 1.62156e+06
5.28125 0.0099844 1.62219e+06
5.35156 0.0099844 1.62284e+06
5.42188 0.0099844 1.62362e+06
5.5625 0.0099844 1.62484e+06
5.70312 0.0099844 1.62618e+06
5.84375 0.0099844 1.62752e+06
5.98438 0.0099844 1.62886e+06
6.125 0.0099844 1.6302e+06
6.26562 0.0099844 1.63154e+06
6.40625 0.0099844 1.63287e+06
6.54688 0.0099844 1.63421e+06
6.6875 0.0099844 1.63555e+06
6.82812 0.0099844 1.63688e+06
6.96875 0.0099844 1.63822e+06
7.10938 0.0099844 1.63955e+06
7.25 0.0099844 1.64089e+06
7.39062 0.0099844 1.64222e+06
7.53125 0.0099844 1.64355e+06
7.67188 0.0099844 1.64488e+06
7.8125 0.0099844 1.64621e+06
7.95312 0.0099844 1.64754e+06
8.09375 0.0099844 1.64887e+06
8.23438 0.0099844 1.6502e+06
8.375 0.0099844 1.65153e+06
8.51562 0.0099844 1.65285e+06
8.65625 0.0099844 1.65418e+06
8.79688 0.0099844 1.65551e+06
8.9375 0.0099844 1.65683e+06
9.07812 0.0099844 1.65815e+06
9.21875 0.0099844 1.65948e+06
9.35938 0.0099844 1.66083e+06
9.5 0.0099844 1.6623e+06
9.75 0.0099844 1.66374e+06
10 0.0099844 1.66437e+06
