0.0000000000e+00 0.0000000000e+00
1.9000000000e-04 0.0000000000e+00
5.0000000000e-04 0.0000000000e+00
6.9000000000e-04 0.0000000000e+00
1.0000000000e-03 0.0000000000e+00
1.0000000000e-03 -6.4059957395e-02
1.1900000000e-03 -6.4336251785e-02
1.5000000000e-03 -6.4802758016e-02
1.6900000000e-03 -6.5079120921e-02
2.0000000000e-03 -6.5545742962e-02
2.1900000000e-03 -6.5822201016e-02
2.5000000000e-03 -6.6288983646e-02
2.6900000000e-03 -6.6565551056e-02
3.0000000000e-03 -6.7032518455e-02
3.1900000000e-03 -6.7309203703e-02
3.5000000000e-03 -6.7776370001e-02
3.6900000000e-03 -6.8053178481e-02
4.0000000000e-03 -6.8520552848e-02
4.1900000000e-03 -6.8797488241e-02
4.5000000000e-03 -6.9265076957e-02
4.6900000000e-03 -6.9542142053e-02
5.0000000000e-03 -7.0009949766e-02
5.1900000000e-03 -7.0287146574e-02
5.5000000000e-03 -7.0755176738e-02
5.6900000000e-03 -7.1032506709e-02
6.0000000000e-03 -7.1500761710e-02
6.1900000000e-03 -7.1778225996e-02
6.5000000000e-03 -7.2246707845e-02
6.6900000000e-03 -7.2524307154e-02
7.0000000000e-03 -7.2993016917e-02
7.1900000000e-03 -7.3270751694e-02
7.5000000000e-03 -7.3739690314e-02
7.6900000000e-03 -7.4017560784e-02
8.0000000000e-03 -7.4486728512e-02
8.1900000000e-03 -7.4764734636e-02
8.5000000000e-03 -7.5234131472e-02
8.6900000000e-03 -7.5512273103e-02
9.0000000000e-03 -7.5981898733e-02
9.1900000000e-03 -7.6260175497e-02
9.5000000000e-03 -7.6730029293e-02
9.6900000000e-03 -7.7008440708e-02
1.0000000000e-02 -7.7478521916e-02
1.0190000000e-02 -7.7757067386e-02
1.0500000000e-02 -7.8227375002e-02
1.0690000000e-02 -7.8506053858e-02
1.1000000000e-02 -7.8976586688e-02
1.1190000000e-02 -7.9255398112e-02
1.1500000000e-02 -7.9726154837e-02
1.1690000000e-02 -8.0005098047e-02
1.2000000000e-02 -8.0476077286e-02
1.2190000000e-02 -8.0755151389e-02
1.2500000000e-02 -8.1226351634e-02
1.2690000000e-02 -8.1505555664e-02
1.3000000000e-02 -8.1976975409e-02
1.3190000000e-02 -8.2256308436e-02
1.3500000000e-02 -8.2727945920e-02
1.3690000000e-02 -8.3007406939e-02
1.4000000000e-02 -8.3479260595e-02
1.4190000000e-02 -8.3758848602e-02
1.4500000000e-02 -8.4230916669e-02
1.4690000000e-02 -8.4510630623e-02
1.5000000000e-02 -8.4982911406e-02
1.5190000000e-02 -8.5262750265e-02
1.5500000000e-02 -8.5735242006e-02
1.5690000000e-02 -8.6015204766e-02
1.6000000000e-02 -8.6487905644e-02
1.6190000000e-02 -8.6767991262e-02
1.6500000000e-02 -8.7240899644e-02
1.6690000000e-02 -8.7521107117e-02
1.7000000000e-02 -8.7994221244e-02
1.7190000000e-02 -8.8274549493e-02
1.7500000000e-02 -8.8747867606e-02
1.7690000000e-02 -8.9028315665e-02
1.8000000000e-02 -8.9501836069e-02
1.8190000000e-02 -8.9782402933e-02
1.8500000000e-02 -9.0256123932e-02
1.8690000000e-02 -9.0536808596e-02
1.9000000000e-02 -9.1010728558e-02
1.9190000000e-02 -9.1291530056e-02
1.9500000000e-02 -9.1765647346e-02
1.9690000000e-02 -9.2046564785e-02
2.0000000000e-02 -9.2520877709e-02
2.0190000000e-02 -9.2801910047e-02
2.0500000000e-02 -9.3276417097e-02
2.0690000000e-02 -9.3557563516e-02
2.1000000000e-02 -9.4032263186e-02
2.1190000000e-02 -9.4313522756e-02
2.1500000000e-02 -9.4788413411e-02
2.1690000000e-02 -9.5069785202e-02
2.2000000000e-02 -9.5544865462e-02
2.2190000000e-02 -9.5826348693e-02
2.2500000000e-02 -9.6301617051e-02
2.2690000000e-02 -9.6583210829e-02
2.3000000000e-02 -9.7058665902e-02
2.3190000000e-02 -9.7340369447e-02
2.3500000000e-02 -9.7816009790e-02
2.3690000000e-02 -9.8097822246e-02
2.4000000000e-02 -9.8573646542e-02
2.4190000000e-02 -9.8855567164e-02
2.4500000000e-02 -9.9331574093e-02
2.4690000000e-02 -9.9613602138e-02
2.5000000000e-02 -1.0008979070e-01
2.5190000000e-02 -1.0037192546e-01
2.5500000000e-02 -1.0084829370e-01
2.5690000000e-02 -1.0113053409e-01
2.6000000000e-02 -1.0160708132e-01
2.6190000000e-02 -1.0188942736e-01
2.6500000000e-02 -1.0236615232e-01
2.6690000000e-02 -1.0264860251e-01
2.7000000000e-02 -1.0312550395e-01
2.7190000000e-02 -1.0340805829e-01
2.7500000000e-02 -1.0388513495e-01
2.7690000000e-02 -1.0416779232e-01
2.8000000000e-02 -1.0464504295e-01
2.8190000000e-02 -1.0492780298e-01
2.8500000000e-02 -1.0540522758e-01
2.8690000000e-02 -1.0568808953e-01
2.9000000000e-02 -1.0616568558e-01
2.9190000000e-02 -1.0644864907e-01
2.9500000000e-02 -1.0692641658e-01
2.9690000000e-02 -1.0720948050e-01
3.0000000000e-02 -1.0768741821e-01
3.0190000000e-02 -1.0797058256e-01
3.0500000000e-02 -1.0844868921e-01
3.0690000000e-02 -1.0873195287e-01
3.1000000000e-02 -1.0921022784e-01
3.1190000000e-02 -1.0949359082e-01
3.1500000000e-02 -1.0997203284e-01
3.1690000000e-02 -1.1025549439e-01
3.2000000000e-02 -1.1073410346e-01
3.2190000000e-02 -1.1101766284e-01
3.2500000000e-02 -1.1149643646e-01
3.2690000000e-02 -1.1178009367e-01
3.3000000000e-02 -1.1225903246e-01
3.3190000000e-02 -1.1254278638e-01
3.3500000000e-02 -1.1302188909e-01
3.3690000000e-02 -1.1330573972e-01
3.4000000000e-02 -1.1378500509e-01
3.4190000000e-02 -1.1406895168e-01
3.4500000000e-02 -1.1454837972e-01
3.4690000000e-02 -1.1483242190e-01
3.5000000000e-02 -1.1531201072e-01
3.5190000000e-02 -1.1559614813e-01
3.5500000000e-02 -1.1607589772e-01
3.5690000000e-02 -1.1636012961e-01
3.6000000000e-02 -1.1684003935e-01
3.6190000000e-02 -1.1712436571e-01
3.6500000000e-02 -1.1760443498e-01
3.6690000000e-02 -1.1788885545e-01
3.7000000000e-02 -1.1836908235e-01
3.7190000000e-02 -1.1865359581e-01
3.7500000000e-02 -1.1913398098e-01
3.7690000000e-02 -1.1941858780e-01
3.8000000000e-02 -1.1989912998e-01
3.8190000000e-02 -1.2018382905e-01
3.8500000000e-02 -1.2066452760e-01
3.8690000000e-02 -1.2094931929e-01
3.9000000000e-02 -1.2143017360e-01
3.9190000000e-02 -1.2171505680e-01
3.9500000000e-02 -1.2219606560e-01
3.9690000000e-02 -1.2248104067e-01
4.0000000000e-02 -1.2296220460e-01
4.0190000000e-02 -1.2324727043e-01
4.0500000000e-02 -1.2372858823e-01
4.0690000000e-02 -1.2401374482e-01
4.1000000000e-02 -1.2449521586e-01
4.1190000000e-02 -1.2478046320e-01
4.1500000000e-02 -1.2526208623e-01
4.1690000000e-02 -1.2554742359e-01
4.2000000000e-02 -1.2602919923e-01
4.2190000000e-02 -1.2631462586e-01
4.2500000000e-02 -1.2679655286e-01
4.2690000000e-02 -1.2708206913e-01
4.3000000000e-02 -1.2756414749e-01
4.3190000000e-02 -1.2784975303e-01
4.3500000000e-02 -1.2833198086e-01
4.3690000000e-02 -1.2861767493e-01
4.4000000000e-02 -1.2910005349e-01
4.4190000000e-02 -1.2938583571e-01
4.4500000000e-02 -1.2986836249e-01
4.4690000000e-02 -1.3015423324e-01
4.5000000000e-02 -1.3063690949e-01
4.5190000000e-02 -1.3092286765e-01
4.5500000000e-02 -1.3140569212e-01
4.5690000000e-02 -1.3169173806e-01
4.6000000000e-02 -1.3217471012e-01
4.6190000000e-02 -1.3246084310e-01
4.6500000000e-02 -1.3294396212e-01
4.6690000000e-02 -1.3323018177e-01
4.7000000000e-02 -1.3371344712e-01
4.7190000000e-02 -1.3399975344e-01
4.7500000000e-02 -1.3448316574e-01
4.7690000000e-02 -1.3476955836e-01
4.8000000000e-02 -1.3525311574e-01
4.8190000000e-02 -1.3553959466e-01
4.8500000000e-02 -1.3602329712e-01
4.8690000000e-02 -1.3630986121e-01
4.9000000000e-02 -1.3679370874e-01
4.9190000000e-02 -1.3708035876e-01
4.9500000000e-02 -1.3756435074e-01
4.9690000000e-02 -1.3785108557e-01
5.0000000000e-02 -1.3833522074e-01
5.0190000000e-02 -1.3862204037e-01
5.0500000000e-02 -1.3910631937e-01
5.0690000000e-02 -1.3939322381e-01
5.1000000000e-02 -1.3987764537e-01
5.1190000000e-02 -1.4016463424e-01
5.1500000000e-02 -1.4064919774e-01
5.1690000000e-02 -1.4093627031e-01
5.2000000000e-02 -1.4142097637e-01
5.2190000000e-02 -1.4170813300e-01
5.2500000000e-02 -1.4219298037e-01
5.2690000000e-02 -1.4248022069e-01
5.3000000000e-02 -1.4296520937e-01
5.3190000000e-02 -1.4325253264e-01
5.3500000000e-02 -1.4373766137e-01
5.3690000000e-02 -1.4402506759e-01
5.4000000000e-02 -1.4451033700e-01
5.4190000000e-02 -1.4479782616e-01
5.4500000000e-02 -1.4528323500e-01
5.4690000000e-02 -1.4557080674e-01
5.5000000000e-02 -1.4605635500e-01
5.5190000000e-02 -1.4634400894e-01
5.5500000000e-02 -1.4682969600e-01
5.5690000000e-02 -1.4711743215e-01
5.6000000000e-02 -1.4760325737e-01
5.6190000000e-02 -1.4789107498e-01
5.6500000000e-02 -1.4837703837e-01
5.6690000000e-02 -1.4866493744e-01
5.7000000000e-02 -1.4915103900e-01
5.7190000000e-02 -1.4943901953e-01
5.7500000000e-02 -1.4992525800e-01
5.7690000000e-02 -1.5021331961e-01
5.8000000000e-02 -1.5069969437e-01
5.8190000000e-02 -1.5098783633e-01
5.8500000000e-02 -1.5147434800e-01
5.8690000000e-02 -1.5176257104e-01
5.9000000000e-02 -1.5224921900e-01
5.9190000000e-02 -1.5253752202e-01
5.9500000000e-02 -1.5302430500e-01
5.9690000000e-02 -1.5331268836e-01
6.0000000000e-02 -1.5379960700e-01
6.0190000000e-02 -1.5408806996e-01
6.0500000000e-02 -1.5457512300e-01
6.0690000000e-02 -1.5486366556e-01
6.1000000000e-02 -1.5535085300e-01
6.1190000000e-02 -1.5563947479e-01
6.1500000000e-02 -1.5612679663e-01
6.1690000000e-02 -1.5641549802e-01
6.2000000000e-02 -1.5690295300e-01
6.2190000000e-02 -1.5719173287e-01
6.2500000000e-02 -1.5767932100e-01
6.2690000000e-02 -1.5796817973e-01
6.3000000000e-02 -1.5845590100e-01
6.3190000000e-02 -1.5874483821e-01
6.3500000000e-02 -1.5923269200e-01
6.3690000000e-02 -1.5952170733e-01
6.4000000000e-02 -1.6000969300e-01
6.4190000000e-02 -1.6029878607e-01
6.4500000000e-02 -1.6078690363e-01
6.4690000000e-02 -1.6107607481e-01
6.5000000000e-02 -1.6156432363e-01
6.5190000000e-02 -1.6185357217e-01
6.5500000000e-02 -1.6234195163e-01
6.5690000000e-02 -1.6263127754e-01
6.6000000000e-02 -1.6311978763e-01
6.6190000000e-02 -1.6340919054e-01
6.6500000000e-02 -1.6389783063e-01
6.6690000000e-02 -1.6418731053e-01
6.7000000000e-02 -1.6467608063e-01
6.7190000000e-02 -1.6496563716e-01
6.7500000000e-02 -1.6545453663e-01
6.7690000000e-02 -1.6574416941e-01
6.8000000000e-02 -1.6623319763e-01
6.8190000000e-02 -1.6652290666e-01
6.8500000000e-02 -1.6701206363e-01
6.8690000000e-02 -1.6730184892e-01
6.9000000000e-02 -1.6779113400e-01
6.9190000000e-02 -1.6808099480e-01
6.9500000000e-02 -1.6857040800e-01
6.9690000000e-02 -1.6886034430e-01
7.0000000000e-02 -1.6934988500e-01
7.0190000000e-02 -1.6963989644e-01
7.0500000000e-02 -1.7012956463e-01
7.0690000000e-02 -1.7041965158e-01
7.1000000000e-02 -1.7090944600e-01
7.1190000000e-02 -1.7119960734e-01
7.1500000000e-02 -1.7168952863e-01
7.1690000000e-02 -1.7197976473e-01
7.2000000000e-02 -1.7246981163e-01
7.2190000000e-02 -1.7276012250e-01
7.2500000000e-02 -1.7325029563e-01
7.2690000000e-02 -1.7354068052e-01
7.3000000000e-02 -1.7403097863e-01
7.3190000000e-02 -1.7432143754e-01
7.3500000000e-02 -1.7481186063e-01
7.3690000000e-02 -1.7510239319e-01
7.4000000000e-02 -1.7559294063e-01
7.4190000000e-02 -1.7588354684e-01
7.4500000000e-02 -1.7637421863e-01
7.4690000000e-02 -1.7666489811e-01
7.5000000000e-02 -1.7715569363e-01
7.5190000000e-02 -1.7744644639e-01
7.5500000000e-02 -1.7793736563e-01
7.5690000000e-02 -1.7822819130e-01
7.6000000000e-02 -1.7871923363e-01
7.6190000000e-02 -1.7901013183e-01
7.6500000000e-02 -1.7950129663e-01
7.6690000000e-02 -1.7979226773e-01
7.7000000000e-02 -1.8028355500e-01
7.7190000000e-02 -1.8057459789e-01
7.7500000000e-02 -1.8106600763e-01
7.7690000000e-02 -1.8135712268e-01
7.8000000000e-02 -1.8184865363e-01
7.8190000000e-02 -1.8213984084e-01
7.8500000000e-02 -1.8263149363e-01
7.8690000000e-02 -1.8292275226e-01
7.9000000000e-02 -1.8341452500e-01
7.9190000000e-02 -1.8370585505e-01
7.9500000000e-02 -1.8419774900e-01
7.9690000000e-02 -1.8448915009e-01
8.0000000000e-02 -1.8498116463e-01
8.0190000000e-02 -1.8527263677e-01
8.0500000000e-02 -1.8576477063e-01
8.0690000000e-02 -1.8605631344e-01
8.1000000000e-02 -1.8654856663e-01
8.1190000000e-02 -1.8684018011e-01
8.1500000000e-02 -1.8733255263e-01
8.1690000000e-02 -1.8762423641e-01
8.2000000000e-02 -1.8811672763e-01
8.2190000000e-02 -1.8840848171e-01
8.2500000000e-02 -1.8890109163e-01
8.2690000000e-02 -1.8919291527e-01
8.3000000000e-02 -1.8968564263e-01
8.3190000000e-02 -1.8997753620e-01
8.3500000000e-02 -1.9047038163e-01
8.3690000000e-02 -1.9076234476e-01
8.4000000000e-02 -1.9125530700e-01
8.4190000000e-02 -1.9154733894e-01
8.4500000000e-02 -1.9204041863e-01
8.4690000000e-02 -1.9233252013e-01
8.5000000000e-02 -1.9282571600e-01
8.5190000000e-02 -1.9311788594e-01
8.5500000000e-02 -1.9361119863e-01
8.5690000000e-02 -1.9390343738e-01
8.6000000000e-02 -1.9439686500e-01
8.6190000000e-02 -1.9468917182e-01
8.6500000000e-02 -1.9518271563e-01
8.6690000000e-02 -1.9547509089e-01
8.7000000000e-02 -1.9596874963e-01
8.7190000000e-02 -1.9626119259e-01
8.7500000000e-02 -1.9675496563e-01
8.7690000000e-02 -1.9704747666e-01
8.8000000000e-02 -1.9754136463e-01
8.8190000000e-02 -1.9783394298e-01
8.8500000000e-02 -1.9832794400e-01
8.8690000000e-02 -1.9862058968e-01
8.9000000000e-02 -1.9911470500e-01
8.9190000000e-02 -1.9940741763e-01
8.9500000000e-02 -1.9990164600e-01
8.9690000000e-02 -2.0019442521e-01
9.0000000000e-02 -2.0068876663e-01
9.0190000000e-02 -2.0098161280e-01
9.0500000000e-02 -2.0147606663e-01
9.0690000000e-02 -2.0176897901e-01
9.1000000000e-02 -2.0226354463e-01
9.1190000000e-02 -2.0255652321e-01
9.1500000000e-02 -2.0305120063e-01
9.1690000000e-02 -2.0334424505e-01
9.2000000000e-02 -2.0383903363e-01
9.2190000000e-02 -2.0413214389e-01
9.2500000000e-02 -2.0462704300e-01
9.2690000000e-02 -2.0492021836e-01
9.3000000000e-02 -2.0541522863e-01
9.3190000000e-02 -2.0570846945e-01
9.3500000000e-02 -2.0620358963e-01
9.3690000000e-02 -2.0649689554e-01
9.4000000000e-02 -2.0699212563e-01
9.4190000000e-02 -2.0728549626e-01
9.4500000000e-02 -2.0778083500e-01
9.4690000000e-02 -2.0807426999e-01
9.5000000000e-02 -2.0856971800e-01
9.5190000000e-02 -2.0886321733e-01
9.5500000000e-02 -2.0935877400e-01
9.5690000000e-02 -2.0965233731e-01
9.6000000000e-02 -2.1014800200e-01
9.6190000000e-02 -2.1044162892e-01
9.6500000000e-02 -2.1093740163e-01
9.6690000000e-02 -2.1123109252e-01
9.7000000000e-02 -2.1172697200e-01
9.7190000000e-02 -2.1202072576e-01
9.7500000000e-02 -2.1251671263e-01
9.7690000000e-02 -2.1281052962e-01
9.8000000000e-02 -2.1330662200e-01
9.8190000000e-02 -2.1360050185e-01
9.8500000000e-02 -2.1409670100e-01
9.8690000000e-02 -2.1439064297e-01
9.9000000000e-02 -2.1488694763e-01
9.9190000000e-02 -2.1518095209e-01
9.9500000000e-02 -2.1567736163e-01
9.9690000000e-02 -2.1597142821e-01
1.0000000000e-01 -2.1646794200e-01
1.0019000000e-01 -2.1676206995e-01
1.0050000000e-01 -2.1725868863e-01
1.0069000000e-01 -2.1755287833e-01
1.0100000000e-01 -2.1804960063e-01
1.0119000000e-01 -2.1834385133e-01
1.0150000000e-01 -2.1884067663e-01
1.0169000000e-01 -2.1913498833e-01
1.0200000000e-01 -2.1963191663e-01
1.0219000000e-01 -2.1992628896e-01
1.0250000000e-01 -2.2042331900e-01
1.0269000000e-01 -2.2071775159e-01
1.0300000000e-01 -2.2121488400e-01
1.0319000000e-01 -2.2150937647e-01
1.0350000000e-01 -2.2200661000e-01
1.0369000000e-01 -2.2230116236e-01
1.0400000000e-01 -2.2279849700e-01
1.0419000000e-01 -2.2309310850e-01
1.0450000000e-01 -2.2359054300e-01
1.0469000000e-01 -2.2388521364e-01
1.0500000000e-01 -2.2438274863e-01
1.0519000000e-01 -2.2467747841e-01
1.0550000000e-01 -2.2517511200e-01
1.0569000000e-01 -2.2546989981e-01
1.0600000000e-01 -2.2596763200e-01
1.0619000000e-01 -2.2626247821e-01
1.0650000000e-01 -2.2676030900e-01
1.0669000000e-01 -2.2705521249e-01
1.0700000000e-01 -2.2755314063e-01
1.0719000000e-01 -2.2784810215e-01
1.0750000000e-01 -2.2834612700e-01
1.0769000000e-01 -2.2864114506e-01
1.0800000000e-01 -2.2913926663e-01
1.0819000000e-01 -2.2943434197e-01
1.0850000000e-01 -2.2993255900e-01
1.0869000000e-01 -2.3022769013e-01
1.0900000000e-01 -2.3072600200e-01
1.0919000000e-01 -2.3102118930e-01
1.0950000000e-01 -2.3151959600e-01
1.0969000000e-01 -2.3181483872e-01
1.1000000000e-01 -2.3231333963e-01
1.1019000000e-01 -2.3260863777e-01
1.1050000000e-01 -2.3310723100e-01
1.1069000000e-01 -2.3340258345e-01
1.1100000000e-01 -2.3390126963e-01
1.1119000000e-01 -2.3419667676e-01
1.1150000000e-01 -2.3469545400e-01
1.1169000000e-01 -2.3499091469e-01
1.1200000000e-01 -2.3548978363e-01
1.1219000000e-01 -2.3578529788e-01
1.1250000000e-01 -2.3628425600e-01
1.1269000000e-01 -2.3657982307e-01
1.1300000000e-01 -2.3707887163e-01
1.1319000000e-01 -2.3737449152e-01
1.1350000000e-01 -2.3787362800e-01
1.1369000000e-01 -2.3816929922e-01
1.1400000000e-01 -2.3866852363e-01
1.1419000000e-01 -2.3896424693e-01
1.1450000000e-01 -2.3946355800e-01
1.1469000000e-01 -2.3975933189e-01
1.1500000000e-01 -2.4025872900e-01
1.1519000000e-01 -2.4055455310e-01
1.1550000000e-01 -2.4105403500e-01
1.1569000000e-01 -2.4134990932e-01
1.1600000000e-01 -2.4184947600e-01
1.1619000000e-01 -2.4214539904e-01
1.1650000000e-01 -2.4264504800e-01
1.1669000000e-01 -2.4294101977e-01
1.1700000000e-01 -2.4344075163e-01
1.1719000000e-01 -2.4373677175e-01
1.1750000000e-01 -2.4423658400e-01
1.1769000000e-01 -2.4453265099e-01
1.1800000000e-01 -2.4503254363e-01
1.1819000000e-01 -2.4532865749e-01
1.1850000000e-01 -2.4582862863e-01
1.1869000000e-01 -2.4612478861e-01
1.1900000000e-01 -2.4662483700e-01
1.1919000000e-01 -2.4692104199e-01
1.1950000000e-01 -2.4742116763e-01
1.1969000000e-01 -2.4771741725e-01
1.2000000000e-01 -2.4821761763e-01
1.2019000000e-01 -2.4851391115e-01
1.2050000000e-01 -2.4901418500e-01
1.2069000000e-01 -2.4931052129e-01
1.2100000000e-01 -2.4981086800e-01
1.2119000000e-01 -2.5010724633e-01
1.2150000000e-01 -2.5060766400e-01
1.2169000000e-01 -2.5090408361e-01
1.2200000000e-01 -2.5140457100e-01
1.2219000000e-01 -2.5170103116e-01
1.2250000000e-01 -2.5220158700e-01
1.2269000000e-01 -2.5249808659e-01
1.2300000000e-01 -2.5299870900e-01
1.2319000000e-01 -2.5329524690e-01
1.2350000000e-01 -2.5379593400e-01
1.2369000000e-01 -2.5409250947e-01
1.2400000000e-01 -2.5459326000e-01
1.2419000000e-01 -2.5488987229e-01
1.2450000000e-01 -2.5539068500e-01
1.2469000000e-01 -2.5568733225e-01
1.2500000000e-01 -2.5618820400e-01
1.2519000000e-01 -2.5648488585e-01
1.2550000000e-01 -2.5698581663e-01
1.2569000000e-01 -2.5728253195e-01
1.2600000000e-01 -2.5778351800e-01
1.2619000000e-01 -2.5808026531e-01
1.2650000000e-01 -2.5858130600e-01
1.2669000000e-01 -2.5887808381e-01
1.2700000000e-01 -2.5937917663e-01
1.2719000000e-01 -2.5967598457e-01
1.2750000000e-01 -2.6017712700e-01
1.2769000000e-01 -2.6047396321e-01
1.2800000000e-01 -2.6097515400e-01
1.2819000000e-01 -2.6127201736e-01
1.2850000000e-01 -2.6177325400e-01
1.2869000000e-01 -2.6207014303e-01
1.2900000000e-01 -2.6257142363e-01
1.2919000000e-01 -2.6286833758e-01
1.2950000000e-01 -2.6336965900e-01
1.2969000000e-01 -2.6366659564e-01
1.3000000000e-01 -2.6416795600e-01
1.3019000000e-01 -2.6446491421e-01
1.3050000000e-01 -2.6496631100e-01
1.3069000000e-01 -2.6526328967e-01
1.3100000000e-01 -2.6576472100e-01
1.3119000000e-01 -2.6606171827e-01
1.3150000000e-01 -2.6656318100e-01
1.3169000000e-01 -2.6686019538e-01
1.3200000000e-01 -2.6736168763e-01
1.3219000000e-01 -2.6765871838e-01
1.3250000000e-01 -2.6816023700e-01
1.3269000000e-01 -2.6845728151e-01
1.3300000000e-01 -2.6895882463e-01
1.3319000000e-01 -2.6925588253e-01
1.3350000000e-01 -2.6975744700e-01
1.3369000000e-01 -2.7005451606e-01
1.3400000000e-01 -2.7055610000e-01
1.3419000000e-01 -2.7085317947e-01
1.3450000000e-01 -2.7135478100e-01
1.3469000000e-01 -2.7165186866e-01
1.3500000000e-01 -2.7215348463e-01
1.3519000000e-01 -2.7245058010e-01
1.3550000000e-01 -2.7295220800e-01
1.3569000000e-01 -2.7324930942e-01
1.3600000000e-01 -2.7375094863e-01
1.3619000000e-01 -2.7404805526e-01
1.3650000000e-01 -2.7454970263e-01
1.3669000000e-01 -2.7484681372e-01
1.3700000000e-01 -2.7534846800e-01
1.3719000000e-01 -2.7564558170e-01
1.3750000000e-01 -2.7614724163e-01
1.3769000000e-01 -2.7644435830e-01
1.3800000000e-01 -2.7694602263e-01
1.3819000000e-01 -2.7724314153e-01
1.3850000000e-01 -2.7774480900e-01
1.3869000000e-01 -2.7804193013e-01
1.3900000000e-01 -2.7854360200e-01
1.3919000000e-01 -2.7884072462e-01
1.3950000000e-01 -2.7934239900e-01
1.3969000000e-01 -2.7963952423e-01
1.4000000000e-01 -2.8014120300e-01
1.4019000000e-01 -2.8043833009e-01
1.4050000000e-01 -2.8094001200e-01
1.4069000000e-01 -2.8123714057e-01
1.4100000000e-01 -2.8173882563e-01
1.4119000000e-01 -2.8203595309e-01
1.4150000000e-01 -2.8253763500e-01
1.4169000000e-01 -2.8283475279e-01
1.4200000000e-01 -2.8333641900e-01
1.4219000000e-01 -2.8363350554e-01
1.4250000000e-01 -2.8413511900e-01
1.4269000000e-01 -2.8443212408e-01
1.4300000000e-01 -2.8493360000e-01
1.4319000000e-01 -2.8523040645e-01
1.4350000000e-01 -2.8573154700e-01
1.4369000000e-01 -2.8602789036e-01
1.4400000000e-01 -2.8652824900e-01
1.4419000000e-01 -2.8682353599e-01
1.4450000000e-01 -2.8732211100e-01
1.4469000000e-01 -2.8761501705e-01
1.4500000000e-01 -2.8810957200e-01
1.4519000000e-01 -2.8839715118e-01
1.4550000000e-01 -2.8888271200e-01
1.4569000000e-01 -2.8915842371e-01
1.4600000000e-01 -2.8962394700e-01
1.4619000000e-01 -2.8987327131e-01
1.4650000000e-01 -2.9029424100e-01
1.4669000000e-01 -2.9048494772e-01
1.4700000000e-01 -2.9080694500e-01
1.4719000000e-01 -2.9086752804e-01
1.4750000000e-01 -2.9096981963e-01
1.4769000000e-01 -2.9074198843e-01
1.4800000000e-01 -2.9035730800e-01
1.4819000000e-01 -2.8949270842e-01
1.4850000000e-01 -2.8803288200e-01
1.4869000000e-01 -2.8577586826e-01
1.4900000000e-01 -2.8196503100e-01
1.4919000000e-01 -2.7673271991e-01
1.4950000000e-01 -2.6789826500e-01
1.4969000000e-01 -2.5665502612e-01
1.5000000000e-01 -2.3767146700e-01
1.5019000000e-01 -2.3029912256e-01
1.5050000000e-01 -2.1785134500e-01
1.5069000000e-01 -2.1265169706e-01
1.5100000000e-01 -2.0387239200e-01
1.5119000000e-01 -2.0006314330e-01
1.5150000000e-01 -1.9363144700e-01
1.5169000000e-01 -1.9080355322e-01
1.5200000000e-01 -1.8602881800e-01
1.5219000000e-01 -1.8394737917e-01
1.5250000000e-01 -1.8043299000e-01
1.5269000000e-01 -1.7895392083e-01
1.5300000000e-01 -1.7645659800e-01
1.5319000000e-01 -1.7548738914e-01
1.5350000000e-01 -1.7385093600e-01
1.5369000000e-01 -1.7332953666e-01
1.5400000000e-01 -1.7244918400e-01
1.5419000000e-01 -1.7233330611e-01
1.5450000000e-01 -1.7213765300e-01
1.5469000000e-01 -1.7239816743e-01
1.5500000000e-01 -1.7283803100e-01
1.5519000000e-01 -1.7345485735e-01
1.5550000000e-01 -1.7449633300e-01
1.5569000000e-01 -1.7545578119e-01
1.5600000000e-01 -1.7707575400e-01
1.5619000000e-01 -1.7836875222e-01
1.5650000000e-01 -1.8055190500e-01
1.5669000000e-01 -1.8217278418e-01
1.5700000000e-01 -1.8490954500e-01
1.5719000000e-01 -1.8685519701e-01
1.5750000000e-01 -1.9014031800e-01
1.5769000000e-01 -1.9240961059e-01
1.5800000000e-01 -1.9624118000e-01
1.5819000000e-01 -1.9883455656e-01
1.5850000000e-01 -2.0321332300e-01
1.5869000000e-01 -2.0613254104e-01
1.5900000000e-01 -2.1106147200e-01
1.5919000000e-01 -2.1430945775e-01
1.5950000000e-01 -2.1979349400e-01
1.5969000000e-01 -2.2337428698e-01
1.6000000000e-01 -2.2942024837e-01
1.6031000000e-01 -2.3603689289e-01
1.6050000000e-01 -2.3995567937e-01
1.6081000000e-01 -2.4715389718e-01
1.6100000000e-01 -2.5141712700e-01
1.6131000000e-01 -2.5921028462e-01
1.6150000000e-01 -2.6382587500e-01
1.6181000000e-01 -2.7223032967e-01
1.6200000000e-01 -2.7720796800e-01
1.6231000000e-01 -2.8624377860e-01
1.6250000000e-01 -2.9159534500e-01
1.6281000000e-01 -3.0128723548e-01
1.6300000000e-01 -3.0702737300e-01
1.6331000000e-01 -3.1740602613e-01
1.6350000000e-01 -3.2355290700e-01
1.6381000000e-01 -3.3465669712e-01
1.6400000000e-01 -3.4123304937e-01
1.6431000000e-01 -3.5311039250e-01
1.6450000000e-01 -3.6014489037e-01
1.6481000000e-01 -3.7285746670e-01
1.6500000000e-01 -3.8038664100e-01
1.6531000000e-01 -3.9401389097e-01
1.6550000000e-01 -4.0208479200e-01
1.6581000000e-01 -4.1673032860e-01
1.6600000000e-01 -4.2540432237e-01
1.6631000000e-01 -4.4120529765e-01
1.6650000000e-01 -4.5056361337e-01
1.6681000000e-01 -4.6770479782e-01
1.6700000000e-01 -4.7785686800e-01
1.6731000000e-01 -4.9659254453e-01
1.6750000000e-01 -5.0768897237e-01
1.6781000000e-01 -5.2837836832e-01
1.6800000000e-01 -5.4063190900e-01
1.6831000000e-01 -5.6379935519e-01
1.6850000000e-01 -5.7752055100e-01
1.6881000000e-01 -6.0396387598e-01
1.6900000000e-01 -6.1962525000e-01
1.6931000000e-01 -6.5062616314e-01
1.6950000000e-01 -6.6898682300e-01
1.6981000000e-01 -7.0676023943e-01
1.7000000000e-01 -7.2913199500e-01
1.7031000000e-01 -7.5382032290e-01
1.7050000000e-01 -7.6844227900e-01
1.7081000000e-01 -7.8400247103e-01
1.7100000000e-01 -7.9321818037e-01
1.7131000000e-01 -8.0282720823e-01
1.7150000000e-01 -8.0851826900e-01
1.7181000000e-01 -8.1442648358e-01
1.7200000000e-01 -8.1792569400e-01
1.7231000000e-01 -8.2160376730e-01
1.7250000000e-01 -8.2378215000e-01
1.7281000000e-01 -8.2614382240e-01
1.7300000000e-01 -8.2754255100e-01
1.7331000000e-01 -8.2913778417e-01
1.7350000000e-01 -8.3008258000e-01
1.7381000000e-01 -8.3123570751e-01
1.7400000000e-01 -8.3191866137e-01
1.7431000000e-01 -8.3281837203e-01
1.7450000000e-01 -8.3335123600e-01
1.7481000000e-01 -8.3410625438e-01
1.7500000000e-01 -8.3455342300e-01
1.7531000000e-01 -8.3522594678e-01
1.7550000000e-01 -8.3562425700e-01
1.7581000000e-01 -8.3624966165e-01
1.7600000000e-01 -8.3662006500e-01
1.7631000000e-01 -8.3721837172e-01
1.7650000000e-01 -8.3757272600e-01
1.7681000000e-01 -8.3815521937e-01
1.7700000000e-01 -8.3850020800e-01
1.7731000000e-01 -8.3907322617e-01
1.7750000000e-01 -8.3941260300e-01
1.7781000000e-01 -8.3997969626e-01
1.7800000000e-01 -8.4031556437e-01
1.7831000000e-01 -8.4087872173e-01
1.7850000000e-01 -8.4121225800e-01
1.7881000000e-01 -8.4177259233e-01
1.7900000000e-01 -8.4210445700e-01
1.7931000000e-01 -8.4266259696e-01
1.7950000000e-01 -8.4299316200e-01
1.7981000000e-01 -8.4354946684e-01
1.8000000000e-01 -8.4387894500e-01
1.8031000000e-01 -8.4443362448e-01
1.8050000000e-01 -8.4476214000e-01
1.8081000000e-01 -8.4531532286e-01
1.8100000000e-01 -8.4564295200e-01
1.8131000000e-01 -8.4619472178e-01
1.8150000000e-01 -8.4652151400e-01
1.8181000000e-01 -8.4707192973e-01
1.8200000000e-01 -8.4739792000e-01
1.8231000000e-01 -8.4794702564e-01
1.8250000000e-01 -8.4827224000e-01
1.8281000000e-01 -8.4882007387e-01
1.8300000000e-01 -8.4914453537e-01
1.8331000000e-01 -8.4969113075e-01
1.8350000000e-01 -8.5001485800e-01
1.8381000000e-01 -8.5056024504e-01
1.8400000000e-01 -8.5088325700e-01
1.8431000000e-01 -8.5142746458e-01
1.8450000000e-01 -8.5174977800e-01
1.8481000000e-01 -8.5229283439e-01
1.8500000000e-01 -8.5261446600e-01
1.8531000000e-01 -8.5315639820e-01
1.8550000000e-01 -8.5347736400e-01
1.8581000000e-01 -8.5401819839e-01
1.8600000000e-01 -8.5433851400e-01
1.8631000000e-01 -8.5487827696e-01
1.8650000000e-01 -8.5519795800e-01
1.8681000000e-01 -8.5573667402e-01
1.8700000000e-01 -8.5605573537e-01
1.8731000000e-01 -8.5659343021e-01
1.8750000000e-01 -8.5691188637e-01
1.8781000000e-01 -8.5744858451e-01
1.8800000000e-01 -8.5776645000e-01
1.8831000000e-01 -8.5830217468e-01
1.8850000000e-01 -8.5861946400e-01
1.8881000000e-01 -8.5915423846e-01
1.8900000000e-01 -8.5947096537e-01
1.8931000000e-01 -8.6000481410e-01
1.8950000000e-01 -8.6032099200e-01
1.8981000000e-01 -8.6085393636e-01
1.9000000000e-01 -8.6116957937e-01
1.9031000000e-01 -8.6170164197e-01
1.9050000000e-01 -8.6201676237e-01
1.9081000000e-01 -8.6254796456e-01
1.9100000000e-01 -8.6286257537e-01
1.9131000000e-01 -8.6339293913e-01
1.9150000000e-01 -8.6370705300e-01
1.9181000000e-01 -8.6423659779e-01
1.9200000000e-01 -8.6455022737e-01
1.9231000000e-01 -8.6507897456e-01
1.9250000000e-01 -8.6539213137e-01
1.9281000000e-01 -8.6592010105e-01
1.9300000000e-01 -8.6623279700e-01
1.9331000000e-01 -8.6676000801e-01
1.9350000000e-01 -8.6707225500e-01
1.9381000000e-01 -8.6759872618e-01
1.9400000000e-01 -8.6791053537e-01
1.9431000000e-01 -8.6843628619e-01
1.9450000000e-01 -8.6874766837e-01
1.9481000000e-01 -8.6927271704e-01
1.9500000000e-01 -8.6958368300e-01
1.9531000000e-01 -8.7010804648e-01
1.9550000000e-01 -8.7041860737e-01
1.9581000000e-01 -8.7094230388e-01
1.9600000000e-01 -8.7125246900e-01
1.9631000000e-01 -8.7177551486e-01
1.9650000000e-01 -8.7208529537e-01
1.9681000000e-01 -8.7260770817e-01
1.9700000000e-01 -8.7291711337e-01
1.9731000000e-01 -8.7343890881e-01
1.9750000000e-01 -8.7374794800e-01
1.9781000000e-01 -8.7426914115e-01
1.9800000000e-01 -8.7457782437e-01
1.9831000000e-01 -8.7509843219e-01
1.9850000000e-01 -8.7540676800e-01
1.9881000000e-01 -8.7592680431e-01
1.9900000000e-01 -8.7623480237e-01
1.9931000000e-01 -8.7675428224e-01
1.9950000000e-01 -8.7706195037e-01
1.9981000000e-01 -8.7758088824e-01
2.0000000000e-01 -8.7788823537e-01
2.0031000000e-01 -8.7840664506e-01
2.0050000000e-01 -8.7871367900e-01
2.0081000000e-01 -8.7923157370e-01
2.0100000000e-01 -8.7953830337e-01
2.0131000000e-01 -8.8005569690e-01
2.0150000000e-01 -8.8036212937e-01
2.0181000000e-01 -8.8087903428e-01
2.0200000000e-01 -8.8118517737e-01
2.0231000000e-01 -8.8170160623e-01
2.0250000000e-01 -8.8200746737e-01
2.0281000000e-01 -8.8252343211e-01
2.0300000000e-01 -8.8282901837e-01
2.0331000000e-01 -8.8334453093e-01
2.0350000000e-01 -8.8364984937e-01
2.0381000000e-01 -8.8416492167e-01
2.0400000000e-01 -8.8446997900e-01
2.0431000000e-01 -8.8498462109e-01
2.0450000000e-01 -8.8528942437e-01
2.0481000000e-01 -8.8580364756e-01
2.0500000000e-01 -8.8610820237e-01
2.0531000000e-01 -8.8662201734e-01
2.0550000000e-01 -8.8692633037e-01
2.0581000000e-01 -8.8743974779e-01
2.0600000000e-01 -8.8774382500e-01
2.0631000000e-01 -8.8825685304e-01
2.0650000000e-01 -8.8856070037e-01
2.0681000000e-01 -8.8907334970e-01
2.0700000000e-01 -8.8937697237e-01
2.0731000000e-01 -8.8988925242e-01
2.0750000000e-01 -8.9019265637e-01
2.0781000000e-01 -8.9070457592e-01
2.0800000000e-01 -8.9100776637e-01
2.0831000000e-01 -8.9151933297e-01
2.0850000000e-01 -8.9182231437e-01
2.0881000000e-01 -8.9233353806e-01
2.0900000000e-01 -8.9263631637e-01
2.0931000000e-01 -8.9314720343e-01
2.0950000000e-01 -8.9344978237e-01
2.0981000000e-01 -8.9396034222e-01
2.1000000000e-01 -8.9426272737e-01
2.1031000000e-01 -8.9477296630e-01
2.1050000000e-01 -8.9507516174e-01
2.1081000000e-01 -8.9558508790e-01
2.1100000000e-01 -8.9588709737e-01
2.1131000000e-01 -8.9639671768e-01
2.1150000000e-01 -8.9669854637e-01
2.1181000000e-01 -8.9720786648e-01
2.1200000000e-01 -8.9750951737e-01
2.1231000000e-01 -8.9801854544e-01
2.1250000000e-01 -8.9832002337e-01
2.1281000000e-01 -8.9882876380e-01
2.1300000000e-01 -8.9913007174e-01
2.1331000000e-01 -8.9963853207e-01
2.1350000000e-01 -8.9993967374e-01
2.1381000000e-01 -9.0044785961e-01
2.1400000000e-01 -9.0074883837e-01
2.1431000000e-01 -9.0125675481e-01
2.1450000000e-01 -9.0155757437e-01
2.1481000000e-01 -9.0206522641e-01
2.1500000000e-01 -9.0236588974e-01
2.1531000000e-01 -9.0287328366e-01
2.1550000000e-01 -9.0317379374e-01
2.1581000000e-01 -9.0368093393e-01
2.1600000000e-01 -9.0398129337e-01
2.1631000000e-01 -9.0448818423e-01
2.1650000000e-01 -9.0478839674e-01
2.1681000000e-01 -9.0529504329e-01
2.1700000000e-01 -9.0559511074e-01
2.1731000000e-01 -9.0610151738e-01
2.1750000000e-01 -9.0640144274e-01
2.1781000000e-01 -9.0690761387e-01
2.1800000000e-01 -9.0720739937e-01
2.1831000000e-01 -9.0771333812e-01
2.1850000000e-01 -9.0801298637e-01
2.1881000000e-01 -9.0851869715e-01
2.1900000000e-01 -9.0881821074e-01
2.1931000000e-01 -9.0932369731e-01
2.1950000000e-01 -9.0962307774e-01
2.1981000000e-01 -9.1012834387e-01
2.2000000000e-01 -9.1042759374e-01
2.2031000000e-01 -9.1093264257e-01
2.2050000000e-01 -9.1123176374e-01
2.2081000000e-01 -9.1173659841e-01
2.2100000000e-01 -9.1203559274e-01
2.2131000000e-01 -9.1254021639e-01
2.2150000000e-01 -9.1283908574e-01
2.2181000000e-01 -9.1334350088e-01
2.2200000000e-01 -9.1364224674e-01
2.2231000000e-01 -9.1414645714e-01
2.2250000000e-01 -9.1444508174e-01
2.2281000000e-01 -9.1494908991e-01
2.2300000000e-01 -9.1524759474e-01
2.2331000000e-01 -9.1575140256e-01
2.2350000000e-01 -9.1604978874e-01
2.2381000000e-01 -9.1655339873e-01
2.2400000000e-01 -9.1685166774e-01
2.2431000000e-01 -9.1735508304e-01
2.2450000000e-01 -9.1765323674e-01
2.2481000000e-01 -9.1815645861e-01
2.2500000000e-01 -9.1845449774e-01
2.2531000000e-01 -9.1895752868e-01
2.2550000000e-01 -9.1925545512e-01
2.2581000000e-01 -9.1975829764e-01
2.2600000000e-01 -9.2005611212e-01
2.2631000000e-01 -9.2055876749e-01
2.2650000000e-01 -9.2085647112e-01
2.2681000000e-01 -9.2135894184e-01
2.2700000000e-01 -9.2165653574e-01
2.2731000000e-01 -9.2215882246e-01
2.2750000000e-01 -9.2245630812e-01
2.2781000000e-01 -9.2295841333e-01
2.2800000000e-01 -9.2325579112e-01
2.2831000000e-01 -9.2375771608e-01
2.2850000000e-01 -9.2405498712e-01
2.2881000000e-01 -9.2455673309e-01
2.2900000000e-01 -9.2485389812e-01
2.2931000000e-01 -9.2535546698e-01
2.2950000000e-01 -9.2565252712e-01
2.2981000000e-01 -9.2615392013e-01
2.3000000000e-01 -9.2645087612e-01
2.3031000000e-01 -9.2695209391e-01
2.3050000000e-01 -9.2724894612e-01
2.3081000000e-01 -9.2774999057e-01
2.3100000000e-01 -9.2804674012e-01
2.3131000000e-01 -9.2854761186e-01
2.3150000000e-01 -9.2884425912e-01
2.3181000000e-01 -9.2934495941e-01
2.3200000000e-01 -9.2964150512e-01
2.3231000000e-01 -9.3014203458e-01
2.3250000000e-01 -9.3043847949e-01
2.3281000000e-01 -9.3093884001e-01
2.3300000000e-01 -9.3123518449e-01
2.3331000000e-01 -9.3173537607e-01
2.3350000000e-01 -9.3203162049e-01
2.3381000000e-01 -9.3253164376e-01
2.3400000000e-01 -9.3282778849e-01
2.3431000000e-01 -9.3332764470e-01
2.3450000000e-01 -9.3362369049e-01
2.3481000000e-01 -9.3412338090e-01
2.3500000000e-01 -9.3441932849e-01
2.3531000000e-01 -9.3491885247e-01
2.3550000000e-01 -9.3521470149e-01
2.3581000000e-01 -9.3571406029e-01
2.3600000000e-01 -9.3600981149e-01
2.3631000000e-01 -9.3650900575e-01
2.3650000000e-01 -9.3680465949e-01
2.3681000000e-01 -9.3730368920e-01
2.3700000000e-01 -9.3759924586e-01
2.3731000000e-01 -9.3809811291e-01
2.3750000000e-01 -9.3839357249e-01
2.3781000000e-01 -9.3889227562e-01
2.3800000000e-01 -9.3918763886e-01
2.3831000000e-01 -9.3968617933e-01
2.3850000000e-01 -9.3998144586e-01
2.3881000000e-01 -9.4047982367e-01
2.3900000000e-01 -9.4077499386e-01
2.3931000000e-01 -9.4127321026e-01
2.3950000000e-01 -9.4156828486e-01
2.3981000000e-01 -9.4206633860e-01
2.4000000000e-01 -9.4236131723e-01
2.4031000000e-01 -9.4285921020e-01
2.4050000000e-01 -9.4315409286e-01
2.4081000000e-01 -9.4365182379e-01
2.4100000000e-01 -9.4394661123e-01
2.4131000000e-01 -9.4444418076e-01
2.4150000000e-01 -9.4473887223e-01
2.4181000000e-01 -9.4523628035e-01
2.4200000000e-01 -9.4553087623e-01
2.4231000000e-01 -9.4602812169e-01
2.4250000000e-01 -9.4632262123e-01
2.4281000000e-01 -9.4681970214e-01
2.4300000000e-01 -9.4711410423e-01
2.4331000000e-01 -9.4761101620e-01
2.4350000000e-01 -9.4790531860e-01
2.4381000000e-01 -9.4840206226e-01
2.4400000000e-01 -9.4869626423e-01
2.4431000000e-01 -9.4919283769e-01
2.4450000000e-01 -9.4948693960e-01
2.4481000000e-01 -9.4998334349e-01
2.4500000000e-01 -9.5027734460e-01
2.4531000000e-01 -9.5077358018e-01
2.4550000000e-01 -9.5106748160e-01
2.4581000000e-01 -9.5156354824e-01
2.4600000000e-01 -9.5185734960e-01
2.4631000000e-01 -9.5235324729e-01
2.4650000000e-01 -9.5264694898e-01
2.4681000000e-01 -9.5314267961e-01
2.4700000000e-01 -9.5343628198e-01
2.4731000000e-01 -9.5393184492e-01
2.4750000000e-01 -9.5422534798e-01
2.4781000000e-01 -9.5472074324e-01
2.4800000000e-01 -9.5501414698e-01
2.4831000000e-01 -9.5550937518e-01
2.4850000000e-01 -9.5580268035e-01
2.4881000000e-01 -9.5629774212e-01
2.4900000000e-01 -9.5659094835e-01
2.4931000000e-01 -9.5708584369e-01
2.4950000000e-01 -9.5737895135e-01
2.4981000000e-01 -9.5787368026e-01
2.5000000000e-01 -9.5816668935e-01
2.5031000000e-01 -9.5866125183e-01
2.5050000000e-01 -9.5895416272e-01
2.5081000000e-01 -9.5944855940e-01
2.5100000000e-01 -9.5974137172e-01
2.5131000000e-01 -9.6023560197e-01
2.5150000000e-01 -9.6052831572e-01
2.5181000000e-01 -9.6102238080e-01
2.5200000000e-01 -9.6131499672e-01
2.5231000000e-01 -9.6180889537e-01
2.5250000000e-01 -9.6210141272e-01
2.5281000000e-01 -9.6259514556e-01
2.5300000000e-01 -9.6288756472e-01
2.5331000000e-01 -9.6338113176e-01
2.5350000000e-01 -9.6367345309e-01
2.5381000000e-01 -9.6416685370e-01
2.5400000000e-01 -9.6445907646e-01
2.5431000000e-01 -9.6495231190e-01
2.5450000000e-01 -9.6524443609e-01
2.5481000000e-01 -9.6573750510e-01
2.5500000000e-01 -9.6602953146e-01
2.5531000000e-01 -9.6652243467e-01
2.5550000000e-01 -9.6681436246e-01
2.5581000000e-01 -9.6730709924e-01
2.5600000000e-01 -9.6759892846e-01
2.5631000000e-01 -9.6809149881e-01
2.5650000000e-01 -9.6838322984e-01
2.5681000000e-01 -9.6887563375e-01
2.5700000000e-01 -9.6916726584e-01
2.5731000000e-01 -9.6965950332e-01
2.5750000000e-01 -9.6995103721e-01
2.5781000000e-01 -9.7044310827e-01
2.5800000000e-01 -9.7073454284e-01
2.5831000000e-01 -9.7122644621e-01
2.5850000000e-01 -9.7151778258e-01
2.5881000000e-01 -9.7200951952e-01
2.5900000000e-01 -9.7230075658e-01
2.5931000000e-01 -9.7279232584e-01
2.5950000000e-01 -9.7308346358e-01
2.5981000000e-01 -9.7357486578e-01
2.6000000000e-01 -9.7386590458e-01
2.6031000000e-01 -9.7435713846e-01
2.6050000000e-01 -9.7464807795e-01
2.6081000000e-01 -9.7513914415e-01
2.6100000000e-01 -9.7542998395e-01
2.6131000000e-01 -9.7592088184e-01
2.6150000000e-01 -9.7621162195e-01
2.6181000000e-01 -9.7670235152e-01
2.6200000000e-01 -9.7699299232e-01
2.6231000000e-01 -9.7748355295e-01
2.6250000000e-01 -9.7777409332e-01
2.6281000000e-01 -9.7826448438e-01
2.6300000000e-01 -9.7855492470e-01
2.6331000000e-01 -9.7904514744e-01
2.6350000000e-01 -9.7933548770e-01
2.6381000000e-01 -9.7982553961e-01
2.6400000000e-01 -9.8011577907e-01
2.6431000000e-01 -9.8060566204e-01
2.6450000000e-01 -9.8089580107e-01
2.6481000000e-01 -9.8138551322e-01
2.6500000000e-01 -9.8167555107e-01
2.6531000000e-01 -9.8216509239e-01
2.6550000000e-01 -9.8245502944e-01
2.6581000000e-01 -9.8294440056e-01
2.6600000000e-01 -9.8323423644e-01
2.6631000000e-01 -9.8372343548e-01
2.6650000000e-01 -9.8401316981e-01
2.6681000000e-01 -9.8450219740e-01
2.6700000000e-01 -9.8479182981e-01
2.6731000000e-01 -9.8528068532e-01
2.6750000000e-01 -9.8557021618e-01
2.6781000000e-01 -9.8605889961e-01
2.6800000000e-01 -9.8634832818e-01
2.6831000000e-01 -9.8683683890e-01
2.6850000000e-01 -9.8712616518e-01
2.6881000000e-01 -9.8761450193e-01
2.6900000000e-01 -9.8790372593e-01
2.6931000000e-01 -9.8839188996e-01
2.6950000000e-01 -9.8868101093e-01
2.6981000000e-01 -9.8916900037e-01
2.7000000000e-01 -9.8945801793e-01
2.7031000000e-01 -9.8994583340e-01
2.7050000000e-01 -9.9023474830e-01
2.7081000000e-01 -9.9072238855e-01
2.7100000000e-01 -9.9101119930e-01
2.7131000000e-01 -9.9149866433e-01
2.7150000000e-01 -9.9178737167e-01
2.7181000000e-01 -9.9227466148e-01
2.7200000000e-01 -9.9256326467e-01
2.7231000000e-01 -9.9305037800e-01
2.7250000000e-01 -9.9333887704e-01
2.7281000000e-01 -9.9382581390e-01
2.7300000000e-01 -9.9411420804e-01
2.7331000000e-01 -9.9460096779e-01
2.7350000000e-01 -9.9488925741e-01
2.7381000000e-01 -9.9537583943e-01
2.7400000000e-01 -9.9566402341e-01
2.7431000000e-01 -9.9615042769e-01
2.7450000000e-01 -9.9643850679e-01
2.7481000000e-01 -9.9692473207e-01
2.7500000000e-01 -9.9721270516e-01
2.7531000000e-01 -9.9769875208e-01
2.7550000000e-01 -9.9798661916e-01
2.7581000000e-01 -9.9847248584e-01
2.7600000000e-01 -9.9876024653e-01
2.7631000000e-01 -9.9924593359e-01
2.7650000000e-01 -9.9953358790e-01
2.7681000000e-01 -1.0000190947e+00
2.7700000000e-01 -1.0003066412e+00
2.7731000000e-01 -1.0007919633e+00
2.7750000000e-01 -1.0010794049e+00
2.7781000000e-01 -1.0015645512e+00
2.7800000000e-01 -1.0018518812e+00
2.7831000000e-01 -1.0023368453e+00
2.7850000000e-01 -1.0026240712e+00
2.7881000000e-01 -1.0031088469e+00
2.7900000000e-01 -1.0033959612e+00
2.7931000000e-01 -1.0038805548e+00
2.7950000000e-01 -1.0041675649e+00
2.7981000000e-01 -1.0046519764e+00
2.8000000000e-01 -1.0049388749e+00
2.8031000000e-01 -1.0054231043e+00
2.8050000000e-01 -1.0057098912e+00
2.8081000000e-01 -1.0061939321e+00
2.8100000000e-01 -1.0064806112e+00
2.8131000000e-01 -1.0069644637e+00
2.8150000000e-01 -1.0072510349e+00
2.8181000000e-01 -1.0077347053e+00
2.8200000000e-01 -1.0080211649e+00
2.8231000000e-01 -1.0085046469e+00
2.8250000000e-01 -1.0087909949e+00
2.8281000000e-01 -1.0092742885e+00
2.8300000000e-01 -1.0095605249e+00
2.8331000000e-01 -1.0100436301e+00
2.8350000000e-01 -1.0103297549e+00
2.8381000000e-01 -1.0108126717e+00
2.8400000000e-01 -1.0110986849e+00
2.8431000000e-01 -1.0115814133e+00
2.8450000000e-01 -1.0118673149e+00
2.8481000000e-01 -1.0123498486e+00
2.8500000000e-01 -1.0126356349e+00
2.8531000000e-01 -1.0131179801e+00
2.8550000000e-01 -1.0134036549e+00
2.8581000000e-01 -1.0138858055e+00
2.8600000000e-01 -1.0141713649e+00
2.8631000000e-01 -1.0146533208e+00
2.8650000000e-01 -1.0149387649e+00
2.8681000000e-01 -1.0154205324e+00
2.8700000000e-01 -1.0157058649e+00
2.8731000000e-01 -1.0161874314e+00
2.8750000000e-01 -1.0164726449e+00
2.8781000000e-01 -1.0169540167e+00
2.8800000000e-01 -1.0172391186e+00
2.8831000000e-01 -1.0177202957e+00
2.8850000000e-01 -1.0180052786e+00
2.8881000000e-01 -1.0184862610e+00
2.8900000000e-01 -1.0187711249e+00
2.8931000000e-01 -1.0192519063e+00
2.8950000000e-01 -1.0195366549e+00
2.8981000000e-01 -1.0200172354e+00
2.9000000000e-01 -1.0203018649e+00
2.9031000000e-01 -1.0207822444e+00
2.9050000000e-01 -1.0210667586e+00
2.9081000000e-01 -1.0215469371e+00
2.9100000000e-01 -1.0218313286e+00
2.9131000000e-01 -1.0223113062e+00
2.9150000000e-01 -1.0225955786e+00
2.9181000000e-01 -1.0230753489e+00
2.9200000000e-01 -1.0233594986e+00
2.9231000000e-01 -1.0238390679e+00
2.9250000000e-01 -1.0241230986e+00
2.9281000000e-01 -1.0246024607e+00
2.9300000000e-01 -1.0248863686e+00
2.9331000000e-01 -1.0253655234e+00
2.9350000000e-01 -1.0256493086e+00
2.9381000000e-01 -1.0261282499e+00
2.9400000000e-01 -1.0264119086e+00
2.9431000000e-01 -1.0268906489e+00
2.9450000000e-01 -1.0271741849e+00
2.9481000000e-01 -1.0276527054e+00
2.9500000000e-01 -1.0279361186e+00
2.9531000000e-01 -1.0284144319e+00
2.9550000000e-01 -1.0286977186e+00
2.9581000000e-01 -1.0291758121e+00
2.9600000000e-01 -1.0294589686e+00
2.9631000000e-01 -1.0299368548e+00
2.9650000000e-01 -1.0302198886e+00
2.9681000000e-01 -1.0306975487e+00
2.9700000000e-01 -1.0309804486e+00
2.9731000000e-01 -1.0314578952e+00
2.9750000000e-01 -1.0317406686e+00
2.9781000000e-01 -1.0322178954e+00
2.9800000000e-01 -1.0325005386e+00
2.9831000000e-01 -1.0329775393e+00
2.9850000000e-01 -1.0332600486e+00
2.9881000000e-01 -1.0337368295e+00
2.9900000000e-01 -1.0340192086e+00
2.9931000000e-01 -1.0344957571e+00
2.9950000000e-01 -1.0347779986e+00
2.9981000000e-01 -1.0352543273e+00
3.0000000000e-01 -1.0355364386e+00
3.0031000000e-01 -1.0360125349e+00
3.0050000000e-01 -1.0362945049e+00
3.0081000000e-01 -1.0367703688e+00
3.0100000000e-01 -1.0370522049e+00
3.0131000000e-01 -1.0375278364e+00
3.0150000000e-01 -1.0378095349e+00
3.0181000000e-01 -1.0382849278e+00
3.0200000000e-01 -1.0385664849e+00
3.0231000000e-01 -1.0390416391e+00
3.0250000000e-01 -1.0393230586e+00
3.0281000000e-01 -1.0397979742e+00
3.0300000000e-01 -1.0400792486e+00
3.0331000000e-01 -1.0405539255e+00
3.0350000000e-01 -1.0408350549e+00
3.0381000000e-01 -1.0413094806e+00
3.0400000000e-01 -1.0415904686e+00
3.0431000000e-01 -1.0420646557e+00
3.0450000000e-01 -1.0423454949e+00
3.0481000000e-01 -1.0428194244e+00
3.0500000000e-01 -1.0431001149e+00
3.0531000000e-01 -1.0435737932e+00
3.0550000000e-01 -1.0438543386e+00
3.0581000000e-01 -1.0443277657e+00
3.0600000000e-01 -1.0446081549e+00
3.0631000000e-01 -1.0450813245e+00
3.0650000000e-01 -1.0453615649e+00
3.0681000000e-01 -1.0458344770e+00
3.0700000000e-01 -1.0461145649e+00
3.0731000000e-01 -1.0465872133e+00
3.0750000000e-01 -1.0468671412e+00
3.0781000000e-01 -1.0473395195e+00
3.0800000000e-01 -1.0476192949e+00
3.0831000000e-01 -1.0480914094e+00
3.0850000000e-01 -1.0483710249e+00
3.0881000000e-01 -1.0488428756e+00
3.0900000000e-01 -1.0491223312e+00
3.0931000000e-01 -1.0495939056e+00
3.0950000000e-01 -1.0498732012e+00
3.0981000000e-01 -1.0503444993e+00
3.1000000000e-01 -1.0506236312e+00
3.1031000000e-01 -1.0510946529e+00
3.1050000000e-01 -1.0513736212e+00
3.1081000000e-01 -1.0518443666e+00
3.1100000000e-01 -1.0521231712e+00
3.1131000000e-01 -1.0525936340e+00
3.1150000000e-01 -1.0528722712e+00
3.1181000000e-01 -1.0533424576e+00
3.1200000000e-01 -1.0536209274e+00
3.1231000000e-01 -1.0540908250e+00
3.1250000000e-01 -1.0543691274e+00
3.1281000000e-01 -1.0548387424e+00
3.1300000000e-01 -1.0551168774e+00
3.1331000000e-01 -1.0555862098e+00
3.1350000000e-01 -1.0558641774e+00
3.1381000000e-01 -1.0563332272e+00
3.1400000000e-01 -1.0566110274e+00
3.1431000000e-01 -1.0570797945e+00
3.1450000000e-01 -1.0573574237e+00
3.1481000000e-01 -1.0578259082e+00
3.1500000000e-01 -1.0581033737e+00
3.1531000000e-01 -1.0585715756e+00
3.1550000000e-01 -1.0588488774e+00
3.1581000000e-01 -1.0593168093e+00
3.1600000000e-01 -1.0595939437e+00
3.1631000000e-01 -1.0600616055e+00
3.1650000000e-01 -1.0603385837e+00
3.1681000000e-01 -1.0608059817e+00
3.1700000000e-01 -1.0610828037e+00
3.1731000000e-01 -1.0615499568e+00
3.1750000000e-01 -1.0618266337e+00
3.1781000000e-01 -1.0622935607e+00
3.1800000000e-01 -1.0625701037e+00
3.1831000000e-01 -1.0630368485e+00
3.1850000000e-01 -1.0633132800e+00
3.1881000000e-01 -1.0637799055e+00
3.1900000000e-01 -1.0640562700e+00
3.1900000000e-01 0.0000000000e+00
3.1931000000e-01 0.0000000000e+00
3.1950000000e-01 0.0000000000e+00
3.1981000000e-01 0.0000000000e+00
3.2000000000e-01 0.0000000000e+00
