0.0000000000e+00 0.0000000000e+00
2.1000000000e-04 0.0000000000e+00
5.0000000000e-04 0.0000000000e+00
7.1000000000e-04 0.0000000000e+00
1.0000000000e-03 0.0000000000e+00
1.0000000000e-03 0.0000000000e+00
1.2100000000e-03 4.4743883551e+09
1.5000000000e-03 1.0639086540e+10
1.7100000000e-03 1.4873043260e+10
2.0000000000e-03 2.0706481413e+10
2.2100000000e-03 2.4714843123e+10
2.5000000000e-03 3.0237462703e+10
2.7100000000e-03 3.4033951754e+10
3.0000000000e-03 3.9264659167e+10
3.2100000000e-03 4.2861987471e+10
3.5000000000e-03 4.7818296907e+10
3.7100000000e-03 5.1228259173e+10
4.0000000000e-03 5.5926421005e+10
4.2100000000e-03 5.9159977888e+10
4.5000000000e-03 6.3615093520e+10
4.7100000000e-03 6.6682445426e+10
5.0000000000e-03 7.0908568693e+10
5.2100000000e-03 7.3819221306e+10
5.5000000000e-03 7.7829448810e+10
5.7100000000e-03 8.0592271754e+10
6.0000000000e-03 8.4398823928e+10
6.2100000000e-03 8.7022103007e+10
6.5000000000e-03 9.0636395789e+10
6.7100000000e-03 9.3127880172e+10
7.0000000000e-03 9.6560590077e+10
7.2100000000e-03 9.8927534647e+10
7.5000000000e-03 1.0218865723e+11
7.7100000000e-03 1.0443786027e+11
8.0000000000e-03 1.0753676223e+11
8.2100000000e-03 1.0967460121e+11
8.5000000000e-03 1.1262006881e+11
8.7100000000e-03 1.1465252956e+11
9.0000000000e-03 1.1745281055e+11
9.2100000000e-03 1.1938551892e+11
9.5000000000e-03 1.2204836329e+11
9.7100000000e-03 1.2388660740e+11
1.0000000000e-02 1.2641930277e+11
1.0210000000e-02 1.2816805954e+11
1.0500000000e-02 1.3057746124e+11
1.0710000000e-02 1.3224141699e+11
1.1000000000e-02 1.3453398230e+11
1.1210000000e-02 1.3611755207e+11
1.1500000000e-02 1.3829936393e+11
1.1710000000e-02 1.3980671043e+11
1.2000000000e-02 1.4188350415e+11
1.2210000000e-02 1.4331855415e+11
1.2500000000e-02 1.4529573994e+11
1.2710000000e-02 1.4666219943e+11
1.3000000000e-02 1.4854488274e+11
1.3210000000e-02 1.4984625120e+11
1.3500000000e-02 1.5163925411e+11
1.3710000000e-02 1.5287883883e+11
1.4000000000e-02 1.5458671749e+11
1.4210000000e-02 1.5576764323e+11
1.4500000000e-02 1.5739470344e+11
1.4710000000e-02 1.5851992550e+11
1.5000000000e-02 1.6007023839e+11
1.5210000000e-02 1.6114255222e+11
1.5500000000e-02 1.6261996993e+11
1.5710000000e-02 1.6364202170e+11
1.6000000000e-02 1.6505018888e+11
1.6210000000e-02 1.6602448346e+11
1.6500000000e-02 1.6736685183e+11
1.6710000000e-02 1.6829576034e+11
1.7000000000e-02 1.6957559736e+11
1.7210000000e-02 1.7046136769e+11
1.7500000000e-02 1.7168176990e+11
1.7710000000e-02 1.7252653135e+11
1.8000000000e-02 1.7369043185e+11
1.8210000000e-02 1.7449620269e+11
1.8500000000e-02 1.7560638280e+11
1.8710000000e-02 1.7637507701e+11
1.9000000000e-02 1.7743417434e+11
1.9210000000e-02 1.7816760747e+11
1.9500000000e-02 1.7917812229e+11
1.9710000000e-02 1.7987801612e+11
2.0000000000e-02 1.8084232066e+11
2.0210000000e-02 1.8151030907e+11
2.0500000000e-02 1.8243065562e+11
2.0710000000e-02 1.8306828964e+11
2.1000000000e-02 1.8394681457e+11
2.1210000000e-02 1.8455556658e+11
2.1500000000e-02 1.8539429794e+11
2.1710000000e-02 1.8597556589e+11
2.2000000000e-02 1.8677642974e+11
2.2210000000e-02 1.8733154133e+11
2.2500000000e-02 1.8809636695e+11
2.2710000000e-02 1.8862658261e+11
2.3000000000e-02 1.8935710775e+11
2.3210000000e-02 1.8986362564e+11
2.3500000000e-02 1.9056150054e+11
2.3710000000e-02 1.9104545956e+11
2.4000000000e-02 1.9171225218e+11
2.4210000000e-02 1.9217473358e+11
2.4500000000e-02 1.9281193481e+11
2.4710000000e-02 1.9325396687e+11
2.5000000000e-02 1.9386299403e+11
2.5210000000e-02 1.9428555454e+11
2.5500000000e-02 1.9486775308e+11
2.5710000000e-02 1.9527177107e+11
2.6000000000e-02 1.9582842156e+11
2.6210000000e-02 1.9621478063e+11
2.6500000000e-02 1.9674710104e+11
2.6710000000e-02 1.9711664146e+11
2.7000000000e-02 1.9762578951e+11
2.7210000000e-02 1.9797931078e+11
2.7500000000e-02 1.9846638799e+11
2.7710000000e-02 1.9880465005e+11
2.8000000000e-02 1.9927070289e+11
2.8210000000e-02 1.9959442952e+11
2.8500000000e-02 2.0004045521e+11
2.8710000000e-02 2.0035033362e+11
2.9000000000e-02 2.0077727952e+11
2.9210000000e-02 2.0107396494e+11
2.9500000000e-02 2.0148273384e+11
2.9710000000e-02 2.0176684954e+11
3.0000000000e-02 2.0215829958e+11
3.0210000000e-02 2.0243043771e+11
3.0500000000e-02 2.0280538532e+11
3.0710000000e-02 2.0306611111e+11
3.1000000000e-02 2.0342533390e+11
3.1210000000e-02 2.0367518315e+11
3.1500000000e-02 2.0401942164e+11
3.1710000000e-02 2.0425890701e+11
3.2000000000e-02 2.0458886521e+11
3.2210000000e-02 2.0481847246e+11
3.2500000000e-02 2.0513482079e+11
3.2710000000e-02 2.0535501336e+11
3.3000000000e-02 2.0565839037e+11
3.3210000000e-02 2.0586960986e+11
3.3500000000e-02 2.0616062395e+11
3.3710000000e-02 2.0636329007e+11
3.4000000000e-02 2.0664251895e+11
3.4210000000e-02 2.0683703166e+11
3.4500000000e-02 2.0710502637e+11
3.4710000000e-02 2.0729176670e+11
3.5000000000e-02 2.0754905337e+11
3.5210000000e-02 2.0772838384e+11
3.5500000000e-02 2.0797546079e+11
3.5710000000e-02 2.0814772710e+11
3.6000000000e-02 2.0838507121e+11
3.6210000000e-02 2.0855060224e+11
3.6500000000e-02 2.0877866664e+11
3.6710000000e-02 2.0893777570e+11
3.7000000000e-02 2.0915699148e+11
3.7210000000e-02 2.0930997676e+11
3.7500000000e-02 2.0952075590e+11
3.7710000000e-02 2.0966790253e+11
3.8000000000e-02 2.0987063616e+11
3.8210000000e-02 2.1001221415e+11
3.8500000000e-02 2.1020727600e+11
3.8710000000e-02 2.1034354357e+11
3.9000000000e-02 2.1053128884e+11
3.9210000000e-02 2.1066249202e+11
3.9500000000e-02 2.1084325968e+11
3.9710000000e-02 2.1096963272e+11
4.0000000000e-02 2.1114374494e+11
4.0210000000e-02 2.1126551032e+11
4.0500000000e-02 2.1143327421e+11
4.0710000000e-02 2.1155064472e+11
4.1000000000e-02 2.1171235347e+11
4.1210000000e-02 2.1182553141e+11
4.1500000000e-02 2.1198146431e+11
4.1710000000e-02 2.1209064314e+11
4.2000000000e-02 2.1224106499e+11
4.2210000000e-02 2.1234642850e+11
4.2500000000e-02 2.1249159425e+11
4.2710000000e-02 2.1259331696e+11
4.3000000000e-02 2.1273346651e+11
4.3210000000e-02 2.1283171581e+11
4.3500000000e-02 2.1296707920e+11
4.3710000000e-02 2.1306201406e+11
4.4000000000e-02 2.1319281146e+11
4.4210000000e-02 2.1328458328e+11
4.4500000000e-02 2.1341102272e+11
4.4710000000e-02 2.1349977618e+11
4.5000000000e-02 2.1362205640e+11
4.5210000000e-02 2.1370792902e+11
4.5500000000e-02 2.1382624008e+11
4.5710000000e-02 2.1390936265e+11
4.6000000000e-02 2.1402388477e+11
4.6210000000e-02 2.1410438220e+11
4.6500000000e-02 2.1421528803e+11
4.6710000000e-02 2.1429327976e+11
4.7000000000e-02 2.1440073329e+11
4.7210000000e-02 2.1447633287e+11
4.7500000000e-02 2.1458048939e+11
4.7710000000e-02 2.1465380449e+11
4.8000000000e-02 2.1475481465e+11
4.8210000000e-02 2.1482594830e+11
4.8500000000e-02 2.1492395234e+11
4.8710000000e-02 2.1499300252e+11
4.9000000000e-02 2.1508813660e+11
4.9210000000e-02 2.1515519753e+11
4.9500000000e-02 2.1524759086e+11
4.9710000000e-02 2.1531275128e+11
5.0000000000e-02 2.1540252554e+11
5.0210000000e-02 2.1546587040e+11
5.0500000000e-02 2.1555314322e+11
5.0710000000e-02 2.1561475285e+11
5.1000000000e-02 2.1569963549e+11
5.1210000000e-02 2.1575958768e+11
5.1500000000e-02 2.1584218675e+11
5.1710000000e-02 2.1590055469e+11
5.2000000000e-02 2.1598097043e+11
5.2210000000e-02 2.1603782393e+11
5.2500000000e-02 2.1611615369e+11
5.2710000000e-02 2.1617155963e+11
5.3000000000e-02 2.1624789437e+11
5.3210000000e-02 2.1630191582e+11
5.3500000000e-02 2.1637634364e+11
5.3710000000e-02 2.1642904116e+11
5.4000000000e-02 2.1650164490e+11
5.4210000000e-02 2.1655307611e+11
5.4500000000e-02 2.1662393516e+11
5.4710000000e-02 2.1667415474e+11
5.5000000000e-02 2.1674334442e+11
5.5210000000e-02 2.1679240493e+11
5.5500000000e-02 2.1685999710e+11
5.5710000000e-02 2.1690794734e+11
5.6000000000e-02 2.1697401036e+11
5.6210000000e-02 2.1702089868e+11
5.6500000000e-02 2.1708549863e+11
5.6710000000e-02 2.1713136877e+11
5.7000000000e-02 2.1719456589e+11
5.7210000000e-02 2.1723946159e+11
5.7500000000e-02 2.1730131615e+11
5.7710000000e-02 2.1734527779e+11
5.8000000000e-02 2.1740584541e+11
5.8210000000e-02 2.1744891125e+11
5.8500000000e-02 2.1750824525e+11
5.8710000000e-02 2.1755045273e+11
5.9000000000e-02 2.1760860351e+11
5.9210000000e-02 2.1764998753e+11
5.9500000000e-02 2.1770700378e+11
5.9710000000e-02 2.1774759672e+11
6.0000000000e-02 2.1780352362e+11
6.0210000000e-02 2.1784335787e+11
6.0500000000e-02 2.1789823888e+11
6.0710000000e-02 2.1793734430e+11
6.1000000000e-02 2.1799122114e+11
6.1210000000e-02 2.1802962549e+11
6.1500000000e-02 2.1808253698e+11
6.1710000000e-02 2.1812026759e+11
6.2000000000e-02 2.1817225024e+11
6.2210000000e-02 2.1820933235e+11
6.2500000000e-02 2.1826042208e+11
6.2710000000e-02 2.1829688007e+11
6.3000000000e-02 2.1834710993e+11
6.3210000000e-02 2.1838296651e+11
6.3500000000e-02 2.1843236777e+11
6.3710000000e-02 2.1846764440e+11
6.4000000000e-02 2.1851624661e+11
6.4210000000e-02 2.1855096390e+11
6.4500000000e-02 2.1859879545e+11
6.4710000000e-02 2.1863297232e+11
6.5000000000e-02 2.1868005929e+11
6.5210000000e-02 2.1871371382e+11
6.5500000000e-02 2.1876008113e+11
6.5710000000e-02 2.1879323015e+11
6.6000000000e-02 2.1883890155e+11
6.6210000000e-02 2.1887156146e+11
6.6500000000e-02 2.1891655839e+11
6.6710000000e-02 2.1894874391e+11
6.7000000000e-02 2.1899308723e+11
6.7210000000e-02 2.1902481223e+11
6.7500000000e-02 2.1906852107e+11
6.7710000000e-02 2.1909979860e+11
6.8000000000e-02 2.1914289092e+11
6.8210000000e-02 2.1917373274e+11
6.8500000000e-02 2.1921622534e+11
6.8710000000e-02 2.1924664323e+11
6.9000000000e-02 2.1928855118e+11
6.9210000000e-02 2.1931855440e+11
6.9500000000e-02 2.1935989160e+11
6.9710000000e-02 2.1938949066e+11
7.0000000000e-02 2.1943027044e+11
7.0210000000e-02 2.1945947334e+11
7.0500000000e-02 2.1949970728e+11
7.0710000000e-02 2.1952852158e+11
7.1000000000e-02 2.1956822070e+11
7.1210000000e-02 2.1959665355e+11
7.1500000000e-02 2.1963582712e+11
7.1710000000e-02 2.1966388483e+11
7.2000000000e-02 2.1970254154e+11
7.2210000000e-02 2.1973022958e+11
7.2500000000e-02 2.1976837638e+11
7.2710000000e-02 2.1979569853e+11
7.3000000000e-02 2.1983334238e+11
7.3210000000e-02 2.1986030327e+11
7.3500000000e-02 2.1989744822e+11
7.3710000000e-02 2.1992405037e+11
7.4000000000e-02 2.1996070164e+11
7.4210000000e-02 2.1998694758e+11
7.4500000000e-02 2.2002310807e+11
7.4710000000e-02 2.2004899905e+11
7.5000000000e-02 2.2008467049e+11
7.5210000000e-02 2.2011020736e+11
7.5500000000e-02 2.2014539091e+11
7.5710000000e-02 2.2017057324e+11
7.6000000000e-02 2.2020526833e+11
7.6210000000e-02 2.2023009571e+11
7.6500000000e-02 2.2026430175e+11
7.6710000000e-02 2.2028877250e+11
7.7000000000e-02 2.2032248717e+11
7.7210000000e-02 2.2034659834e+11
7.7500000000e-02 2.2037981759e+11
7.7710000000e-02 2.2040356623e+11
7.8000000000e-02 2.2043628659e+11
7.8210000000e-02 2.2045966893e+11
7.8500000000e-02 2.2049188401e+11
7.8710000000e-02 2.2051489457e+11
7.9000000000e-02 2.2054659743e+11
7.9210000000e-02 2.2056923117e+11
7.9500000000e-02 2.2060041427e+11
7.9710000000e-02 2.2062266320e+11
8.0000000000e-02 2.2065331785e+11
8.0210000000e-02 2.2067517565e+11
8.0500000000e-02 2.2070529027e+11
8.0710000000e-02 2.2072674770e+11
8.1000000000e-02 2.2075631069e+11
8.1210000000e-02 2.2077735850e+11
8.1500000000e-02 2.2080635769e+11
8.1710000000e-02 2.2082698536e+11
8.2000000000e-02 2.2085540511e+11
8.2210000000e-02 2.2087560128e+11
8.2500000000e-02 2.2090342595e+11
8.2710000000e-02 2.2092317717e+11
8.3000000000e-02 2.2095039053e+11
8.3210000000e-02 2.2096968418e+11
8.3500000000e-02 2.2099626595e+11
8.3710000000e-02 2.2101508647e+11
8.4000000000e-02 2.2104101637e+11
8.4210000000e-02 2.2105934778e+11
8.4500000000e-02 2.2108460437e+11
8.4710000000e-02 2.2110242984e+11
8.5000000000e-02 2.2112698879e+11
8.5210000000e-02 2.2114428856e+11
8.5500000000e-02 2.2116812379e+11
8.5710000000e-02 2.2118487893e+11
8.6000000000e-02 2.2120796379e+11
8.6210000000e-02 2.2122415244e+11
8.6500000000e-02 2.2124645621e+11
8.6710000000e-02 2.2126205565e+11
8.7000000000e-02 2.2128354764e+11
8.7210000000e-02 2.2129853306e+11
8.7500000000e-02 2.2131917964e+11
8.7710000000e-02 2.2133352454e+11
8.8000000000e-02 2.2135328864e+11
8.8210000000e-02 2.2136696611e+11
8.8500000000e-02 2.2138581006e+11
8.8710000000e-02 2.2139878982e+11
8.9000000000e-02 2.2141667306e+11
8.9210000000e-02 2.2142892315e+11
8.9500000000e-02 2.2144580106e+11
8.9710000000e-02 2.2145728867e+11
9.0000000000e-02 2.2147311606e+11
9.0210000000e-02 2.2148380545e+11
9.0500000000e-02 2.2149853248e+11
9.0710000000e-02 2.2150838495e+11
9.1000000000e-02 2.2152195948e+11
9.1210000000e-02 2.2153093593e+11
9.1500000000e-02 2.2154330290e+11
9.1710000000e-02 2.2155135958e+11
9.2000000000e-02 2.2156245990e+11
9.2210000000e-02 2.2156955265e+11
9.2500000000e-02 2.2157932432e+11
9.2710000000e-02 2.2158540436e+11
9.3000000000e-02 2.2159378132e+11
9.3210000000e-02 2.2159879819e+11
9.3500000000e-02 2.2160571032e+11
9.3710000000e-02 2.2160961018e+11
9.4000000000e-02 2.2161498332e+11
9.4210000000e-02 2.2161770897e+11
9.4500000000e-02 2.2162146432e+11
9.4710000000e-02 2.2162295605e+11
9.5000000000e-02 2.2162501132e+11
9.5210000000e-02 2.2162520478e+11
9.5500000000e-02 2.2162547132e+11
9.5710000000e-02 2.2162429921e+11
9.6000000000e-02 2.2162268432e+11
9.6210000000e-02 2.2162007516e+11
9.6500000000e-02 2.2161647974e+11
9.6710000000e-02 2.2161235782e+11
9.7000000000e-02 2.2160667874e+11
9.7210000000e-02 2.2160096416e+11
9.7500000000e-02 2.2159309016e+11
9.7710000000e-02 2.2158569796e+11
9.8000000000e-02 2.2157551374e+11
9.8210000000e-02 2.2156635519e+11
9.8500000000e-02 2.2155373616e+11
9.8710000000e-02 2.2154271579e+11
9.9000000000e-02 2.2152753274e+11
9.9210000000e-02 2.2151455171e+11
9.9500000000e-02 2.2149666616e+11
9.9710000000e-02 2.2148161765e+11
1.0000000000e-01 2.2146088416e+11
1.0021000000e-01 2.2144365715e+11
1.0050000000e-01 2.2141992216e+11
1.0071000000e-01 2.2140039847e+11
1.0100000000e-01 2.2137349916e+11
1.0121000000e-01 2.2135155388e+11
1.0150000000e-01 2.2132131758e+11
1.0171000000e-01 2.2129681865e+11
1.0200000000e-01 2.2126306458e+11
1.0221000000e-01 2.2123587238e+11
1.0250000000e-01 2.2119840816e+11
1.0271000000e-01 2.2116837592e+11
1.0300000000e-01 2.2112699758e+11
1.0321000000e-01 2.2109396926e+11
1.0350000000e-01 2.2104846358e+11
1.0371000000e-01 2.2101227475e+11
1.0400000000e-01 2.2096241458e+11
1.0421000000e-01 2.2092289112e+11
1.0450000000e-01 2.2086843658e+11
1.0471000000e-01 2.2082539513e+11
1.0500000000e-01 2.2076609358e+11
1.0521000000e-01 2.2071933984e+11
1.0550000000e-01 2.2065492358e+11
1.0571000000e-01 2.2060425190e+11
1.0600000000e-01 2.2053443758e+11
1.0621000000e-01 2.2047963221e+11
1.0650000000e-01 2.2040412258e+11
1.0671000000e-01 2.2034495347e+11
1.0700000000e-01 2.2026343158e+11
1.0721000000e-01 2.2019965733e+11
1.0750000000e-01 2.2011179058e+11
1.0771000000e-01 2.2004315507e+11
1.0800000000e-01 2.1994859058e+11
1.0821000000e-01 2.1987482380e+11
1.0850000000e-01 2.1977318958e+11
1.0871000000e-01 2.1969400598e+11
1.0900000000e-01 2.1958490858e+11
1.0921000000e-01 2.1950000662e+11
1.0950000000e-01 2.1938303058e+11
1.0971000000e-01 2.1929209105e+11
1.1000000000e-01 2.1916679658e+11
1.1021000000e-01 2.1906948261e+11
1.1050000000e-01 2.1893540558e+11
1.1071000000e-01 2.1883136179e+11
1.1100000000e-01 2.1868801200e+11
1.1121000000e-01 2.1857686116e+11
1.1150000000e-01 2.1842372058e+11
1.1171000000e-01 2.1830506609e+11
1.1200000000e-01 2.1814158658e+11
1.1221000000e-01 2.1801500831e+11
1.1250000000e-01 2.1784061100e+11
1.1271000000e-01 2.1770566399e+11
1.1300000000e-01 2.1751973758e+11
1.1321000000e-01 2.1737595375e+11
1.1350000000e-01 2.1717785100e+11
1.1371000000e-01 2.1702473408e+11
1.1400000000e-01 2.1681377300e+11
1.1421000000e-01 2.1665079856e+11
1.1450000000e-01 2.1642625600e+11
1.1471000000e-01 2.1625287016e+11
1.1500000000e-01 2.1601398358e+11
1.1521000000e-01 2.1582960134e+11
1.1550000000e-01 2.1557556300e+11
1.1571000000e-01 2.1537956487e+11
1.1600000000e-01 2.1510952358e+11
1.1621000000e-01 2.1490125559e+11
1.1650000000e-01 2.1461430858e+11
1.1671000000e-01 2.1439307933e+11
1.1700000000e-01 2.1408827400e+11
1.1721000000e-01 2.1385335171e+11
1.1750000000e-01 2.1352968158e+11
1.1771000000e-01 2.1328029368e+11
1.1800000000e-01 2.1293669258e+11
1.1821000000e-01 2.1267202193e+11
1.1850000000e-01 2.1230736400e+11
1.1871000000e-01 2.1202654550e+11
1.1900000000e-01 2.1163964000e+11
1.1921000000e-01 2.1134176019e+11
1.1950000000e-01 2.1093134858e+11
1.1971000000e-01 2.1061544143e+11
1.2000000000e-01 2.1018019100e+11
1.2021000000e-01 2.0984523329e+11
1.2050000000e-01 2.0938373600e+11
1.2071000000e-01 2.0902864731e+11
1.2100000000e-01 2.0853941400e+11
1.2121000000e-01 2.0816305040e+11
1.2150000000e-01 2.0764450500e+11
1.2171000000e-01 2.0724565654e+11
1.2200000000e-01 2.0669613200e+11
1.2221000000e-01 2.0627351850e+11
1.2250000000e-01 2.0569125100e+11
1.2271000000e-01 2.0524351782e+11
1.2300000000e-01 2.0462664100e+11
1.2321000000e-01 2.0415235488e+11
1.2350000000e-01 2.0349889400e+11
1.2371000000e-01 2.0299653755e+11
1.2400000000e-01 2.0230440258e+11
1.2421000000e-01 2.0177237052e+11
1.2450000000e-01 2.0103934800e+11
1.2471000000e-01 2.0047593917e+11
1.2500000000e-01 1.9969968700e+11
1.2521000000e-01 1.9910310223e+11
1.2550000000e-01 1.9828114100e+11
1.2571000000e-01 1.9764947306e+11
1.2600000000e-01 1.9677917558e+11
1.2621000000e-01 1.9611040619e+11
1.2650000000e-01 1.9518899058e+11
1.2671000000e-01 1.9448098077e+11
1.2700000000e-01 1.9350550000e+11
1.2721000000e-01 1.9275598294e+11
1.2750000000e-01 1.9172331500e+11
1.2771000000e-01 1.9092988930e+11
1.2800000000e-01 1.8983672558e+11
1.2821000000e-01 1.8899684600e+11
1.2850000000e-01 1.8783967800e+11
1.2871000000e-01 1.8695064496e+11
1.2900000000e-01 1.8572575500e+11
1.2921000000e-01 1.8478470617e+11
1.2950000000e-01 1.8348815058e+11
1.2971000000e-01 1.8249205077e+11
1.3000000000e-01 1.8111964600e+11
1.3021000000e-01 1.8006527287e+11
1.3050000000e-01 1.7861258158e+11
1.3071000000e-01 1.7749651723e+11
1.3100000000e-01 1.7595882800e+11
1.3121000000e-01 1.7477744174e+11
1.3150000000e-01 1.7314975458e+11
1.3171000000e-01 1.7189919238e+11
1.3200000000e-01 1.7017619558e+11
1.3221000000e-01 1.6885236161e+11
1.3250000000e-01 1.6702841258e+11
1.3271000000e-01 1.6562695445e+11
1.3300000000e-01 1.6369605658e+11
1.3321000000e-01 1.6221234686e+11
1.3350000000e-01 1.6016812516e+11
1.3371000000e-01 1.5859724203e+11
1.3400000000e-01 1.5643291358e+11
1.3421000000e-01 1.5476961853e+11
1.3450000000e-01 1.5247796816e+11
1.3471000000e-01 1.5071668498e+11
1.3500000000e-01 1.4829002758e+11
1.3521000000e-01 1.4642481585e+11
1.3550000000e-01 1.4385496858e+11
1.3571000000e-01 1.4187949592e+11
1.3600000000e-01 1.3915773416e+11
1.3621000000e-01 1.3706524972e+11
1.3650000000e-01 1.3418227058e+11
1.3671000000e-01 1.3196556721e+11
1.3700000000e-01 1.2891144258e+11
1.3721000000e-01 1.2656282655e+11
1.3750000000e-01 1.2332695558e+11
1.3771000000e-01 1.2083820282e+11
1.3800000000e-01 1.1740925458e+11
1.3821000000e-01 1.1477157033e+11
1.3850000000e-01 1.1113742700e+11
1.3871000000e-01 1.0834139616e+11
1.3900000000e-01 1.0448908758e+11
1.3921000000e-01 1.0152462363e+11
1.3950000000e-01 9.7440251021e+10
1.3971000000e-01 9.4296535250e+10
1.4000000000e-01 8.9965193521e+10
1.4021000000e-01 8.6630610587e+10
1.4050000000e-01 8.2036296321e+10
1.4071000000e-01 7.8498360616e+10
1.4100000000e-01 7.3623871421e+10
1.4121000000e-01 6.9869144599e+10
1.4150000000e-01 6.4695965421e+10
1.4171000000e-01 6.0709963959e+10
1.4200000000e-01 5.5218139721e+10
1.4221000000e-01 5.0985231544e+10
1.4250000000e-01 4.5153224779e+10
1.4271000000e-01 4.0656518022e+10
1.4300000000e-01 3.4461055379e+10
1.4321000000e-01 2.9682289421e+10
1.4350000000e-01 2.3098211937e+10
1.4371000000e-01 1.8017688849e+10
1.4400000000e-01 1.1017857037e+10
1.4421000000e-01 5.6145209477e+09
1.4450000000e-01 -1.8300754542e+0 
1.4471000000e-01 -7.5780679065e+0 
1.4500000000e-01 -1.5497524163e+1 
1.4521000000e-01 -2.1610884938e+1 
1.4550000000e-01 -3.0033737563e+1 
1.4571000000e-01 -3.6527007516e+1 
1.4600000000e-01 -4.5473290505e+1 
1.4621000000e-01 -5.2340985271e+1 
1.4650000000e-01 -6.1803142563e+1 
1.4671000000e-01 -6.8983621479e+1 
1.4700000000e-01 -7.8876725705e+1 
1.4721000000e-01 -8.6160868976e+1 
1.4750000000e-01 -9.6196799705e+1 
1.4771000000e-01 -1.0300701332e+1 
1.4800000000e-01 -1.1238997442e+1 
1.4821000000e-01 -1.1729090886e+1 
1.4850000000e-01 -1.2404330742e+1 
1.4871000000e-01 -1.2389061359e+1 
1.4900000000e-01 -1.2368023600e+1 
1.4921000000e-01 -1.1329238070e+1 
1.4950000000e-01 -9.8980224268e+1 
1.4971000000e-01 -7.5317007661e+1 
1.5000000000e-01 -4.2714353842e+1 
1.5021000000e-01 -3.4187339632e+1 
1.5050000000e-01 -2.2439008942e+1 
1.5071000000e-01 -1.8406039886e+1 
1.5100000000e-01 -1.2849504800e+1 
1.5121000000e-01 -1.0394251599e+1 
1.5150000000e-01 -7.0114582942e+0 
1.5171000000e-01 -5.1945980601e+0 
1.5200000000e-01 -2.6913684100e+0 
1.5221000000e-01 -1.1525529647e+0 
1.5250000000e-01 9.6759275305e+08
1.5271000000e-01 2.4020407203e+09
1.5300000000e-01 4.3783912426e+09
1.5321000000e-01 5.8664554608e+09
1.5350000000e-01 7.9166772726e+09
1.5371000000e-01 9.4893130105e+09
1.5400000000e-01 1.1656055600e+10
1.5421000000e-01 1.3353992993e+10
1.5450000000e-01 1.5693373400e+10
1.5471000000e-01 1.7548178311e+10
1.5500000000e-01 2.0103687300e+10
1.5521000000e-01 2.2139830436e+10
1.5550000000e-01 2.4945183200e+10
1.5571000000e-01 2.7181391121e+10
1.5600000000e-01 3.0262388700e+10
1.5621000000e-01 3.2712192233e+10
1.5650000000e-01 3.6087477042e+10
1.5671000000e-01 3.8759520519e+10
1.5700000000e-01 4.2441002700e+10
1.5721000000e-01 4.5339423471e+10
1.5750000000e-01 4.9332803142e+10
1.5771000000e-01 5.2457832600e+10
1.5800000000e-01 5.6763428742e+10
1.5821000000e-01 6.0112272934e+10
1.5850000000e-01 6.4726236042e+10
1.5871000000e-01 6.8294244154e+10
1.5900000000e-01 7.3210166442e+10
1.5921000000e-01 7.6992291115e+10
1.5950000000e-01 8.2203218442e+10
1.5971000000e-01 8.6195795414e+10
1.6000000000e-01 9.1696679184e+10
1.6029000000e-01 9.7487364397e+10
1.6050000000e-01 1.0169028100e+11
1.6079000000e-01 1.0777920597e+11
1.6100000000e-01 1.1219858742e+11
1.6129000000e-01 1.1860747064e+11
1.6150000000e-01 1.2325907900e+11
1.6179000000e-01 1.3002901023e+11
1.6200000000e-01 1.3494267000e+11
1.6229000000e-01 1.4214223110e+11
1.6250000000e-01 1.4736771942e+11
1.6279000000e-01 1.5510407884e+11
1.6300000000e-01 1.6071917842e+11
1.6329000000e-01 1.6915362597e+11
1.6350000000e-01 1.7527540200e+11
1.6379000000e-01 1.8464566538e+11
1.6400000000e-01 1.9144666300e+11
1.6429000000e-01 2.0209983792e+11
1.6450000000e-01 2.0983198100e+11
1.6479000000e-01 2.2227454835e+11
1.6500000000e-01 2.3130544400e+11
1.6529000000e-01 2.4628171088e+11
1.6550000000e-01 2.5715158200e+11
1.6579000000e-01 2.7577107723e+11
1.6600000000e-01 2.8928522700e+11
1.6629000000e-01 3.1323789850e+11
1.6650000000e-01 3.3062290200e+11
1.6679000000e-01 3.6255912170e+11
1.6700000000e-01 3.8573863600e+11
1.6729000000e-01 4.2997549983e+11
1.6750000000e-01 4.6208290100e+11
1.6779000000e-01 5.2599871664e+11
1.6800000000e-01 5.7238922800e+11
1.6829000000e-01 6.6938516624e+11
1.6850000000e-01 7.3978544358e+11
1.6879000000e-01 8.9617114126e+11
1.6900000000e-01 1.0096768900e+12
1.6929000000e-01 1.2826343468e+12
1.6950000000e-01 1.4807486300e+12
1.6979000000e-01 2.0007755653e+12
1.7000000000e-01 2.3782144700e+12
1.7029000000e-01 2.8212173973e+12
1.7050000000e-01 3.1427517800e+12
1.7079000000e-01 3.4759301497e+12
1.7100000000e-01 3.7177531600e+12
1.7129000000e-01 3.9284465895e+12
1.7150000000e-01 4.0813692400e+12
1.7179000000e-01 4.1920892746e+12
1.7200000000e-01 4.2724505900e+12
1.7229000000e-01 4.3136876128e+12
1.7250000000e-01 4.3436177100e+12
1.7279000000e-01 4.3409019188e+12
1.7300000000e-01 4.3389307800e+12
1.7329000000e-01 4.3100696004e+12
1.7350000000e-01 4.2891219700e+12
1.7379000000e-01 4.2454423906e+12
1.7400000000e-01 4.2137394700e+12
1.7429000000e-01 4.1620830691e+12
1.7450000000e-01 4.1245905200e+12
1.7479000000e-01 4.0689626946e+12
1.7500000000e-01 4.0285876600e+12
1.7529000000e-01 3.9712859273e+12
1.7550000000e-01 3.9296959600e+12
1.7579000000e-01 3.8720183508e+12
1.7600000000e-01 3.8301555700e+12
1.7629000000e-01 3.7728255549e+12
1.7650000000e-01 3.7312150600e+12
1.7679000000e-01 3.6746297692e+12
1.7700000000e-01 3.6335598000e+12
1.7729000000e-01 3.5779326062e+12
1.7750000000e-01 3.5375580300e+12
1.7779000000e-01 3.4829995829e+12
1.7800000000e-01 3.4434007100e+12
1.7829000000e-01 3.3899645382e+12
1.7850000000e-01 3.3511802158e+12
1.7879000000e-01 3.2988882743e+12
1.7900000000e-01 3.2609344458e+12
1.7929000000e-01 3.2097913411e+12
1.7950000000e-01 3.1726713500e+12
1.7979000000e-01 3.1226721975e+12
1.8000000000e-01 3.0863824900e+12
1.8029000000e-01 3.0375172479e+12
1.8050000000e-01 3.0020505400e+12
1.8079000000e-01 2.9543063738e+12
1.8100000000e-01 2.9196533500e+12
1.8129000000e-01 2.8730159418e+12
1.8150000000e-01 2.8391662100e+12
1.8179000000e-01 2.7936204769e+12
1.8200000000e-01 2.7605630900e+12
1.8229000000e-01 2.7160935147e+12
1.8250000000e-01 2.6838172100e+12
1.8279000000e-01 2.6404081186e+12
1.8300000000e-01 2.6089015200e+12
1.8329000000e-01 2.5665371170e+12
1.8350000000e-01 2.5357887642e+12
1.8379000000e-01 2.4944532657e+12
1.8400000000e-01 2.4644516900e+12
1.8429000000e-01 2.4241292889e+12
1.8450000000e-01 2.3948630300e+12
1.8479000000e-01 2.3555379597e+12
1.8500000000e-01 2.3269955700e+12
1.8529000000e-01 2.2886520988e+12
1.8550000000e-01 2.2608221600e+12
1.8579000000e-01 2.2234445966e+12
1.8600000000e-01 2.1963157200e+12
1.8629000000e-01 2.1598884254e+12
1.8650000000e-01 2.1334492600e+12
1.8679000000e-01 2.0979566415e+12
1.8700000000e-01 2.0721958700e+12
1.8729000000e-01 2.0376223870e+12
1.8750000000e-01 2.0125287300e+12
1.8779000000e-01 1.9788588941e+12
1.8800000000e-01 1.9544211100e+12
1.8829000000e-01 1.9216395023e+12
1.8850000000e-01 1.8978464042e+12
1.8879000000e-01 1.8659376580e+12
1.8900000000e-01 1.8427780842e+12
1.8929000000e-01 1.8117269023e+12
1.8950000000e-01 1.7891897500e+12
1.8979000000e-01 1.7589808816e+12
1.9000000000e-01 1.7370550942e+12
1.9029000000e-01 1.7076733869e+12
1.9050000000e-01 1.6863479500e+12
1.9079000000e-01 1.6577782863e+12
1.9100000000e-01 1.6370422400e+12
1.9129000000e-01 1.6092695950e+12
1.9150000000e-01 1.5891120342e+12
1.9179000000e-01 1.5621214525e+12
1.9200000000e-01 1.5425315142e+12
1.9229000000e-01 1.5163081101e+12
1.9250000000e-01 1.4972749942e+12
1.9279000000e-01 1.4718039572e+12
1.9300000000e-01 1.4533169100e+12
1.9329000000e-01 1.4285835107e+12
1.9350000000e-01 1.4106318500e+12
1.9379000000e-01 1.3866214345e+12
1.9400000000e-01 1.3691945200e+12
1.9429000000e-01 1.3458925153e+12
1.9450000000e-01 1.3289797700e+12
1.9479000000e-01 1.3063716902e+12
1.9500000000e-01 1.2899626000e+12
1.9529000000e-01 1.2680340344e+12
1.9550000000e-01 1.2521181442e+12
1.9579000000e-01 1.2308547864e+12
1.9600000000e-01 1.2154217042e+12
1.9629000000e-01 1.1948093117e+12
1.9650000000e-01 1.1798487042e+12
1.9679000000e-01 1.1598731386e+12
1.9700000000e-01 1.1453747442e+12
1.9729000000e-01 1.1260219657e+12
1.9750000000e-01 1.1119755900e+12
1.9779000000e-01 1.0932316341e+12
1.9800000000e-01 1.0796271542e+12
1.9829000000e-01 1.0614781781e+12
1.9850000000e-01 1.0483055342e+12
1.9879000000e-01 1.0307377821e+12
1.9900000000e-01 1.0179869942e+12
1.9929000000e-01 1.0009868213e+12
1.9950000000e-01 9.8864798621e+11
1.9979000000e-01 9.7220185520e+11
2.0000000000e-01 9.6026514721e+11
2.0029000000e-01 9.4435963418e+11
2.0050000000e-01 9.3281531063e+11
2.0079000000e-01 9.1743710992e+11
2.0100000000e-01 9.0627551263e+11
2.0129000000e-01 8.9141143967e+11
2.0150000000e-01 8.8062300005e+11
2.0179000000e-01 8.6625999835e+11
2.0200000000e-01 8.5583523905e+11
2.0229000000e-01 8.4196038305e+11
2.0250000000e-01 8.3188992347e+11
2.0279000000e-01 8.1849042494e+11
2.0300000000e-01 8.0876498289e+11
2.0329000000e-01 7.9582819674e+11
2.0350000000e-01 7.8643859347e+11
2.0379000000e-01 7.7395202061e+11
2.0400000000e-01 7.6488918589e+11
2.0429000000e-01 7.5284048252e+11
2.0450000000e-01 7.4409545631e+11
2.0479000000e-01 7.3247243625e+11
2.0500000000e-01 7.2403637373e+11
2.0529000000e-01 7.1282701536e+11
2.0550000000e-01 7.0469119073e+11
2.0579000000e-01 6.9388364161e+11
2.0600000000e-01 6.8603945315e+11
2.0629000000e-01 6.7562203584e+11
2.0650000000e-01 6.6806100715e+11
2.0679000000e-01 6.5802222442e+11
2.0700000000e-01 6.5073601157e+11
2.0729000000e-01 6.4106455045e+11
2.0750000000e-01 6.3404494157e+11
2.0779000000e-01 6.2472967914e+11
2.0800000000e-01 6.1796860157e+11
2.0829000000e-01 6.0899860787e+11
2.0850000000e-01 6.0248812941e+11
2.0879000000e-01 5.9385267496e+11
2.0900000000e-01 5.8758500641e+11
2.0929000000e-01 5.7927356049e+11
2.0950000000e-01 5.7324105983e+11
2.0979000000e-01 5.6524329972e+11
2.1000000000e-01 5.5943847383e+11
2.1029000000e-01 5.5174428426e+11
2.1050000000e-01 5.4615979225e+11
2.1079000000e-01 5.3875926945e+11
2.1100000000e-01 5.3338792267e+11
2.1129000000e-01 5.2627137667e+11
2.1150000000e-01 5.2110614167e+11
2.1179000000e-01 5.1426409749e+11
2.1200000000e-01 5.0929809809e+11
2.1229000000e-01 5.0272129918e+11
2.1250000000e-01 4.9794781651e+11
2.1279000000e-01 4.9162722420e+11
2.1300000000e-01 4.8703969793e+11
2.1329000000e-01 4.8096649257e+11
2.1350000000e-01 4.7655852136e+11
2.1379000000e-01 4.7072410349e+11
2.1400000000e-01 4.6648944536e+11
2.1429000000e-01 4.6088543397e+11
2.1450000000e-01 4.5681800678e+11
2.1479000000e-01 4.5143624164e+11
2.1500000000e-01 4.4753012220e+11
2.1529000000e-01 4.4236266035e+11
2.1550000000e-01 4.3861208362e+11
2.1579000000e-01 4.3365120055e+11
2.1600000000e-01 4.3005056004e+11
2.1629000000e-01 4.2528874680e+11
2.1650000000e-01 4.2183259204e+11
2.1679000000e-01 4.1726255350e+11
2.1700000000e-01 4.1394559046e+11
2.1729000000e-01 4.0956024470e+11
2.1750000000e-01 4.0637733288e+11
2.1779000000e-01 4.0216980718e+11
2.1800000000e-01 3.9911595830e+11
2.1829000000e-01 3.9507958794e+11
2.1850000000e-01 3.9214996472e+11
2.1879000000e-01 3.8827828896e+11
2.1900000000e-01 3.8546820214e+11
2.1929000000e-01 3.8175496246e+11
2.1950000000e-01 3.7905986998e+11
2.1979000000e-01 3.7549900660e+11
2.2000000000e-01 3.7291450898e+11
2.2029000000e-01 3.6950015565e+11
2.2050000000e-01 3.6702199640e+11
2.2079000000e-01 3.6374847868e+11
2.2100000000e-01 3.6137253924e+11
2.2129000000e-01 3.5823437216e+11
2.2150000000e-01 3.5595667066e+11
2.2179000000e-01 3.5294855061e+11
2.2200000000e-01 3.5076523808e+11
2.2229000000e-01 3.4788204223e+11
2.2250000000e-01 3.4578940093e+11
2.2279000000e-01 3.4302618377e+11
2.2300000000e-01 3.4102062335e+11
2.2329000000e-01 3.3837260972e+11
2.2350000000e-01 3.3645066477e+11
2.2379000000e-01 3.3391324639e+11
2.2400000000e-01 3.3207157261e+11
2.2429000000e-01 3.2964030693e+11
2.2450000000e-01 3.2787567903e+11
2.2479000000e-01 3.2554628108e+11
2.2500000000e-01 3.2385558987e+11
2.2529000000e-01 3.2162393058e+11
2.2550000000e-01 3.2000417787e+11
2.2579000000e-01 3.1786627707e+11
2.2600000000e-01 3.1631457613e+11
2.2629000000e-01 3.1426660314e+11
2.2650000000e-01 3.1278017155e+11
2.2679000000e-01 3.1081843535e+11
2.2700000000e-01 3.0939459497e+11
2.2729000000e-01 3.0751554359e+11
2.2750000000e-01 3.0615171681e+11
2.2779000000e-01 3.0435193272e+11
2.2800000000e-01 3.0304563865e+11
2.2829000000e-01 3.0132183353e+11
2.2850000000e-01 3.0007068507e+11
2.2879000000e-01 2.9841969577e+11
2.2900000000e-01 2.9722139792e+11
2.2929000000e-01 2.9564018468e+11
2.2950000000e-01 2.9449253076e+11
2.2979000000e-01 2.9297817033e+11
2.3000000000e-01 2.9187903860e+11
2.3029000000e-01 2.9042872185e+11
2.3050000000e-01 2.8937607302e+11
2.3079000000e-01 2.8798710035e+11
2.3100000000e-01 2.8697897628e+11
2.3129000000e-01 2.8564875585e+11
2.3150000000e-01 2.8468327412e+11
2.3179000000e-01 2.8340931608e+11
2.3200000000e-01 2.8248466954e+11
2.3229000000e-01 2.8126458197e+11
2.3250000000e-01 2.8037903580e+11
2.3279000000e-01 2.7921052470e+11
2.3300000000e-01 2.7836241264e+11
2.3329000000e-01 2.7724327498e+11
2.3350000000e-01 2.7643099849e+11
2.3379000000e-01 2.7535911873e+11
2.3400000000e-01 2.7458114275e+11
2.3429000000e-01 2.7355449402e+11
2.3450000000e-01 2.7280934659e+11
2.3479000000e-01 2.7182598197e+11
2.3500000000e-01 2.7111225043e+11
2.3529000000e-01 2.7017030355e+11
2.3550000000e-01 2.6948663369e+11
2.3579000000e-01 2.6858431466e+11
2.3600000000e-01 2.6792940653e+11
2.3629000000e-01 2.6706499790e+11
2.3650000000e-01 2.6643760579e+11
2.3679000000e-01 2.6560946252e+11
2.3700000000e-01 2.6500839164e+11
2.3729000000e-01 2.6421493534e+11
2.3750000000e-01 2.6363904090e+11
2.3779000000e-01 2.6287875923e+11
2.3800000000e-01 2.6232694274e+11
2.3829000000e-01 2.6159838595e+11
2.3850000000e-01 2.6106959600e+11
2.3879000000e-01 2.6037137460e+11
2.3900000000e-01 2.5986460226e+11
2.3929000000e-01 2.5919538527e+11
2.3950000000e-01 2.5870966452e+11
2.3979000000e-01 2.5806817544e+11
2.4000000000e-01 2.5760258021e+11
2.4029000000e-01 2.5698759699e+11
2.4050000000e-01 2.5654123947e+11
2.4079000000e-01 2.5595159107e+11
2.4100000000e-01 2.5552362173e+11
2.4129000000e-01 2.5495818405e+11
2.4150000000e-01 2.5454778699e+11
2.4179000000e-01 2.5400548342e+11
2.4200000000e-01 2.5361187767e+11
2.4229000000e-01 2.5309167450e+11
2.4250000000e-01 2.5271410893e+11
2.4279000000e-01 2.5221502806e+11
2.4300000000e-01 2.5185279362e+11
2.4329000000e-01 2.5137394965e+11
2.4350000000e-01 2.5102640330e+11
2.4379000000e-01 2.5056688653e+11
2.4400000000e-01 2.5023336756e+11
2.4429000000e-01 2.4979231115e+11
2.4450000000e-01 2.4947219124e+11
2.4479000000e-01 2.4904876891e+11
2.4500000000e-01 2.4874144793e+11
2.4529000000e-01 2.4833486931e+11
2.4550000000e-01 2.4803977361e+11
2.4579000000e-01 2.4764928080e+11
2.4600000000e-01 2.4736586029e+11
2.4629000000e-01 2.4699072958e+11
2.4650000000e-01 2.4671845897e+11
2.4679000000e-01 2.4635799619e+11
2.4700000000e-01 2.4609637165e+11
2.4729000000e-01 2.4574991276e+11
2.4750000000e-01 2.4549845276e+11
2.4779000000e-01 2.4516536152e+11
2.4800000000e-01 2.4492360386e+11
2.4829000000e-01 2.4460327130e+11
2.4850000000e-01 2.4437077354e+11
2.4879000000e-01 2.4406261558e+11
2.4900000000e-01 2.4383895464e+11
2.4929000000e-01 2.4354241270e+11
2.4950000000e-01 2.4332718275e+11
2.4979000000e-01 2.4304172142e+11
2.5000000000e-01 2.4283453343e+11
2.5029000000e-01 2.4255963934e+11
2.5050000000e-01 2.4236012153e+11
2.5079000000e-01 2.4209530273e+11
2.5100000000e-01 2.4190309806e+11
2.5129000000e-01 2.4164788462e+11
2.5150000000e-01 2.4146265074e+11
2.5179000000e-01 2.4121658954e+11
2.5200000000e-01 2.4103799926e+11
2.5229000000e-01 2.4080065863e+11
2.5250000000e-01 2.4062839736e+11
2.5279000000e-01 2.4039936125e+11
2.5300000000e-01 2.4023312789e+11
2.5329000000e-01 2.4001199822e+11
2.5350000000e-01 2.3985150341e+11
2.5379000000e-01 2.3963789835e+11
2.5400000000e-01 2.3948286451e+11
2.5429000000e-01 2.3927641668e+11
2.5450000000e-01 2.3912657846e+11
2.5479000000e-01 2.3892693672e+11
2.5500000000e-01 2.3878203756e+11
2.5529000000e-01 2.3858886236e+11
2.5550000000e-01 2.3844865750e+11
2.5579000000e-01 2.3826162494e+11
2.5600000000e-01 2.3812587803e+11
2.5629000000e-01 2.3794467521e+11
2.5650000000e-01 2.3781315955e+11
2.5679000000e-01 2.3763748574e+11
2.5700000000e-01 2.3750998307e+11
2.5729000000e-01 2.3733954913e+11
2.5750000000e-01 2.3721585002e+11
2.5779000000e-01 2.3705037781e+11
2.5800000000e-01 2.3693027954e+11
2.5829000000e-01 2.3676949964e+11
2.5850000000e-01 2.3665280791e+11
2.5879000000e-01 2.3649646187e+11
2.5900000000e-01 2.3638298785e+11
2.5929000000e-01 2.3623082594e+11
2.5950000000e-01 2.3612038879e+11
2.5979000000e-01 2.3597216881e+11
2.6000000000e-01 2.3586459274e+11
2.6029000000e-01 2.3572008175e+11
2.6050000000e-01 2.3561519768e+11
2.6079000000e-01 2.3547416912e+11
2.6100000000e-01 2.3537181305e+11
2.6129000000e-01 2.3523404789e+11
2.6150000000e-01 2.3513405999e+11
2.6179000000e-01 2.3499934500e+11
2.6200000000e-01 2.3490157136e+11
2.6229000000e-01 2.3476970025e+11
2.6250000000e-01 2.3467399072e+11
2.6279000000e-01 2.3454476244e+11
2.6300000000e-01 2.3445097066e+11
2.6329000000e-01 2.3432418820e+11
2.6350000000e-01 2.3423217203e+11
2.6379000000e-01 2.3410764416e+11
2.6400000000e-01 2.3401726439e+11
2.6429000000e-01 2.3389480396e+11
2.6450000000e-01 2.3380592476e+11
2.6479000000e-01 2.3368534866e+11
2.6500000000e-01 2.3359783712e+11
2.6529000000e-01 2.3347896400e+11
2.6550000000e-01 2.3339268891e+11
2.6579000000e-01 2.3327534261e+11
2.6600000000e-01 2.3319017527e+11
2.6629000000e-01 2.3307418022e+11
2.6650000000e-01 2.3298999364e+11
2.6679000000e-01 2.3287517775e+11
2.6700000000e-01 2.3279184742e+11
2.6729000000e-01 2.3267803976e+11
2.6750000000e-01 2.3259544079e+11
2.6779000000e-01 2.3248247099e+11
2.6800000000e-01 2.3240048057e+11
2.6829000000e-01 2.3228818003e+11
2.6850000000e-01 2.3220667536e+11
2.6879000000e-01 2.3209487603e+11
2.6900000000e-01 2.3201373472e+11
2.6929000000e-01 2.3190226741e+11
2.6950000000e-01 2.3182136750e+11
2.6979000000e-01 2.3171006360e+11
2.7000000000e-01 2.3162928229e+11
2.7029000000e-01 2.3151797259e+11
2.7050000000e-01 2.3143718665e+11
2.7079000000e-01 2.3132569964e+11
2.7100000000e-01 2.3124478544e+11
2.7129000000e-01 2.3113294787e+11
2.7150000000e-01 2.3105177922e+11
2.7179000000e-01 2.3093941668e+11
2.7200000000e-01 2.3085786659e+11
2.7229000000e-01 2.3074480119e+11
2.7250000000e-01 2.3066274137e+11
2.7279000000e-01 2.3054879233e+11
2.7300000000e-01 2.3046609116e+11
2.7329000000e-01 2.3035107363e+11
2.7350000000e-01 2.3026759652e+11
2.7379000000e-01 2.3015132219e+11
2.7400000000e-01 2.3006693331e+11
2.7429000000e-01 2.2994920864e+11
2.7450000000e-01 2.2986376709e+11
2.7479000000e-01 2.2974439392e+11
2.7500000000e-01 2.2965775504e+11
2.7529000000e-01 2.2953652823e+11
2.7550000000e-01 2.2944854482e+11
2.7579000000e-01 2.2932525406e+11
2.7600000000e-01 2.2923577219e+11
2.7629000000e-01 2.2911019959e+11
2.7650000000e-01 2.2901906155e+11
2.7679000000e-01 2.2889098230e+11
2.7700000000e-01 2.2879802450e+11
2.7729000000e-01 2.2866720392e+11
2.7750000000e-01 2.2857225686e+11
2.7779000000e-01 2.2843845333e+11
2.7800000000e-01 2.2834134080e+11
2.7829000000e-01 2.2820430168e+11
2.7850000000e-01 2.2810484075e+11
2.7879000000e-01 2.2796430355e+11
2.7900000000e-01 2.2786230369e+11
2.7929000000e-01 2.2771799493e+11
2.7950000000e-01 2.2761325721e+11
2.7979000000e-01 2.2746489006e+11
2.8000000000e-01 2.2735720716e+11
2.8029000000e-01 2.2720448378e+11
2.8050000000e-01 2.2709363868e+11
2.8079000000e-01 2.2693624676e+11
2.8100000000e-01 2.2682201279e+11
2.8129000000e-01 2.2665962436e+11
2.8150000000e-01 2.2654176389e+11
2.8179000000e-01 2.2637403650e+11
2.8200000000e-01 2.2625230099e+11
2.8229000000e-01 2.2607887482e+11
2.8250000000e-01 2.2595300267e+11
2.8279000000e-01 2.2577349993e+11
2.8300000000e-01 2.2564321736e+11
2.8329000000e-01 2.2545724169e+11
2.8350000000e-01 2.2532226104e+11
2.8379000000e-01 2.2512939584e+11
2.8400000000e-01 2.2498941430e+11
2.8429000000e-01 2.2478922036e+11
2.8450000000e-01 2.2464391956e+11
2.8479000000e-01 2.2443593621e+11
2.8500000000e-01 2.2428498098e+11
2.8529000000e-01 2.2406872208e+11
2.8550000000e-01 2.2391176082e+11
2.8579000000e-01 2.2368671473e+11
2.8600000000e-01 2.2352337482e+11
2.8629000000e-01 2.2328900265e+11
2.8650000000e-01 2.2311889382e+11
2.8679000000e-01 2.2287462657e+11
2.8700000000e-01 2.2269733540e+11
2.8729000000e-01 2.2244257393e+11
2.8750000000e-01 2.2225766598e+11
2.8779000000e-01 2.2199177869e+11
2.8800000000e-01 2.2179879472e+11
2.8829000000e-01 2.2152111294e+11
2.8850000000e-01 2.2131956888e+11
2.8879000000e-01 2.2102938918e+11
2.8900000000e-01 2.2081877320e+11
2.8929000000e-01 2.2051535215e+11
2.8950000000e-01 2.2029512509e+11
2.8979000000e-01 2.1997767640e+11
2.9000000000e-01 2.1974726799e+11
2.9029000000e-01 2.1941496248e+11
2.9050000000e-01 2.1917377047e+11
2.9079000000e-01 2.1882573144e+11
2.9100000000e-01 2.1857311952e+11
2.9129000000e-01 2.1820842104e+11
2.9150000000e-01 2.1794371674e+11
2.9179000000e-01 2.1756137838e+11
2.9200000000e-01 2.1728387137e+11
2.9229000000e-01 2.1688285885e+11
2.9250000000e-01 2.1659179717e+11
2.9279000000e-01 2.1617101534e+11
2.9300000000e-01 2.1586560454e+11
2.9329000000e-01 2.1542389568e+11
2.9350000000e-01 2.1510329507e+11
2.9379000000e-01 2.1463943367e+11
2.9400000000e-01 2.1430275503e+11
2.9429000000e-01 2.1381544604e+11
2.9450000000e-01 2.1346174772e+11
2.9479000000e-01 2.1294961903e+11
2.9500000000e-01 2.1257790683e+11
2.9529000000e-01 2.1203950752e+11
2.9550000000e-01 2.1164872710e+11
2.9579000000e-01 2.1108252166e+11
2.9600000000e-01 2.1067155895e+11
2.9629000000e-01 2.1007591974e+11
2.9650000000e-01 2.0964359338e+11
2.9679000000e-01 2.0901679946e+11
2.9700000000e-01 2.0856185997e+11
2.9729000000e-01 2.0790208610e+11
2.9750000000e-01 2.0742320998e+11
2.9779000000e-01 2.0672852490e+11
2.9800000000e-01 2.0622430915e+11
2.9829000000e-01 2.0549266627e+11
2.9850000000e-01 2.0496162590e+11
2.9879000000e-01 2.0419085580e+11
2.9900000000e-01 2.0363141622e+11
2.9929000000e-01 2.0281921970e+11
2.9950000000e-01 2.0222971255e+11
2.9979000000e-01 2.0137365421e+11
3.0000000000e-01 2.0075231104e+11
3.0029000000e-01 1.9984980601e+11
3.0050000000e-01 1.9919475152e+11
3.0079000000e-01 1.9824306021e+11
3.0100000000e-01 1.9755230559e+11
3.0129000000e-01 1.9654852211e+11
3.0150000000e-01 1.9581995823e+11
3.0179000000e-01 1.9476099765e+11
3.0200000000e-01 1.9399238588e+11
3.0229000000e-01 1.9287497668e+11
3.0250000000e-01 1.9206394252e+11
3.0279000000e-01 1.9088461039e+11
3.0300000000e-01 1.9002863133e+11
3.0329000000e-01 1.8878368755e+11
3.0350000000e-01 1.8788008713e+11
3.0379000000e-01 1.8656561296e+11
3.0400000000e-01 1.8561154736e+11
3.0429000000e-01 1.8422338068e+11
3.0450000000e-01 1.8321582816e+11
3.0479000000e-01 1.8174954438e+11
3.0500000000e-01 1.8068529438e+11
3.0529000000e-01 1.7913619020e+11
3.0550000000e-01 1.7801182777e+11
3.0579000000e-01 1.7637489913e+11
3.0600000000e-01 1.7518679399e+11
3.0629000000e-01 1.7345671818e+11
3.0650000000e-01 1.7220100621e+11
3.0679000000e-01 1.7037211631e+11
3.0700000000e-01 1.6904468486e+11
3.0729000000e-01 1.6711094774e+11
3.0750000000e-01 1.6570741750e+11
3.0779000000e-01 1.6366240371e+11
3.0800000000e-01 1.6217810815e+11
3.0829000000e-01 1.6001496407e+11
3.0850000000e-01 1.5844493006e+11
3.0879000000e-01 1.5615634665e+11
3.0900000000e-01 1.5449526796e+11
3.0929000000e-01 1.5207344482e+11
3.0950000000e-01 1.5031566071e+11
3.0979000000e-01 1.4775226955e+11
3.1000000000e-01 1.4589173488e+11
3.1029000000e-01 1.4317787436e+11
3.1050000000e-01 1.4120812931e+11
3.1079000000e-01 1.3833428387e+11
3.1100000000e-01 1.3624842116e+11
3.1129000000e-01 1.3320440658e+11
3.1150000000e-01 1.3099503485e+11
3.1179000000e-01 1.2776994435e+11
3.1200000000e-01 1.2542914822e+11
3.1229000000e-01 1.2201129219e+11
3.1250000000e-01 1.1953058602e+11
3.1279000000e-01 1.1590742075e+11
3.1300000000e-01 1.1327770150e+11
3.1329000000e-01 1.0943575735e+11
3.1350000000e-01 1.0664724781e+11
3.1379000000e-01 1.0257204106e+11
3.1400000000e-01 9.9614229923e+10
3.1429000000e-01 9.5290172847e+10
3.1450000000e-01 9.2151746090e+10
3.1479000000e-01 8.7562038656e+10
3.1500000000e-01 8.4230802796e+10
3.1529000000e-01 7.9357315221e+10
3.1550000000e-01 7.5820111711e+10
3.1579000000e-01 7.0643251472e+10
3.1600000000e-01 6.6885860103e+10
3.1629000000e-01 6.1384420650e+10
3.1650000000e-01 5.7391449697e+10
3.1679000000e-01 5.1542439404e+10
3.1700000000e-01 4.7297201521e+10
3.1729000000e-01 4.1075648235e+10
3.1750000000e-01 3.6560018599e+10
3.1779000000e-01 2.9938744881e+10
3.1800000000e-01 2.5132998143e+10
3.1829000000e-01 1.8082359244e+10
3.1850000000e-01 1.2964979221e+10
3.1879000000e-01 5.4525485607e+09
3.1900000000e-01 0.0000000000e+00
3.1900000000e-01 0.0000000000e+00
3.1929000000e-01 0.0000000000e+00
3.1950000000e-01 0.0000000000e+00
3.1979000000e-01 0.0000000000e+00
3.2000000000e-01 0.0000000000e+00
