0.0000000000e+00 3.0000000000e+02
1.8000000000e-04 3.0004853313e+02
5.0000000000e-04 3.0013318169e+02
6.8000000000e-04 3.0018171482e+02
1.0000000000e-03 3.0026636338e+02
1.0000000000e-03 3.0026636338e+02
1.1800000000e-03 3.0034424164e+02
1.5000000000e-03 3.0048007260e+02
1.6800000000e-03 3.0055803651e+02
2.0000000000e-03 3.0069401554e+02
2.1800000000e-03 3.0077205855e+02
2.5000000000e-03 3.0090817612e+02
2.6800000000e-03 3.0098629349e+02
3.0000000000e-03 3.0112253943e+02
3.1800000000e-03 3.0120072459e+02
3.5000000000e-03 3.0133708874e+02
3.6800000000e-03 3.0141533768e+02
4.0000000000e-03 3.0155181178e+02
4.1800000000e-03 3.0163011940e+02
4.5000000000e-03 3.0176669518e+02
4.6800000000e-03 3.0184505638e+02
5.0000000000e-03 3.0198172494e+02
5.1800000000e-03 3.0206013608e+02
5.5000000000e-03 3.0219688980e+02
5.6800000000e-03 3.0227534614e+02
6.0000000000e-03 3.0241217803e+02
6.1800000000e-03 3.0249067592e+02
6.5000000000e-03 3.0262757835e+02
6.6800000000e-03 3.0270611378e+02
7.0000000000e-03 3.0284308039e+02
7.1800000000e-03 3.0292164972e+02
7.5000000000e-03 3.0305867480e+02
7.6800000000e-03 3.0313727475e+02
8.0000000000e-03 3.0327435067e+02
8.1800000000e-03 3.0335297759e+02
8.5000000000e-03 3.0349009991e+02
8.6800000000e-03 3.0356875088e+02
9.0000000000e-03 3.0370591323e+02
9.1800000000e-03 3.0378458535e+02
9.5000000000e-03 3.0392178265e+02
9.6800000000e-03 3.0400047263e+02
1.0000000000e-02 3.0413769917e+02
1.0180000000e-02 3.0421640408e+02
1.0500000000e-02 3.0435365605e+02
1.0680000000e-02 3.0443237336e+02
1.1000000000e-02 3.0456964502e+02
1.1180000000e-02 3.0464837253e+02
1.1500000000e-02 3.0478565945e+02
1.1680000000e-02 3.0486439389e+02
1.2000000000e-02 3.0500169224e+02
1.2180000000e-02 3.0508043215e+02
1.2500000000e-02 3.0521773750e+02
1.2680000000e-02 3.0529647959e+02
1.3000000000e-02 3.0543378811e+02
1.3180000000e-02 3.0551253057e+02
1.3500000000e-02 3.0564983782e+02
1.3680000000e-02 3.0572857882e+02
1.4000000000e-02 3.0586588163e+02
1.4180000000e-02 3.0594461862e+02
1.4500000000e-02 3.0608191316e+02
1.4680000000e-02 3.0616064432e+02
1.5000000000e-02 3.0629792742e+02
1.5180000000e-02 3.0637665093e+02
1.5500000000e-02 3.0651391941e+02
1.5680000000e-02 3.0659263344e+02
1.6000000000e-02 3.0672988350e+02
1.6180000000e-02 3.0680858622e+02
1.6500000000e-02 3.0694581531e+02
1.6680000000e-02 3.0702450455e+02
1.7000000000e-02 3.0716170949e+02
1.7180000000e-02 3.0724038415e+02
1.7500000000e-02 3.0737756176e+02
1.7680000000e-02 3.0745622002e+02
1.8000000000e-02 3.0759336776e+02
1.8180000000e-02 3.0767200779e+02
1.8500000000e-02 3.0780912376e+02
1.8680000000e-02 3.0788774448e+02
1.9000000000e-02 3.0802482485e+02
1.9180000000e-02 3.0810342443e+02
1.9500000000e-02 3.0824046794e+02
1.9680000000e-02 3.0831904529e+02
2.0000000000e-02 3.0845604813e+02
2.0180000000e-02 3.0853460179e+02
2.0500000000e-02 3.0867156268e+02
2.0680000000e-02 3.0875009119e+02
2.1000000000e-02 3.0888700760e+02
2.1180000000e-02 3.0896550986e+02
2.1500000000e-02 3.0910237924e+02
2.1680000000e-02 3.0918085380e+02
2.2000000000e-02 3.0931767425e+02
2.2180000000e-02 3.0939611965e+02
2.2500000000e-02 3.0953288926e+02
2.2680000000e-02 3.0961130514e+02
2.3000000000e-02 3.0974802200e+02
2.3180000000e-02 3.0982640617e+02
2.3500000000e-02 3.0996306774e+02
2.3680000000e-02 3.1004141983e+02
2.4000000000e-02 3.1017802484e+02
2.4180000000e-02 3.1025634377e+02
2.4500000000e-02 3.1039288967e+02
2.4680000000e-02 3.1047117397e+02
2.5000000000e-02 3.1060766014e+02
2.5180000000e-02 3.1068590872e+02
2.5500000000e-02 3.1082233197e+02
2.5680000000e-02 3.1090054447e+02
2.6000000000e-02 3.1103690417e+02
2.6180000000e-02 3.1111507912e+02
2.6500000000e-02 3.1125137336e+02
2.6680000000e-02 3.1132951005e+02
2.7000000000e-02 3.1146573693e+02
2.7180000000e-02 3.1154383424e+02
2.7500000000e-02 3.1167999249e+02
2.7680000000e-02 3.1175804971e+02
2.8000000000e-02 3.1189413741e+02
2.8180000000e-02 3.1197215345e+02
2.8500000000e-02 3.1210816997e+02
2.8680000000e-02 3.1218614409e+02
2.9000000000e-02 3.1232208690e+02
2.9180000000e-02 3.1240001801e+02
2.9500000000e-02 3.1253588646e+02
2.9680000000e-02 3.1261377420e+02
3.0000000000e-02 3.1274956638e+02
3.0180000000e-02 3.1282741002e+02
3.0500000000e-02 3.1296312467e+02
3.0680000000e-02 3.1304092275e+02
3.1000000000e-02 3.1317655860e+02
3.1180000000e-02 3.1325431111e+02
3.1500000000e-02 3.1338986689e+02
3.1680000000e-02 3.1346757238e+02
3.2000000000e-02 3.1360304681e+02
3.2180000000e-02 3.1368070529e+02
3.2500000000e-02 3.1381609710e+02
3.2680000000e-02 3.1389370710e+02
3.3000000000e-02 3.1402901503e+02
3.3180000000e-02 3.1410657619e+02
3.3500000000e-02 3.1424179895e+02
3.3680000000e-02 3.1431931091e+02
3.4000000000e-02 3.1445444788e+02
3.4180000000e-02 3.1453190953e+02
3.4500000000e-02 3.1466695880e+02
3.4680000000e-02 3.1474436943e+02
3.5000000000e-02 3.1487932973e+02
3.5180000000e-02 3.1495668896e+02
3.5500000000e-02 3.1509155965e+02
3.5680000000e-02 3.1516886677e+02
3.6000000000e-02 3.1530364721e+02
3.6180000000e-02 3.1538090148e+02
3.6500000000e-02 3.1551558978e+02
3.6680000000e-02 3.1559279082e+02
3.7000000000e-02 3.1572738570e+02
3.7180000000e-02 3.1580453244e+02
3.7500000000e-02 3.1593903390e+02
3.7680000000e-02 3.1601612633e+02
3.8000000000e-02 3.1615053246e+02
3.8180000000e-02 3.1622756949e+02
3.8500000000e-02 3.1636187902e+02
3.8680000000e-02 3.1643886028e+02
3.9000000000e-02 3.1657307321e+02
3.9180000000e-02 3.1664999798e+02
3.9500000000e-02 3.1678411241e+02
3.9680000000e-02 3.1686098032e+02
4.0000000000e-02 3.1699499624e+02
4.0180000000e-02 3.1707180656e+02
4.0500000000e-02 3.1720572207e+02
4.0680000000e-02 3.1728247444e+02
4.1000000000e-02 3.1741628891e+02
4.1180000000e-02 3.1749298259e+02
4.1500000000e-02 3.1762669474e+02
4.1680000000e-02 3.1770332937e+02
4.2000000000e-02 3.1783693857e+02
4.2180000000e-02 3.1791351343e+02
4.2500000000e-02 3.1804701904e+02
4.2680000000e-02 3.1812353376e+02
4.3000000000e-02 3.1825693450e+02
4.3180000000e-02 3.1833338836e+02
4.3500000000e-02 3.1846668297e+02
4.3680000000e-02 3.1854307559e+02
4.4000000000e-02 3.1867626407e+02
4.4180000000e-02 3.1875259509e+02
4.4500000000e-02 3.1888567554e+02
4.4680000000e-02 3.1896194423e+02
4.5000000000e-02 3.1909491664e+02
4.5180000000e-02 3.1917112228e+02
4.5500000000e-02 3.1930398538e+02
4.5680000000e-02 3.1938012796e+02
4.6000000000e-02 3.1951288049e+02
4.6180000000e-02 3.1958895892e+02
4.6500000000e-02 3.1972160086e+02
4.6680000000e-02 3.1979761550e+02
4.7000000000e-02 3.1993014560e+02
4.7180000000e-02 3.2000609500e+02
4.7500000000e-02 3.2013851197e+02
4.7680000000e-02 3.2021439650e+02
4.8000000000e-02 3.2034669971e+02
4.8180000000e-02 3.2042251826e+02
4.8500000000e-02 3.2055470708e+02
4.8680000000e-02 3.2063045966e+02
4.9000000000e-02 3.2076253346e+02
4.9180000000e-02 3.2083821897e+02
4.9500000000e-02 3.2097017647e+02
4.9680000000e-02 3.2104579492e+02
5.0000000000e-02 3.2117763548e+02
5.0180000000e-02 3.2125318650e+02
5.0500000000e-02 3.2138490949e+02
5.0680000000e-02 3.2146039198e+02
5.1000000000e-02 3.2159199613e+02
5.1180000000e-02 3.2166741047e+02
5.1500000000e-02 3.2179889578e+02
5.1680000000e-02 3.2187424086e+02
5.2000000000e-02 3.2200560542e+02
5.2180000000e-02 3.2208088125e+02
5.2500000000e-02 3.2221212443e+02
5.2680000000e-02 3.2228732992e+02
5.3000000000e-02 3.2241845171e+02
5.3180000000e-02 3.2249358685e+02
5.3500000000e-02 3.2262458599e+02
5.3680000000e-02 3.2269965042e+02
5.4000000000e-02 3.2283052627e+02
5.4180000000e-02 3.2290551963e+02
5.4500000000e-02 3.2303627092e+02
5.4680000000e-02 3.2311119210e+02
5.5000000000e-02 3.2324181883e+02
5.5180000000e-02 3.2331666785e+02
5.5500000000e-02 3.2344716811e+02
5.5680000000e-02 3.2352194460e+02
5.6000000000e-02 3.2365231903e+02
5.6180000000e-02 3.2372702225e+02
5.6500000000e-02 3.2385726894e+02
5.6680000000e-02 3.2393189854e+02
5.7000000000e-02 3.2406201750e+02
5.7180000000e-02 3.2413657347e+02
5.7500000000e-02 3.2426656278e+02
5.7680000000e-02 3.2434104403e+02
5.8000000000e-02 3.2447090433e+02
5.8180000000e-02 3.2454531050e+02
5.8500000000e-02 3.2467503988e+02
5.8680000000e-02 3.2474937096e+02
5.9000000000e-02 3.2487896943e+02
5.9180000000e-02 3.2495322470e+02
5.9500000000e-02 3.2508269098e+02
5.9680000000e-02 3.2515687007e+02
6.0000000000e-02 3.2528620417e+02
6.0180000000e-02 3.2536030672e+02
6.0500000000e-02 3.2548950672e+02
6.0680000000e-02 3.2556353200e+02
6.1000000000e-02 3.2569259791e+02
6.1180000000e-02 3.2576654592e+02
6.1500000000e-02 3.2589547709e+02
6.1680000000e-02 3.2596934710e+02
6.2000000000e-02 3.2609814164e+02
6.2180000000e-02 3.2617193329e+02
6.2500000000e-02 3.2630059183e+02
6.2680000000e-02 3.2637430438e+02
6.3000000000e-02 3.2650282565e+02
6.3180000000e-02 3.2657645948e+02
6.3500000000e-02 3.2670484284e+02
6.3680000000e-02 3.2677839648e+02
6.4000000000e-02 3.2690664066e+02
6.4180000000e-02 3.2698011448e+02
6.4500000000e-02 3.2710821949e+02
6.4680000000e-02 3.2718161275e+02
6.5000000000e-02 3.2730957731e+02
6.5180000000e-02 3.2738288965e+02
6.5500000000e-02 3.2751071313e+02
6.5680000000e-02 3.2758394420e+02
6.6000000000e-02 3.2771162595e+02
6.6180000000e-02 3.2778477501e+02
6.6500000000e-02 3.2791231378e+02
6.6680000000e-02 3.2798538046e+02
6.7000000000e-02 3.2811277623e+02
6.7180000000e-02 3.2818576054e+02
6.7500000000e-02 3.2831301269e+02
6.7680000000e-02 3.2838591390e+02
6.8000000000e-02 3.2851302051e+02
6.8180000000e-02 3.2858583825e+02
6.8500000000e-02 3.2871279997e+02
6.8680000000e-02 3.2878553351e+02
6.9000000000e-02 3.2891234843e+02
6.9180000000e-02 3.2898499778e+02
6.9500000000e-02 3.2911166589e+02
6.9680000000e-02 3.2918423067e+02
7.0000000000e-02 3.2931075135e+02
7.0180000000e-02 3.2938323048e+02
7.0500000000e-02 3.2950960244e+02
7.0680000000e-02 3.2958199628e+02
7.1000000000e-02 3.2970821890e+02
7.1180000000e-02 3.2978052672e+02
7.1500000000e-02 3.2990659936e+02
7.1680000000e-02 3.2997882043e+02
7.2000000000e-02 3.3010474245e+02
7.2180000000e-02 3.3017687678e+02
7.2500000000e-02 3.3030264754e+02
7.2680000000e-02 3.3037469476e+02
7.3000000000e-02 3.3050031300e+02
7.3180000000e-02 3.3057227201e+02
7.3500000000e-02 3.3069773709e+02
7.3680000000e-02 3.3076960826e+02
7.4000000000e-02 3.3089492019e+02
7.4180000000e-02 3.3096670279e+02
7.4500000000e-02 3.3109186028e+02
7.4680000000e-02 3.3116355394e+02
7.5000000000e-02 3.3128855637e+02
7.5180000000e-02 3.3136016037e+02
7.5500000000e-02 3.3148500710e+02
7.5680000000e-02 3.3155652144e+02
7.6000000000e-02 3.3168121120e+02
7.6180000000e-02 3.3175263514e+02
7.6500000000e-02 3.3187716793e+02
7.6680000000e-02 3.3194850148e+02
7.7000000000e-02 3.3207287602e+02
7.7180000000e-02 3.3214411845e+02
7.7500000000e-02 3.3226833411e+02
7.7680000000e-02 3.3233948469e+02
7.8000000000e-02 3.3246354084e+02
7.8180000000e-02 3.3253459993e+02
7.8500000000e-02 3.3265849593e+02
7.8680000000e-02 3.3272946245e+02
7.9000000000e-02 3.3285319766e+02
7.9180000000e-02 3.3292407160e+02
7.9500000000e-02 3.3304764539e+02
7.9680000000e-02 3.3311842602e+02
8.0000000000e-02 3.3324183712e+02
8.0180000000e-02 3.3331252407e+02
8.0500000000e-02 3.3343577185e+02
8.0680000000e-02 3.3350636513e+02
8.1000000000e-02 3.3362944894e+02
8.1180000000e-02 3.3369994746e+02
8.1500000000e-02 3.3382286731e+02
8.1680000000e-02 3.3389327142e+02
8.2000000000e-02 3.3401602540e+02
8.2180000000e-02 3.3408633402e+02
8.2500000000e-02 3.3420892277e+02
8.2680000000e-02 3.3427913552e+02
8.3000000000e-02 3.3440155650e+02
8.3180000000e-02 3.3447167339e+02
8.3500000000e-02 3.3459392786e+02
8.3680000000e-02 3.3466394853e+02
8.4000000000e-02 3.3478603459e+02
8.4180000000e-02 3.3485595831e+02
8.4500000000e-02 3.3497787532e+02
8.4680000000e-02 3.3504770172e+02
8.5000000000e-02 3.3516944905e+02
8.5180000000e-02 3.3523917740e+02
8.5500000000e-02 3.3536075441e+02
8.5680000000e-02 3.3543038508e+02
8.6000000000e-02 3.3555179178e+02
8.6180000000e-02 3.3562132404e+02
8.6500000000e-02 3.3574255850e+02
8.6680000000e-02 3.3581199163e+02
8.7000000000e-02 3.3593305323e+02
8.7180000000e-02 3.3600238685e+02
8.7500000000e-02 3.3612327623e+02
8.7680000000e-02 3.3619251035e+02
8.8000000000e-02 3.3631322496e+02
8.8180000000e-02 3.3638235921e+02
8.8500000000e-02 3.3650289969e+02
8.8680000000e-02 3.3657193334e+02
8.9000000000e-02 3.3669229906e+02
8.9180000000e-02 3.3676123137e+02
8.9500000000e-02 3.3688142042e+02
8.9680000000e-02 3.3695025178e+02
9.0000000000e-02 3.3707026479e+02
9.0180000000e-02 3.3713899445e+02
9.0500000000e-02 3.3725883015e+02
9.0680000000e-02 3.3732745776e+02
9.1000000000e-02 3.3744711488e+02
9.1180000000e-02 3.3751563970e+02
9.1500000000e-02 3.3763511888e+02
9.1680000000e-02 3.3770354092e+02
9.2000000000e-02 3.3782284024e+02
9.2180000000e-02 3.3789115913e+02
9.2500000000e-02 3.3801027797e+02
9.2680000000e-02 3.3807849298e+02
9.3000000000e-02 3.3819743197e+02
9.3180000000e-02 3.3826554310e+02
9.3500000000e-02 3.3838430034e+02
9.3680000000e-02 3.3845230686e+02
9.4000000000e-02 3.3857088170e+02
9.4180000000e-02 3.3863878362e+02
9.4500000000e-02 3.3875717607e+02
9.4680000000e-02 3.3882497264e+02
9.5000000000e-02 3.3894318143e+02
9.5180000000e-02 3.3901087267e+02
9.5500000000e-02 3.3912889716e+02
9.5680000000e-02 3.3919648197e+02
9.6000000000e-02 3.3931432216e+02
9.6180000000e-02 3.3938180091e+02
9.6500000000e-02 3.3949945552e+02
9.6680000000e-02 3.3956682748e+02
9.7000000000e-02 3.3968429652e+02
9.7180000000e-02 3.3975156168e+02
9.7500000000e-02 3.3986884325e+02
9.7680000000e-02 3.3993600052e+02
9.8000000000e-02 3.4005309525e+02
9.8180000000e-02 3.4012014500e+02
9.8500000000e-02 3.4023705162e+02
9.8680000000e-02 3.4030399311e+02
9.9000000000e-02 3.4042071162e+02
9.9180000000e-02 3.4048754450e+02
9.9500000000e-02 3.4060407298e+02
9.9680000000e-02 3.4067079724e+02
1.0000000000e-01 3.4078713635e+02
1.0018000000e-01 3.4085375126e+02
1.0050000000e-01 3.4096990035e+02
1.0068000000e-01 3.4103640555e+02
1.0100000000e-01 3.4115236271e+02
1.0118000000e-01 3.4121875821e+02
1.0150000000e-01 3.4133452471e+02
1.0168000000e-01 3.4140081013e+02
1.0200000000e-01 3.4151638407e+02
1.0218000000e-01 3.4158255869e+02
1.0250000000e-01 3.4169793944e+02
1.0268000000e-01 3.4176400325e+02
1.0300000000e-01 3.4187919144e+02
1.0318000000e-01 3.4194514408e+02
1.0350000000e-01 3.4206013780e+02
1.0368000000e-01 3.4212597892e+02
1.0400000000e-01 3.4224077817e+02
1.0418000000e-01 3.4230650738e+02
1.0450000000e-01 3.4242111217e+02
1.0468000000e-01 3.4248672912e+02
1.0500000000e-01 3.4260113817e+02
1.0518000000e-01 3.4266664286e+02
1.0550000000e-01 3.4278085553e+02
1.0568000000e-01 3.4284624760e+02
1.0600000000e-01 3.4296026453e+02
1.0618000000e-01 3.4302554361e+02
1.0650000000e-01 3.4313936290e+02
1.0668000000e-01 3.4320452862e+02
1.0700000000e-01 3.4331815090e+02
1.0718000000e-01 3.4338320326e+02
1.0750000000e-01 3.4349662726e+02
1.0768000000e-01 3.4356156554e+02
1.0800000000e-01 3.4367479126e+02
1.0818000000e-01 3.4373961582e+02
1.0850000000e-01 3.4385264326e+02
1.0868000000e-01 3.4391735337e+02
1.0900000000e-01 3.4403018126e+02
1.0918000000e-01 3.4409477729e+02
1.0950000000e-01 3.4420740563e+02
1.0968000000e-01 3.4427188648e+02
1.1000000000e-01 3.4438431463e+02
1.1018000000e-01 3.4444868103e+02
1.1050000000e-01 3.4456090899e+02
1.1068000000e-01 3.4462516021e+02
1.1100000000e-01 3.4473718799e+02
1.1118000000e-01 3.4480132367e+02
1.1150000000e-01 3.4491314999e+02
1.1168000000e-01 3.4497717050e+02
1.1200000000e-01 3.4508879599e+02
1.1218000000e-01 3.4515270132e+02
1.1250000000e-01 3.4526412536e+02
1.1268000000e-01 3.4532791441e+02
1.1300000000e-01 3.4543913636e+02
1.1318000000e-01 3.4550280987e+02
1.1350000000e-01 3.4561383036e+02
1.1368000000e-01 3.4567738833e+02
1.1400000000e-01 3.4578820672e+02
1.1418000000e-01 3.4585164842e+02
1.1450000000e-01 3.4596226472e+02
1.1468000000e-01 3.4602559015e+02
1.1500000000e-01 3.4613600372e+02
1.1518000000e-01 3.4619921361e+02
1.1550000000e-01 3.4630942508e+02
1.1568000000e-01 3.4637251870e+02
1.1600000000e-01 3.4648252808e+02
1.1618000000e-01 3.4654550543e+02
1.1650000000e-01 3.4665531208e+02
1.1668000000e-01 3.4671817389e+02
1.1700000000e-01 3.4682777845e+02
1.1718000000e-01 3.4689052398e+02
1.1750000000e-01 3.4699992645e+02
1.1768000000e-01 3.4706255607e+02
1.1800000000e-01 3.4717175645e+02
1.1818000000e-01 3.4723427017e+02
1.1850000000e-01 3.4734326845e+02
1.1868000000e-01 3.4740566663e+02
1.1900000000e-01 3.4751446345e+02
1.1918000000e-01 3.4757674645e+02
1.1950000000e-01 3.4768534245e+02
1.1968000000e-01 3.4774750991e+02
1.2000000000e-01 3.4785590445e+02
1.2018000000e-01 3.4791795709e+02
1.2050000000e-01 3.4802615081e+02
1.2068000000e-01 3.4808808864e+02
1.2100000000e-01 3.4819608281e+02
1.2118000000e-01 3.4825790656e+02
1.2150000000e-01 3.4836570118e+02
1.2168000000e-01 3.4842741048e+02
1.2200000000e-01 3.4853500681e+02
1.2218000000e-01 3.4859660276e+02
1.2250000000e-01 3.4870400018e+02
1.2268000000e-01 3.4876548277e+02
1.2300000000e-01 3.4887268318e+02
1.2318000000e-01 3.4893405314e+02
1.2350000000e-01 3.4904105781e+02
1.2368000000e-01 3.4910231588e+02
1.2400000000e-01 3.4920912418e+02
1.2418000000e-01 3.4927027071e+02
1.2450000000e-01 3.4937688518e+02
1.2468000000e-01 3.4943792091e+02
1.2500000000e-01 3.4954434218e+02
1.2518000000e-01 3.4960526783e+02
1.2550000000e-01 3.4971149654e+02
1.2568000000e-01 3.4977231285e+02
1.2600000000e-01 3.4987835218e+02
1.2618000000e-01 3.4993906023e+02
1.2650000000e-01 3.5004490954e+02
1.2668000000e-01 3.5010551007e+02
1.2700000000e-01 3.5021117254e+02
1.2718000000e-01 3.5027166664e+02
1.2750000000e-01 3.5037714354e+02
1.2768000000e-01 3.5043753231e+02
1.2800000000e-01 3.5054282554e+02
1.2818000000e-01 3.5060311043e+02
1.2850000000e-01 3.5070822254e+02
1.2868000000e-01 3.5076840464e+02
1.2900000000e-01 3.5087333691e+02
1.2918000000e-01 3.5093341732e+02
1.2950000000e-01 3.5103817354e+02
1.2968000000e-01 3.5109815408e+02
1.3000000000e-01 3.5120273554e+02
1.3018000000e-01 3.5126261767e+02
1.3050000000e-01 3.5136702754e+02
1.3068000000e-01 3.5142681345e+02
1.3100000000e-01 3.5153105491e+02
1.3118000000e-01 3.5159074568e+02
1.3150000000e-01 3.5169482191e+02
1.3168000000e-01 3.5175442010e+02
1.3200000000e-01 3.5185833491e+02
1.3218000000e-01 3.5191784235e+02
1.3250000000e-01 3.5202159891e+02
1.3268000000e-01 3.5208101778e+02
1.3300000000e-01 3.5218461991e+02
1.3318000000e-01 3.5224395312e+02
1.3350000000e-01 3.5234740591e+02
1.3368000000e-01 3.5240665529e+02
1.3400000000e-01 3.5250996191e+02
1.3418000000e-01 3.5256913110e+02
1.3450000000e-01 3.5267229727e+02
1.3468000000e-01 3.5273138847e+02
1.3500000000e-01 3.5283441927e+02
1.3518000000e-01 3.5289343575e+02
1.3550000000e-01 3.5299633691e+02
1.3568000000e-01 3.5305528231e+02
1.3600000000e-01 3.5315805891e+02
1.3618000000e-01 3.5321693688e+02
1.3650000000e-01 3.5331959527e+02
1.3668000000e-01 3.5337840909e+02
1.3700000000e-01 3.5348095627e+02
1.3718000000e-01 3.5353971032e+02
1.3750000000e-01 3.5364215391e+02
1.3768000000e-01 3.5370085255e+02
1.3800000000e-01 3.5380319891e+02
1.3818000000e-01 3.5386184689e+02
1.3850000000e-01 3.5396410427e+02
1.3868000000e-01 3.5402270633e+02
1.3900000000e-01 3.5412488427e+02
1.3918000000e-01 3.5418344514e+02
1.3950000000e-01 3.5428555127e+02
1.3968000000e-01 3.5434407751e+02
1.4000000000e-01 3.5444612327e+02
1.4018000000e-01 3.5450461999e+02
1.4050000000e-01 3.5460661427e+02
1.4068000000e-01 3.5466508839e+02
1.4100000000e-01 3.5476704327e+02
1.4118000000e-01 3.5482550099e+02
1.4150000000e-01 3.5492742727e+02
1.4168000000e-01 3.5498587588e+02
1.4200000000e-01 3.5508778627e+02
1.4218000000e-01 3.5514623379e+02
1.4250000000e-01 3.5524814227e+02
1.4268000000e-01 3.5530659635e+02
1.4300000000e-01 3.5540851627e+02
1.4318000000e-01 3.5546698602e+02
1.4350000000e-01 3.5556893327e+02
1.4368000000e-01 3.5562742780e+02
1.4400000000e-01 3.5572941827e+02
1.4418000000e-01 3.5578794743e+02
1.4450000000e-01 3.5588999764e+02
1.4468000000e-01 3.5594857163e+02
1.4500000000e-01 3.5605070127e+02
1.4518000000e-01 3.5610933176e+02
1.4550000000e-01 3.5621155864e+02
1.4568000000e-01 3.5627025728e+02
1.4600000000e-01 3.5637260427e+02
1.4618000000e-01 3.5643138420e+02
1.4650000000e-01 3.5653387164e+02
1.4668000000e-01 3.5659274560e+02
1.4700000000e-01 3.5669539827e+02
1.4718000000e-01 3.5675438121e+02
1.4750000000e-01 3.5685722327e+02
1.4768000000e-01 3.5691632941e+02
1.4800000000e-01 3.5701938627e+02
1.4818000000e-01 3.5707862909e+02
1.4850000000e-01 3.5718192364e+02
1.4868000000e-01 3.5724131262e+02
1.4900000000e-01 3.5734486327e+02
1.4918000000e-01 3.5740439878e+02
1.4950000000e-01 3.5750820427e+02
1.4968000000e-01 3.5756786625e+02
1.5000000000e-01 3.5767189164e+02
1.5018000000e-01 3.5773163380e+02
1.5050000000e-01 3.5783579964e+02
1.5068000000e-01 3.5789560559e+02
1.5100000000e-01 3.5799988264e+02
1.5118000000e-01 3.5805974436e+02
1.5150000000e-01 3.5816411864e+02
1.5168000000e-01 3.5822403138e+02
1.5200000000e-01 3.5832849464e+02
1.5218000000e-01 3.5838845513e+02
1.5250000000e-01 3.5849300164e+02
1.5268000000e-01 3.5855300660e+02
1.5300000000e-01 3.5865763064e+02
1.5318000000e-01 3.5871767751e+02
1.5350000000e-01 3.5882237464e+02
1.5368000000e-01 3.5888246051e+02
1.5400000000e-01 3.5898722564e+02
1.5418000000e-01 3.5904734723e+02
1.5450000000e-01 3.5915217527e+02
1.5468000000e-01 3.5921232967e+02
1.5500000000e-01 3.5931721427e+02
1.5518000000e-01 3.5937739783e+02
1.5550000000e-01 3.5948233264e+02
1.5568000000e-01 3.5954254062e+02
1.5600000000e-01 3.5964751927e+02
1.5618000000e-01 3.5970774803e+02
1.5650000000e-01 3.5981276227e+02
1.5668000000e-01 3.5987300670e+02
1.5700000000e-01 3.5997804827e+02
1.5718000000e-01 3.6003830327e+02
1.5750000000e-01 3.6014336264e+02
1.5768000000e-01 3.6020362201e+02
1.5800000000e-01 3.6030868964e+02
1.5818000000e-01 3.6036894719e+02
1.5850000000e-01 3.6047401164e+02
1.5868000000e-01 3.6053426080e+02
1.5900000000e-01 3.6063931127e+02
1.5918000000e-01 3.6069954513e+02
1.5950000000e-01 3.6080456827e+02
1.5968000000e-01 3.6086477917e+02
1.6000000000e-01 3.6096976164e+02
1.6032000000e-01 3.6107469008e+02
1.6050000000e-01 3.6113486964e+02
1.6082000000e-01 3.6123972881e+02
1.6100000000e-01 3.6129986864e+02
1.6132000000e-01 3.6140464329e+02
1.6150000000e-01 3.6146473464e+02
1.6182000000e-01 3.6156940761e+02
1.6200000000e-01 3.6162944064e+02
1.6232000000e-01 3.6173399540e+02
1.6250000000e-01 3.6179396064e+02
1.6282000000e-01 3.6189837813e+02
1.6300000000e-01 3.6195826464e+02
1.6332000000e-01 3.6206252516e+02
1.6350000000e-01 3.6212232164e+02
1.6382000000e-01 3.6222640358e+02
1.6400000000e-01 3.6228609764e+02
1.6432000000e-01 3.6238997621e+02
1.6450000000e-01 3.6244955364e+02
1.6482000000e-01 3.6255320152e+02
1.6500000000e-01 3.6261264664e+02
1.6532000000e-01 3.6271603142e+02
1.6550000000e-01 3.6277532564e+02
1.6582000000e-01 3.6287840982e+02
1.6600000000e-01 3.6293753127e+02
1.6632000000e-01 3.6304026529e+02
1.6650000000e-01 3.6309918664e+02
1.6682000000e-01 3.6320151011e+02
1.6700000000e-01 3.6326019527e+02
1.6732000000e-01 3.6336202495e+02
1.6750000000e-01 3.6342042764e+02
1.6782000000e-01 3.6352165040e+02
1.6800000000e-01 3.6357970464e+02
1.6832000000e-01 3.6368015589e+02
1.6850000000e-01 3.6373776764e+02
1.6882000000e-01 3.6383719952e+02
1.6900000000e-01 3.6389422627e+02
1.6932000000e-01 3.6399223651e+02
1.6950000000e-01 3.6404844864e+02
1.6982000000e-01 3.6414433880e+02
1.7000000000e-01 3.6419933464e+02
1.7032000000e-01 3.6429177269e+02
1.7050000000e-01 3.6434478827e+02
1.7082000000e-01 3.6443263474e+02
1.7100000000e-01 3.6448301727e+02
1.7132000000e-01 3.6456541230e+02
1.7150000000e-01 3.6461266827e+02
1.7182000000e-01 3.6468906341e+02
1.7200000000e-01 3.6473287864e+02
1.7232000000e-01 3.6480298155e+02
1.7250000000e-01 3.6484318727e+02
1.7282000000e-01 3.6490688166e+02
1.7300000000e-01 3.6494341227e+02
1.7332000000e-01 3.6500069687e+02
1.7350000000e-01 3.6503355127e+02
1.7382000000e-01 3.6508449217e+02
1.7400000000e-01 3.6511370827e+02
1.7432000000e-01 3.6515841033e+02
1.7450000000e-01 3.6518404827e+02
1.7482000000e-01 3.6522263795e+02
1.7500000000e-01 3.6524477064e+02
1.7532000000e-01 3.6527738649e+02
1.7550000000e-01 3.6529609227e+02
1.7582000000e-01 3.6532287601e+02
1.7600000000e-01 3.6533823727e+02
1.7632000000e-01 3.6535933316e+02
1.7650000000e-01 3.6537143227e+02
1.7682000000e-01 3.6538698584e+02
1.7700000000e-01 3.6539590627e+02
1.7732000000e-01 3.6540606051e+02
1.7750000000e-01 3.6541188427e+02
1.7782000000e-01 3.6541678091e+02
1.7800000000e-01 3.6541958927e+02
1.7832000000e-01 3.6541936684e+02
1.7850000000e-01 3.6541923927e+02
1.7882000000e-01 3.6541403568e+02
1.7900000000e-01 3.6541105127e+02
1.7932000000e-01 3.6540100125e+02
1.7950000000e-01 3.6539523727e+02
1.7982000000e-01 3.6538047237e+02
1.8000000000e-01 3.6537200427e+02
1.8032000000e-01 3.6535265541e+02
1.8050000000e-01 3.6534155791e+02
1.8082000000e-01 3.6531775092e+02
1.8100000000e-01 3.6530409691e+02
1.8132000000e-01 3.6527595698e+02
1.8150000000e-01 3.6525981791e+02
1.8182000000e-01 3.6522746707e+02
1.8200000000e-01 3.6520891291e+02
1.8232000000e-01 3.6517247063e+02
1.8250000000e-01 3.6515157027e+02
1.8282000000e-01 3.6511115476e+02
1.8300000000e-01 3.6508797491e+02
1.8332000000e-01 3.6504369928e+02
1.8350000000e-01 3.6501830591e+02
1.8382000000e-01 3.6497028265e+02
1.8400000000e-01 3.6494273991e+02
1.8432000000e-01 3.6489107961e+02
1.8450000000e-01 3.6486145091e+02
1.8482000000e-01 3.6480625969e+02
1.8500000000e-01 3.6477460591e+02
1.8532000000e-01 3.6471598864e+02
1.8550000000e-01 3.6468236991e+02
1.8582000000e-01 3.6462042890e+02
1.8600000000e-01 3.6458490391e+02
1.8632000000e-01 3.6451973957e+02
1.8650000000e-01 3.6448236591e+02
1.8682000000e-01 3.6441407548e+02
1.8700000000e-01 3.6437490854e+02
1.8732000000e-01 3.6430358671e+02
1.8750000000e-01 3.6426268154e+02
1.8782000000e-01 3.6418842173e+02
1.8800000000e-01 3.6414583154e+02
1.8832000000e-01 3.6406872399e+02
1.8850000000e-01 3.6402450054e+02
1.8882000000e-01 3.6394463359e+02
1.8900000000e-01 3.6389882754e+02
1.8932000000e-01 3.6381628698e+02
1.8950000000e-01 3.6376894754e+02
1.8982000000e-01 3.6368381790e+02
1.9000000000e-01 3.6363499318e+02
1.9032000000e-01 3.6354735516e+02
1.9050000000e-01 3.6349709218e+02
1.9082000000e-01 3.6340702522e+02
1.9100000000e-01 3.6335536954e+02
1.9132000000e-01 3.6326295182e+02
1.9150000000e-01 3.6320994718e+02
1.9182000000e-01 3.6311525305e+02
1.9200000000e-01 3.6306094318e+02
1.9232000000e-01 3.6296404636e+02
1.9250000000e-01 3.6290847318e+02
1.9282000000e-01 3.6280944421e+02
1.9300000000e-01 3.6275264818e+02
1.9332000000e-01 3.6265155696e+02
1.9350000000e-01 3.6259357818e+02
1.9382000000e-01 3.6249049145e+02
1.9400000000e-01 3.6243136781e+02
1.9432000000e-01 3.6232635039e+02
1.9450000000e-01 3.6226611981e+02
1.9482000000e-01 3.6215923525e+02
1.9500000000e-01 3.6209793381e+02
1.9532000000e-01 3.6198924439e+02
1.9550000000e-01 3.6192690781e+02
1.9582000000e-01 3.6181647200e+02
1.9600000000e-01 3.6175313381e+02
1.9632000000e-01 3.6164101007e+02
1.9650000000e-01 3.6157670381e+02
1.9682000000e-01 3.6146294807e+02
1.9700000000e-01 3.6139770581e+02
1.9732000000e-01 3.6128237273e+02
1.9750000000e-01 3.6121622545e+02
1.9782000000e-01 3.6109936777e+02
1.9800000000e-01 3.6103234645e+02
1.9832000000e-01 3.6091401501e+02
1.9850000000e-01 3.6084614845e+02
1.9882000000e-01 3.6072639282e+02
1.9900000000e-01 3.6065770908e+02
1.9932000000e-01 3.6053657630e+02
1.9950000000e-01 3.6046710345e+02
1.9982000000e-01 3.6034464117e+02
2.0000000000e-01 3.6027440545e+02
2.0032000000e-01 3.6015065816e+02
2.0050000000e-01 3.6007968508e+02
2.0082000000e-01 3.5995469600e+02
2.0100000000e-01 3.5988301108e+02
2.0132000000e-01 3.5975682215e+02
2.0150000000e-01 3.5968444872e+02
2.0182000000e-01 3.5955710061e+02
2.0200000000e-01 3.5948406272e+02
2.0232000000e-01 3.5935559420e+02
2.0250000000e-01 3.5928191336e+02
2.0282000000e-01 3.5915236255e+02
2.0300000000e-01 3.5907806136e+02
2.0332000000e-01 3.5894746513e+02
2.0350000000e-01 3.5887256436e+02
2.0382000000e-01 3.5874095766e+02
2.0400000000e-01 3.5866547736e+02
2.0432000000e-01 3.5853289451e+02
2.0450000000e-01 3.5845685436e+02
2.0482000000e-01 3.5832332841e+02
2.0500000000e-01 3.5824674699e+02
2.0532000000e-01 3.5811230908e+02
2.0550000000e-01 3.5803520499e+02
2.0582000000e-01 3.5789988690e+02
2.0600000000e-01 3.5782227763e+02
2.0632000000e-01 3.5768610794e+02
2.0650000000e-01 3.5760801063e+02
2.0682000000e-01 3.5747101795e+02
2.0700000000e-01 3.5739244826e+02
2.0732000000e-01 3.5725465993e+02
2.0750000000e-01 3.5717563463e+02
2.0782000000e-01 3.5703707795e+02
2.0800000000e-01 3.5695761126e+02
2.0832000000e-01 3.5681831104e+02
2.0850000000e-01 3.5673841826e+02
2.0882000000e-01 3.5659839927e+02
2.0900000000e-01 3.5651809390e+02
2.0932000000e-01 3.5637737965e+02
2.0950000000e-01 3.5629667590e+02
2.0982000000e-01 3.5615528992e+02
2.1000000000e-01 3.5607420053e+02
2.1032000000e-01 3.5593216379e+02
2.1050000000e-01 3.5585070153e+02
2.1082000000e-01 3.5570803499e+02
2.1100000000e-01 3.5562621153e+02
2.1132000000e-01 3.5548293680e+02
2.1150000000e-01 3.5540076417e+02
2.1182000000e-01 3.5525690032e+02
2.1200000000e-01 3.5517439017e+02
2.1232000000e-01 3.5502995563e+02
2.1250000000e-01 3.5494711780e+02
2.1282000000e-01 3.5480213100e+02
2.1300000000e-01 3.5471897644e+02
2.1332000000e-01 3.5457345453e+02
2.1350000000e-01 3.5448999344e+02
2.1382000000e-01 3.5434395359e+02
2.1400000000e-01 3.5426019544e+02
2.1432000000e-01 3.5411365353e+02
2.1450000000e-01 3.5402960707e+02
2.1482000000e-01 3.5388257900e+02
2.1500000000e-01 3.5379825371e+02
2.1532000000e-01 3.5365075408e+02
2.1550000000e-01 3.5356615871e+02
2.1582000000e-01 3.5341820151e+02
2.1600000000e-01 3.5333334335e+02
2.1632000000e-01 3.5318494320e+02
2.1650000000e-01 3.5309983098e+02
2.1682000000e-01 3.5295100059e+02
2.1700000000e-01 3.5286564198e+02
2.1732000000e-01 3.5271639406e+02
2.1750000000e-01 3.5263079562e+02
2.1782000000e-01 3.5248114287e+02
2.1800000000e-01 3.5239531225e+02
2.1832000000e-01 3.5224526612e+02
2.1850000000e-01 3.5215920989e+02
2.1882000000e-01 3.5200878118e+02
2.1900000000e-01 3.5192250589e+02
2.1932000000e-01 3.5177170667e+02
2.1950000000e-01 3.5168521852e+02
2.1982000000e-01 3.5153405834e+02
2.2000000000e-01 3.5144736352e+02
2.2032000000e-01 3.5129585317e+02
2.2050000000e-01 3.5120895716e+02
2.2082000000e-01 3.5105710553e+02
2.2100000000e-01 3.5097001379e+02
2.2132000000e-01 3.5081783107e+02
2.2150000000e-01 3.5073054943e+02
2.2182000000e-01 3.5057804386e+02
2.2200000000e-01 3.5049057707e+02
2.2232000000e-01 3.5033775692e+02
2.2250000000e-01 3.5025011007e+02
2.2282000000e-01 3.5009698487e+02
2.2300000000e-01 3.5000916234e+02
2.2332000000e-01 3.4985573908e+02
2.2350000000e-01 3.4976774597e+02
2.2382000000e-01 3.4961403229e+02
2.2400000000e-01 3.4952587261e+02
2.2432000000e-01 3.4937187676e+02
2.2450000000e-01 3.4928355524e+02
2.2482000000e-01 3.4912928294e+02
2.2500000000e-01 3.4904080288e+02
2.2532000000e-01 3.4888626176e+02
2.2550000000e-01 3.4879762751e+02
2.2582000000e-01 3.4864282456e+02
2.2600000000e-01 3.4855403979e+02
2.2632000000e-01 3.4839898008e+02
2.2650000000e-01 3.4831004879e+02
2.2682000000e-01 3.4815473933e+02
2.2700000000e-01 3.4806566406e+02
2.2732000000e-01 3.4791011056e+02
2.2750000000e-01 3.4782089569e+02
2.2782000000e-01 3.4766510324e+02
2.2800000000e-01 3.4757575133e+02
2.2832000000e-01 3.4741972628e+02
2.2850000000e-01 3.4733024060e+02
2.2882000000e-01 3.4717398740e+02
2.2900000000e-01 3.4708437123e+02
2.2932000000e-01 3.4692789497e+02
2.2950000000e-01 3.4683815087e+02
2.2982000000e-01 3.4668145663e+02
2.3000000000e-01 3.4659158750e+02
2.3032000000e-01 3.4643468036e+02
2.3050000000e-01 3.4634468878e+02
2.3082000000e-01 3.4618757255e+02
2.3100000000e-01 3.4609746105e+02
2.3132000000e-01 3.4594014019e+02
2.3150000000e-01 3.4584991168e+02
2.3182000000e-01 3.4569239000e+02
2.3200000000e-01 3.4560204632e+02
2.3232000000e-01 3.4544432890e+02
2.3250000000e-01 3.4535387259e+02
2.3282000000e-01 3.4519596324e+02
2.3300000000e-01 3.4510539650e+02
2.3332000000e-01 3.4494729777e+02
2.3350000000e-01 3.4485662313e+02
2.3382000000e-01 3.4469833947e+02
2.3400000000e-01 3.4460755877e+02
2.3432000000e-01 3.4444909398e+02
2.3450000000e-01 3.4435820867e+02
2.3482000000e-01 3.4419956594e+02
2.3500000000e-01 3.4410857894e+02
2.3532000000e-01 3.4394976081e+02
2.3550000000e-01 3.4385867358e+02
2.3582000000e-01 3.4369968450e+02
2.3600000000e-01 3.4360849849e+02
2.3632000000e-01 3.4344934036e+02
2.3650000000e-01 3.4335805812e+02
2.3682000000e-01 3.4319873476e+02
2.3700000000e-01 3.4310735703e+02
2.3732000000e-01 3.4294787097e+02
2.3750000000e-01 3.4285640030e+02
2.3782000000e-01 3.4269675409e+02
2.3800000000e-01 3.4260519157e+02
2.3832000000e-01 3.4244538903e+02
2.3850000000e-01 3.4235373648e+02
2.3882000000e-01 3.4219377887e+02
2.3900000000e-01 3.4210203738e+02
2.3932000000e-01 3.4194192725e+02
2.3950000000e-01 3.4185009902e+02
2.3982000000e-01 3.4168984018e+02
2.4000000000e-01 3.4159792593e+02
2.4032000000e-01 3.4143751964e+02
2.4050000000e-01 3.4134552083e+02
2.4082000000e-01 3.4118496965e+02
2.4100000000e-01 3.4109288810e+02
2.4132000000e-01 3.4093219457e+02
2.4150000000e-01 3.4084003101e+02
2.4182000000e-01 3.4067919766e+02
2.4200000000e-01 3.4058695355e+02
2.4232000000e-01 3.4042598103e+02
2.4250000000e-01 3.4033365782e+02
2.4282000000e-01 3.4017254993e+02
2.4300000000e-01 3.4008014873e+02
2.4332000000e-01 3.3991890675e+02
2.4350000000e-01 3.3982642827e+02
2.4382000000e-01 3.3966505410e+02
2.4400000000e-01 3.3957250018e+02
2.4432000000e-01 3.3941099573e+02
2.4450000000e-01 3.3931836708e+02
2.4482000000e-01 3.3915673426e+02
2.4500000000e-01 3.3906403199e+02
2.4532000000e-01 3.3890227334e+02
2.4550000000e-01 3.3880949853e+02
2.4582000000e-01 3.3864761468e+02
2.4600000000e-01 3.3855476807e+02
2.4632000000e-01 3.3839276157e+02
2.4650000000e-01 3.3829984498e+02
2.4682000000e-01 3.3813771709e+02
2.4700000000e-01 3.3804473052e+02
2.4732000000e-01 3.3788248379e+02
2.4750000000e-01 3.3778942870e+02
2.4782000000e-01 3.3762706377e+02
2.4800000000e-01 3.3753394124e+02
2.4832000000e-01 3.3737145937e+02
2.4850000000e-01 3.3727827015e+02
2.4882000000e-01 3.3711567452e+02
2.4900000000e-01 3.3702241933e+02
2.4932000000e-01 3.3685970994e+02
2.4950000000e-01 3.3676638987e+02
2.4982000000e-01 3.3660356927e+02
2.5000000000e-01 3.3651018505e+02
2.5032000000e-01 3.3634725387e+02
2.5050000000e-01 3.3625380622e+02
2.5082000000e-01 3.3609076637e+02
2.5100000000e-01 3.3599725677e+02
2.5132000000e-01 3.3583411015e+02
2.5150000000e-01 3.3574053858e+02
2.5182000000e-01 3.3557728583e+02
2.5200000000e-01 3.3548365376e+02
2.5232000000e-01 3.3532029615e+02
2.5250000000e-01 3.3522660393e+02
2.5282000000e-01 3.3506314337e+02
2.5300000000e-01 3.3496939175e+02
2.5332000000e-01 3.3480582887e+02
2.5350000000e-01 3.3471201893e+02
2.5382000000e-01 3.3454835627e+02
2.5400000000e-01 3.3445448874e+02
2.5432000000e-01 3.3429072631e+02
2.5450000000e-01 3.3419680155e+02
2.5482000000e-01 3.3403294125e+02
2.5500000000e-01 3.3393896036e+02
2.5532000000e-01 3.3377500347e+02
2.5550000000e-01 3.3368096718e+02
2.5582000000e-01 3.3351691432e+02
2.5600000000e-01 3.3342282299e+02
2.5632000000e-01 3.3325867671e+02
2.5650000000e-01 3.3316453107e+02
2.5682000000e-01 3.3300029074e+02
2.5700000000e-01 3.3290609189e+02
2.5732000000e-01 3.3274176004e+02
2.5750000000e-01 3.3264750834e+02
2.5782000000e-01 3.3248308624e+02
2.5800000000e-01 3.3238878242e+02
2.5832000000e-01 3.3222427008e+02
2.5850000000e-01 3.3212991487e+02
2.5882000000e-01 3.3196531420e+02
2.5900000000e-01 3.3187090832e+02
2.5932000000e-01 3.3170622058e+02
2.5950000000e-01 3.3161176440e+02
2.5982000000e-01 3.3144699023e+02
2.6000000000e-01 3.3135248449e+02
2.6032000000e-01 3.3118762516e+02
2.6050000000e-01 3.3109307057e+02
2.6082000000e-01 3.3092812799e+02
2.6100000000e-01 3.3083352529e+02
2.6132000000e-01 3.3066849882e+02
2.6150000000e-01 3.3057384837e+02
2.6182000000e-01 3.3040874056e+02
2.6200000000e-01 3.3031404309e+02
2.6232000000e-01 3.3014885457e+02
2.6250000000e-01 3.3005411081e+02
2.6282000000e-01 3.2988884285e+02
2.6300000000e-01 3.2979405317e+02
2.6332000000e-01 3.2962870640e+02
2.6350000000e-01 3.2953387189e+02
2.6382000000e-01 3.2936844759e+02
2.6400000000e-01 3.2927356824e+02
2.6432000000e-01 3.2910806705e+02
2.6450000000e-01 3.2901314360e+02
2.6482000000e-01 3.2884756741e+02
2.6500000000e-01 3.2875260059e+02
2.6532000000e-01 3.2858694941e+02
2.6550000000e-01 3.2849193994e+02
2.6582000000e-01 3.2832621568e+02
2.6600000000e-01 3.2823116393e+02
2.6632000000e-01 3.2806536722e+02
2.6650000000e-01 3.2797027356e+02
2.6682000000e-01 3.2780440504e+02
2.6700000000e-01 3.2770927055e+02
2.6732000000e-01 3.2754333212e+02
2.6750000000e-01 3.2744815718e+02
2.6782000000e-01 3.2728214884e+02
2.6800000000e-01 3.2718693380e+02
2.6832000000e-01 3.2702085747e+02
2.6850000000e-01 3.2692560343e+02
2.6882000000e-01 3.2675945973e+02
2.6900000000e-01 3.2666416669e+02
2.6932000000e-01 3.2649795626e+02
2.6950000000e-01 3.2640262495e+02
2.6982000000e-01 3.2623634907e+02
2.7000000000e-01 3.2614097985e+02
2.7032000000e-01 3.2597463914e+02
2.7050000000e-01 3.2587923311e+02
2.7082000000e-01 3.2571282949e+02
2.7100000000e-01 3.2561738701e+02
2.7132000000e-01 3.2545092110e+02
2.7150000000e-01 3.2535544254e+02
2.7182000000e-01 3.2518891436e+02
2.7200000000e-01 3.2509340044e+02
2.7232000000e-01 3.2492681188e+02
2.7250000000e-01 3.2483126334e+02
2.7282000000e-01 3.2466461567e+02
2.7300000000e-01 3.2456903250e+02
2.7332000000e-01 3.2440232574e+02
2.7350000000e-01 3.2430670904e+02
2.7382000000e-01 3.2413994507e+02
2.7400000000e-01 3.2404429521e+02
2.7432000000e-01 3.2387747468e+02
2.7450000000e-01 3.2378179201e+02
2.7482000000e-01 3.2361491556e+02
2.7500000000e-01 3.2351920118e+02
2.7532000000e-01 3.2335227007e+02
2.7550000000e-01 3.2325652398e+02
2.7582000000e-01 3.2308953950e+02
2.7600000000e-01 3.2299376279e+02
2.7632000000e-01 3.2282672555e+02
2.7650000000e-01 3.2273091822e+02
2.7682000000e-01 3.2256382951e+02
2.7700000000e-01 3.2246799266e+02
2.7732000000e-01 3.2230085311e+02
2.7750000000e-01 3.2220498674e+02
2.7782000000e-01 3.2203779698e+02
2.7800000000e-01 3.2194190218e+02
2.7832000000e-01 3.2177466476e+02
2.7850000000e-01 3.2167874189e+02
2.7882000000e-01 3.2151145617e+02
2.7900000000e-01 3.2141550596e+02
2.7932000000e-01 3.2124817321e+02
2.7950000000e-01 3.2115219604e+02
2.7982000000e-01 3.2098481817e+02
2.8000000000e-01 3.2088881475e+02
2.8032000000e-01 3.2072139239e+02
2.8050000000e-01 3.2062536309e+02
2.8082000000e-01 3.2045789689e+02
2.8100000000e-01 3.2036184280e+02
2.8132000000e-01 3.2019433465e+02
2.8150000000e-01 3.2009825579e+02
2.8182000000e-01 3.1993070569e+02
2.8200000000e-01 3.1983460313e+02
2.8232000000e-01 3.1966701236e+02
2.8250000000e-01 3.1957088648e+02
2.8282000000e-01 3.1940325631e+02
2.8300000000e-01 3.1930710782e+02
2.8332000000e-01 3.1913944016e+02
2.8350000000e-01 3.1904326944e+02
2.8382000000e-01 3.1887556364e+02
2.8400000000e-01 3.1877937142e+02
2.8432000000e-01 3.1861163004e+02
2.8450000000e-01 3.1851541740e+02
2.8482000000e-01 3.1834764107e+02
2.8500000000e-01 3.1825140802e+02
2.8532000000e-01 3.1808359800e+02
2.8550000000e-01 3.1798734564e+02
2.8582000000e-01 3.1781950257e+02
2.8600000000e-01 3.1772323125e+02
2.8632000000e-01 3.1755535705e+02
2.8650000000e-01 3.1745906750e+02
2.8682000000e-01 3.1729116279e+02
2.8700000000e-01 3.1719485576e+02
2.8732000000e-01 3.1702692181e+02
2.8750000000e-01 3.1693059837e+02
2.8782000000e-01 3.1676263583e+02
2.8800000000e-01 3.1666629599e+02
2.8832000000e-01 3.1649830739e+02
2.8850000000e-01 3.1640195224e+02
2.8882000000e-01 3.1623393822e+02
2.8900000000e-01 3.1613756850e+02
2.8932000000e-01 3.1596952969e+02
2.8950000000e-01 3.1587314611e+02
2.8982000000e-01 3.1570508507e+02
2.9000000000e-01 3.1560868836e+02
2.9032000000e-01 3.1544060507e+02
2.9050000000e-01 3.1534419598e+02
2.9082000000e-01 3.1517609236e+02
2.9100000000e-01 3.1507967196e+02
2.9132000000e-01 3.1491154991e+02
2.9150000000e-01 3.1481511821e+02
2.9182000000e-01 3.1464697836e+02
2.9200000000e-01 3.1455053720e+02
2.9232000000e-01 3.1438238082e+02
2.9250000000e-01 3.1428593018e+02
2.9282000000e-01 3.1411775982e+02
2.9300000000e-01 3.1402130116e+02
2.9332000000e-01 3.1385311682e+02
2.9350000000e-01 3.1375665050e+02
2.9382000000e-01 3.1358845536e+02
2.9400000000e-01 3.1349198285e+02
2.9432000000e-01 3.1332377754e+02
2.9450000000e-01 3.1322729920e+02
2.9482000000e-01 3.1305908499e+02
2.9500000000e-01 3.1296260227e+02
2.9532000000e-01 3.1279438107e+02
2.9550000000e-01 3.1269789435e+02
2.9582000000e-01 3.1252966870e+02
2.9600000000e-01 3.1243317979e+02
2.9632000000e-01 3.1226495033e+02
2.9650000000e-01 3.1216845959e+02
2.9682000000e-01 3.1200022822e+02
2.9700000000e-01 3.1190373676e+02
2.9732000000e-01 3.1173550603e+02
2.9750000000e-01 3.1163901529e+02
2.9782000000e-01 3.1147078647e+02
2.9800000000e-01 3.1137429719e+02
2.9832000000e-01 3.1120607281e+02
2.9850000000e-01 3.1110958645e+02
2.9882000000e-01 3.1094136779e+02
2.9900000000e-01 3.1084488544e+02
2.9932000000e-01 3.1067667505e+02
2.9950000000e-01 3.1058019779e+02
2.9982000000e-01 3.1041199757e+02
3.0000000000e-01 3.1031552688e+02
3.0032000000e-01 3.1014733873e+02
3.0050000000e-01 3.1005087569e+02
3.0082000000e-01 3.0988270279e+02
3.0100000000e-01 3.0978624887e+02
3.0132000000e-01 3.0961809313e+02
3.0150000000e-01 3.0952164978e+02
3.0182000000e-01 3.0935351374e+02
3.0200000000e-01 3.0925708241e+02
3.0232000000e-01 3.0908896862e+02
3.0250000000e-01 3.0899255078e+02
3.0282000000e-01 3.0882446177e+02
3.0300000000e-01 3.0872805923e+02
3.0332000000e-01 3.0855999755e+02
3.0350000000e-01 3.0846361106e+02
3.0382000000e-01 3.0829557988e+02
3.0400000000e-01 3.0819921234e+02
3.0432000000e-01 3.0803121484e+02
3.0450000000e-01 3.0793486698e+02
3.0482000000e-01 3.0776690571e+02
3.0500000000e-01 3.0767057972e+02
3.0532000000e-01 3.0750265785e+02
3.0550000000e-01 3.0740635555e+02
3.0582000000e-01 3.0723847690e+02
3.0600000000e-01 3.0714220048e+02
3.0632000000e-01 3.0697436821e+02
3.0650000000e-01 3.0687811950e+02
3.0682000000e-01 3.0671033807e+02
3.0700000000e-01 3.0661411924e+02
3.0732000000e-01 3.0644639121e+02
3.0750000000e-01 3.0635020408e+02
3.0782000000e-01 3.0618253388e+02
3.0800000000e-01 3.0608638138e+02
3.0832000000e-01 3.0591877346e+02
3.0850000000e-01 3.0582265778e+02
3.0882000000e-01 3.0565511658e+02
3.0900000000e-01 3.0555903990e+02
3.0932000000e-01 3.0539156988e+02
3.0950000000e-01 3.0529553548e+02
3.0982000000e-01 3.0512814045e+02
3.1000000000e-01 3.0503215051e+02
3.1032000000e-01 3.0486483683e+02
3.1050000000e-01 3.0476889428e+02
3.1082000000e-01 3.0460166703e+02
3.1100000000e-01 3.0450577478e+02
3.1132000000e-01 3.0433863840e+02
3.1150000000e-01 3.0424280009e+02
3.1182000000e-01 3.0407576159e+02
3.1200000000e-01 3.0397998014e+02
3.1232000000e-01 3.0381304522e+02
3.1250000000e-01 3.0371732428e+02
3.1282000000e-01 3.0355049867e+02
3.1300000000e-01 3.0345484188e+02
3.1332000000e-01 3.0328813321e+02
3.1350000000e-01 3.0319254421e+02
3.1382000000e-01 3.0302595946e+02
3.1400000000e-01 3.0293044226e+02
3.1432000000e-01 3.0276398907e+02
3.1450000000e-01 3.0266854841e+02
3.1482000000e-01 3.0250223376e+02
3.1500000000e-01 3.0240687329e+02
3.1532000000e-01 3.0224070671e+02
3.1550000000e-01 3.0214543226e+02
3.1582000000e-01 3.0197942202e+02
3.1600000000e-01 3.0188423760e+02
3.1632000000e-01 3.0171839322e+02
3.1650000000e-01 3.0162330466e+02
3.1682000000e-01 3.0145763569e+02
3.1700000000e-01 3.0136264809e+02
3.1732000000e-01 3.0119716596e+02
3.1750000000e-01 3.0110228589e+02
3.1782000000e-01 3.0093700013e+02
3.1800000000e-01 3.0084223378e+02
3.1832000000e-01 3.0067715774e+02
3.1850000000e-01 3.0058251093e+02
3.1882000000e-01 3.0041765669e+02
3.1900000000e-01 3.0032313782e+02
3.1900000000e-01 3.0032313782e+02
3.1932000000e-01 3.0022044638e+02
3.1950000000e-01 3.0016156841e+02
3.1982000000e-01 3.0005887761e+02
3.2000000000e-01 3.0000000000e+02
