    0.000000   -0.000000    0.000000    0.000000   15.145138   15.145138   15.145138
    0.001870    0.154046    0.107880    0.107880   15.145161   15.144536   15.144536
    0.003739    0.308060    0.215667    0.215667   15.145227   15.142731   15.142731
    0.005609    0.462010    0.323270    0.323270   15.145329   15.139717   15.139717
    0.007478    0.615864    0.430597    0.430597   15.145451   15.135491   15.135491
    0.009348    0.769590    0.537556    0.537556   15.145576   15.130043   15.130043
    0.011217    0.923156    0.644056    0.644056   15.145680   15.123364   15.123364
    0.013087    1.076532    0.750006    0.750006   15.145733   15.115444   15.115444
    0.014956    1.229687    0.855317    0.855317   15.145702   15.106271   15.106271
    0.016826    1.382590    0.959899    0.959899   15.145551   15.095830   15.095830
    0.018695    1.535212    1.063665    1.063665   15.145239   15.084110   15.084110
    0.020565    1.687523    1.166527    1.166527   15.144722   15.071097   15.071097
    0.022434    1.839495    1.268400    1.268400   15.143953   15.056779   15.056779
    0.024304    1.991099    1.369199    1.369199   15.142884   15.041145   15.041145
    0.026173    2.142310    1.468842    1.468842   15.141465   15.024187   15.024187
    0.028043    2.293099    1.567246    1.567246   15.139644   15.005896   15.005896
    0.029912    2.443443    1.664333    1.664333   15.137372   14.986271   14.986271
    0.031782    2.593316    1.760026    1.760026   15.134595   14.965309   14.965309
    0.033651    2.742694    1.854249    1.854249   15.131263   14.943017   14.943017
    0.035521    2.891555    1.946929    1.946929   15.127327   14.919401   14.919401
    0.037390    3.039878    2.037997    2.037997   15.122739   14.894476   14.894476
    0.039260    3.187641    2.127384    2.127384   15.117452   14.868260   14.868260
    0.041129    3.334825    2.215028    2.215028   15.111423   14.840778   14.840778
    0.042999    3.481412    2.300865    2.300865   15.104612   14.812062   14.812062
    0.044868    3.627384    2.384839    2.384839   15.096980   14.782149   14.782149
    0.046738    3.772725    2.466895    2.466895   15.088493   14.751083   14.751083
    0.048607    3.917420    2.546984    2.546984   15.079121   14.718914   14.718914
    0.050477    4.061453    2.625058    2.625058   15.068837   14.685701   14.685701
    0.052347    4.204813    2.701076    2.701076   15.057617   14.651507   14.651507
    0.054216    4.347486    2.775000    2.775000   15.045444   14.616403   14.616403
    0.056086    4.489462    2.846799    2.846799   15.032302   14.580466   14.580466
    0.057955    4.630729    2.916443    2.916443   15.018178   14.543780   14.543780
    0.059825    4.771279    2.983912    2.983912   15.003068   14.506433   14.506433
    0.061694    4.911101    3.049188    3.049188   14.986965   14.468519   14.468519
    0.063564    5.050187    3.112259    3.112259   14.969870   14.430137   14.430137
    0.065433    5.188530    3.173121    3.173121   14.951786   14.391389   14.391389
    0.067303    5.326121    3.231773    3.231773   14.932719   14.352381   14.352381
    0.069172    5.462954    3.288224    3.288224   14.912677   14.313222   14.313222
    0.071042    5.599022    3.342485    3.342485   14.891671   14.274023   14.274023
    0.072911    5.734317    3.394576    3.394576   14.869714   14.234894   14.234894
    0.074781    5.868834    3.444523    3.444523   14.846820   14.195947   14.195947
    0.076650    6.002564    3.492358    3.492358   14.823006   14.157294   14.157294
    0.078520    6.135500    3.538120    3.538120   14.798287   14.119041   14.119041
    0.080389    6.267636    3.581854    3.581854   14.772682   14.081298   14.081298
    0.082259    6.398964    3.623610    3.623610   14.746208   14.044166   14.044166
    0.084128    6.529474    3.663447    3.663447   14.718883   14.007744   14.007744
    0.085998    6.659158    3.701426    3.701426   14.690724   13.972126   13.972126
    0.087867    6.788006    3.737616    3.737616   14.661747   13.937400   13.937400
    0.089737    6.916009    3.772089    3.772089   14.631968   13.903648   13.903648
    0.091606    7.043154    3.804924    3.804924   14.601400   13.870944   13.870944
    0.093476    7.169431    3.836200    3.836200   14.570058   13.839356   13.839356
    0.095345    7.294827    3.866003    3.866003   14.537952   13.808940   13.808940
    0.097215    7.419329    3.894420    3.894420   14.505092   13.779750   13.779750
    0.099085    7.542922    3.921539    3.921539   14.471485   13.751825   13.751825
    0.100954    7.665592    3.947451    3.947451   14.437138   13.725200   13.725200
    0.102824    7.787324    3.972245    3.972245   14.402054   13.699899   13.699899
    0.104693    7.908101    3.996011    3.996011   14.366235   13.675937   13.675937
    0.106563    8.027907    4.018838    4.018838   14.329682   13.653322   13.653322
    0.108432    8.146725    4.040811    4.040811   14.292394   13.632054   13.632054
    0.110302    8.264539    4.062013    4.062013   14.254366   13.612122   13.612122
    0.112171    8.381330    4.082524    4.082524   14.215594   13.593512   13.593512
    0.114041    8.497081    4.102419    4.102419   14.176072   13.576200   13.576200
    0.115910    8.611774    4.121767    4.121767   14.135792   13.560156   13.560156
    0.117780    8.725394    4.140632    4.140632   14.094747   13.545345   13.545345
    0.119649    8.837922    4.159072    4.159072   14.052926   13.531727   13.531727
    0.121519    8.949343    4.177138    4.177138   14.010320   13.519257   13.519257
    0.123388    9.059641    4.194875    4.194875   13.966919   13.507885   13.507885
    0.125258    9.168801    4.212319    4.212319   13.922712   13.497560   13.497560
    0.127127    9.276811    4.229500    4.229500   13.877688   13.488228   13.488228
    0.128997    9.383656    4.246443    4.246443   13.831838   13.479832   13.479832
    0.130866    9.489327    4.263161    4.263161   13.785150   13.472314   13.472314
    0.132736    9.593812    4.279664    4.279664   13.737616   13.465617   13.465617
    0.134605    9.697105    4.295955    4.295955   13.689226   13.459682   13.459682
    0.136475    9.799197    4.312028    4.312028   13.639973   13.454452   13.454452
    0.138344    9.900084    4.327875    4.327875   13.589849   13.449870   13.449870
    0.140214    9.999763    4.343480    4.343480   13.538848   13.445880   13.445880
    0.142083   10.098231    4.358823    4.358823   13.486964   13.442429   13.442429
    0.143953   10.195490    4.373879    4.373879   13.434194   13.439465   13.439465
    0.145822   10.291541    4.388620    4.388620   13.380533   13.436939   13.436939
    0.147692   10.386388    4.403015    4.403015   13.325979   13.434805   13.434805
    0.149562   10.480036    4.417030    4.417030   13.270530   13.433018   13.433018
    0.151431   10.572492    4.430628    4.430628   13.214187   13.431536   13.431536
    0.153301   10.663766    4.443773    4.443773   13.156949   13.430322   13.430322
    0.155170   10.753867    4.456426    4.456426   13.098816   13.429341   13.429341
    0.157040   10.842808    4.468548    4.468548   13.039790   13.428559   13.428559
    0.158909   10.930600    4.480101    4.480101   12.979873   13.427947   13.427947
    0.160779   11.017258    4.491047    4.491047   12.919065   13.427479   13.427479
    0.162648   11.102797    4.501348    4.501348   12.857370   13.427130   13.427130
    0.164518   11.187231    4.510970    4.510970   12.794788   13.426878   13.426878
    0.166387   11.270578    4.519877    4.519877   12.731320   13.426705   13.426705
    0.168257   11.352853    4.528039    4.528039   12.666968   13.426594   13.426594
    0.170126   11.434073    4.535425    4.535425   12.601732   13.426530   13.426530
    0.171996   11.514255    4.542008    4.542008   12.535612   13.426501   13.426501
    0.173865   11.593414    4.547765    4.547765   12.468605   13.426495   13.426495
    0.175735   11.671567    4.552673    4.552673   12.400710   13.426505   13.426505
    0.177604   11.748730    4.556714    4.556714   12.331924   13.426523   13.426523
    0.179474   11.824916    4.559873    4.559873   12.262241   13.426542   13.426542
    0.181343   11.900140    4.562138    4.562138   12.191657   13.426559   13.426559
    0.183213   11.974415    4.563500    4.563500   12.120163   13.426571   13.426571
    0.185082   12.047753    4.563955    4.563955   12.047753   13.426575   13.426575
