10.00	8.33	17720.62
10.00	16.67	16228.90
10.00	25.00	19117.51
10.00	33.33	21011.40
10.00	41.67	25331.91
10.00	50.00	30052.04
10.00	58.33	32485.44
10.00	66.67	37401.81
10.00	75.00	42294.12
10.00	83.33	44704.48
10.00	91.67	49409.12
10.00	100.00	53904.83
10.00	108.33	56054.68
10.00	116.67	60118.58
10.00	125.00	63812.38
10.00	133.33	65498.24
10.00	141.67	68499.84
10.00	150.00	70936.81
10.00	158.33	71914.37
10.00	166.67	73322.52
10.00	175.00	73903.47
10.00	183.33	73843.08
10.00	191.67	72927.77
10.00	200.00	70812.73
10.00	208.33	69246.20
10.00	216.67	64960.17
10.00	225.00	58933.28
10.00	233.33	55183.81
10.00	241.67	46044.69
10.00	250.00	34583.58
10.00	258.33	28078.84
10.00	266.67	15962.87
10.00	275.00	21427.36
10.00	283.33	32184.78
10.00	291.67	61167.22
10.00	300.00	98658.22
10.00	308.33	120889.83
10.00	316.67	173638.80
10.00	325.00	240016.89
10.00	333.33	279642.54
10.00	341.67	375662.16
10.00	350.00	502076.61
10.00	358.33	581238.35
10.00	366.67	787216.94
10.00	375.00	1097236.42
10.00	383.33	1320516.84
10.00	391.67	871321.81
10.00	400.00	384089.91
10.00	408.33	234054.95
10.00	416.67	50195.43
10.00	425.00	45726.37
10.00	433.33	74443.29
10.00	441.67	112045.18
10.00	450.00	134455.26
10.00	458.33	142575.42
10.00	466.67	155379.49
10.00	475.00	165312.70
10.00	483.33	169486.26
10.00	491.67	176217.09
10.00	500.00	180059.71
20.00	8.33	63099.72
20.00	16.67	60853.07
20.00	25.00	61721.72
20.00	33.33	62360.38
20.00	41.67	64012.47
20.00	50.00	66107.33
20.00	58.33	67296.87
20.00	66.67	69908.46
20.00	75.00	72758.99
20.00	83.33	74247.16
20.00	91.67	77295.73
20.00	100.00	80370.62
20.00	108.33	81891.69
20.00	116.67	84849.13
20.00	125.00	87623.36
20.00	133.33	88914.91
20.00	141.67	91252.04
20.00	150.00	93184.23
20.00	158.33	93968.58
20.00	166.67	95110.17
20.00	175.00	95592.71
20.00	183.33	95551.60
20.00	191.67	94830.20
20.00	200.00	93154.56
20.00	208.33	91920.78
20.00	216.67	88592.01
20.00	225.00	84049.37
20.00	233.33	81317.76
20.00	241.67	75021.14
20.00	250.00	68020.77
20.00	258.33	64595.52
20.00	266.67	59379.83
20.00	275.00	59864.31
20.00	283.33	63803.71
20.00	291.67	80982.07
20.00	300.00	110785.63
20.00	308.33	130353.50
20.00	316.67	179307.04
20.00	325.00	243222.36
20.00	333.33	281944.84
20.00	341.67	376613.49
20.00	350.00	502121.02
20.00	358.33	580954.35
20.00	366.67	786467.11
20.00	375.00	1096214.79
20.00	383.33	1319379.22
20.00	391.67	870373.64
20.00	400.00	383825.33
20.00	408.33	234560.92
20.00	416.67	57571.14
20.00	425.00	56401.53
20.00	433.33	81963.14
20.00	441.67	117573.21
20.00	450.00	139300.21
20.00	458.33	147251.19
20.00	466.67	159864.30
20.00	475.00	169715.52
20.00	483.33	173879.77
20.00	491.67	180657.90
20.00	500.00	184579.40
30.00	8.33	93393.93
30.00	16.67	91065.03
30.00	25.00	91681.32
30.00	33.33	92137.28
30.00	41.67	93327.98
30.00	50.00	94860.34
30.00	58.33	95741.18
30.00	66.67	97701.44
30.00	75.00	99880.45
30.00	83.33	101033.45
30.00	91.67	103427.13
30.00	100.00	105882.28
30.00	108.33	107111.29
30.00	116.67	109527.31
30.00	125.00	111824.47
30.00	133.33	112904.05
30.00	141.67	114874.39
30.00	150.00	116521.53
30.00	158.33	117195.99
30.00	166.67	118188.59
30.00	175.00	118624.65
30.00	183.33	118602.70
30.00	191.67	118014.98
30.00	200.00	116618.60
30.00	208.33	115587.65
30.00	216.67	112812.76
30.00	225.00	109056.01
30.00	233.33	106817.36
30.00	241.67	101718.17
30.00	250.00	96135.09
30.00	258.33	93409.85
30.00	266.67	89041.44
30.00	275.00	88276.65
30.00	283.33	90347.86
30.00	291.67	101802.88
30.00	300.00	125357.52
30.00	308.33	142191.12
30.00	316.67	186754.47
30.00	325.00	247553.43
30.00	333.33	285091.79
30.00	341.67	377960.99
30.00	350.00	502244.51
30.00	358.33	580631.58
30.00	366.67	785512.86
30.00	375.00	1094872.39
30.00	383.33	1317887.79
30.00	391.67	869138.95
30.00	400.00	383523.86
30.00	408.33	235318.25
30.00	416.67	66460.00
30.00	425.00	68410.56
30.00	433.33	91276.29
30.00	441.67	124756.16
30.00	450.00	145692.96
30.00	458.33	153438.71
30.00	466.67	165809.49
30.00	475.00	175547.88
30.00	483.33	179694.17
30.00	491.67	186520.29
30.00	500.00	190543.43
40.00	8.33	108550.48
40.00	16.67	106199.36
40.00	25.00	106747.45
40.00	33.33	107153.89
40.00	41.67	108217.90
40.00	50.00	109591.62
40.00	58.33	110383.38
40.00	66.67	112151.74
40.00	75.00	114126.68
40.00	83.33	115176.29
40.00	91.67	117362.09
40.00	100.00	119616.00
40.00	108.33	120747.63
40.00	116.67	122981.86
40.00	125.00	125116.29
40.00	133.33	126122.68
40.00	141.67	127966.59
40.00	150.00	129515.10
40.00	158.33	130153.10
40.00	166.67	131098.12
40.00	175.00	131525.53
40.00	183.33	131514.85
40.00	191.67	130986.68
40.00	200.00	129702.56
40.00	208.33	128750.58
40.00	216.67	126183.94
40.00	225.00	122709.12
40.00	233.33	120639.24
40.00	241.67	115927.96
40.00	250.00	110757.30
40.00	258.33	108212.61
40.00	266.67	103996.00
40.00	275.00	102734.92
40.00	283.33	104158.30
40.00	291.67	113432.16
40.00	300.00	134100.30
40.00	308.33	149492.36
40.00	316.67	191529.10
40.00	325.00	250397.45
40.00	333.33	287180.30
40.00	341.67	378881.80
40.00	350.00	502362.52
40.00	358.33	580455.41
40.00	366.67	784918.41
40.00	375.00	1094024.70
40.00	383.33	1316938.18
40.00	391.67	868350.21
40.00	400.00	383351.78
40.00	408.33	235850.09
40.00	416.67	71806.21
40.00	425.00	75359.81
40.00	433.33	96979.90
40.00	441.67	129317.75
40.00	450.00	149801.27
40.00	458.33	157423.79
40.00	466.67	169643.93
40.00	475.00	179304.72
40.00	483.33	183436.23
40.00	491.67	190280.53
40.00	500.00	194360.12
50.00	8.33	138883.23
50.00	16.67	136504.99
50.00	25.00	136972.48
50.00	33.33	137319.46
50.00	41.67	138230.30
50.00	50.00	139410.62
50.00	58.33	140093.78
50.00	66.67	141625.12
50.00	75.00	143346.03
50.00	83.33	144264.72
50.00	91.67	146188.32
50.00	100.00	148185.52
50.00	108.33	149193.63
50.00	116.67	151195.76
50.00	125.00	153122.47
50.00	133.33	154036.86
50.00	141.67	155722.59
50.00	150.00	157156.04
50.00	158.33	157752.75
50.00	166.67	158654.09
50.00	175.00	159094.12
50.00	183.33	159113.50
50.00	191.67	158696.22
50.00	200.00	157598.45
50.00	208.33	156769.99
50.00	216.67	154517.00
50.00	225.00	151444.58
50.00	233.33	149606.80
50.00	241.67	145401.88
50.00	250.00	140723.95
50.00	258.33	138366.21
50.00	266.67	134193.58
50.00	275.00	132058.71
50.00	283.33	132476.59
50.00	291.67	138287.88
50.00	300.00	153849.78
50.00	308.33	166423.10
50.00	316.67	203075.92
50.00	325.00	257484.57
50.00	333.33	292450.79
50.00	341.67	381287.81
50.00	350.00	502768.25
50.00	358.33	580125.89
50.00	366.67	783538.24
50.00	375.00	1092008.05
50.00	383.33	1314658.59
50.00	391.67	866448.15
50.00	400.00	382989.33
50.00	408.33	237255.18
50.00	416.67	83884.68
50.00	425.00	90598.45
50.00	433.33	110089.84
50.00	441.67	140198.33
50.00	450.00	159727.26
50.00	458.33	167072.75
50.00	466.67	178927.86
50.00	475.00	188377.55
50.00	483.33	192444.81
50.00	491.67	199258.98
50.00	500.00	203422.33
60.00	8.33	184443.16
60.00	16.67	182046.06
60.00	25.00	182464.91
60.00	33.33	182776.50
60.00	41.67	183594.48
60.00	50.00	184659.23
60.00	58.33	185278.03
60.00	66.67	186668.12
60.00	75.00	188239.48
60.00	83.33	189082.63
60.00	91.67	190855.78
60.00	100.00	192711.47
60.00	108.33	193654.08
60.00	116.67	195538.49
60.00	125.00	197372.22
60.00	133.33	198250.57
60.00	141.67	199889.96
60.00	150.00	201312.68
60.00	158.33	201919.39
60.00	166.67	202873.85
60.00	175.00	203414.77
60.00	183.33	203504.67
60.00	191.67	203265.56
60.00	200.00	202402.38
60.00	208.33	201712.76
60.00	216.67	199775.94
60.00	225.00	197064.11
60.00	233.33	195416.41
60.00	241.67	191580.50
60.00	250.00	187176.15
60.00	258.33	184866.59
60.00	266.67	180426.28
60.00	275.00	177122.47
60.00	283.33	176407.68
60.00	291.67	178402.32
60.00	300.00	187821.91
60.00	308.33	196594.54
60.00	316.67	225048.83
60.00	325.00	271703.30
60.00	333.33	303279.52
60.00	341.67	386539.18
60.00	350.00	503997.04
60.00	358.33	579856.16
60.00	366.67	781114.52
60.00	375.00	1088239.14
60.00	383.33	1310322.45
60.00	391.67	862775.13
60.00	400.00	382321.57
60.00	408.33	240110.69
60.00	416.67	104227.61
60.00	425.00	115588.58
60.00	433.33	132870.83
60.00	441.67	160184.63
60.00	450.00	178311.35
60.00	458.33	185186.98
60.00	466.67	196296.65
60.00	475.00	205048.47
60.00	483.33	208730.86
60.00	491.67	214749.29
60.00	500.00	218423.27
70.00	8.33	214858.23
70.00	16.67	212457.76
70.00	25.00	212872.18
70.00	33.33	213180.13
70.00	41.67	213991.23
70.00	50.00	215048.80
70.00	58.33	215662.57
70.00	66.67	217048.05
70.00	75.00	218619.01
70.00	83.33	219462.58
70.00	91.67	221244.92
70.00	100.00	223118.00
70.00	108.33	224073.57
70.00	116.67	225993.23
70.00	125.00	227874.61
70.00	133.33	228783.40
70.00	141.67	230493.26
70.00	150.00	232003.29
70.00	158.33	232659.66
70.00	166.67	233726.49
70.00	175.00	234396.59
70.00	183.33	234556.25
70.00	191.67	234468.53
70.00	200.00	233768.61
70.00	208.33	233164.04
70.00	216.67	231398.52
70.00	225.00	228850.80
70.00	233.33	227277.58
70.00	241.67	223553.84
70.00	250.00	219172.27
70.00	258.33	216815.19
70.00	266.67	212077.99
70.00	275.00	208029.94
70.00	283.33	206680.52
70.00	291.67	206641.57
70.00	300.00	212715.45
70.00	308.33	219287.47
70.00	316.67	242523.46
70.00	325.00	283606.57
70.00	333.33	312560.45
70.00	341.67	391289.53
70.00	350.00	505348.53
70.00	358.33	579923.67
70.00	366.67	779323.14
70.00	375.00	1085265.40
70.00	383.33	1306813.08
70.00	391.67	859653.58
70.00	400.00	381464.16
70.00	408.33	242021.80
70.00	416.67	117993.43
70.00	425.00	132667.26
70.00	433.33	149171.44
70.00	441.67	175293.20
70.00	450.00	192750.27
70.00	458.33	199371.58
70.00	466.67	209879.00
70.00	475.00	217477.07
70.00	483.33	220200.22
70.00	491.67	223456.72
70.00	500.00	224492.43
80.00	8.33	230077.84
80.00	16.67	227678.42
80.00	25.00	228096.98
80.00	33.33	228407.96
80.00	41.67	229227.52
80.00	50.00	230296.01
80.00	58.33	230917.67
80.00	66.67	232319.79
80.00	75.00	233912.71
80.00	83.33	234768.85
80.00	91.67	236581.91
80.00	100.00	238490.44
80.00	108.33	239467.00
80.00	116.67	241432.89
80.00	125.00	243367.70
80.00	133.33	244305.10
80.00	141.67	246078.63
80.00	150.00	247659.83
80.00	158.33	248353.46
80.00	166.67	249500.89
80.00	175.00	250256.52
80.00	183.33	250460.31
80.00	191.67	250464.95
80.00	200.00	249857.28
80.00	208.33	249296.91
80.00	216.67	247618.57
80.00	225.00	245145.42
80.00	233.33	243602.81
80.00	241.67	239915.81
80.00	250.00	235518.59
80.00	258.33	233124.96
80.00	266.67	228217.44
80.00	275.00	223799.94
80.00	283.33	222152.03
80.00	291.67	221184.31
80.00	300.00	225740.96
80.00	308.33	231298.06
80.00	316.67	252034.96
80.00	325.00	290275.84
80.00	333.33	317830.79
80.00	341.67	394062.02
80.00	350.00	506195.84
80.00	358.33	580036.40
80.00	366.67	778365.88
80.00	375.00	1083615.76
80.00	383.33	1304841.56
80.00	391.67	857796.35
80.00	400.00	380690.58
80.00	408.33	242658.45
80.00	416.67	124438.06
80.00	425.00	141025.30
80.00	433.33	157415.60
80.00	441.67	183341.44
80.00	450.00	200802.72
80.00	458.33	207450.77
80.00	466.67	217845.09
80.00	475.00	224577.22
80.00	483.33	226316.44
80.00	491.67	226102.75
80.00	500.00	223041.44
90.00	8.33	260541.16
90.00	16.67	258145.54
90.00	25.00	258581.79
90.00	33.33	258906.82
90.00	41.67	259762.72
90.00	50.00	260881.31
90.00	58.33	261533.38
90.00	66.67	263005.65
90.00	75.00	264683.02
90.00	83.33	265588.04
90.00	91.67	267507.56
90.00	100.00	269539.12
90.00	108.33	270582.67
90.00	116.67	272694.30
90.00	125.00	274790.99
90.00	133.33	275814.82
90.00	141.67	277772.50
90.00	150.00	279550.08
90.00	158.33	280347.86
90.00	166.67	281708.11
90.00	175.00	282684.16
90.00	183.33	282999.55
90.00	191.67	283225.89
90.00	200.00	282835.84
90.00	208.33	282380.02
90.00	216.67	280891.73
90.00	225.00	278575.64
90.00	233.33	277090.40
90.00	241.67	273462.60
90.00	250.00	269010.68
90.00	258.33	266526.97
90.00	266.67	261252.10
90.00	275.00	256091.53
90.00	283.33	253865.99
90.00	291.67	251149.68
90.00	300.00	252883.75
90.00	308.33	256538.99
90.00	316.67	272483.05
90.00	325.00	304995.93
90.00	333.33	329605.44
90.00	341.67	400394.06
90.00	350.00	508195.26
90.00	358.33	580358.59
90.00	366.67	776234.27
90.00	375.00	1079863.01
90.00	383.33	1300302.26
90.00	391.67	853136.46
90.00	400.00	377654.91
90.00	408.33	242164.73
90.00	416.67	135199.82
90.00	425.00	157071.46
90.00	433.33	174251.86
90.00	441.67	201890.15
90.00	450.00	221935.80
90.00	458.33	230118.37
90.00	466.67	243168.90
90.00	475.00	249424.69
90.00	483.33	248151.24
90.00	491.67	231296.11
90.00	500.00	196443.21
100.00	8.33	291027.60
100.00	16.67	288641.44
100.00	25.00	289108.62
100.00	33.33	289457.58
100.00	41.67	290374.92
100.00	50.00	291576.59
100.00	58.33	292277.48
100.00	66.67	293864.30
100.00	75.00	295676.21
100.00	83.33	296656.61
100.00	91.67	298743.02
100.00	100.00	300962.23
100.00	108.33	302107.39
100.00	116.67	304436.43
100.00	125.00	306769.18
100.00	133.33	307918.31
100.00	141.67	310137.04
100.00	150.00	312188.98
100.00	158.33	313129.16
100.00	166.67	314779.81
100.00	175.00	316050.64
100.00	183.33	316513.55
100.00	191.67	317030.67
100.00	200.00	316918.00
100.00	208.33	316593.02
100.00	216.67	315342.98
100.00	225.00	313215.71
100.00	233.33	311800.40
100.00	241.67	308242.67
100.00	250.00	303730.69
100.00	258.33	301148.54
100.00	266.67	295489.45
100.00	275.00	289582.73
100.00	283.33	286792.51
100.00	291.67	282405.72
100.00	300.00	281490.08
100.00	308.33	283355.57
100.00	316.67	294695.29
100.00	325.00	321435.22
100.00	333.33	342928.93
100.00	341.67	407670.38
100.00	350.00	510428.29
100.00	358.33	580596.16
100.00	366.67	773517.39
100.00	375.00	1075127.06
100.00	383.33	1294512.35
100.00	391.67	846319.05
100.00	400.00	370686.39
100.00	408.33	236647.78
100.00	416.67	141267.16
100.00	425.00	173915.40
100.00	433.33	195265.58
100.00	441.67	233047.00
100.00	450.00	267444.17
100.00	458.33	284304.41
100.00	466.67	315789.17
100.00	475.00	336832.71
100.00	483.33	338653.55
100.00	491.67	306636.92
100.00	500.00	143510.75
110.00	8.33	336774.90
110.00	16.67	334412.04
110.00	25.00	334949.31
110.00	33.33	335349.11
110.00	41.67	336405.47
110.00	50.00	337789.71
110.00	58.33	338599.23
110.00	66.67	340438.65
110.00	75.00	342547.06
110.00	83.33	343691.87
110.00	91.67	346139.83
110.00	100.00	348763.14
110.00	108.33	350125.53
110.00	116.67	352917.51
110.00	125.00	355751.48
110.00	133.33	357162.54
110.00	141.67	359930.59
110.00	150.00	362559.56
110.00	158.33	363794.68
110.00	166.67	366049.07
110.00	175.00	367931.16
110.00	183.33	368698.75
110.00	191.67	369818.80
110.00	200.00	370282.99
110.00	208.33	370229.80
110.00	216.67	369478.34
110.00	225.00	367762.33
110.00	233.33	366507.08
110.00	241.67	363146.89
110.00	250.00	358612.16
110.00	258.33	355906.72
110.00	266.67	349698.62
110.00	275.00	342688.28
110.00	283.33	339062.07
110.00	291.67	332221.52
110.00	300.00	327438.18
110.00	308.33	326686.20
110.00	316.67	331173.30
110.00	325.00	348945.51
110.00	333.33	365381.26
110.00	341.67	419767.12
110.00	350.00	513273.13
110.00	358.33	579640.08
110.00	366.67	766771.13
110.00	375.00	1064155.01
110.00	383.33	1281142.39
110.00	391.67	827529.64
110.00	400.00	343306.82
110.00	408.33	206583.26
110.00	416.67	146008.89
110.00	425.00	232456.61
110.00	433.33	281074.07
110.00	441.67	386824.75
110.00	450.00	510628.88
110.00	458.33	578921.58
110.00	466.67	720256.41
110.00	475.00	850164.09
110.00	483.33	903352.20
110.00	491.67	976037.35
110.00	500.00	1016699.62
120.00	8.33	367256.49
120.00	16.67	364917.54
120.00	25.00	365516.46
120.00	33.33	365961.88
120.00	41.67	367140.48
120.00	50.00	368686.68
120.00	58.33	369592.81
120.00	66.67	371653.49
120.00	75.00	374023.29
120.00	83.33	375312.91
120.00	91.67	378080.04
120.00	100.00	381057.94
120.00	108.33	382610.97
120.00	116.67	385810.76
120.00	125.00	389084.28
120.00	133.33	390726.96
120.00	141.67	393976.35
120.00	150.00	397110.75
120.00	158.33	398607.13
120.00	166.67	401393.05
120.00	175.00	403816.45
120.00	183.33	404856.36
120.00	191.67	406514.81
120.00	200.00	407501.74
120.00	208.33	407699.47
120.00	216.67	407415.12
120.00	225.00	406102.19
120.00	233.33	405015.11
120.00	241.67	401901.85
120.00	250.00	397451.68
120.00	258.33	394708.00
120.00	266.67	388204.72
120.00	275.00	380509.41
120.00	283.33	376342.23
120.00	291.67	367882.45
120.00	300.00	360510.25
120.00	308.33	357986.38
120.00	316.67	357744.09
120.00	325.00	369070.84
120.00	333.33	381719.61
120.00	341.67	427983.47
120.00	350.00	513750.43
120.00	358.33	576765.60
120.00	366.67	758548.54
120.00	375.00	1051682.74
120.00	383.33	1266076.87
120.00	391.67	803716.31
120.00	400.00	302307.13
120.00	408.33	159251.75
120.00	416.67	183688.11
120.00	425.00	355486.73
120.00	433.33	449263.52
120.00	441.67	664401.21
120.00	450.00	922894.59
120.00	458.33	1065690.59
120.00	466.67	1362335.96
120.00	475.00	1643061.74
120.00	483.33	1765119.51
120.00	491.67	1952184.13
120.00	500.00	2049109.49
130.00	8.33	397695.13
130.00	16.67	395385.75
130.00	25.00	396058.40
130.00	33.33	396558.98
130.00	41.67	397884.77
130.00	50.00	399627.95
130.00	58.33	400649.51
130.00	66.67	402977.62
130.00	75.00	405662.37
130.00	83.33	407127.15
130.00	91.67	410278.06
130.00	100.00	413684.71
130.00	108.33	415468.21
130.00	116.67	419160.75
130.00	125.00	422965.49
130.00	133.33	424887.07
130.00	141.67	428723.02
130.00	150.00	432473.19
130.00	158.33	434287.79
130.00	166.67	437726.46
130.00	175.00	440817.46
130.00	183.33	442194.11
130.00	191.67	444525.59
130.00	200.00	446171.79
130.00	208.33	446690.52
130.00	216.67	447014.76
130.00	225.00	446246.14
130.00	233.33	445398.54
130.00	241.67	442669.10
130.00	250.00	438433.91
130.00	258.33	435712.33
130.00	266.67	429027.61
130.00	275.00	420738.11
130.00	283.33	416066.75
130.00	291.67	406033.73
130.00	300.00	396060.26
130.00	308.33	391718.86
130.00	316.67	386517.12
130.00	325.00	390806.94
130.00	333.33	399162.44
130.00	341.67	435795.81
130.00	350.00	511843.17
130.00	358.33	570461.38
130.00	366.67	744830.24
130.00	375.00	1031572.99
130.00	383.33	1241937.30
130.00	391.67	763438.65
130.00	400.00	228465.12
130.00	408.33	90613.89
130.00	416.67	315435.21
130.00	425.00	612677.61
130.00	433.33	780125.13
130.00	441.67	1171850.07
130.00	450.00	1639528.70
130.00	458.33	1894191.23
130.00	466.67	2415874.39
130.00	475.00	2905193.13
130.00	483.33	3118983.89
130.00	491.67	3451988.92
130.00	500.00	3627229.98
140.00	8.33	412886.97
140.00	16.67	410595.10
140.00	25.00	411309.83
140.00	33.33	411842.52
140.00	41.67	413250.78
140.00	50.00	415104.67
140.00	58.33	416192.40
140.00	66.67	418672.82
140.00	75.00	421535.25
140.00	83.33	423099.70
140.00	91.67	426468.15
140.00	100.00	430118.65
140.00	108.33	432032.75
140.00	116.67	436004.58
140.00	125.00	440111.84
140.00	133.33	442194.59
140.00	141.67	446364.75
140.00	150.00	450468.47
140.00	158.33	452464.97
140.00	166.67	456279.00
140.00	175.00	459756.98
140.00	183.33	461329.82
140.00	191.67	464053.54
140.00	200.00	466090.22
140.00	208.33	466799.34
140.00	216.67	467490.44
140.00	225.00	467058.37
140.00	233.33	466363.09
140.00	241.67	463890.65
140.00	250.00	459826.88
140.00	258.33	457148.85
140.00	266.67	450432.56
140.00	275.00	441901.56
140.00	283.33	437001.66
140.00	291.67	426218.41
140.00	300.00	414955.19
140.00	308.33	409694.12
140.00	316.67	401922.68
140.00	325.00	402438.96
140.00	333.33	408415.33
140.00	341.67	439493.95
140.00	350.00	509630.08
140.00	358.33	565473.49
140.00	366.67	734979.02
140.00	375.00	1017265.36
140.00	383.33	1224799.31
140.00	391.67	734326.65
140.00	400.00	174049.35
140.00	408.33	88805.69
140.00	416.67	429072.37
140.00	425.00	806792.02
140.00	433.33	1023283.16
140.00	441.67	1529834.16
140.00	450.00	2127364.22
140.00	458.33	2448871.34
140.00	466.67	3100634.93
140.00	475.00	3706972.31
140.00	483.33	3971635.63
140.00	491.67	4385273.01
140.00	500.00	4604242.40
150.00	8.33	443190.67
150.00	16.67	440940.29
150.00	25.00	441748.61
150.00	33.33	442351.56
150.00	41.67	443947.45
150.00	50.00	446050.14
150.00	58.33	447285.14
150.00	66.67	450106.23
150.00	75.00	453370.30
150.00	83.33	455157.27
150.00	91.67	459015.89
150.00	100.00	463213.71
150.00	108.33	465423.58
150.00	116.67	470027.43
150.00	125.00	474820.00
150.00	133.33	477263.25
150.00	141.67	482192.00
150.00	150.00	487099.29
150.00	158.33	489512.66
150.00	166.67	494187.18
150.00	175.00	498553.18
150.00	183.33	500578.35
150.00	191.67	504216.43
150.00	200.00	507167.07
150.00	208.33	508328.93
150.00	216.67	509900.12
150.00	225.00	510293.62
150.00	233.33	509978.57
150.00	241.67	508180.69
150.00	250.00	504624.14
150.00	258.33	502114.12
150.00	266.67	495499.32
150.00	275.00	486640.96
150.00	283.33	481359.84
150.00	291.67	469208.17
150.00	300.00	455452.86
150.00	308.33	448365.08
150.00	316.67	435341.48
150.00	325.00	427819.64
150.00	333.33	428534.48
150.00	341.67	446724.21
150.00	350.00	502186.17
150.00	358.33	550799.36
150.00	366.67	707092.55
150.00	375.00	976693.04
150.00	383.33	1176204.14
150.00	391.67	651633.00
150.00	400.00	25568.24
150.00	408.33	254961.13
150.00	416.67	765323.51
150.00	425.00	1345555.90
150.00	433.33	1682743.85
150.00	441.67	2458965.06
150.00	450.00	3342867.49
150.00	458.33	3806645.69
150.00	466.67	4732327.59
150.00	475.00	5591018.89
150.00	483.33	5969795.49
150.00	491.67	6571889.82
150.00	500.00	6897443.29
160.00	8.33	473345.42
160.00	16.67	471146.16
160.00	25.00	472062.10
160.00	33.33	472746.78
160.00	41.67	474558.10
160.00	50.00	476947.36
160.00	58.33	478352.30
160.00	66.67	481565.83
160.00	75.00	485293.55
160.00	83.33	487338.02
160.00	91.67	491763.55
160.00	100.00	496595.76
160.00	108.33	499148.54
160.00	116.67	504485.69
160.00	125.00	510074.19
160.00	133.33	512939.99
160.00	141.67	518755.70
160.00	150.00	524605.47
160.00	158.33	527509.65
160.00	166.67	533201.50
160.00	175.00	538625.60
160.00	183.33	541192.67
160.00	191.67	545932.63
160.00	200.00	549998.22
160.00	208.33	551716.53
160.00	216.67	554389.74
160.00	225.00	555844.24
160.00	233.33	556034.52
160.00	241.67	555165.58
160.00	250.00	552383.38
160.00	258.33	550177.84
160.00	266.67	543946.92
160.00	275.00	535051.07
160.00	283.33	529531.17
160.00	291.67	516293.84
160.00	300.00	500298.37
160.00	308.33	491476.69
160.00	316.67	473240.05
160.00	325.00	457235.30
160.00	333.33	452094.04
160.00	341.67	454875.98
160.00	350.00	490863.98
160.00	358.33	529142.47
160.00	366.67	665458.96
160.00	375.00	915130.13
160.00	383.33	1102289.54
160.00	391.67	527954.60
160.00	400.00	217044.63
160.00	408.33	552709.59
160.00	416.67	1254687.94
160.00	425.00	2081983.72
160.00	433.33	2557125.04
160.00	441.67	3620860.82
160.00	450.00	4793217.70
160.00	458.33	5401263.65
160.00	466.67	6622934.70
160.00	475.00	7792844.50
160.00	483.33	8328689.09
160.00	491.67	9216433.74
160.00	500.00	9719215.13
170.00	8.33	503296.22
170.00	16.67	501157.81
170.00	25.00	502196.66
170.00	33.33	502972.76
170.00	41.67	505028.86
170.00	50.00	507745.15
170.00	58.33	509344.08
170.00	66.67	513006.65
170.00	75.00	517261.97
170.00	83.33	519600.42
170.00	91.67	524673.56
170.00	100.00	530233.13
170.00	108.33	533177.40
170.00	116.67	539356.88
170.00	125.00	545863.45
170.00	133.33	549214.02
170.00	141.67	556056.20
170.00	150.00	563001.04
170.00	158.33	566476.64
170.00	166.67	573356.56
170.00	175.00	580026.15
170.00	183.33	583234.59
170.00	191.67	589287.12
170.00	200.00	594694.92
170.00	208.33	597091.23
170.00	216.67	601120.41
170.00	225.00	603908.52
170.00	233.33	604748.01
170.00	241.67	605113.83
170.00	250.00	603434.90
170.00	258.33	601709.69
170.00	266.67	596231.03
170.00	275.00	587690.98
170.00	283.33	582141.57
170.00	291.67	568253.71
170.00	300.00	550471.64
170.00	308.33	540143.65
170.00	316.67	517081.54
170.00	325.00	492662.00
170.00	333.33	481374.82
170.00	341.67	466677.87
170.00	350.00	477694.96
170.00	358.33	501426.08
170.00	366.67	607735.44
170.00	375.00	826935.33
170.00	383.33	995985.79
170.00	391.67	358337.35
170.00	400.00	533114.58
170.00	408.33	957481.77
170.00	416.67	1881172.83
170.00	425.00	2967748.48
170.00	433.33	3577441.96
170.00	441.67	4910316.47
170.00	450.00	6361550.03
170.00	458.33	7122195.04
170.00	466.67	8698393.66
170.00	475.00	10309838.77
170.00	483.33	11098021.67
170.00	491.67	12504593.23
170.00	500.00	13376831.17
180.00	8.33	547688.03
180.00	16.67	545661.61
180.00	25.00	546914.64
180.00	33.33	547851.28
180.00	41.67	550335.15
180.00	50.00	553619.77
180.00	58.33	555556.92
180.00	66.67	560000.72
180.00	75.00	565179.60
180.00	83.33	568032.45
180.00	91.67	574239.51
180.00	100.00	581072.85
180.00	108.33	584706.16
180.00	116.67	592366.46
180.00	125.00	600491.54
180.00	133.33	604703.18
180.00	141.67	613365.64
180.00	150.00	622260.72
180.00	158.33	626759.34
180.00	166.67	635778.37
180.00	175.00	644702.15
180.00	183.33	649078.04
180.00	191.67	657540.75
180.00	200.00	665445.93
180.00	208.33	669115.84
180.00	216.67	675726.78
180.00	225.00	681117.85
180.00	233.33	683251.40
180.00	241.67	686155.98
180.00	250.00	686887.79
180.00	258.33	686287.90
180.00	266.67	682814.29
180.00	275.00	675793.58
180.00	283.33	670740.32
180.00	291.67	657076.58
180.00	300.00	638005.53
180.00	308.33	626196.73
180.00	316.67	597647.21
180.00	325.00	562455.96
180.00	333.33	542699.02
180.00	341.67	501427.22
180.00	350.00	467387.81
180.00	358.33	460497.51
180.00	366.67	494559.55
180.00	375.00	638235.47
180.00	383.33	766746.14
180.00	391.67	135408.51
180.00	400.00	1141398.88
180.00	408.33	1713544.13
180.00	416.67	2967559.88
180.00	425.00	4396819.64
180.00	433.33	5175990.67
180.00	441.67	6858283.20
180.00	450.00	8722290.61
180.00	458.33	9738066.48
180.00	466.67	11990257.90
180.00	475.00	14633532.62
180.00	483.33	16138121.80
180.00	491.67	19471967.25
180.00	500.00	22393330.96
190.00	8.33	562303.00
190.00	16.67	560321.13
190.00	25.00	561653.63
190.00	33.33	562649.07
190.00	41.67	565292.51
190.00	50.00	568789.12
190.00	58.33	570852.06
190.00	66.67	575586.83
190.00	75.00	581109.18
190.00	83.33	584154.71
190.00	91.67	590784.80
190.00	100.00	598093.80
190.00	108.33	601985.63
190.00	116.67	610201.24
190.00	125.00	618934.08
190.00	133.33	623468.85
190.00	141.67	632817.34
190.00	150.00	642450.18
190.00	158.33	647337.16
190.00	166.67	657170.76
190.00	175.00	666957.53
190.00	183.33	671781.69
190.00	191.67	681176.26
190.00	200.00	690053.01
190.00	208.33	694223.25
190.00	216.67	701857.88
190.00	225.00	708295.11
190.00	233.33	710955.76
190.00	241.67	714916.34
190.00	250.00	716683.55
190.00	258.33	716584.74
190.00	266.67	714057.71
190.00	275.00	707861.45
190.00	283.33	703151.46
190.00	291.67	689967.26
190.00	300.00	670961.31
190.00	308.33	658954.68
190.00	316.67	629289.94
190.00	325.00	591451.31
190.00	333.33	569439.48
190.00	341.67	520488.35
190.00	350.00	471496.09
190.00	358.33	452923.23
190.00	366.67	454508.25
190.00	375.00	561312.67
190.00	383.33	671947.81
190.00	391.67	217997.48
190.00	400.00	1366738.87
190.00	408.33	1985946.17
190.00	416.67	3337349.31
190.00	425.00	4861101.82
190.00	433.33	5687047.97
190.00	441.67	7470790.35
190.00	450.00	9464487.39
190.00	458.33	10564650.77
190.00	466.67	13056118.94
190.00	475.00	16122499.35
190.00	483.33	17975407.15
190.00	491.67	22563734.98
190.00	500.00	27663282.37
200.00	8.33	591194.03
200.00	16.67	589308.27
200.00	25.00	590813.93
200.00	33.33	591938.33
200.00	41.67	594925.11
200.00	50.00	598880.58
200.00	58.33	601214.61
200.00	66.67	606580.18
200.00	75.00	612848.21
200.00	83.33	616308.66
200.00	91.67	623857.00
200.00	100.00	632198.23
200.00	108.33	636650.23
200.00	116.67	646072.85
200.00	125.00	656128.87
200.00	133.33	661368.87
200.00	141.67	672215.40
200.00	150.00	683463.46
200.00	158.33	689202.10
200.00	166.67	700823.62
200.00	175.00	712513.52
200.00	183.33	718331.42
200.00	191.67	729794.20
200.00	200.00	740842.26
200.00	208.33	746134.74
200.00	216.67	756080.23
200.00	225.00	764902.28
200.00	233.33	768778.83
200.00	241.67	775195.58
200.00	250.00	779424.98
200.00	258.33	780545.69
200.00	266.67	780388.10
200.00	275.00	776395.10
200.00	283.33	772684.65
200.00	291.67	761184.14
200.00	300.00	743216.73
200.00	308.33	731361.78
200.00	316.67	700865.94
200.00	325.00	659744.85
200.00	333.33	634582.00
200.00	341.67	574046.12
200.00	350.00	500252.06
200.00	358.33	460252.99
200.00	366.67	390222.98
200.00	375.00	396003.31
200.00	383.33	459857.57
200.00	391.67	498603.77
200.00	400.00	1827232.32
200.00	408.33	2530657.44
200.00	416.67	4049230.52
200.00	425.00	5731316.15
200.00	433.33	6636311.11
200.00	441.67	8593339.99
200.00	450.00	10807024.76
200.00	458.33	12048319.17
200.00	466.67	14936732.83
200.00	475.00	18729850.00
200.00	483.33	21240336.83
200.00	491.67	29086973.90
200.00	500.00	51981855.07
210.00	8.33	633486.28
210.00	16.67	631774.88
210.00	25.00	633570.76
210.00	33.33	634914.50
210.00	41.67	638484.52
210.00	50.00	643216.45
210.00	58.33	646012.73
210.00	66.67	652448.24
210.00	75.00	659981.09
210.00	83.33	664147.84
210.00	91.67	673256.65
210.00	100.00	683358.57
210.00	108.33	688764.44
210.00	116.67	700248.18
210.00	125.00	712567.84
210.00	133.33	719017.01
210.00	141.67	732437.81
210.00	150.00	746470.72
210.00	158.33	753680.28
210.00	166.67	768404.70
210.00	175.00	783414.60
210.00	183.33	790972.99
210.00	191.67	806079.00
210.00	200.00	820986.55
210.00	208.33	828286.88
210.00	216.67	842403.53
210.00	225.00	855591.54
210.00	233.33	861719.62
210.00	241.67	872761.55
210.00	250.00	881749.55
210.00	258.33	885285.63
210.00	266.67	889994.19
210.00	275.00	890844.12
210.00	283.33	889511.43
210.00	291.67	882580.01
210.00	300.00	868740.78
210.00	308.33	858685.02
210.00	316.67	830941.73
210.00	325.00	790749.69
210.00	333.33	764940.88
210.00	341.67	699224.30
210.00	350.00	610133.37
210.00	358.33	554723.54
210.00	366.67	417287.88
210.00	375.00	241709.91
210.00	383.33	154541.92
210.00	391.67	975465.35
210.00	400.00	2494394.19
210.00	408.33	3293644.22
210.00	416.67	4993641.36
210.00	425.00	6841381.20
210.00	433.33	7826757.98
210.00	441.67	9947535.65
210.00	450.00	12332631.90
210.00	458.33	13660639.67
210.00	466.67	16704444.00
210.00	475.00	20524259.08
210.00	483.33	22873522.58
210.00	491.67	28866244.66
210.00	500.00	36497662.72
220.00	8.33	660820.63
220.00	16.67	659245.15
220.00	25.00	661259.33
220.00	33.33	662765.23
220.00	41.67	666769.78
220.00	50.00	672083.12
220.00	58.33	675224.03
220.00	66.67	682458.14
220.00	75.00	690936.45
220.00	83.33	695631.85
220.00	91.67	705907.87
220.00	100.00	717327.30
220.00	108.33	723448.43
220.00	116.67	736477.79
220.00	125.00	750499.83
220.00	133.33	757858.55
220.00	141.67	773220.74
220.00	150.00	789358.34
220.00	158.33	797682.99
220.00	166.67	814768.83
220.00	175.00	832312.57
220.00	183.33	841205.65
220.00	191.67	859118.40
220.00	200.00	877017.69
220.00	208.33	885884.99
220.00	216.67	903277.32
220.00	225.00	919934.50
220.00	233.33	927867.38
220.00	241.67	942661.42
220.00	250.00	955585.20
220.00	258.33	961155.18
220.00	266.67	970055.70
220.00	275.00	975247.41
220.00	283.33	976133.98
220.00	291.67	973721.77
220.00	300.00	964480.70
220.00	308.33	956741.40
220.00	316.67	933649.80
220.00	325.00	898108.76
220.00	333.33	874619.94
220.00	341.67	813551.66
220.00	350.00	729190.65
220.00	358.33	676213.02
220.00	366.67	543655.98
220.00	375.00	369209.24
220.00	383.33	267215.71
220.00	391.67	1296511.39
220.00	400.00	2901352.09
220.00	408.33	3744548.98
220.00	416.67	5524727.30
220.00	425.00	7439933.17
220.00	433.33	8453928.96
220.00	441.67	10617296.16
220.00	450.00	13008908.90
220.00	458.33	14314355.17
220.00	466.67	17208041.61
220.00	475.00	20576466.49
220.00	483.33	22466231.26
220.00	491.67	26583287.54
220.00	500.00	30463554.37
230.00	8.33	687320.17
230.00	16.67	685896.30
230.00	25.00	688148.29
230.00	33.33	689831.65
230.00	41.67	694310.26
230.00	50.00	700254.34
230.00	58.33	703770.19
230.00	66.67	711874.42
230.00	75.00	721381.96
230.00	83.33	726652.36
230.00	91.67	738199.66
230.00	100.00	751054.68
230.00	108.33	757955.69
230.00	116.67	772671.39
230.00	125.00	788551.89
230.00	133.33	796906.68
230.00	141.67	814393.52
230.00	150.00	832840.22
230.00	158.33	842391.40
230.00	166.67	862074.07
230.00	175.00	882416.47
230.00	183.33	892787.91
230.00	191.67	913815.17
230.00	200.00	935051.05
230.00	208.33	945672.86
230.00	216.67	966750.01
230.00	225.00	987334.20
230.00	233.33	997324.87
230.00	241.67	1016424.54
230.00	250.00	1033918.15
230.00	258.33	1041877.09
230.00	266.67	1055752.63
230.00	275.00	1066206.59
230.00	283.33	1069838.77
230.00	291.67	1073156.11
230.00	300.00	1070006.97
230.00	308.33	1065476.77
230.00	316.67	1049217.67
230.00	325.00	1021268.33
230.00	333.33	1002004.12
230.00	341.67	950764.55
230.00	350.00	879408.19
230.00	358.33	835021.62
230.00	366.67	727554.50
230.00	375.00	599763.28
230.00	383.33	536349.87
230.00	391.67	1610777.84
230.00	400.00	3272506.22
230.00	408.33	4145993.11
230.00	416.67	5979755.67
230.00	425.00	7934303.29
230.00	433.33	8960697.92
230.00	441.67	11126234.30
230.00	450.00	13469500.06
230.00	458.33	14719204.39
230.00	466.67	17394860.88
230.00	475.00	20307872.33
230.00	483.33	21833330.48
230.00	491.67	24879473.89
230.00	500.00	27502941.68
240.00	8.33	712844.93
240.00	16.67	711592.92
240.00	25.00	714100.98
240.00	33.33	715977.41
240.00	41.67	720968.01
240.00	50.00	727595.67
240.00	58.33	731518.42
240.00	66.67	740563.29
240.00	75.00	751185.73
240.00	83.33	757078.25
240.00	91.67	770003.07
240.00	100.00	784412.73
240.00	108.33	792159.95
240.00	116.67	808704.58
240.00	125.00	826601.99
240.00	133.33	836036.76
240.00	141.67	855833.55
240.00	150.00	876795.05
240.00	158.33	887681.91
240.00	166.67	910201.23
240.00	175.00	933607.33
240.00	183.33	945599.23
240.00	191.67	970053.08
240.00	200.00	994971.61
240.00	208.33	1007539.43
240.00	216.67	1032710.78
240.00	225.00	1057682.99
240.00	233.33	1069981.47
240.00	241.67	1093944.13
240.00	250.00	1116643.08
240.00	258.33	1127343.51
240.00	266.67	1146985.04
240.00	275.00	1163632.24
240.00	283.33	1170528.04
240.00	291.67	1180760.22
240.00	300.00	1185148.78
240.00	308.33	1184656.75
240.00	316.67	1177206.50
240.00	325.00	1159399.03
240.00	333.33	1145898.10
240.00	341.67	1108294.02
240.00	350.00	1054926.54
240.00	358.33	1022074.60
240.00	366.67	945635.95
240.00	375.00	864111.69
240.00	383.33	829569.21
240.00	391.67	1916069.53
240.00	400.00	3609816.06
240.00	408.33	4502333.17
240.00	416.67	6368619.20
240.00	425.00	8341525.00
240.00	433.33	9369113.16
240.00	441.67	11512760.58
240.00	450.00	13784022.14
240.00	458.33	14969901.81
240.00	466.67	17437428.07
240.00	475.00	19997834.91
240.00	483.33	21284114.59
240.00	491.67	23758257.83
240.00	500.00	25884541.42
250.00	8.33	725196.40
250.00	16.67	724037.24
250.00	25.00	726679.78
250.00	33.33	728658.05
250.00	41.67	733919.83
250.00	50.00	740910.05
250.00	58.33	745046.78
250.00	66.67	754590.64
250.00	75.00	765802.11
250.00	83.33	772024.07
250.00	91.67	785677.87
250.00	100.00	800910.50
250.00	108.33	809104.88
250.00	116.67	826618.22
250.00	125.00	845582.64
250.00	133.33	855590.68
250.00	141.67	876611.70
250.00	150.00	898906.31
250.00	158.33	910502.32
250.00	166.67	934528.63
250.00	175.00	959565.46
250.00	183.33	972420.81
250.00	191.67	998701.92
250.00	200.00	1025589.24
250.00	208.33	1039199.91
250.00	216.67	1066574.54
250.00	225.00	1093907.53
250.00	233.33	1107464.21
250.00	241.67	1134062.84
250.00	250.00	1159601.78
250.00	258.33	1171794.06
250.00	266.67	1194614.60
250.00	275.00	1214693.22
250.00	283.33	1223406.70
250.00	291.67	1237529.15
250.00	300.00	1246190.39
250.00	308.33	1248019.01
250.00	316.67	1245645.64
250.00	325.00	1233710.21
250.00	333.33	1223573.30
250.00	341.67	1193831.60
250.00	350.00	1150573.29
250.00	358.33	1123978.31
250.00	366.67	1063383.10
250.00	375.00	1002888.59
250.00	383.33	980237.85
250.00	391.67	2065480.46
250.00	400.00	3767285.00
250.00	408.33	4665836.03
250.00	416.67	6542192.26
250.00	425.00	8518705.34
250.00	433.33	9544292.69
250.00	441.67	11672550.39
250.00	450.00	13906440.51
250.00	458.33	15062258.35
250.00	466.67	17440141.45
250.00	475.00	19865634.44
250.00	483.33	21068632.92
250.00	491.67	23364534.02
250.00	500.00	25356664.83
260.00	8.33	748978.58
260.00	16.67	748019.33
260.00	25.00	750949.12
260.00	33.33	753141.70
260.00	41.67	758976.85
260.00	50.00	766731.24
260.00	58.33	771322.04
260.00	66.67	781916.93
260.00	75.00	794373.98
260.00	83.33	801290.55
260.00	91.67	816481.19
260.00	100.00	833450.13
260.00	108.33	842588.66
260.00	116.67	862143.86
260.00	125.00	883362.84
260.00	133.33	894579.45
260.00	141.67	918185.71
260.00	150.00	943297.64
260.00	158.33	956394.61
260.00	166.67	983609.51
260.00	175.00	1012098.24
260.00	183.33	1026784.35
260.00	191.67	1056957.68
260.00	200.00	1088039.32
260.00	208.33	1103860.68
260.00	216.67	1135938.36
260.00	225.00	1168341.52
260.00	233.33	1184581.12
260.00	241.67	1216866.79
260.00	250.00	1248543.22
260.00	258.33	1263991.04
260.00	266.67	1293726.15
260.00	275.00	1321302.64
260.00	283.33	1334021.08
260.00	291.67	1356742.21
260.00	300.00	1374891.98
260.00	308.33	1381879.68
260.00	316.67	1390850.77
260.00	325.00	1392031.73
260.00	333.33	1389326.87
260.00	341.67	1376807.58
260.00	350.00	1355049.85
260.00	358.33	1341329.83
260.00	366.67	1311737.09
260.00	375.00	1289314.59
260.00	383.33	1287104.98
260.00	391.67	2359108.71
260.00	400.00	4063742.88
260.00	408.33	4968762.22
260.00	416.67	6856004.30
260.00	425.00	8832724.08
260.00	433.33	9851765.98
260.00	441.67	11947326.89
260.00	450.00	14112683.52
260.00	458.33	15216786.36
260.00	466.67	17449778.41
260.00	475.00	19674475.69
260.00	483.33	20761466.19
260.00	491.67	22825161.01
260.00	500.00	24656443.31
270.00	8.33	771399.09
270.00	16.67	770660.71
270.00	25.00	773897.44
270.00	33.33	776320.98
270.00	41.67	782770.13
270.00	50.00	791343.55
270.00	58.33	796419.59
270.00	66.67	808140.77
270.00	75.00	821929.72
270.00	83.33	829589.91
270.00	91.67	846425.31
270.00	100.00	865250.78
270.00	108.33	875397.81
270.00	116.67	897136.19
270.00	125.00	920765.05
270.00	133.33	933272.86
270.00	141.67	959643.67
270.00	150.00	987772.37
270.00	158.33	1002474.55
270.00	166.67	1033105.20
270.00	175.00	1065309.35
270.00	183.33	1081959.07
270.00	191.67	1116306.33
270.00	200.00	1151905.60
270.00	208.33	1170135.39
270.00	216.67	1207286.30
270.00	225.00	1245205.32
270.00	233.33	1264354.95
270.00	241.67	1302846.43
270.00	250.00	1341249.27
270.00	258.33	1360279.59
270.00	266.67	1397641.97
270.00	275.00	1433544.25
270.00	283.33	1450722.92
270.00	291.67	1483034.51
270.00	300.00	1511842.08
270.00	308.33	1524621.15
270.00	316.67	1546323.88
270.00	325.00	1562125.64
270.00	333.33	1567623.73
270.00	341.67	1573778.84
270.00	350.00	1574475.88
270.00	358.33	1573692.38
270.00	366.67	1573718.66
270.00	375.00	1585119.25
270.00	383.33	1600279.58
270.00	391.67	2648160.70
270.00	400.00	4341140.31
270.00	408.33	5246735.25
270.00	416.67	7136056.22
270.00	425.00	9108167.79
270.00	433.33	10119998.79
270.00	441.67	12186822.53
270.00	450.00	14297988.11
270.00	458.33	15363619.15
270.00	466.67	17495080.48
270.00	475.00	19590430.10
270.00	483.33	20607303.47
270.00	491.67	22539658.13
270.00	500.00	24286566.31
280.00	8.33	792289.99
280.00	16.67	791792.26
280.00	25.00	795358.23
280.00	33.33	798027.32
280.00	41.67	805133.25
280.00	50.00	814579.32
280.00	58.33	820175.70
280.00	66.67	833097.42
280.00	75.00	848306.01
280.00	83.33	856758.49
280.00	91.67	875344.96
280.00	100.00	896144.75
280.00	108.33	907365.92
280.00	116.67	931426.16
280.00	125.00	957616.00
280.00	133.33	971497.39
280.00	141.67	1000808.38
280.00	150.00	1032146.41
280.00	158.33	1048555.26
280.00	166.67	1082822.64
280.00	175.00	1118973.88
280.00	183.33	1137724.83
280.00	191.67	1176533.68
280.00	200.00	1216965.28
280.00	208.33	1237754.73
280.00	216.67	1280366.47
280.00	225.00	1324195.27
280.00	233.33	1346486.08
280.00	241.67	1391669.68
280.00	250.00	1437353.56
280.00	258.33	1460265.02
280.00	266.67	1505917.14
280.00	275.00	1550905.44
280.00	283.33	1572961.69
280.00	291.67	1615778.26
280.00	300.00	1656255.26
280.00	308.33	1675383.23
280.00	316.67	1710989.47
280.00	325.00	1742649.83
280.00	333.33	1756938.89
280.00	341.67	1782789.11
280.00	350.00	1806443.03
280.00	358.33	1818491.84
280.00	366.67	1846865.17
280.00	375.00	1889132.64
280.00	383.33	1919757.15
280.00	391.67	2935852.20
280.00	400.00	4605946.72
280.00	408.33	5507826.88
280.00	416.67	7393887.53
280.00	425.00	9360664.48
280.00	433.33	10366991.76
280.00	441.67	12413585.53
280.00	450.00	14488419.35
280.00	458.33	15528910.78
280.00	466.67	17596308.15
280.00	475.00	19613700.00
280.00	483.33	20589922.54
280.00	491.67	22449357.46
280.00	500.00	24151215.94
290.00	8.33	820375.72
290.00	16.67	820280.29
290.00	25.00	824379.81
290.00	33.33	827448.98
290.00	41.67	835618.63
290.00	50.00	846481.94
290.00	58.33	852917.74
290.00	66.67	867782.35
290.00	75.00	885285.25
290.00	83.33	895018.04
290.00	91.67	916427.97
290.00	100.00	940411.15
290.00	108.33	953360.43
290.00	116.67	981155.72
290.00	125.00	1011464.14
290.00	133.33	1027551.77
290.00	141.67	1061584.15
290.00	150.00	1098070.51
290.00	158.33	1117228.46
290.00	166.67	1157347.05
290.00	175.00	1199835.97
290.00	183.33	1221965.44
290.00	191.67	1267938.94
290.00	200.00	1316161.33
290.00	208.33	1341096.75
290.00	216.67	1392518.63
290.00	225.00	1445920.46
290.00	233.33	1473308.41
290.00	241.67	1529364.54
290.00	250.00	1586913.52
290.00	258.33	1616151.12
290.00	266.67	1675375.89
290.00	275.00	1735275.70
290.00	283.33	1765339.70
290.00	291.67	1825430.49
290.00	300.00	1885093.93
290.00	308.33	1914634.30
290.00	316.67	1972952.43
290.00	325.00	2030237.99
290.00	333.33	2058606.09
290.00	341.67	2115431.94
290.00	350.00	2174209.62
290.00	358.33	2205411.70
290.00	366.67	2274900.55
290.00	375.00	2360531.90
290.00	383.33	2412625.97
290.00	391.67	3371872.43
290.00	400.00	4992217.95
290.00	408.33	5882969.47
290.00	416.67	7759434.40
290.00	425.00	9722642.41
290.00	433.33	10726751.28
290.00	441.67	12764269.31
290.00	450.00	14819823.49
290.00	458.33	15845875.39
290.00	466.67	17875408.55
290.00	475.00	19846038.32
290.00	483.33	20798016.96
290.00	491.67	22614023.17
290.00	500.00	24289508.59
300.00	8.33	835278.30
300.00	16.67	836403.48
300.00	25.00	840415.86
300.00	33.33	843536.19
300.00	41.67	852001.14
300.00	50.00	863411.19
300.00	58.33	870214.26
300.00	66.67	886002.58
300.00	75.00	904676.80
300.00	83.33	915087.87
300.00	91.67	938042.74
300.00	100.00	963820.19
300.00	108.33	977761.16
300.00	116.67	1007735.23
300.00	125.00	1040487.52
300.00	133.33	1057900.12
300.00	141.67	1094790.17
300.00	150.00	1134424.10
300.00	158.33	1155279.51
300.00	166.67	1199022.87
300.00	175.00	1245507.93
300.00	183.33	1269760.32
300.00	191.67	1320307.64
300.00	200.00	1373533.05
300.00	208.33	1401142.51
300.00	216.67	1458305.07
300.00	225.00	1518014.97
300.00	233.33	1548793.72
300.00	241.67	1612129.41
300.00	250.00	1677702.49
300.00	258.33	1711268.57
300.00	266.67	1779834.79
300.00	275.00	1850105.57
300.00	283.33	1885792.34
300.00	291.67	1958092.10
300.00	300.00	2031429.07
300.00	308.33	2068419.28
300.00	316.67	2143022.26
300.00	325.00	2218643.28
300.00	333.33	2257021.02
300.00	341.67	2335664.20
300.00	350.00	2418657.79
300.00	358.33	2462810.69
300.00	366.67	2559488.91
300.00	375.00	2672996.06
300.00	383.33	2738711.03
300.00	391.67	3553984.80
300.00	400.00	5107184.68
300.00	408.33	5980481.67
300.00	416.67	7839529.56
300.00	425.00	9799187.69
300.00	433.33	10804790.16
300.00	441.67	12849295.99
300.00	450.00	14915346.28
300.00	458.33	15947390.83
300.00	466.67	17989682.13
300.00	475.00	19973688.25
300.00	483.33	20932618.03
300.00	491.67	22762641.06
300.00	500.00	24452193.47
310.00	8.33	841632.44
310.00	16.67	844364.80
310.00	25.00	849029.23
310.00	33.33	852526.45
310.00	41.67	861840.32
310.00	50.00	874231.35
310.00	58.33	881574.19
310.00	66.67	898534.91
310.00	75.00	918510.60
310.00	83.33	929620.72
310.00	91.67	954069.26
310.00	100.00	981471.78
310.00	108.33	996274.25
310.00	116.67	1028075.70
310.00	125.00	1062788.49
310.00	133.33	1081229.78
310.00	141.67	1120306.21
310.00	150.00	1162296.16
310.00	158.33	1184375.43
310.00	166.67	1230721.95
310.00	175.00	1279983.67
310.00	183.33	1305712.91
310.00	191.67	1359346.69
310.00	200.00	1415881.85
310.00	208.33	1445227.30
310.00	216.67	1506076.45
310.00	225.00	1569732.30
310.00	233.33	1602594.99
310.00	241.67	1670333.26
310.00	250.00	1740638.58
310.00	258.33	1776720.40
310.00	266.67	1850590.30
310.00	275.00	1926584.82
310.00	283.33	1965313.12
310.00	291.67	2044101.69
310.00	300.00	2124494.83
310.00	308.33	2165257.55
310.00	316.67	2247973.38
310.00	325.00	2332541.14
310.00	333.33	2375748.53
310.00	341.67	2464865.97
310.00	350.00	2559506.36
310.00	358.33	2609954.86
310.00	366.67	2720164.39
310.00	375.00	2848281.11
310.00	383.33	2921581.19
310.00	391.67	3817986.30
310.00	400.00	5375516.16
310.00	408.33	6250698.14
310.00	416.67	8116105.31
310.00	425.00	10085392.72
310.00	433.33	11096740.30
310.00	441.67	13153955.89
310.00	450.00	15233286.55
310.00	458.33	16271815.41
310.00	466.67	18325762.67
310.00	475.00	20318261.11
310.00	483.33	21279639.12
310.00	491.67	23110508.90
310.00	500.00	24794350.77
320.00	8.33	855023.35
320.00	16.67	857697.65
320.00	25.00	862780.08
320.00	33.33	866590.19
320.00	41.67	876736.57
320.00	50.00	890233.19
320.00	58.33	898229.18
320.00	66.67	916697.96
320.00	75.00	938446.57
320.00	83.33	950541.08
320.00	91.67	977157.82
320.00	100.00	1006993.22
320.00	108.33	1023112.56
320.00	116.67	1057747.69
320.00	125.00	1095579.30
320.00	133.33	1115694.01
320.00	141.67	1158327.27
320.00	150.00	1204187.24
320.00	158.33	1228326.74
320.00	166.67	1279064.46
320.00	175.00	1333091.04
320.00	183.33	1361337.68
320.00	191.67	1420354.06
320.00	200.00	1482738.10
320.00	208.33	1515208.49
320.00	216.67	1582684.18
320.00	225.00	1653572.03
320.00	233.33	1690291.28
320.00	241.67	1766263.35
320.00	250.00	1845595.88
320.00	258.33	1886502.93
320.00	266.67	1970748.32
320.00	275.00	2058171.96
320.00	283.33	2103045.98
320.00	291.67	2195111.67
320.00	300.00	2290229.11
320.00	308.33	2338974.03
320.00	316.67	2438981.30
320.00	325.00	2542827.90
320.00	333.33	2596492.97
320.00	341.67	2708245.70
320.00	350.00	2827897.17
320.00	358.33	2891702.57
320.00	366.67	3030140.74
320.00	375.00	3187931.48
320.00	383.33	3276286.01
320.00	391.67	4129310.33
320.00	400.00	5639081.20
320.00	408.33	6501795.47
320.00	416.67	8359721.29
320.00	425.00	10339286.30
320.00	433.33	11361227.80
320.00	441.67	13448800.48
320.00	450.00	15569134.14
320.00	458.33	16631364.04
320.00	466.67	18736766.18
320.00	475.00	20781926.77
320.00	483.33	21768201.95
320.00	491.67	23640387.20
320.00	500.00	25348221.40
330.00	8.33	866027.99
330.00	16.67	868637.34
330.00	25.00	874163.11
330.00	33.33	878305.39
330.00	41.67	889332.30
330.00	50.00	903995.41
330.00	58.33	912679.96
330.00	66.67	932736.93
330.00	75.00	956347.38
330.00	83.33	969475.47
330.00	91.67	998363.05
330.00	100.00	1030743.66
330.00	108.33	1048231.42
330.00	116.67	1085822.80
330.00	125.00	1126890.14
330.00	133.33	1148740.48
330.00	141.67	1195061.48
330.00	150.00	1244931.08
330.00	158.33	1271203.88
330.00	166.67	1326474.65
330.00	175.00	1385415.46
330.00	183.33	1416281.58
330.00	191.67	1480849.03
330.00	200.00	1549266.28
330.00	208.33	1584939.97
330.00	216.67	1659260.08
330.00	225.00	1737607.12
330.00	233.33	1778309.82
330.00	241.67	1862803.11
330.00	250.00	1951456.69
330.00	258.33	1997367.29
330.00	266.67	2092353.28
330.00	275.00	2191608.10
330.00	283.33	2242871.97
330.00	291.67	2348695.10
330.00	300.00	2459094.08
330.00	308.33	2516104.50
330.00	316.67	2634049.98
330.00	325.00	2757882.79
330.00	333.33	2822362.28
330.00	341.67	2957548.24
330.00	350.00	3103062.75
330.00	358.33	3180718.22
330.00	366.67	3348553.87
330.00	375.00	3537642.15
330.00	383.33	3642172.08
330.00	391.67	4451462.99
330.00	400.00	5909490.78
330.00	408.33	6758182.89
330.00	416.67	8608437.71
330.00	425.00	10603291.22
330.00	433.33	11640552.94
330.00	441.67	13773407.28
330.00	450.00	15957107.98
330.00	458.33	17057167.56
330.00	466.67	19247504.35
330.00	475.00	21383303.30
330.00	483.33	22413075.57
330.00	491.67	24359633.60
330.00	500.00	26111072.86
340.00	8.33	874476.45
340.00	16.67	877016.32
340.00	25.00	883011.08
340.00	33.33	887503.95
340.00	41.67	899461.75
340.00	50.00	915355.74
340.00	58.33	924766.10
340.00	66.67	946491.83
340.00	75.00	972055.15
340.00	83.33	986265.34
340.00	91.67	1017523.95
340.00	100.00	1052547.49
340.00	108.33	1071464.54
340.00	116.67	1112128.61
340.00	125.00	1156551.30
340.00	133.33	1180191.47
340.00	141.67	1230316.74
340.00	150.00	1284323.81
340.00	158.33	1312787.81
340.00	166.67	1372716.53
340.00	175.00	1436707.33
340.00	183.33	1470254.93
340.00	191.67	1540525.94
340.00	200.00	1615138.48
340.00	208.33	1654101.48
340.00	216.67	1735443.16
340.00	225.00	1821434.69
340.00	233.33	1866215.70
340.00	241.67	1959451.36
340.00	250.00	2057685.41
340.00	258.33	2108722.82
340.00	266.67	2214743.32
340.00	275.00	2326179.38
340.00	283.33	2383994.59
340.00	291.67	2503997.71
340.00	300.00	2630145.48
340.00	308.33	2695676.58
340.00	316.67	2832108.02
340.00	325.00	2976555.22
340.00	333.33	3052217.43
340.00	341.67	3211610.05
340.00	350.00	3383959.42
340.00	358.33	3476038.16
340.00	366.67	3674703.72
340.00	375.00	3897174.23
340.00	383.33	4019273.61
340.00	391.67	4784804.42
340.00	400.00	6187064.77
340.00	408.33	7019837.78
340.00	416.67	8861295.28
340.00	425.00	10875456.27
340.00	433.33	11932505.40
340.00	441.67	14125638.07
340.00	450.00	16397724.75
340.00	458.33	17552098.49
340.00	466.67	19869020.18
340.00	475.00	22145805.88
340.00	483.33	23245901.56
340.00	491.67	25315466.79
340.00	500.00	27141277.38
350.00	8.33	880205.84
350.00	16.67	882672.16
350.00	25.00	889163.18
350.00	33.33	894026.50
350.00	41.67	906968.19
350.00	50.00	924159.88
350.00	58.33	934335.83
350.00	66.67	957814.10
350.00	75.00	985422.90
350.00	83.33	1000763.74
350.00	91.67	1034493.05
350.00	100.00	1072266.04
350.00	108.33	1092671.06
350.00	116.67	1136506.46
350.00	125.00	1184386.59
350.00	133.33	1209862.71
350.00	141.67	1263913.71
350.00	150.00	1322153.97
350.00	158.33	1352872.34
350.00	166.67	1417575.43
350.00	175.00	1486728.76
350.00	183.33	1523009.82
350.00	191.67	1599100.82
350.00	200.00	1680022.39
350.00	208.33	1722337.29
350.00	216.67	1810829.62
350.00	225.00	1904621.12
350.00	233.33	1953564.59
350.00	241.67	2055702.79
350.00	250.00	2163700.24
350.00	258.33	2219973.89
350.00	266.67	2337253.34
350.00	275.00	2461113.67
350.00	283.33	2525637.13
350.00	291.67	2660127.63
350.00	300.00	2802381.45
350.00	308.33	2876638.68
350.00	316.67	3032028.58
350.00	325.00	3197635.25
350.00	333.33	3284792.98
350.00	341.67	3469138.49
350.00	350.00	3669268.84
350.00	358.33	3776358.12
350.00	366.67	4007425.05
350.00	375.00	4265550.94
350.00	383.33	4406736.91
350.00	391.67	5128542.28
350.00	400.00	6470594.48
350.00	408.33	7284959.62
350.00	416.67	9114707.22
350.00	425.00	11150168.47
350.00	433.33	12230643.09
350.00	441.67	14498293.69
350.00	450.00	16885465.38
350.00	458.33	18113736.92
350.00	466.67	20610395.47
350.00	475.00	23100180.78
350.00	483.33	24311315.15
350.00	491.67	26584031.10
350.00	500.00	28538404.91
360.00	8.33	883063.24
360.00	16.67	885451.56
360.00	25.00	892470.13
360.00	33.33	897726.42
360.00	41.67	911707.61
360.00	50.00	930268.24
360.00	58.33	941248.34
360.00	66.67	966567.64
360.00	75.00	996317.54
360.00	83.33	1012837.89
360.00	91.67	1049138.89
360.00	100.00	1089772.25
360.00	108.33	1111704.72
360.00	116.67	1158810.42
360.00	125.00	1210260.66
360.00	133.33	1237629.63
360.00	141.67	1295683.55
360.00	150.00	1358259.36
360.00	158.33	1391269.76
360.00	166.67	1460835.67
360.00	175.00	1535229.31
360.00	183.33	1574304.58
360.00	191.67	1656294.94
360.00	200.00	1743608.79
360.00	208.33	1789335.09
360.00	216.67	1885078.36
360.00	225.00	1986758.39
360.00	233.33	2039918.20
360.00	241.67	2151069.21
360.00	250.00	2268940.21
360.00	258.33	2330520.84
360.00	266.67	2459209.61
360.00	275.00	2595669.10
360.00	283.33	2666981.51
360.00	291.67	2816179.09
360.00	300.00	2974790.10
360.00	308.33	3057924.10
360.00	316.67	3232599.56
360.00	325.00	3419781.16
360.00	333.33	3518675.89
360.00	341.67	3728588.09
360.00	350.00	3957355.58
360.00	358.33	4080020.83
360.00	366.67	4344943.91
360.00	375.00	4640923.84
360.00	383.33	4802697.42
360.00	391.67	5480572.98
360.00	400.00	6757175.50
360.00	408.33	7549762.89
360.00	416.67	9362221.11
360.00	425.00	11417404.13
360.00	433.33	12523029.64
360.00	441.67	14876174.77
360.00	450.00	17404980.50
360.00	458.33	18729058.43
360.00	466.67	21472671.98
360.00	475.00	24280554.97
360.00	483.33	25668872.85
360.00	491.67	28287614.93
360.00	500.00	30478000.98
370.00	8.33	882906.79
370.00	16.67	885216.38
370.00	25.00	892794.22
370.00	33.33	898466.93
370.00	41.67	913549.22
370.00	50.00	933557.06
370.00	58.33	945383.39
370.00	66.67	972636.16
370.00	75.00	1004624.40
370.00	83.33	1022374.09
370.00	91.67	1061349.23
370.00	100.00	1104933.71
370.00	108.33	1128450.83
370.00	116.67	1178924.61
370.00	125.00	1234019.87
370.00	133.33	1263329.75
370.00	141.67	1325484.71
370.00	150.00	1392463.64
370.00	158.33	1427806.97
370.00	166.67	1502294.49
370.00	175.00	1582009.13
370.00	183.33	1623889.90
370.00	191.67	1711849.54
370.00	200.00	1805615.31
370.00	208.33	1854770.88
370.00	216.67	1957805.90
370.00	225.00	2067431.02
370.00	233.33	2124831.68
370.00	241.67	2245046.20
370.00	250.00	2372865.31
370.00	258.33	2439774.20
370.00	266.67	2579933.22
370.00	275.00	2729074.23
370.00	283.33	2807221.73
370.00	291.67	2971218.15
370.00	300.00	3146317.59
370.00	308.33	3238386.28
370.00	316.67	3432537.44
370.00	325.00	3641544.30
370.00	333.33	3752325.09
370.00	341.67	3988225.88
370.00	350.00	4246237.82
370.00	358.33	4384884.78
370.00	366.67	4684849.68
370.00	375.00	5020520.22
370.00	383.33	5204150.31
370.00	391.67	5837409.27
370.00	400.00	7042186.28
370.00	408.33	7808494.29
370.00	416.67	9594384.84
370.00	425.00	11662245.26
370.00	433.33	12791208.21
370.00	441.67	15233452.21
370.00	450.00	17924574.09
370.00	458.33	19365577.22
370.00	466.67	22434462.54
370.00	475.00	25710446.96
370.00	483.33	27384907.04
370.00	491.67	30622660.51
370.00	500.00	33292622.13
380.00	8.33	879611.61
380.00	16.67	881842.66
380.00	25.00	890015.43
380.00	33.33	896132.29
380.00	41.67	912382.17
380.00	50.00	933917.42
380.00	58.33	946636.97
380.00	66.67	975920.56
380.00	75.00	1010249.31
380.00	83.33	1029280.04
380.00	91.67	1071031.33
380.00	100.00	1117668.13
380.00	108.33	1142807.36
380.00	116.67	1196745.25
380.00	125.00	1255577.47
380.00	133.33	1286856.08
380.00	141.67	1353172.56
380.00	150.00	1424624.29
380.00	158.33	1462332.71
380.00	166.67	1541796.66
380.00	175.00	1626864.20
380.00	183.33	1671576.88
380.00	191.67	1765524.46
380.00	200.00	1865766.05
380.00	208.33	1918353.60
380.00	216.67	2028696.08
380.00	225.00	2146261.59
380.00	233.33	2207895.33
380.00	241.67	2337179.00
380.00	250.00	2474923.75
380.00	258.33	2547153.74
380.00	266.67	2698769.42
380.00	275.00	2860559.76
380.00	283.33	2945531.77
380.00	291.67	3124313.60
380.00	300.00	3315865.74
380.00	308.33	3416879.15
380.00	316.67	3630495.16
380.00	325.00	3861347.43
380.00	333.33	3984062.14
380.00	341.67	4246079.28
380.00	350.00	4533604.17
380.00	358.33	4688462.08
380.00	366.67	5024132.42
380.00	375.00	5400639.56
380.00	383.33	5606973.91
380.00	391.67	6194207.82
380.00	400.00	7319463.75
380.00	408.33	8053645.73
380.00	416.67	9799159.60
380.00	425.00	11865040.88
380.00	433.33	13010571.76
380.00	441.67	15531831.26
380.00	450.00	18388348.55
380.00	458.33	19958789.26
380.00	466.67	23424327.19
380.00	475.00	27360821.31
380.00	483.33	29493967.05
380.00	491.67	33892780.34
380.00	500.00	37685332.13
390.00	8.33	868547.03
390.00	16.67	870670.94
390.00	25.00	879814.40
390.00	33.33	886650.98
390.00	41.67	904794.23
390.00	50.00	928793.43
390.00	58.33	942946.22
390.00	66.67	975473.23
390.00	75.00	1013516.54
390.00	83.33	1034570.13
390.00	91.67	1080681.01
390.00	100.00	1132079.85
390.00	108.33	1159746.19
390.00	116.67	1219029.54
390.00	125.00	1283599.80
390.00	133.33	1317891.40
390.00	141.67	1390551.28
390.00	150.00	1468789.76
390.00	158.33	1510059.32
390.00	166.67	1597033.48
390.00	175.00	1690153.26
390.00	183.33	1739108.10
390.00	191.67	1842024.00
390.00	200.00	1951935.25
390.00	208.33	2009650.46
390.00	216.67	2130873.72
390.00	225.00	2260265.23
390.00	233.33	2328190.01
390.00	241.67	2470914.68
390.00	250.00	2623380.79
390.00	258.33	2703495.12
390.00	266.67	2872059.53
390.00	275.00	3052552.45
390.00	283.33	3147626.27
390.00	291.67	3348234.26
390.00	300.00	3564096.39
390.00	308.33	3678309.31
390.00	316.67	3920667.60
390.00	325.00	4183800.32
390.00	333.33	4324143.64
390.00	341.67	4624810.66
390.00	350.00	4956121.95
390.00	358.33	5135083.12
390.00	366.67	5524053.92
390.00	375.00	5961892.74
390.00	383.33	6202492.52
390.00	391.67	6716115.83
390.00	400.00	7704923.40
390.00	408.33	8377042.72
390.00	416.67	10025465.20
390.00	425.00	12041010.60
390.00	433.33	13183366.35
390.00	441.67	15758224.60
390.00	450.00	18790472.02
390.00	458.33	20522654.33
390.00	466.67	24572327.18
390.00	475.00	29751249.03
390.00	483.33	32966060.30
390.00	491.67	41211124.68
390.00	500.00	51725502.92
400.00	8.33	856967.68
400.00	16.67	859030.87
400.00	25.00	868880.30
400.00	33.33	876240.73
400.00	41.67	895751.92
400.00	50.00	921521.94
400.00	58.33	936700.60
400.00	66.67	971534.01
400.00	75.00	1012199.11
400.00	83.33	1034671.43
400.00	91.67	1083822.43
400.00	100.00	1138509.18
400.00	108.33	1167921.15
400.00	116.67	1230857.99
400.00	125.00	1299326.54
400.00	133.33	1335656.10
400.00	141.67	1412600.83
400.00	150.00	1495392.80
400.00	158.33	1539039.37
400.00	166.67	1631022.37
400.00	175.00	1729480.46
400.00	183.33	1781247.73
400.00	191.67	1890088.65
400.00	200.00	2006371.11
400.00	208.33	2067455.48
400.00	216.67	2195816.59
400.00	225.00	2332948.90
400.00	233.33	2404989.38
400.00	241.67	2556497.79
400.00	250.00	2718552.06
400.00	258.33	2803802.26
400.00	266.67	2983384.59
400.00	275.00	3176018.80
400.00	283.33	3277632.37
400.00	291.67	3492386.63
400.00	300.00	3723955.20
400.00	308.33	3846687.24
400.00	316.67	4107586.46
400.00	325.00	4391492.76
400.00	333.33	4543174.49
400.00	341.67	4868680.21
400.00	350.00	5228109.25
400.00	358.33	5422519.27
400.00	366.67	5845677.50
400.00	375.00	6322786.47
400.00	383.33	6585305.91
400.00	391.67	7045616.93
400.00	400.00	7930790.41
400.00	408.33	8550941.36
400.00	416.67	10104566.98
400.00	425.00	12042960.89
400.00	433.33	13154675.70
400.00	441.67	15688317.96
400.00	450.00	18719040.43
400.00	458.33	20475817.59
400.00	466.67	24678350.34
400.00	475.00	30358063.98
400.00	483.33	34172744.83
400.00	491.67	46060303.32
400.00	500.00	76545573.32
410.00	8.33	849893.18
410.00	16.67	851931.28
410.00	25.00	862154.36
410.00	33.33	869790.27
410.00	41.67	890022.51
410.00	50.00	916721.68
410.00	58.33	932435.52
410.00	66.67	968470.14
410.00	75.00	1010490.77
410.00	83.33	1033695.08
410.00	91.67	1084406.07
410.00	100.00	1140783.09
410.00	108.33	1171073.03
410.00	116.67	1235864.71
410.00	125.00	1306301.98
410.00	133.33	1343662.08
410.00	141.67	1422749.98
410.00	150.00	1507814.02
410.00	158.33	1552656.98
410.00	166.67	1647126.92
410.00	175.00	1748242.77
410.00	183.33	1801408.15
410.00	191.67	1913181.77
410.00	200.00	2032618.18
410.00	208.33	2095361.97
410.00	216.67	2227250.00
410.00	225.00	2368182.87
410.00	233.33	2442247.91
410.00	241.67	2598067.01
410.00	250.00	2764824.20
410.00	258.33	2852591.55
410.00	266.67	3037572.49
410.00	275.00	3236149.78
410.00	283.33	3340951.11
410.00	291.67	3562595.59
410.00	300.00	3801813.91
410.00	308.33	3928690.75
410.00	316.67	4198571.90
410.00	325.00	4492545.76
410.00	333.33	4649712.18
410.00	341.67	4987201.68
410.00	350.00	5360158.01
410.00	358.33	5561996.10
410.00	366.67	6001512.86
410.00	375.00	6497348.75
410.00	383.33	6770266.36
410.00	391.67	7202450.23
410.00	400.00	8031978.68
410.00	408.33	8622857.93
410.00	416.67	10119384.04
410.00	425.00	12004313.91
410.00	433.33	13090634.15
410.00	441.67	15574686.46
410.00	450.00	18555290.01
410.00	458.33	20285291.17
410.00	466.67	24427147.48
410.00	475.00	30029442.43
410.00	483.33	33800315.79
410.00	491.67	45758096.43
410.00	500.00	80942560.30
420.00	8.33	823476.75
420.00	16.67	825464.64
420.00	25.00	836902.58
420.00	33.33	845434.09
420.00	41.67	867994.09
420.00	50.00	897673.44
420.00	58.33	915096.93
420.00	66.67	954938.47
420.00	75.00	1001225.96
420.00	83.33	1026715.35
420.00	91.67	1082273.79
420.00	100.00	1143831.47
420.00	108.33	1176837.69
420.00	116.67	1247284.22
420.00	125.00	1323681.93
420.00	133.33	1364145.33
420.00	141.67	1449689.62
420.00	150.00	1541562.17
420.00	158.33	1589951.92
420.00	166.67	1691834.29
420.00	175.00	1800802.78
420.00	183.33	1858090.12
420.00	191.67	1978515.00
420.00	200.00	2107203.89
420.00	208.33	2174824.17
420.00	216.67	2317024.49
420.00	225.00	2469090.32
420.00	233.33	2549056.66
420.00	241.67	2717428.55
420.00	250.00	2897836.95
420.00	258.33	2992898.10
420.00	266.67	3193467.51
420.00	275.00	3409148.10
420.00	283.33	3523145.84
420.00	291.67	3764561.09
420.00	300.00	4025654.50
420.00	308.33	4164346.60
420.00	316.67	4459807.98
420.00	325.00	4782269.22
420.00	333.33	4954900.29
420.00	341.67	5326045.15
420.00	350.00	5736738.66
420.00	358.33	5959175.63
420.00	366.67	6443779.73
420.00	375.00	6990598.87
420.00	383.33	7291536.02
420.00	391.67	7633213.93
420.00	400.00	8282228.52
420.00	408.33	8773320.64
420.00	416.67	10062184.72
420.00	425.00	11730544.62
420.00	433.33	12702116.23
420.00	441.67	14929126.18
420.00	450.00	17576604.91
420.00	458.33	19085294.37
420.00	466.67	22559534.59
420.00	475.00	26802705.24
420.00	483.33	29272473.95
420.00	491.67	34834923.83
420.00	500.00	39784798.30
430.00	8.33	801521.68
430.00	16.67	803505.44
430.00	25.00	815846.23
430.00	33.33	825040.41
430.00	41.67	849311.85
430.00	50.00	881159.94
430.00	58.33	899818.41
430.00	66.67	942386.30
430.00	75.00	991693.18
430.00	83.33	1018787.44
430.00	91.67	1077717.53
430.00	100.00	1142843.46
430.00	108.33	1177699.16
430.00	116.67	1251979.82
430.00	125.00	1332396.67
430.00	133.33	1374929.16
430.00	141.67	1464766.27
430.00	150.00	1561134.81
430.00	158.33	1611856.86
430.00	166.67	1718586.14
430.00	175.00	1832694.75
430.00	183.33	1892647.85
430.00	191.67	2018674.26
430.00	200.00	2153336.62
430.00	208.33	2224098.84
430.00	216.67	2372909.05
430.00	225.00	2532086.99
430.00	233.33	2615815.02
430.00	241.67	2792158.70
430.00	250.00	2981213.52
430.00	258.33	3080872.27
430.00	266.67	3291275.61
430.00	275.00	3517676.72
430.00	283.33	3637401.79
430.00	291.67	3891113.60
430.00	300.00	4165724.03
430.00	308.33	4311677.42
430.00	316.67	4622779.99
430.00	325.00	4962512.95
430.00	333.33	5144462.25
430.00	341.67	5535717.10
430.00	350.00	5968688.20
430.00	358.33	6203146.40
430.00	366.67	6713708.68
430.00	375.00	7289238.12
430.00	383.33	7605608.39
430.00	391.67	7882445.27
430.00	400.00	8402461.97
430.00	408.33	8819082.19
430.00	416.67	9944934.12
430.00	425.00	11431465.84
430.00	433.33	12302112.10
430.00	441.67	14293760.52
430.00	450.00	16627606.06
430.00	458.33	17929263.72
430.00	466.67	20812641.95
430.00	475.00	24043481.49
430.00	483.33	25742698.60
430.00	491.67	29014826.12
430.00	500.00	31247746.53
440.00	8.33	776107.28
440.00	16.67	778119.20
440.00	25.00	791451.09
440.00	33.33	801370.01
440.00	41.67	827504.19
440.00	50.00	861693.50
440.00	58.33	881672.67
440.00	66.67	927135.05
440.00	75.00	979612.05
440.00	83.33	1008376.98
440.00	91.67	1070791.89
440.00	100.00	1139570.27
440.00	108.33	1176308.80
440.00	116.67	1254464.64
440.00	125.00	1338903.99
440.00	133.33	1383509.24
440.00	141.67	1477598.98
440.00	150.00	1578410.15
440.00	158.33	1631423.90
440.00	166.67	1742918.49
440.00	175.00	1862024.05
440.00	183.33	1924588.60
440.00	191.67	2056049.89
440.00	200.00	2196492.85
440.00	208.33	2270279.14
440.00	216.67	2425454.04
440.00	225.00	2591447.86
440.00	233.33	2678781.53
440.00	241.67	2862743.14
440.00	250.00	3060025.00
440.00	258.33	3164046.38
440.00	266.67	3383717.20
440.00	275.00	3620201.48
440.00	283.33	3745292.63
440.00	291.67	4010488.30
440.00	300.00	4297624.67
440.00	308.33	4450277.24
440.00	316.67	4775706.86
440.00	325.00	5131131.21
440.00	333.33	5321462.46
440.00	341.67	5730668.73
440.00	350.00	6183236.14
440.00	358.33	6428130.67
440.00	366.67	6960891.68
440.00	375.00	7560336.16
440.00	383.33	7889270.40
440.00	391.67	8098672.24
440.00	400.00	8486051.78
440.00	408.33	8824419.27
440.00	416.67	9775003.19
440.00	425.00	11061968.24
440.00	433.33	11821465.98
440.00	441.67	13557070.26
440.00	450.00	15565283.87
440.00	458.33	16664159.84
440.00	466.67	19021255.33
440.00	475.00	21497331.14
440.00	483.33	22713446.08
440.00	491.67	24859477.45
440.00	500.00	26159721.53
450.00	8.33	747276.97
450.00	16.67	749356.43
450.00	25.00	763786.52
450.00	33.33	774505.03
450.00	41.67	802678.37
450.00	50.00	839401.76
450.00	58.33	860800.52
450.00	66.67	909340.66
450.00	75.00	965149.23
450.00	83.33	995652.99
450.00	91.67	1061665.57
450.00	100.00	1134172.51
450.00	108.33	1172820.60
450.00	116.67	1254880.86
450.00	125.00	1343329.90
450.00	133.33	1389988.90
450.00	141.67	1488297.30
450.00	150.00	1593472.82
450.00	158.33	1648732.66
450.00	166.67	1764862.07
450.00	175.00	1888823.95
450.00	183.33	1953905.08
450.00	191.67	2090623.95
450.00	200.00	2236612.75
450.00	208.33	2313306.94
450.00	216.67	2474566.83
450.00	225.00	2647061.18
450.00	233.33	2737818.94
450.00	241.67	2928985.10
450.00	250.00	3134019.24
450.00	258.33	3242141.18
450.00	266.67	3470485.32
450.00	275.00	3716356.50
450.00	283.33	3846439.68
450.00	291.67	4122198.31
450.00	300.00	4420787.33
450.00	308.33	4579511.50
450.00	316.67	4917864.30
450.00	325.00	5287245.21
450.00	333.33	5484971.34
450.00	341.67	5909794.26
450.00	350.00	6379088.06
450.00	358.33	6632737.91
450.00	366.67	7183732.79
450.00	375.00	7802151.36
450.00	383.33	8140710.92
450.00	391.67	8281277.03
450.00	400.00	8535467.81
450.00	408.33	8794145.99
450.00	416.67	9563841.71
450.00	425.00	10643601.64
450.00	433.33	11288740.03
450.00	441.67	12768113.08
450.00	450.00	14470628.61
450.00	458.33	15392355.36
450.00	466.67	17334290.68
450.00	475.00	19307362.48
450.00	483.33	20245839.50
450.00	491.67	21844125.79
450.00	500.00	22774913.33
460.00	8.33	731601.13
460.00	16.67	733731.58
460.00	25.00	748757.72
460.00	33.33	759909.20
460.00	41.67	789178.39
460.00	50.00	827250.15
460.00	58.33	849397.64
460.00	66.67	899551.80
460.00	75.00	957088.44
460.00	83.33	988487.48
460.00	91.67	1056339.49
460.00	100.00	1130737.53
460.00	108.33	1170346.73
460.00	116.67	1254362.90
460.00	125.00	1344815.52
460.00	133.33	1392490.59
460.00	141.67	1492881.05
460.00	150.00	1600200.48
460.00	158.33	1656569.69
460.00	166.67	1774962.55
460.00	175.00	1901288.59
460.00	183.33	1967602.90
460.00	191.67	2106859.14
460.00	200.00	2255535.39
460.00	208.33	2333631.95
460.00	216.67	2497822.16
460.00	225.00	2673427.74
460.00	233.33	2765823.36
460.00	241.67	2960433.92
460.00	250.00	3169154.77
460.00	258.33	3279221.18
460.00	266.67	3511680.41
460.00	275.00	3761965.72
460.00	283.33	3894378.80
460.00	291.67	4175066.73
460.00	300.00	4478966.92
460.00	308.33	4640489.42
460.00	316.67	4984728.14
460.00	325.00	5360431.21
460.00	333.33	5561456.50
460.00	341.67	5993181.52
460.00	350.00	6469733.39
460.00	358.33	6727124.28
460.00	366.67	7285735.23
460.00	375.00	7911791.30
460.00	383.33	8254092.32
460.00	391.67	8360108.11
460.00	400.00	8548366.56
460.00	408.33	8767348.28
460.00	416.67	9446301.72
460.00	425.00	10422118.76
460.00	433.33	11010315.14
460.00	441.67	12365208.29
460.00	450.00	13926707.31
460.00	458.33	14771140.75
460.00	466.67	16546415.94
460.00	475.00	18344551.01
460.00	483.33	19198423.86
460.00	491.67	20653344.42
460.00	500.00	21505036.24
470.00	8.33	697783.46
470.00	16.67	700060.15
470.00	25.00	716390.12
470.00	33.33	728480.20
470.00	41.67	760113.94
470.00	50.00	801067.75
470.00	58.33	824802.19
470.00	66.67	878342.43
470.00	75.00	939463.28
470.00	83.33	972704.73
470.00	91.67	1044312.26
470.00	100.00	1122535.61
470.00	108.33	1164079.50
470.00	116.67	1252006.71
470.00	125.00	1346432.70
470.00	133.33	1396122.22
470.00	141.67	1500607.18
470.00	150.00	1612131.41
470.00	158.33	1670653.96
470.00	166.67	1793467.81
470.00	175.00	1924392.29
470.00	183.33	1993073.86
470.00	191.67	2137252.87
470.00	200.00	2291087.36
470.00	208.33	2371875.92
470.00	216.67	2541684.56
470.00	225.00	2723256.20
470.00	233.33	2818760.57
470.00	241.67	3019918.29
470.00	250.00	3235632.75
470.00	258.33	3349366.06
470.00	266.67	3589546.24
470.00	275.00	3848084.54
470.00	283.33	3984839.02
470.00	291.67	4274659.03
470.00	300.00	4588292.88
470.00	308.33	4754916.38
470.00	316.67	5109823.79
470.00	325.00	5496770.15
470.00	333.33	5703635.88
470.00	341.67	6147359.75
470.00	350.00	6636220.54
470.00	358.33	6899813.91
470.00	366.67	7470707.59
470.00	375.00	8108461.23
470.00	383.33	8456195.11
470.00	391.67	8493497.22
470.00	400.00	8552771.57
470.00	408.33	8693696.42
470.00	416.67	9193397.29
470.00	425.00	9963765.65
470.00	433.33	10440602.10
470.00	441.67	11556086.76
470.00	450.00	12858606.48
470.00	458.33	13568645.15
470.00	466.67	15077723.31
470.00	475.00	16644505.00
470.00	483.33	17411960.01
470.00	491.67	18779855.21
470.00	500.00	19642699.53
480.00	8.33	641108.54
480.00	16.67	643738.22
480.00	25.00	662364.29
480.00	33.33	676093.85
480.00	41.67	711793.53
480.00	50.00	757593.86
480.00	58.33	783953.91
480.00	66.67	842999.65
480.00	75.00	909822.66
480.00	83.33	945951.63
480.00	91.67	1023363.27
480.00	100.00	1107398.90
480.00	108.33	1151850.58
480.00	116.67	1245597.04
480.00	125.00	1345865.75
480.00	133.33	1398502.69
480.00	141.67	1508924.78
480.00	150.00	1626505.68
480.00	158.33	1688101.92
480.00	166.67	1817200.75
480.00	175.00	1954628.48
480.00	183.33	2026647.79
480.00	191.67	2177714.88
480.00	200.00	2338775.46
480.00	208.33	2423299.31
480.00	216.67	2600888.63
480.00	225.00	2790661.74
480.00	233.33	2890436.33
480.00	241.67	3100532.01
480.00	250.00	3325691.29
480.00	258.33	3444369.43
480.00	266.67	3694866.50
480.00	275.00	3964328.10
480.00	283.33	4106773.66
480.00	291.67	4408431.41
480.00	300.00	4734487.63
480.00	308.33	4907526.42
480.00	316.67	5275591.95
480.00	325.00	5676047.65
480.00	333.33	5889719.44
480.00	341.67	6347000.87
480.00	350.00	6848992.23
480.00	358.33	7118830.59
480.00	366.67	7701106.55
480.00	375.00	8348027.81
480.00	383.33	8699155.24
480.00	391.67	8636145.79
480.00	400.00	8512305.66
480.00	408.33	8541870.44
480.00	416.67	8783770.44
480.00	425.00	9257351.61
480.00	433.33	9573986.47
480.00	441.67	10351097.79
480.00	450.00	11302951.86
480.00	458.33	11841332.31
480.00	466.67	13049267.50
480.00	475.00	14462140.43
480.00	483.33	15261423.31
480.00	491.67	17036818.46
480.00	500.00	18689813.74
490.00	8.33	620699.20
490.00	16.67	623492.10
490.00	25.00	642997.34
490.00	33.33	657347.41
490.00	41.67	694565.27
490.00	50.00	742142.70
490.00	58.33	769448.79
490.00	66.67	830448.99
490.00	75.00	899259.02
490.00	83.33	936381.40
490.00	91.67	1015762.24
490.00	100.00	1101744.78
490.00	108.33	1147159.75
490.00	116.67	1242821.15
490.00	125.00	1344995.22
490.00	133.33	1398579.69
490.00	141.67	1510920.97
490.00	150.00	1630434.24
490.00	158.33	1693009.49
490.00	166.67	1824100.30
490.00	175.00	1963578.50
490.00	183.33	2036647.85
490.00	191.67	2189883.48
490.00	200.00	2353189.19
490.00	208.33	2438879.39
490.00	216.67	2618867.08
490.00	225.00	2811170.24
490.00	233.33	2912269.72
490.00	241.67	3125081.28
490.00	250.00	3353125.80
490.00	258.33	3473293.70
490.00	266.67	3726892.26
490.00	275.00	3999596.62
490.00	283.33	4143724.66
490.00	291.67	4448834.01
490.00	300.00	4778461.88
490.00	308.33	4953310.93
490.00	316.67	5325038.51
490.00	325.00	5729124.99
490.00	333.33	5944565.78
490.00	341.67	6405242.85
490.00	350.00	6910271.79
490.00	358.33	7181419.81
490.00	366.67	7765750.92
490.00	375.00	8413669.57
490.00	383.33	8764778.21
490.00	391.67	8669421.61
490.00	400.00	8487926.56
490.00	408.33	8482323.54
490.00	416.67	8642232.73
490.00	425.00	9020531.12
490.00	433.33	9285454.88
490.00	441.67	9952922.81
490.00	450.00	10790561.76
490.00	458.33	11272639.01
490.00	466.67	12381154.05
490.00	475.00	13751910.17
490.00	483.33	14583195.48
490.00	491.67	16665117.28
490.00	500.00	19136251.75
500.00	8.33	577724.05
500.00	16.67	580928.09
500.00	25.00	602405.47
500.00	33.33	618134.94
500.00	41.67	658686.44
500.00	50.00	710087.07
500.00	58.33	739403.67
500.00	66.67	804499.00
500.00	75.00	877400.20
500.00	83.33	916544.34
500.00	91.67	999902.30
500.00	100.00	1089766.40
500.00	108.33	1137090.70
500.00	116.67	1236517.09
500.00	125.00	1342411.04
500.00	133.33	1397850.54
500.00	141.67	1513887.61
500.00	150.00	1637124.37
500.00	158.33	1701579.54
500.00	166.67	1836494.28
500.00	175.00	1979875.38
500.00	183.33	2054946.91
500.00	191.67	2212274.85
500.00	200.00	2379840.98
500.00	208.33	2467726.20
500.00	216.67	2652249.40
500.00	225.00	2849296.70
500.00	233.33	2952846.00
500.00	241.67	3170747.13
500.00	250.00	3404113.28
500.00	258.33	3527035.67
500.00	266.67	3786318.46
500.00	275.00	4064953.03
500.00	283.33	4212114.81
500.00	291.67	4523419.34
500.00	300.00	4859353.14
500.00	308.33	5037370.57
500.00	316.67	5415371.36
500.00	325.00	5825490.90
500.00	333.33	6043809.47
500.00	341.67	6509706.78
500.00	350.00	7018954.84
500.00	358.33	7291687.54
500.00	366.67	7877772.25
500.00	375.00	8524926.93
500.00	383.33	8874444.76
500.00	391.67	8716469.96
500.00	400.00	8425332.14
500.00	408.33	8352760.51
500.00	416.67	8355609.74
500.00	425.00	8549434.75
500.00	433.33	8713275.13
500.00	441.67	9163433.41
500.00	450.00	9766875.20
500.00	458.33	10127401.33
500.00	466.67	10994906.47
500.00	475.00	12179632.44
500.00	483.33	12999277.90
500.00	491.67	15705480.77
500.00	500.00	22220810.44
510.00	8.33	508219.36
510.00	16.67	512320.50
510.00	25.00	537448.99
510.00	33.33	555681.54
510.00	41.67	602112.61
510.00	50.00	660007.31
510.00	58.33	692644.62
510.00	66.67	764332.54
510.00	75.00	843622.73
510.00	83.33	885860.70
510.00	91.67	975197.61
510.00	100.00	1070785.30
510.00	108.33	1120887.47
510.00	116.67	1225733.54
510.00	125.00	1336916.17
510.00	133.33	1394966.91
510.00	141.67	1516193.41
510.00	150.00	1644609.80
510.00	158.33	1711664.58
510.00	166.67	1851826.66
510.00	175.00	2000556.00
510.00	183.33	2078347.08
510.00	191.67	2241236.93
510.00	200.00	2414545.66
510.00	208.33	2505379.78
510.00	216.67	2695963.08
510.00	225.00	2899313.36
510.00	233.33	3006113.71
510.00	241.67	3230703.56
510.00	250.00	3471010.28
510.00	258.33	3597500.85
510.00	266.67	3864075.38
510.00	275.00	4150186.12
510.00	283.33	4301131.33
510.00	291.67	4620036.45
510.00	300.00	4963495.20
510.00	308.33	5145181.42
510.00	316.67	5530203.97
510.00	325.00	5946619.67
510.00	333.33	6167680.61
510.00	341.67	6637949.04
510.00	350.00	7149485.83
510.00	358.33	7422340.06
510.00	366.67	8005955.03
510.00	375.00	8646048.89
510.00	383.33	8989869.87
510.00	391.67	8744031.90
510.00	400.00	8303702.80
510.00	408.33	8139884.01
510.00	416.67	7926887.91
510.00	425.00	7862424.06
510.00	433.33	7882054.91
510.00	441.67	8013570.76
510.00	450.00	8251715.66
510.00	458.33	8406005.21
510.00	466.67	8784434.15
510.00	475.00	9280433.55
510.00	483.33	9595064.00
510.00	491.67	10437726.08
510.00	500.00	11581072.66
520.00	8.33	483810.16
520.00	16.67	488307.94
520.00	25.00	514894.03
520.00	33.33	534104.90
520.00	41.67	582776.25
520.00	50.00	643057.11
520.00	58.33	676884.12
520.00	66.67	750879.02
520.00	75.00	832344.39
520.00	83.33	875617.53
520.00	91.67	966927.58
520.00	100.00	1064372.19
520.00	108.33	1115366.15
520.00	116.67	1221944.51
520.00	125.00	1334791.49
520.00	133.33	1393659.61
520.00	141.67	1516497.01
520.00	150.00	1646515.69
520.00	158.33	1714369.10
520.00	166.67	1856147.72
520.00	175.00	2006507.00
520.00	183.33	2085132.30
520.00	191.67	2249707.54
520.00	200.00	2424751.27
520.00	208.33	2516472.43
520.00	216.67	2708875.44
520.00	225.00	2914105.52
520.00	233.33	3021879.11
520.00	241.67	3248442.77
520.00	250.00	3490791.25
520.00	258.33	3618313.90
520.00	266.67	3887014.98
520.00	275.00	4175254.57
520.00	283.33	4327265.00
520.00	291.67	4648291.72
520.00	300.00	4993780.83
520.00	308.33	5176435.05
520.00	316.67	5563216.78
520.00	325.00	5981090.98
520.00	333.33	6202710.26
520.00	341.67	6673639.66
520.00	350.00	7185035.57
520.00	358.33	7457432.59
520.00	366.67	8039105.61
520.00	375.00	8675558.50
520.00	383.33	9016775.62
520.00	391.67	8743520.05
520.00	400.00	8257795.06
520.00	408.33	8066244.81
520.00	416.67	7787310.78
520.00	425.00	7642974.51
520.00	433.33	7617473.44
520.00	441.67	7647754.75
520.00	450.00	7766794.62
520.00	458.33	7852066.46
520.00	466.67	8060889.86
520.00	475.00	8307216.51
520.00	483.33	8438905.44
520.00	491.67	8686431.82
520.00	500.00	8749203.53
530.00	8.33	407252.59
530.00	16.67	413367.90
530.00	25.00	445344.95
530.00	33.33	468060.64
530.00	41.67	524459.72
530.00	50.00	592597.01
530.00	58.33	630216.50
530.00	66.67	711369.68
530.00	75.00	799389.58
530.00	83.33	845724.75
530.00	91.67	942777.72
530.00	100.00	1045539.63
530.00	108.33	1099063.04
530.00	116.67	1210489.05
530.00	125.00	1327976.78
530.00	133.33	1389106.69
530.00	141.67	1516392.56
530.00	150.00	1650800.83
530.00	158.33	1720843.92
530.00	166.67	1866991.56
530.00	175.00	2021780.53
530.00	183.33	2102643.16
530.00	191.67	2271757.01
530.00	200.00	2451449.59
530.00	208.33	2545538.76
530.00	216.67	2742798.61
530.00	225.00	2953014.83
530.00	233.33	3063330.31
530.00	241.67	3295091.22
530.00	250.00	3542763.85
530.00	258.33	3672982.20
530.00	266.67	3947109.14
530.00	275.00	4240778.82
530.00	283.33	4395471.76
530.00	291.67	4721702.60
530.00	300.00	5072044.84
530.00	308.33	5256925.59
530.00	316.67	5647576.37
530.00	325.00	6068211.85
530.00	333.33	6290649.79
530.00	341.67	6761728.43
530.00	350.00	7270667.07
530.00	358.33	7540570.22
530.00	366.67	8114067.18
530.00	375.00	8736981.36
530.00	383.33	9068947.38
530.00	391.67	8720026.92
530.00	400.00	8112113.39
530.00	408.33	7846135.15
530.00	416.67	7390129.38
530.00	425.00	7030373.15
530.00	433.33	6882713.88
530.00	441.67	6638884.44
530.00	450.00	6438897.33
530.00	458.33	6343497.57
530.00	466.67	6131717.52
530.00	475.00	5841912.80
530.00	483.33	5646524.84
530.00	491.67	5122503.00
530.00	500.00	4500649.99
540.00	8.33	380726.50
540.00	16.67	387572.57
540.00	25.00	421784.21
540.00	33.33	445898.89
540.00	41.67	505250.38
540.00	50.00	576232.78
540.00	58.33	615176.50
540.00	66.67	698760.53
540.00	75.00	788934.72
540.00	83.33	836256.26
540.00	91.67	935133.67
540.00	100.00	1039556.98
540.00	108.33	1093862.08
540.00	116.67	1206772.85
540.00	125.00	1325680.16
540.00	133.33	1387485.90
540.00	141.67	1516106.45
540.00	150.00	1651829.95
540.00	158.33	1722520.91
540.00	166.67	1869971.63
540.00	175.00	2026063.15
540.00	183.33	2107574.47
540.00	191.67	2278031.19
540.00	200.00	2459086.32
540.00	208.33	2553859.35
540.00	216.67	2752531.48
540.00	225.00	2964193.31
540.00	233.33	3075235.87
540.00	241.67	3308493.30
540.00	250.00	3557682.18
540.00	258.33	3688666.09
540.00	266.67	3964308.85
540.00	275.00	4259477.27
540.00	283.33	4414905.25
540.00	291.67	4742525.46
540.00	300.00	5094112.48
540.00	308.33	5279544.90
540.00	316.67	5671068.04
540.00	325.00	6092186.89
540.00	333.33	6314674.19
540.00	341.67	6785317.21
540.00	350.00	7292927.03
540.00	358.33	7561744.64
540.00	366.67	8131969.13
540.00	375.00	8749817.41
540.00	383.33	9078415.84
540.00	391.67	8706714.79
540.00	400.00	8062961.53
540.00	408.33	7775268.31
540.00	416.67	7267700.30
540.00	425.00	6845318.71
540.00	433.33	6662238.85
540.00	441.67	6339621.77
540.00	450.00	6050649.12
540.00	458.33	5907077.13
540.00	466.67	5592389.52
540.00	475.00	5195467.91
540.00	483.33	4949512.15
540.00	491.67	4351727.48
540.00	500.00	3731316.28
550.00	8.33	298593.26
550.00	16.67	308554.21
550.00	25.00	351414.91
550.00	33.33	380615.39
550.00	41.67	450051.28
550.00	50.00	530088.77
550.00	58.33	573076.07
550.00	66.67	663845.63
550.00	75.00	760181.33
550.00	83.33	810273.42
550.00	91.67	914193.45
550.00	100.00	1023137.53
550.00	108.33	1079545.72
550.00	116.67	1196447.71
550.00	125.00	1319084.25
550.00	133.33	1382697.13
550.00	141.67	1514837.64
550.00	150.00	1653978.31
550.00	158.33	1726368.49
550.00	166.67	1877201.56
550.00	175.00	2036674.63
550.00	183.33	2119891.84
550.00	191.67	2293791.42
550.00	200.00	2478333.27
550.00	208.33	2574892.02
550.00	216.67	2777152.85
550.00	225.00	2992491.12
550.00	233.33	3105402.86
550.00	241.67	3342427.64
550.00	250.00	3595418.45
550.00	258.33	3728305.83
550.00	266.67	4007720.55
550.00	275.00	4306549.66
550.00	283.33	4463724.22
550.00	291.67	4794629.86
550.00	300.00	5149056.27
550.00	308.33	5335665.42
550.00	316.67	5728884.11
550.00	325.00	6150525.39
550.00	333.33	6372684.83
550.00	341.67	6841168.93
550.00	350.00	7344021.62
550.00	358.33	7609213.39
550.00	366.67	8169091.29
550.00	375.00	8771414.62
550.00	383.33	9089882.19
550.00	391.67	8658255.77
550.00	400.00	7922358.47
550.00	408.33	7579241.34
550.00	416.67	6940903.76
550.00	425.00	6360914.90
550.00	433.33	6089456.48
550.00	441.67	5573386.78
550.00	450.00	5074572.84
550.00	458.33	4823278.50
550.00	466.67	4298820.91
550.00	475.00	3725831.02
550.00	483.33	3419422.20
550.00	491.67	2794179.22
550.00	500.00	2282662.36
560.00	8.33	270484.28
560.00	16.67	281941.90
560.00	25.00	328547.45
560.00	33.33	359783.66
560.00	41.67	432970.58
560.00	50.00	516118.13
560.00	58.33	560433.67
560.00	66.67	653483.92
560.00	75.00	751711.72
560.00	83.33	802636.61
560.00	91.67	908053.23
560.00	100.00	1018318.31
560.00	108.33	1075337.39
560.00	116.67	1193384.44
560.00	125.00	1317090.95
560.00	133.33	1381214.36
560.00	141.67	1514343.84
560.00	150.00	1654455.56
560.00	158.33	1727318.77
560.00	166.67	1879093.31
560.00	175.00	2039512.89
560.00	183.33	2123209.96
560.00	191.67	2298058.78
560.00	200.00	2483574.16
560.00	208.33	2580615.64
560.00	216.67	2783876.90
560.00	225.00	3000218.59
560.00	233.33	3113638.57
560.00	241.67	3351684.71
560.00	250.00	3605709.79
560.00	258.33	3739103.55
560.00	266.67	4019521.17
560.00	275.00	4319313.19
560.00	283.33	4476941.20
560.00	291.67	4808688.33
560.00	300.00	5163790.23
560.00	308.33	5350664.42
560.00	316.67	5744212.71
560.00	325.00	6165802.14
560.00	333.33	6387762.01
560.00	341.67	6855367.66
560.00	350.00	7356543.23
560.00	358.33	7620519.46
560.00	366.67	8177011.66
560.00	375.00	8774380.46
560.00	383.33	9089649.51
560.00	391.67	8641080.01
560.00	400.00	7879735.06
560.00	408.33	7521427.39
560.00	416.67	6847555.00
560.00	425.00	6225267.33
560.00	433.33	5930361.15
560.00	441.67	5364026.98
560.00	450.00	4813177.80
560.00	458.33	4536793.42
560.00	466.67	3968650.51
560.00	475.00	3369212.27
560.00	483.33	3059660.97
560.00	491.67	2452902.17
560.00	500.00	1982104.02
570.00	8.33	184549.19
570.00	16.67	203153.37
570.00	25.00	264799.01
570.00	33.33	303180.83
570.00	41.67	388264.85
570.00	50.00	480394.38
570.00	58.33	528361.36
570.00	66.67	627489.81
570.00	75.00	730606.45
570.00	83.33	783650.93
570.00	91.67	892825.30
570.00	100.00	1006364.74
570.00	108.33	1064891.96
570.00	116.67	1185731.48
570.00	125.00	1312031.78
570.00	133.33	1377398.26
570.00	141.67	1512935.25
570.00	150.00	1655365.65
570.00	158.33	1729378.29
570.00	166.67	1883414.97
570.00	175.00	2046099.99
570.00	183.33	2130919.37
570.00	191.67	2308045.19
570.00	200.00	2495856.39
570.00	208.33	2594062.54
570.00	216.67	2799675.06
570.00	225.00	3018398.06
570.00	233.33	3133014.98
570.00	241.67	3373471.38
570.00	250.00	3629892.63
570.00	258.33	3764475.76
570.00	266.67	4047206.87
570.00	275.00	4349201.37
570.00	283.33	4507857.65
570.00	291.67	4841429.35
570.00	300.00	5197984.88
570.00	308.33	5385382.48
570.00	316.67	5779422.75
570.00	325.00	6200551.92
570.00	333.33	6421804.25
570.00	341.67	6886824.81
570.00	350.00	7383354.73
570.00	358.33	7644042.21
570.00	366.67	8191531.07
570.00	375.00	8775911.10
570.00	383.33	9082872.76
570.00	391.67	8593415.62
570.00	400.00	7771761.45
570.00	408.33	7377777.98
570.00	416.67	6621104.65
570.00	425.00	5901515.20
570.00	433.33	5553405.56
570.00	441.67	4875122.46
570.00	450.00	4213319.67
570.00	458.33	3886293.99
570.00	466.67	3238805.73
570.00	475.00	2608424.23
570.00	483.33	2307823.88
570.00	491.67	1769164.41
570.00	500.00	1396843.83
580.00	8.33	126510.86
580.00	16.67	154358.13
580.00	25.00	229892.46
580.00	33.33	273468.43
580.00	41.67	366031.50
580.00	50.00	463149.33
580.00	58.33	513028.55
580.00	66.67	615226.87
580.00	75.00	720726.81
580.00	83.33	774786.22
580.00	91.67	885734.55
580.00	100.00	1000802.09
580.00	108.33	1060026.31
580.00	116.67	1182148.29
580.00	125.00	1309645.67
580.00	133.33	1375572.53
580.00	141.67	1512193.91
580.00	150.00	1655674.82
580.00	158.33	1730199.50
580.00	166.67	1885265.90
580.00	175.00	2048954.52
580.00	183.33	2134287.67
580.00	191.67	2312423.29
580.00	200.00	2501268.35
580.00	208.33	2599988.58
580.00	216.67	2806638.09
580.00	225.00	3026422.39
580.00	233.33	3141568.60
580.00	241.67	3383084.02
580.00	250.00	3640553.24
580.00	258.33	3775659.04
580.00	266.67	4059397.09
580.00	275.00	4362314.38
580.00	283.33	4521408.44
580.00	291.67	4855737.42
580.00	300.00	5212852.13
580.00	308.33	5400419.32
580.00	316.67	5794560.50
580.00	325.00	6215313.74
580.00	333.33	6436164.53
580.00	341.67	6899774.82
580.00	350.00	7393924.28
580.00	358.33	7652951.50
580.00	366.67	8195981.52
580.00	375.00	8773999.15
580.00	383.33	9076918.07
580.00	391.67	8568939.16
580.00	400.00	7720507.59
580.00	408.33	7310813.63
580.00	416.67	6518112.29
580.00	425.00	5756889.65
580.00	433.33	5386379.55
580.00	441.67	4662150.90
580.00	450.00	3957166.88
580.00	458.33	3611797.80
580.00	466.67	2939723.11
580.00	475.00	2308012.80
580.00	483.33	2017061.88
580.00	491.67	1515419.57
580.00	500.00	1185247.67
590.00	8.33	69203.84
590.00	16.67	114990.97
590.00	25.00	205801.17
590.00	33.33	253711.98
590.00	41.67	351827.42
590.00	50.00	452340.24
590.00	58.33	503473.76
590.00	66.67	607642.42
590.00	75.00	714643.97
590.00	83.33	769335.97
590.00	91.67	881383.98
590.00	100.00	997390.34
590.00	108.33	1057038.65
590.00	116.67	1179955.63
590.00	125.00	1308159.55
590.00	133.33	1374438.67
590.00	141.67	1511719.06
590.00	150.00	1655837.07
590.00	158.33	1730680.98
590.00	166.67	1886358.17
590.00	175.00	2050661.13
590.00	183.33	2136297.38
590.00	191.67	2315049.81
590.00	200.00	2504509.72
590.00	208.33	2603540.40
590.00	216.67	2810814.13
590.00	225.00	3031229.08
590.00	233.33	3146688.88
590.00	241.67	3388844.17
590.00	250.00	3646935.40
590.00	258.33	3782340.07
590.00	266.67	4066678.22
590.00	275.00	4370145.93
590.00	283.33	4529479.75
590.00	291.67	4864247.01
590.00	300.00	5221672.29
590.00	308.33	5409333.12
590.00	316.67	5803477.84
590.00	325.00	6223955.91
590.00	333.33	6444524.99
590.00	341.67	6907222.61
590.00	350.00	7399830.69
590.00	358.33	7657803.31
590.00	366.67	8198002.50
590.00	375.00	8772008.42
590.00	383.33	9072386.81
590.00	391.67	8553171.56
590.00	400.00	7688674.70
590.00	408.33	7269615.96
590.00	416.67	6455534.58
590.00	425.00	5669886.70
590.00	433.33	5286364.49
590.00	441.67	4535838.07
590.00	450.00	3806939.24
590.00	458.33	3451880.04
590.00	466.67	2768162.05
590.00	475.00	2138877.47
590.00	483.33	1854998.70
590.00	491.67	1376642.50
590.00	500.00	1070772.82
600.00	8.33	28750.88
600.00	16.67	107569.04
600.00	25.00	205874.52
600.00	33.33	255481.74
600.00	41.67	355675.29
600.00	50.00	457479.45
600.00	58.33	509116.81
600.00	66.67	614137.73
600.00	75.00	721874.31
600.00	83.33	776908.83
600.00	91.67	889622.87
600.00	100.00	1006283.98
600.00	108.33	1066261.75
600.00	116.67	1189859.28
600.00	125.00	1318779.10
600.00	133.33	1385419.78
600.00	141.67	1523462.50
600.00	150.00	1668396.94
600.00	158.33	1743659.79
600.00	166.67	1900236.70
600.00	175.00	2065515.22
600.00	183.33	2151650.10
600.00	191.67	2331471.12
600.00	200.00	2522083.87
600.00	208.33	2621720.92
600.00	216.67	2830276.44
600.00	225.00	3052053.93
600.00	233.33	3168233.45
600.00	241.67	3411894.12
600.00	250.00	3671597.05
600.00	258.33	3807849.40
600.00	266.67	4093935.91
600.00	275.00	4399264.89
600.00	283.33	4559570.32
600.00	291.67	4896333.00
600.00	300.00	5255828.03
600.00	308.33	5444546.34
600.00	316.67	5840864.35
600.00	325.00	6263513.69
600.00	333.33	6485173.61
600.00	341.67	6949993.24
600.00	350.00	7444641.34
600.00	358.33	7703569.23
600.00	366.67	8245521.14
600.00	375.00	8821025.39
600.00	383.33	9122053.55
600.00	391.67	8474512.46
600.00	400.00	7607701.08
600.00	408.33	7186956.09
600.00	416.67	6368368.73
600.00	425.00	5576894.96
600.00	433.33	5190095.52
600.00	441.67	4432863.95
600.00	450.00	3698369.72
600.00	458.33	3341566.73
600.00	466.67	2658157.79
600.00	475.00	2036219.56
600.00	483.33	1759063.56
600.00	491.67	1299911.43
600.00	500.00	1019296.05
