0 0 0
0 0 9.98e+19
0 0.005 8.35677e+19
0 0.01 4.97194e+19
0 0.015 2.07193e+19
0 0.02 5.2921e+18
0 0.025 3.58917e+17
0 0.03 7.44981e+15
0 0.035 1.62378e+14
0 0.04 7.81514e+12
0 0.045 1.7419e+12
0 0.05 1.06792e+12
0 0.055 9.6201e+11
0 0.06 9.62979e+11
0 0.065 9.80622e+11
0 0.07 9.9285e+11
0 0.075 9.97434e+11
0 0.08 9.99462e+11
0 0.085 1.00675e+12
0 0.09 1.02701e+12
0 0.095 1.06542e+12
0 0.1 1.12308e+12
0 0.105 1.19712e+12
0 0.11 1.28174e+12
0 0.115 1.36962e+12
0 0.12 1.45318e+12
0 0.125 1.52545e+12
0 0.13 1.58065e+12
0 0.135 1.6144e+12
0 0.14 1.62373e+12
0 0.145 1.60695e+12
0 0.15 1.56346e+12
0 0.155 1.49358e+12
0 0.16 1.39837e+12
0 0.165 1.27949e+12
0 0.17 1.13909e+12
0 0.175 9.79699e+11
0 0.18 8.04151e+11
0 0.185 6.15518e+11
0 0.19 4.17043e+11
0 0.195 2.12062e+11
0 0.2 1040.02
0.005 0 0
0.005 0 9.98e+19
0.005 0.005 8.35677e+19
0.005 0.01 4.97194e+19
0.005 0.015 2.07193e+19
0.005 0.02 5.29196e+18
0.005 0.025 3.58835e+17
0.005 0.03 7.44632e+15
0.005 0.035 1.62383e+14
0.005 0.04 7.85986e+12
0.005 0.045 1.763e+12
0.005 0.05 1.08376e+12
0.005 0.055 9.76612e+11
0.005 0.06 9.7715e+11
0.005 0.065 9.944e+11
0.005 0.07 1.00614e+12
0.005 0.075 1.01018e+12
0.005 0.08 1.01171e+12
0.005 0.085 1.01863e+12
0.005 0.09 1.03875e+12
0.005 0.095 1.07723e+12
0.005 0.1 1.13519e+12
0.005 0.105 1.20968e+12
0.005 0.11 1.29484e+12
0.005 0.115 1.38327e+12
0.005 0.12 1.46731e+12
0.005 0.125 1.53994e+12
0.005 0.13 1.59534e+12
0.005 0.135 1.62911e+12
0.005 0.14 1.63825e+12
0.005 0.145 1.62107e+12
0.005 0.15 1.57699e+12
0.005 0.155 1.50632e+12
0.005 0.16 1.41015e+12
0.005 0.165 1.29015e+12
0.005 0.17 1.14849e+12
0.005 0.175 9.87721e+11
0.005 0.18 8.10694e+11
0.005 0.185 6.20503e+11
0.005 0.19 4.2041e+11
0.005 0.195 2.13775e+11
0.005 0.2 1040.02
0.01 0 0
0.01 0 9.98e+19
0.01 0.005 8.35677e+19
0.01 0.01 4.97194e+19
0.01 0.015 2.07192e+19
0.01 0.02 5.29154e+18
0.01 0.025 3.58587e+17
0.01 0.03 7.4357e+15
0.01 0.035 1.62404e+14
0.01 0.04 7.99585e+12
0.01 0.045 1.82734e+12
0.01 0.05 1.13213e+12
0.01 0.055 1.02121e+12
0.01 0.06 1.02037e+12
0.01 0.065 1.03634e+12
0.01 0.07 1.04652e+12
0.01 0.075 1.04886e+12
0.01 0.08 1.04883e+12
0.01 0.085 1.05462e+12
0.01 0.09 1.07424e+12
0.01 0.095 1.11294e+12
0.01 0.1 1.17178e+12
0.01 0.105 1.24763e+12
0.01 0.11 1.3344e+12
0.01 0.115 1.42446e+12
0.01 0.12 1.50995e+12
0.01 0.125 1.58367e+12
0.01 0.13 1.63967e+12
0.01 0.135 1.67346e+12
0.01 0.14 1.68203e+12
0.01 0.145 1.66365e+12
0.01 0.15 1.61776e+12
0.01 0.155 1.54472e+12
0.01 0.16 1.44565e+12
0.01 0.165 1.32227e+12
0.01 0.17 1.17681e+12
0.01 0.175 1.01188e+12
0.01 0.18 8.30399e+11
0.01 0.185 6.35513e+11
0.01 0.19 4.30552e+11
0.01 0.195 2.18934e+11
0.01 0.2 1040.02
0.015 0 0
0.015 0 9.98e+19
0.015 0.005 8.35677e+19
0.015 0.01 4.97194e+19
0.015 0.015 2.07191e+19
0.015 0.02 5.29081e+18
0.015 0.025 3.58158e+17
0.015 0.03 7.41748e+15
0.015 0.035 1.62456e+14
0.015 0.04 8.22916e+12
0.015 0.045 1.93829e+12
0.015 0.05 1.21586e+12
0.015 0.055 1.09829e+12
0.015 0.06 1.0948e+12
0.015 0.065 1.10832e+12
0.015 0.07 1.11558e+12
0.015 0.075 1.11481e+12
0.015 0.08 1.11197e+12
0.015 0.085 1.11572e+12
0.015 0.09 1.13441e+12
0.015 0.095 1.17342e+12
0.015 0.1 1.23368e+12
0.015 0.105 1.31178e+12
0.015 0.11 1.40123e+12
0.015 0.115 1.49402e+12
0.015 0.12 1.58191e+12
0.015 0.125 1.65741e+12
0.015 0.13 1.71437e+12
0.015 0.135 1.74817e+12
0.015 0.14 1.75572e+12
0.015 0.145 1.7353e+12
0.015 0.15 1.68635e+12
0.015 0.155 1.60929e+12
0.015 0.16 1.50532e+12
0.015 0.165 1.37625e+12
0.015 0.17 1.2244e+12
0.015 0.175 1.05247e+12
0.015 0.18 8.63496e+11
0.015 0.185 6.60723e+11
0.015 0.19 4.47583e+11
0.015 0.195 2.27599e+11
0.015 0.2 1040.02
0.02 0 0
0.02 0 9.98e+19
0.02 0.005 8.35677e+19
0.02 0.01 4.97193e+19
0.02 0.015 2.07189e+19
0.02 0.02 5.28973e+18
0.02 0.025 3.57526e+17
0.02 0.03 7.39088e+15
0.02 0.035 1.62568e+14
0.02 0.04 8.57134e+12
0.02 0.045 2.10225e+12
0.02 0.05 1.3401e+12
0.02 0.055 1.21231e+12
0.02 0.06 1.2043e+12
0.02 0.065 1.21359e+12
0.02 0.07 1.21606e+12
0.02 0.075 1.21036e+12
0.02 0.08 1.20311e+12
0.02 0.085 1.20367e+12
0.02 0.09 1.22083e+12
0.02 0.095 1.26014e+12
0.02 0.1 1.32232e+12
0.02 0.105 1.40353e+12
0.02 0.11 1.49672e+12
0.02 0.115 1.59329e+12
0.02 0.12 1.6845e+12
0.02 0.125 1.76245e+12
0.02 0.13 1.8207e+12
0.02 0.135 1.85443e+12
0.02 0.14 1.86046e+12
0.02 0.145 1.83705e+12
0.02 0.15 1.7837e+12
0.02 0.155 1.7009e+12
0.02 0.16 1.58994e+12
0.02 0.165 1.45276e+12
0.02 0.17 1.29182e+12
0.02 0.175 1.10997e+12
0.02 0.18 9.1037e+11
0.02 0.185 6.96421e+11
0.02 0.19 4.71698e+11
0.02 0.195 2.39867e+11
0.02 0.2 1040.02
0.025 0 0
0.025 0 9.98e+19
0.025 0.005 8.35677e+19
0.025 0.01 4.97193e+19
0.025 0.015 2.07186e+19
0.025 0.02 5.28825e+18
0.025 0.025 3.56658e+17
0.025 0.03 7.35484e+15
0.025 0.035 1.62796e+14
0.025 0.04 9.04137e+12
0.025 0.045 2.32965e+12
0.025 0.05 1.51302e+12
0.025 0.055 1.37018e+12
0.025 0.06 1.35472e+12
0.025 0.065 1.35705e+12
0.025 0.07 1.35202e+12
0.025 0.075 1.33886e+12
0.025 0.08 1.3251e+12
0.025 0.085 1.32095e+12
0.025 0.09 1.33576e+12
0.025 0.095 1.37521e+12
0.025 0.1 1.43973e+12
0.025 0.105 1.52488e+12
0.025 0.11 1.62283e+12
0.025 0.115 1.72422e+12
0.025 0.12 1.81963e+12
0.025 0.125 1.90064e+12
0.025 0.13 1.96041e+12
0.025 0.135 1.9939e+12
0.025 0.14 1.9978e+12
0.025 0.145 1.97038e+12
0.025 0.15 1.91116e+12
0.025 0.155 1.82074e+12
0.025 0.16 1.70058e+12
0.025 0.165 1.55275e+12
0.025 0.17 1.3799e+12
0.025 0.175 1.18505e+12
0.025 0.18 9.71559e+11
0.025 0.185 7.43011e+11
0.025 0.19 5.03168e+11
0.025 0.195 2.55877e+11
0.025 0.2 1040.02
0.03 0 0
0.03 0 9.98e+19
0.03 0.005 8.35676e+19
0.03 0.01 4.97192e+19
0.03 0.015 2.07183e+19
0.03 0.02 5.28628e+18
0.03 0.025 3.55505e+17
0.03 0.03 7.3081e+15
0.03 0.035 1.63238e+14
0.03 0.04 9.66891e+12
0.03 0.045 2.63658e+12
0.03 0.05 1.74691e+12
0.03 0.055 1.58204e+12
0.03 0.06 1.55442e+12
0.03 0.065 1.54553e+12
0.03 0.07 1.52904e+12
0.03 0.075 1.5049e+12
0.03 0.08 1.48179e+12
0.03 0.085 1.47089e+12
0.03 0.09 1.48218e+12
0.03 0.095 1.52143e+12
0.03 0.1 1.58862e+12
0.03 0.105 1.67846e+12
0.03 0.11 1.78216e+12
0.03 0.115 1.88936e+12
0.03 0.12 1.98981e+12
0.03 0.125 2.0744e+12
0.03 0.13 2.13583e+12
0.03 0.135 2.16878e+12
0.03 0.14 2.16982e+12
0.03 0.145 2.13717e+12
0.03 0.15 2.07046e+12
0.03 0.155 1.9704e+12
0.03 0.16 1.83863e+12
0.03 0.165 1.67744e+12
0.03 0.17 1.48967e+12
0.03 0.175 1.27858e+12
0.03 0.18 1.04776e+12
0.03 0.185 8.01014e+11
0.03 0.19 5.42341e+11
0.03 0.195 2.75808e+11
0.03 0.2 1040.02
0.035 0 0
0.035 0 9.98e+19
0.035 0.005 8.35676e+19
0.035 0.01 4.97192e+19
0.035 0.015 2.07179e+19
0.035 0.02 5.2837e+18
0.035 0.025 3.54007e+17
0.035 0.03 7.24927e+15
0.035 0.035 1.64064e+14
0.035 0.04 1.04998e+13
0.035 0.045 3.04761e+12
0.035 0.05 2.05994e+12
0.035 0.055 1.86239e+12
0.035 0.06 1.81506e+12
0.035 0.065 1.78835e+12
0.035 0.07 1.75453e+12
0.035 0.075 1.71446e+12
0.035 0.08 1.67811e+12
0.035 0.085 1.65773e+12
0.035 0.09 1.66391e+12
0.035 0.095 1.70236e+12
0.035 0.1 1.77239e+12
0.035 0.105 1.86762e+12
0.035 0.11 1.97799e+12
0.035 0.115 2.09194e+12
0.035 0.12 2.19816e+12
0.035 0.125 2.28675e+12
0.035 0.13 2.34985e+12
0.035 0.135 2.38181e+12
0.035 0.14 2.37904e+12
0.035 0.145 2.33978e+12
0.035 0.15 2.26374e+12
0.035 0.155 2.15181e+12
0.035 0.16 2.00582e+12
0.035 0.165 1.82832e+12
0.035 0.17 1.62241e+12
0.035 0.175 1.39162e+12
0.035 0.18 1.13981e+12
0.035 0.185 8.71065e+11
0.035 0.19 5.89642e+11
0.035 0.195 2.99875e+11
0.035 0.2 1040.02
0.04 0 0
0.04 0 9.98e+19
0.04 0.005 8.35676e+19
0.04 0.01 4.97191e+19
0.04 0.015 2.07173e+19
0.04 0.02 5.28035e+18
0.04 0.025 3.52081e+17
0.04 0.03 7.1772e+15
0.04 0.035 1.65562e+14
0.04 0.04 1.16054e+13
0.04 0.045 3.60018e+12
0.04 0.05 2.47886e+12
0.04 0.055 2.23183e+12
0.04 0.06 2.15261e+12
0.04 0.065 2.09784e+12
0.04 0.07 2.03809e+12
0.04 0.075 1.97514e+12
0.04 0.08 1.92027e+12
0.04 0.085 1.88676e+12
0.04 0.09 1.88565e+12
0.04 0.095 1.92237e+12
0.04 0.1 1.99525e+12
0.04 0.105 2.09645e+12
0.04 0.11 2.21434e+12
0.04 0.115 2.33587e+12
0.04 0.12 2.44848e+12
0.04 0.125 2.54134e+12
0.04 0.13 2.60594e+12
0.04 0.135 2.63625e+12
0.04 0.14 2.62853e+12
0.04 0.145 2.58102e+12
0.04 0.15 2.49356e+12
0.04 0.155 2.36724e+12
0.04 0.16 2.20416e+12
0.04 0.165 2.00716e+12
0.04 0.17 1.77963e+12
0.04 0.175 1.52543e+12
0.04 0.18 1.24872e+12
0.04 0.185 9.53914e+11
0.04 0.19 6.45574e+11
0.04 0.195 3.28337e+11
0.04 0.2 1040.02
0.045 0 0
0.045 0 9.98e+19
0.045 0.005 8.35675e+19
0.045 0.01 4.9719e+19
0.045 0.015 2.07166e+19
0.045 0.02 5.27599e+18
0.045 0.025 3.49625e+17
0.045 0.03 7.09144e+15
0.045 0.035 1.68214e+14
0.045 0.04 1.30978e+13
0.045 0.045 4.35188e+12
0.045 0.05 3.04309e+12
0.045 0.055 2.71942e+12
0.045 0.06 2.58874e+12
0.045 0.065 2.49026e+12
0.045 0.07 2.392e+12
0.045 0.075 2.29644e+12
0.045 0.08 2.21589e+12
0.045 0.085 2.16437e+12
0.045 0.09 2.15308e+12
0.045 0.095 2.18675e+12
0.045 0.1 2.26225e+12
0.045 0.105 2.36987e+12
0.045 0.11 2.49601e+12
0.045 0.115 2.62584e+12
0.045 0.12 2.74532e+12
0.045 0.125 2.84253e+12
0.045 0.13 2.90822e+12
0.045 0.135 2.93597e+12
0.045 0.14 2.92186e+12
0.045 0.145 2.86417e+12
0.045 0.15 2.76289e+12
0.045 0.155 2.61938e+12
0.045 0.16 2.43602e+12
0.045 0.165 2.216e+12
0.045 0.17 1.96307e+12
0.045 0.175 1.68144e+12
0.045 0.18 1.37564e+12
0.045 0.185 1.05042e+12
0.045 0.19 7.10712e+11
0.045 0.195 3.61488e+11
0.045 0.2 1040.02
0.05 0 0
0.05 0 9.98e+19
0.05 0.005 8.35675e+19
0.05 0.01 4.97189e+19
0.05 0.015 2.07157e+19
0.05 0.02 5.27031e+18
0.05 0.025 3.46509e+17
0.05 0.03 6.99316e+15
0.05 0.035 1.72823e+14
0.05 0.04 1.51561e+13
0.05 0.045 5.39198e+12
0.05 0.05 3.811e+12
0.05 0.055 3.36619e+12
0.05 0.06 3.15276e+12
0.05 0.065 2.98669e+12
0.05 0.07 2.83173e+12
0.05 0.075 2.69002e+12
0.05 0.08 2.57416e+12
0.05 0.085 2.49826e+12
0.05 0.09 2.473e+12
0.05 0.095 2.50177e+12
0.05 0.1 2.57939e+12
0.05 0.105 2.6937e+12
0.05 0.11 2.82868e+12
0.05 0.115 2.96736e+12
0.05 0.12 3.09398e+12
0.05 0.125 3.19536e+12
0.05 0.13 3.26146e+12
0.05 0.135 3.2854e+12
0.05 0.14 3.26312e+12
0.05 0.145 3.19296e+12
0.05 0.15 3.07512e+12
0.05 0.155 2.91124e+12
0.05 0.16 2.70407e+12
0.05 0.165 2.45717e+12
0.05 0.17 2.1747e+12
0.05 0.175 1.86129e+12
0.05 0.18 1.52185e+12
0.05 0.185 1.16155e+12
0.05 0.19 7.85705e+11
0.05 0.195 3.99659e+11
0.05 0.2 1040.02
0.055 0 0
0.055 0 9.98e+19
0.055 0.005 8.35674e+19
0.055 0.01 4.97187e+19
0.055 0.015 2.07145e+19
0.055 0.02 5.26285e+18
0.055 0.025 3.4257e+17
0.055 0.03 6.88669e+15
0.055 0.035 1.80662e+14
0.055 0.04 1.80687e+13
0.055 0.045 6.85976e+12
0.055 0.05 4.86902e+12
0.055 0.055 4.22969e+12
0.055 0.06 3.88385e+12
0.055 0.065 3.61424e+12
0.055 0.07 3.37646e+12
0.055 0.075 3.17e+12
0.055 0.08 3.00605e+12
0.055 0.085 2.89747e+12
0.055 0.09 2.85336e+12
0.055 0.095 2.87481e+12
0.055 0.1 2.95371e+12
0.055 0.105 3.07477e+12
0.055 0.11 3.21898e+12
0.055 0.115 3.36683e+12
0.055 0.12 3.50058e+12
0.055 0.125 3.60564e+12
0.055 0.13 3.6711e+12
0.055 0.135 3.6896e+12
0.055 0.14 3.65698e+12
0.055 0.145 3.57164e+12
0.055 0.15 3.43405e+12
0.055 0.155 3.2462e+12
0.055 0.16 3.01126e+12
0.055 0.165 2.73322e+12
0.055 0.17 2.4167e+12
0.055 0.175 2.06676e+12
0.055 0.18 1.68879e+12
0.055 0.185 1.28838e+12
0.055 0.19 8.71268e+11
0.055 0.195 4.43219e+11
0.055 0.2 1040.02
0.06 0 0
0.06 0 9.98e+19
0.06 0.005 8.35674e+19
0.06 0.01 4.97186e+19
0.06 0.015 2.07128e+19
0.06 0.02 5.25293e+18
0.06 0.025 3.37613e+17
0.06 0.03 6.78175e+15
0.06 0.035 1.93643e+14
0.06 0.04 2.23e+13
0.06 0.045 8.97277e+12
0.06 0.05 6.34468e+12
0.06 0.055 5.39009e+12
0.06 0.06 4.83381e+12
0.06 0.065 4.40722e+12
0.06 0.07 4.04969e+12
0.06 0.075 3.75324e+12
0.06 0.08 3.52441e+12
0.06 0.085 3.37257e+12
0.06 0.09 3.30345e+12
0.06 0.095 3.31445e+12
0.06 0.1 3.3934e+12
0.06 0.105 3.52098e+12
0.06 0.11 3.67454e+12
0.06 0.115 3.83158e+12
0.06 0.12 3.97211e+12
0.06 0.125 4.07996e+12
0.06 0.13 4.14328e+12
0.06 0.135 4.15426e+12
0.06 0.14 4.10861e+12
0.06 0.145 4.0049e+12
0.06 0.15 3.84389e+12
0.06 0.155 3.62801e+12
0.06 0.16 3.36087e+12
0.06 0.165 3.04697e+12
0.06 0.17 2.69144e+12
0.06 0.175 2.29983e+12
0.06 0.18 1.87801e+12
0.06 0.185 1.43206e+12
0.06 0.19 9.68179e+11
0.06 0.195 4.92569e+11
0.06 0.2 1040.02
0.065 0 0
0.065 0 9.98e+19
0.065 0.005 8.35674e+19
0.065 0.01 4.97184e+19
0.065 0.015 2.07105e+19
0.065 0.02 5.23955e+18
0.065 0.025 3.31405e+17
0.065 0.03 6.69689e+15
0.065 0.035 2.14545e+14
0.065 0.04 2.85948e+13
0.065 0.045 1.20693e+13
0.065 0.05 8.42427e+12
0.065 0.055 6.9574e+12
0.065 0.06 6.06999e+12
0.065 0.065 5.40822e+12
0.065 0.07 4.87953e+12
0.065 0.075 4.45942e+12
0.065 0.08 4.14411e+12
0.065 0.085 3.93569e+12
0.065 0.09 3.83395e+12
0.065 0.095 3.8306e+12
0.065 0.1 3.9079e+12
0.065 0.105 4.04142e+12
0.065 0.11 4.20412e+12
0.065 0.115 4.36999e+12
0.065 0.12 4.51648e+12
0.065 0.125 4.62573e+12
0.065 0.13 4.68488e+12
0.065 0.135 4.68566e+12
0.065 0.14 4.62374e+12
0.065 0.145 4.49788e+12
0.065 0.15 4.30925e+12
0.065 0.155 4.06071e+12
0.065 0.16 3.75644e+12
0.065 0.165 3.40148e+12
0.065 0.17 3.00149e+12
0.065 0.175 2.56259e+12
0.065 0.18 2.09118e+12
0.065 0.185 1.59385e+12
0.065 0.19 1.07728e+12
0.065 0.195 5.48141e+11
0.065 0.2 1040.02
0.07 0 0
0.07 0 9.98e+19
0.07 0.005 8.35674e+19
0.07 0.01 4.97182e+19
0.07 0.015 2.07072e+19
0.07 0.02 5.22117e+18
0.07 0.025 3.23666e+17
0.07 0.03 6.66161e+15
0.07 0.035 2.47722e+14
0.07 0.04 3.81614e+13
0.07 0.045 1.66685e+13
0.07 0.05 1.13746e+13
0.07 0.055 9.07916e+12
0.07 0.06 7.67767e+12
0.07 0.065 6.66877e+12
0.07 0.07 5.89887e+12
0.07 0.075 5.31108e+12
0.07 0.08 4.88198e+12
0.07 0.085 4.60063e+12
0.07 0.09 4.45705e+12
0.07 0.095 4.43457e+12
0.07 0.1 4.50803e+12
0.07 0.105 4.64649e+12
0.07 0.11 4.81765e+12
0.07 0.115 4.99148e+12
0.07 0.12 5.14255e+12
0.07 0.125 5.25118e+12
0.07 0.13 5.30346e+12
0.07 0.135 5.29071e+12
0.07 0.14 5.20861e+12
0.07 0.145 5.0562e+12
0.07 0.15 4.83508e+12
0.07 0.155 4.54868e+12
0.07 0.16 4.20176e+12
0.07 0.165 3.79997e+12
0.07 0.17 3.34958e+12
0.07 0.175 2.8573e+12
0.07 0.18 2.33008e+12
0.07 0.185 1.77506e+12
0.07 0.19 1.19944e+12
0.07 0.195 6.10395e+11
0.07 0.2 1040.02
0.075 0 0
0.075 0 9.98e+19
0.075 0.005 8.35675e+19
0.075 0.01 4.97178e+19
0.075 0.015 2.07021e+19
0.075 0.02 5.19534e+18
0.075 0.025 3.14031e+17
0.075 0.03 6.71781e+15
0.075 0.035 2.99466e+14
0.075 0.04 5.28771e+13
0.075 0.045 2.35413e+13
0.075 0.05 1.55648e+13
0.075 0.055 1.19462e+13
0.075 0.06 9.76103e+12
0.075 0.065 8.24903e+12
0.075 0.07 7.14497e+12
0.075 0.075 6.33339e+12
0.075 0.08 5.75681e+12
0.075 0.085 5.38289e+12
0.075 0.09 5.18655e+12
0.075 0.095 5.13929e+12
0.075 0.1 5.20606e+12
0.075 0.105 5.34793e+12
0.075 0.11 5.52632e+12
0.075 0.115 5.70658e+12
0.075 0.12 5.86015e+12
0.075 0.125 5.96537e+12
0.075 0.13 6.00731e+12
0.075 0.135 5.97692e+12
0.075 0.14 5.86996e+12
0.075 0.145 5.68583e+12
0.075 0.15 5.42667e+12
0.075 0.155 5.09653e+12
0.075 0.16 4.70082e+12
0.075 0.165 4.24586e+12
0.075 0.17 3.73858e+12
0.075 0.175 3.18629e+12
0.075 0.18 2.59655e+12
0.075 0.185 1.97707e+12
0.075 0.19 1.33561e+12
0.075 0.195 6.79813e+11
0.075 0.2 1040.02
0.08 0 0
0.08 0 9.98e+19
0.08 0.005 8.35678e+19
0.08 0.01 4.97172e+19
0.08 0.015 2.06942e+19
0.08 0.02 5.15784e+18
0.08 0.025 3.01896e+17
0.08 0.03 6.91343e+15
0.08 0.035 3.78455e+14
0.08 0.04 7.5497e+13
0.08 0.045 3.37709e+13
0.08 0.05 2.14794e+13
0.08 0.055 1.57927e+13
0.08 0.06 1.2441e+13
0.08 0.065 1.02161e+13
0.08 0.07 8.65845e+12
0.08 0.075 7.55366e+12
0.08 0.08 6.78922e+12
0.08 0.085 6.2997e+12
0.08 0.09 6.03802e+12
0.08 0.095 5.95934e+12
0.08 0.1 6.01593e+12
0.08 0.105 6.159e+12
0.08 0.11 6.34263e+12
0.08 0.115 6.52699e+12
0.08 0.12 6.68007e+12
0.08 0.125 6.77817e+12
0.08 0.13 6.80537e+12
0.08 0.135 6.75233e+12
0.08 0.14 6.61495e+12
0.08 0.145 6.39313e+12
0.08 0.15 6.0896e+12
0.08 0.155 5.70911e+12
0.08 0.16 5.25781e+12
0.08 0.165 4.74271e+12
0.08 0.17 4.17144e+12
0.08 0.175 3.55198e+12
0.08 0.18 2.8925e+12
0.08 0.185 2.20131e+12
0.08 0.19 1.48672e+12
0.08 0.195 7.56897e+11
0.08 0.2 1040.02
0.085 0 0
0.085 0 9.98e+19
0.085 0.005 8.35682e+19
0.085 0.01 4.97159e+19
0.085 0.015 2.06812e+19
0.085 0.02 5.10043e+18
0.085 0.025 2.85944e+17
0.085 0.03 7.26622e+15
0.085 0.035 4.94931e+14
0.085 0.04 1.09681e+14
0.085 0.045 4.87516e+13
0.085 0.05 2.97031e+13
0.085 0.055 2.08846e+13
0.085 0.06 1.58484e+13
0.085 0.065 1.26405e+13
0.085 0.07 1.04816e+13
0.085 0.075 9.00075e+12
0.085 0.08 8.0015e+12
0.085 0.085 7.37018e+12
0.085 0.09 7.02893e+12
0.085 0.095 6.91122e+12
0.085 0.1 6.95328e+12
0.085 0.105 7.09449e+12
0.085 0.11 7.28045e+12
0.085 0.115 7.46552e+12
0.085 0.12 7.61404e+12
0.085 0.125 7.70023e+12
0.085 0.13 7.70721e+12
0.085 0.135 7.62544e+12
0.085 0.14 7.45113e+12
0.085 0.145 7.18471e+12
0.085 0.15 6.82963e+12
0.085 0.155 6.39142e+12
0.085 0.16 5.87699e+12
0.085 0.165 5.29413e+12
0.085 0.17 4.65119e+12
0.085 0.175 3.95682e+12
0.085 0.18 3.21987e+12
0.085 0.185 2.44921e+12
0.085 0.19 1.65375e+12
0.085 0.195 8.42158e+11
0.085 0.2 1040.02
0.09 0 0
0.09 0 9.98e+19
0.09 0.005 8.35686e+19
0.09 0.01 4.97127e+19
0.09 0.015 2.06569e+19
0.09 0.02 5.00236e+18
0.09 0.025 2.6294e+17
0.09 0.03 7.72166e+15
0.09 0.035 6.57668e+14
0.09 0.04 1.59505e+14
0.09 0.045 7.00325e+13
0.09 0.05 4.08547e+13
0.09 0.055 2.74893e+13
0.09 0.06 2.01108e+13
0.09 0.065 1.55906e+13
0.09 0.07 1.26567e+13
0.09 0.075 1.07045e+13
0.09 0.08 9.41766e+12
0.09 0.085 8.61551e+12
0.09 0.09 8.17891e+12
0.09 0.095 8.01346e+12
0.09 0.1 8.03563e+12
0.09 0.105 8.17082e+12
0.09 0.11 8.35496e+12
0.09 0.115 8.53609e+12
0.09 0.12 8.67467e+12
0.09 0.125 8.74286e+12
0.09 0.13 8.7229e+12
0.09 0.135 8.60518e+12
0.09 0.14 8.38632e+12
0.09 0.145 8.06741e+12
0.09 0.15 7.6527e+12
0.09 0.155 7.14855e+12
0.09 0.16 6.56271e+12
0.09 0.165 5.90378e+12
0.09 0.17 5.18084e+12
0.09 0.175 4.40328e+12
0.09 0.18 3.58056e+12
0.09 0.185 2.72221e+12
0.09 0.19 1.83766e+12
0.09 0.195 9.36115e+11
0.09 0.2 1040.02
0.095 0 0
0.095 0 9.98e+19
0.095 0.005 8.35604e+19
0.095 0.01 4.96939e+19
0.095 0.015 2.05878e+19
0.095 0.02 4.78451e+18
0.095 0.025 2.2554e+17
0.095 0.03 8.07746e+15
0.095 0.035 8.6608e+14
0.095 0.04 2.27962e+14
0.095 0.045 9.89022e+13
0.095 0.05 5.54502e+13
0.095 0.055 3.58291e+13
0.095 0.06 2.53363e+13
0.095 0.065 1.91277e+13
0.095 0.07 1.52241e+13
0.095 0.075 1.26957e+13
0.095 0.08 1.10638e+13
0.095 0.085 1.00594e+13
0.095 0.09 9.51012e+12
0.095 0.095 9.28692e+12
0.095 0.1 9.28251e+12
0.095 0.105 9.40605e+12
0.095 0.11 9.5827e+12
0.095 0.115 9.75364e+12
0.095 0.12 9.87535e+12
0.095 0.125 9.91793e+12
0.095 0.13 9.8629e+12
0.095 0.135 9.70072e+12
0.095 0.14 9.42851e+12
0.095 0.145 9.04815e+12
0.095 0.15 8.56475e+12
0.095 0.155 7.98558e+12
0.095 0.16 7.31928e+12
0.095 0.165 6.57525e+12
0.095 0.17 5.76339e+12
0.095 0.175 4.89375e+12
0.095 0.18 3.97649e+12
0.095 0.185 3.02171e+12
0.095 0.19 2.03941e+12
0.095 0.195 1.03928e+12
0.095 0.2 1040.02
0.1 0 0
0.1 0 9.98e+19
0.1 0.005 8.30169e+19
0.1 0.01 4.91644e+19
0.1 0.015 1.99765e+19
0.1 0.02 4.03838e+18
0.1 0.025 1.6323e+17
0.1 0.03 7.9677e+15
0.1 0.035 1.09894e+15
0.1 0.04 3.1437e+14
0.1 0.045 1.35739e+14
0.1 0.05 7.37245e+13
0.1 0.055 4.60299e+13
0.1 0.06 3.16e+13
0.1 0.065 2.3303e+13
0.1 0.07 1.8223e+13
0.1 0.075 1.50073e+13
0.1 0.08 1.29693e+13
0.1 0.085 1.17287e+13
0.1 0.09 1.10477e+13
0.1 0.095 1.0755e+13
0.1 0.1 1.07155e+13
0.1 0.105 1.08199e+13
0.1 0.11 1.09814e+13
0.1 0.115 1.1134e+13
0.1 0.12 1.12301e+13
0.1 0.125 1.12377e+13
0.1 0.13 1.11379e+13
0.1 0.135 1.09213e+13
0.1 0.14 1.05857e+13
0.1 0.145 1.01338e+13
0.1 0.15 9.57165e+12
0.1 0.155 8.90749e+12
0.1 0.16 8.15087e+12
0.1 0.165 7.31205e+12
0.1 0.17 6.40168e+12
0.1 0.175 5.43054e+12
0.1 0.18 4.40943e+12
0.1 0.185 3.34904e+12
0.1 0.19 2.2599e+12
0.1 0.195 1.15217e+12
0.1 0.2 1040.02
0.105 0 0
0.105 0 1.1531e+20
0.105 0.005 5.16293e+19
0.105 0.01 2.9581e+19
0.105 0.015 1.09974e+19
0.105 0.02 1.5763e+18
0.105 0.025 8.13188e+16
0.105 0.03 7.04171e+15
0.105 0.035 1.30869e+15
0.105 0.04 4.12351e+14
0.105 0.045 1.79536e+14
0.105 0.05 9.55288e+13
0.105 0.055 5.81054e+13
0.105 0.06 3.8946e+13
0.105 0.065 2.81623e+13
0.105 0.07 2.16953e+13
0.105 0.075 1.76766e+13
0.105 0.08 1.51679e+13
0.105 0.085 1.36546e+13
0.105 0.09 1.28202e+13
0.105 0.095 1.24439e+13
0.105 0.1 1.23583e+13
0.105 0.105 1.24336e+13
0.105 0.11 1.25699e+13
0.105 0.115 1.26937e+13
0.105 0.12 1.27532e+13
0.105 0.125 1.27148e+13
0.105 0.13 1.25588e+13
0.105 0.135 1.22763e+13
0.105 0.14 1.18658e+13
0.105 0.145 1.13311e+13
0.105 0.15 1.06791e+13
0.105 0.155 9.91905e+12
0.105 0.16 9.06147e+12
0.105 0.165 8.11745e+12
0.105 0.17 7.0984e+12
0.105 0.175 6.01581e+12
0.105 0.18 4.88108e+12
0.105 0.185 3.70547e+12
0.105 0.19 2.5e+12
0.105 0.195 1.27526e+12
0.105 0.2 1040.02
0.11 0 0
0.11 0 7.16248e+19
0.11 0.005 1.36957e+19
0.11 0.01 6.53669e+18
0.11 0.015 1.97187e+18
0.11 0.02 3.04483e+17
0.11 0.025 3.66589e+16
0.11 0.03 5.97152e+15
0.11 0.035 1.47751e+15
0.11 0.04 5.14486e+14
0.11 0.045 2.28513e+14
0.11 0.05 1.20477e+14
0.11 0.055 7.20134e+13
0.11 0.06 4.74144e+13
0.11 0.065 3.37598e+13
0.11 0.07 2.56924e+13
0.11 0.075 2.07497e+13
0.11 0.08 1.77007e+13
0.11 0.085 1.58739e+13
0.11 0.09 1.48606e+13
0.11 0.095 1.43828e+13
0.11 0.1 1.42367e+13
0.11 0.105 1.42696e+13
0.11 0.11 1.43679e+13
0.11 0.115 1.44498e+13
0.11 0.12 1.44594e+13
0.11 0.125 1.43615e+13
0.11 0.13 1.4136e+13
0.11 0.135 1.37745e+13
0.11 0.14 1.32764e+13
0.11 0.145 1.26463e+13
0.11 0.15 1.18923e+13
0.11 0.155 1.10247e+13
0.11 0.16 1.00547e+13
0.11 0.165 8.99443e+12
0.11 0.17 7.85597e+12
0.11 0.175 6.65146e+12
0.11 0.18 5.39291e+12
0.11 0.185 4.09209e+12
0.11 0.19 2.76047e+12
0.11 0.195 1.409e+12
0.11 0.2 1040.02
0.115 0 0
0.115 0 5.6628e+19
0.115 0.005 4.27307e+18
0.115 0.01 1.40102e+18
0.115 0.015 4.37795e+17
0.115 0.02 1.03828e+17
0.115 0.025 2.21784e+16
0.115 0.03 5.37857e+15
0.115 0.035 1.63247e+15
0.115 0.04 6.18218e+14
0.115 0.045 2.81476e+14
0.115 0.05 1.48324e+14
0.115 0.055 8.77832e+13
0.115 0.06 5.70901e+13
0.115 0.065 4.01792e+13
0.115 0.07 3.02859e+13
0.115 0.075 2.42865e+13
0.115 0.08 2.06183e+13
0.115 0.085 1.84297e+13
0.115 0.09 1.72061e+13
0.115 0.095 1.66039e+13
0.115 0.1 1.63784e+13
0.115 0.105 1.63518e+13
0.115 0.11 1.63953e+13
0.115 0.115 1.64191e+13
0.115 0.12 1.6363e+13
0.115 0.125 1.61899e+13
0.115 0.13 1.58797e+13
0.115 0.135 1.54245e+13
0.115 0.14 1.48245e+13
0.115 0.145 1.40853e+13
0.115 0.15 1.32162e+13
0.115 0.155 1.22283e+13
0.115 0.16 1.11338e+13
0.115 0.165 9.94561e+12
0.115 0.17 8.67646e+12
0.115 0.175 7.33915e+12
0.115 0.18 5.9462e+12
0.115 0.185 4.50985e+12
0.115 0.19 3.04198e+12
0.115 0.195 1.55379e+12
0.115 0.2 1040.02
0.12 0 0
0.12 0 5.4511e+19
0.12 0.005 3.01204e+18
0.12 0.01 7.56564e+17
0.12 0.015 2.27336e+17
0.12 0.02 6.38306e+16
0.12 0.025 1.75506e+16
0.12 0.03 5.2368e+15
0.12 0.035 1.80292e+15
0.12 0.04 7.26559e+14
0.12 0.045 3.38869e+14
0.12 0.05 1.79356e+14
0.12 0.055 1.05654e+14
0.12 0.06 6.8157e+13
0.12 0.065 4.75569e+13
0.12 0.07 3.55778e+13
0.12 0.075 2.83655e+13
0.12 0.08 2.39833e+13
0.12 0.085 2.13732e+13
0.12 0.09 1.98988e+13
0.12 0.095 1.91421e+13
0.12 0.1 1.88125e+13
0.12 0.105 1.87042e+13
0.12 0.11 1.86725e+13
0.12 0.115 1.86184e+13
0.12 0.12 1.84777e+13
0.12 0.125 1.82114e+13
0.12 0.13 1.77993e+13
0.12 0.135 1.72339e+13
0.12 0.14 1.65163e+13
0.12 0.145 1.56532e+13
0.12 0.15 1.46548e+13
0.12 0.155 1.35332e+13
0.12 0.16 1.23015e+13
0.12 0.165 1.09731e+13
0.12 0.17 9.56154e+12
0.12 0.175 8.08015e+12
0.12 0.18 6.54192e+12
0.12 0.185 4.95948e+12
0.12 0.19 3.34503e+12
0.12 0.195 1.71e+12
0.12 0.2 1040.02
0.125 0 0
0.125 0 5.40002e+19
0.125 0.005 2.792e+18
0.125 0.01 6.15137e+17
0.125 0.015 1.77463e+17
0.125 0.02 5.30617e+16
0.125 0.025 1.63378e+16
0.125 0.03 5.4232e+15
0.125 0.035 2.01272e+15
0.125 0.04 8.4697e+14
0.125 0.045 4.03056e+14
0.125 0.05 2.14583e+14
0.125 0.055 1.26161e+14
0.125 0.06 8.09335e+13
0.125 0.065 5.60975e+13
0.125 0.07 4.17079e+13
0.125 0.075 3.30876e+13
0.125 0.08 2.78714e+13
0.125 0.085 2.4763e+13
0.125 0.09 2.29854e+13
0.125 0.095 2.20349e+13
0.125 0.1 2.1569e+13
0.125 0.105 2.13512e+13
0.125 0.11 2.12189e+13
0.125 0.115 2.10637e+13
0.125 0.12 2.08164e+13
0.125 0.125 2.04364e+13
0.125 0.13 1.99031e+13
0.125 0.135 1.92093e+13
0.125 0.14 1.83572e+13
0.125 0.145 1.73542e+13
0.125 0.15 1.62115e+13
0.125 0.155 1.4942e+13
0.125 0.16 1.35596e+13
0.125 0.165 1.20783e+13
0.125 0.17 1.05123e+13
0.125 0.175 8.87531e+12
0.125 0.18 7.1807e+12
0.125 0.185 5.44144e+12
0.125 0.19 3.66999e+12
0.125 0.195 1.87789e+12
0.125 0.2 1040.02
0.13 0 0
0.13 0 5.34701e+19
0.13 0.005 2.77839e+18
0.13 0.01 5.81668e+17
0.13 0.015 1.65025e+17
0.13 0.02 5.09574e+16
0.13 0.025 1.66451e+16
0.13 0.03 5.8675e+15
0.13 0.035 2.28131e+15
0.13 0.04 9.88793e+14
0.13 0.045 4.77748e+14
0.13 0.05 2.55643e+14
0.13 0.055 1.50128e+14
0.13 0.06 9.58802e+13
0.13 0.065 6.608e+13
0.13 0.07 4.88572e+13
0.13 0.075 3.8577e+13
0.13 0.08 3.23721e+13
0.13 0.085 2.86658e+13
0.13 0.09 2.65163e+13
0.13 0.095 2.53211e+13
0.13 0.1 2.46783e+13
0.13 0.105 2.43164e+13
0.13 0.11 2.40532e+13
0.13 0.115 2.37693e+13
0.13 0.12 2.33904e+13
0.13 0.125 2.28737e+13
0.13 0.13 2.21978e+13
0.13 0.135 2.13561e+13
0.13 0.14 2.03511e+13
0.13 0.145 1.91912e+13
0.13 0.15 1.78884e+13
0.13 0.155 1.64563e+13
0.13 0.16 1.49093e+13
0.13 0.165 1.32622e+13
0.13 0.17 1.15293e+13
0.13 0.175 9.72498e+12
0.13 0.18 7.86276e+12
0.13 0.185 5.95588e+12
0.13 0.19 4.01696e+12
0.13 0.195 2.0576e+12
0.13 0.2 1040.02
0.135 0 0
0.135 0 5.28983e+19
0.135 0.005 2.8304e+18
0.135 0.01 5.85296e+17
0.135 0.015 1.66116e+17
0.135 0.02 5.25751e+16
0.135 0.025 1.78481e+16
0.135 0.03 6.54243e+15
0.135 0.035 2.62444e+15
0.135 0.04 1.16125e+15
0.135 0.045 5.6723e+14
0.135 0.05 3.04589e+14
0.135 0.055 1.78614e+14
0.135 0.06 1.13585e+14
0.135 0.065 7.78543e+13
0.135 0.07 5.72466e+13
0.135 0.075 4.49806e+13
0.135 0.08 3.75871e+13
0.135 0.085 3.31541e+13
0.135 0.09 3.05447e+13
0.135 0.095 2.90402e+13
0.135 0.1 2.81698e+13
0.135 0.105 2.76221e+13
0.135 0.11 2.7192e+13
0.135 0.115 2.67479e+13
0.135 0.12 2.62093e+13
0.135 0.125 2.55303e+13
0.135 0.13 2.46887e+13
0.135 0.135 2.36778e+13
0.135 0.14 2.25006e+13
0.135 0.145 2.1166e+13
0.135 0.15 1.96866e+13
0.135 0.155 1.80766e+13
0.135 0.16 1.63509e+13
0.135 0.165 1.45246e+13
0.135 0.17 1.26125e+13
0.135 0.175 1.06289e+13
0.135 0.18 8.58787e+12
0.135 0.185 6.50257e+12
0.135 0.19 4.38579e+12
0.135 0.195 2.2491e+12
0.135 0.2 1040.02
0.14 0 0
0.14 0 5.23115e+19
0.14 0.005 2.90976e+18
0.14 0.01 6.05586e+17
0.14 0.015 1.73832e+17
0.14 0.02 5.63141e+16
0.14 0.025 1.97053e+16
0.14 0.03 7.43893e+15
0.14 0.035 3.05464e+15
0.14 0.04 1.37266e+15
0.14 0.045 6.75886e+14
0.14 0.05 3.63696e+14
0.14 0.055 2.12841e+14
0.14 0.06 1.3474e+14
0.14 0.065 9.18325e+13
0.14 0.07 6.71334e+13
0.14 0.075 5.24657e+13
0.14 0.08 4.36288e+13
0.14 0.085 3.83057e+13
0.14 0.09 3.51251e+13
0.14 0.095 3.32308e+13
0.14 0.1 3.20714e+13
0.14 0.105 3.12881e+13
0.14 0.11 3.06496e+13
0.14 0.115 3.00096e+13
0.14 0.12 2.92799e+13
0.14 0.125 2.84109e+13
0.14 0.13 2.73788e+13
0.14 0.135 2.61763e+13
0.14 0.14 2.48065e+13
0.14 0.145 2.32787e+13
0.14 0.15 2.16058e+13
0.14 0.155 1.98024e+13
0.14 0.16 1.78836e+13
0.14 0.165 1.58647e+13
0.14 0.17 1.37608e+13
0.14 0.175 1.15864e+13
0.14 0.18 9.3553e+12
0.14 0.185 7.08092e+12
0.14 0.19 4.77594e+12
0.14 0.195 2.45192e+12
0.14 0.2 1040.02
0.145 0 0
0.145 0 5.17229e+19
0.145 0.005 3.00205e+18
0.145 0.01 6.34861e+17
0.145 0.015 1.85464e+17
0.145 0.02 6.15182e+16
0.145 0.025 2.21075e+16
0.145 0.03 8.55578e+15
0.145 0.035 3.58238e+15
0.145 0.04 1.63052e+15
0.145 0.045 8.0804e+14
0.145 0.05 4.35361e+14
0.145 0.055 2.54157e+14
0.145 0.06 1.60124e+14
0.145 0.065 1.0848e+14
0.145 0.07 7.88059e+13
0.145 0.075 6.12165e+13
0.145 0.08 5.06179e+13
0.145 0.085 4.42007e+13
0.145 0.09 4.03117e+13
0.145 0.095 3.79299e+13
0.145 0.1 3.64078e+13
0.145 0.105 3.53312e+13
0.145 0.11 3.4437e+13
0.145 0.115 3.35614e+13
0.145 0.12 3.26064e+13
0.145 0.125 3.15176e+13
0.145 0.13 3.02686e+13
0.145 0.135 2.8851e+13
0.145 0.14 2.72677e+13
0.145 0.145 2.55278e+13
0.145 0.15 2.36442e+13
0.145 0.155 2.16316e+13
0.145 0.16 1.95053e+13
0.145 0.165 1.72807e+13
0.145 0.17 1.49727e+13
0.145 0.175 1.25958e+13
0.145 0.18 1.01638e+13
0.145 0.185 7.6899e+12
0.145 0.19 5.18656e+12
0.145 0.195 2.66486e+12
0.145 0.2 1040.02
0.15 0 0
0.15 0 5.11375e+19
0.15 0.005 3.10075e+18
0.15 0.01 6.69467e+17
0.15 0.015 1.99731e+17
0.15 0.02 6.78602e+16
0.15 0.025 2.50014e+16
0.15 0.03 9.89593e+15
0.15 0.035 4.2171e+15
0.15 0.04 1.94183e+15
0.15 0.045 9.6796e+14
0.15 0.05 5.2207e+14
0.15 0.055 3.04003e+14
0.15 0.06 1.90584e+14
0.15 0.065 1.28308e+14
0.15 0.07 9.25793e+13
0.15 0.075 7.1431e+13
0.15 0.08 5.86805e+13
0.15 0.085 5.09205e+13
0.15 0.09 4.61568e+13
0.15 0.095 4.31709e+13
0.15 0.1 4.12002e+13
0.15 0.105 3.97642e+13
0.15 0.11 3.85614e+13
0.15 0.115 3.74065e+13
0.15 0.12 3.61895e+13
0.15 0.125 3.48493e+13
0.15 0.13 3.33559e+13
0.15 0.135 3.16992e+13
0.15 0.14 2.98809e+13
0.15 0.145 2.79097e+13
0.15 0.15 2.57982e+13
0.15 0.155 2.35609e+13
0.15 0.16 2.1213e+13
0.15 0.165 1.87696e+13
0.15 0.17 1.62456e+13
0.15 0.175 1.36551e+13
0.15 0.18 1.10117e+13
0.15 0.185 8.32825e+12
0.15 0.19 5.61693e+12
0.15 0.195 2.88819e+12
0.15 0.2 1040.02
0.155 0 0
0.155 0 5.05565e+19
0.155 0.005 3.2025e+18
0.155 0.01 7.07451e+17
0.155 0.015 2.15922e+17
0.155 0.02 7.51563e+16
0.155 0.025 2.83576e+16
0.155 0.03 1.14648e+16
0.155 0.035 4.96766e+15
0.155 0.04 2.31329e+15
0.155 0.045 1.15994e+15
0.155 0.05 6.26406e+14
0.155 0.055 3.63912e+14
0.155 0.06 2.27038e+14
0.155 0.065 1.51871e+14
0.155 0.07 1.08793e+14
0.155 0.075 8.33193e+13
0.155 0.08 6.79472e+13
0.155 0.085 5.85458e+13
0.155 0.09 5.27098e+13
0.155 0.095 4.89831e+13
0.155 0.1 4.64651e+13
0.155 0.105 4.45951e+13
0.155 0.11 4.30255e+13
0.155 0.115 4.15443e+13
0.155 0.12 4.00263e+13
0.155 0.125 3.84017e+13
0.155 0.13 3.66358e+13
0.155 0.135 3.47153e+13
0.155 0.14 3.26405e+13
0.155 0.145 3.0419e+13
0.155 0.15 2.80626e+13
0.155 0.155 2.55855e+13
0.155 0.16 2.30022e+13
0.155 0.165 2.03275e+13
0.155 0.17 1.7576e+13
0.155 0.175 1.47612e+13
0.155 0.18 1.18965e+13
0.155 0.185 8.99427e+12
0.155 0.19 6.06604e+12
0.155 0.195 3.12162e+12
0.155 0.2 1040.02
0.16 0 0
0.16 0 4.99789e+19
0.16 0.005 3.30547e+18
0.16 0.01 7.47683e+17
0.16 0.015 2.33594e+17
0.16 0.02 8.32854e+16
0.16 0.025 3.21597e+16
0.16 0.03 1.32691e+16
0.16 0.035 5.84293e+15
0.16 0.04 2.75143e+15
0.16 0.045 1.3882e+15
0.16 0.05 7.50989e+14
0.16 0.055 4.35479e+14
0.16 0.06 2.70453e+14
0.16 0.065 1.79758e+14
0.16 0.07 1.27808e+14
0.16 0.075 9.71015e+13
0.16 0.08 7.85511e+13
0.16 0.085 6.71554e+13
0.16 0.09 6.00158e+13
0.16 0.095 5.53907e+13
0.16 0.1 5.22134e+13
0.16 0.105 4.98268e+13
0.16 0.11 4.78271e+13
0.16 0.115 4.59695e+13
0.16 0.12 4.41098e+13
0.16 0.125 4.21671e+13
0.16 0.13 4.01e+13
0.16 0.135 3.78913e+13
0.16 0.14 3.55387e+13
0.16 0.145 3.30481e+13
0.16 0.15 3.04305e+13
0.16 0.155 2.76988e+13
0.16 0.16 2.4867e+13
0.16 0.165 2.19493e+13
0.16 0.17 1.89595e+13
0.16 0.175 1.59107e+13
0.16 0.18 1.28155e+13
0.16 0.185 9.68585e+12
0.16 0.19 6.53255e+12
0.16 0.195 3.36456e+12
0.16 0.2 1040.02
0.165 0 0
0.165 0 4.94035e+19
0.165 0.005 3.40861e+18
0.165 0.01 7.89474e+17
0.165 0.015 2.52458e+17
0.165 0.02 9.21618e+16
0.165 0.025 3.63956e+16
0.165 0.03 1.53159e+16
0.165 0.035 6.85153e+15
0.165 0.04 3.26278e+15
0.165 0.045 1.65706e+15
0.165 0.05 8.98528e+14
0.165 0.055 5.20367e+14
0.165 0.06 3.21841e+14
0.165 0.065 2.12586e+14
0.165 0.07 1.49996e+14
0.165 0.075 1.13001e+14
0.165 0.08 9.06229e+13
0.165 0.085 7.68233e+13
0.165 0.09 6.81137e+13
0.165 0.095 6.2411e+13
0.165 0.1 5.84498e+13
0.165 0.105 5.54563e+13
0.165 0.11 5.29587e+13
0.165 0.115 5.06723e+13
0.165 0.12 4.84291e+13
0.165 0.125 4.6134e+13
0.165 0.13 4.37371e+13
0.165 0.135 4.12161e+13
0.165 0.14 3.85649e+13
0.165 0.145 3.57875e+13
0.165 0.15 3.28929e+13
0.165 0.155 2.98929e+13
0.165 0.16 2.68004e+13
0.165 0.165 2.36287e+13
0.165 0.17 2.03908e+13
0.165 0.175 1.7099e+13
0.165 0.18 1.37652e+13
0.165 0.185 1.04004e+13
0.165 0.19 7.01478e+12
0.165 0.195 3.61623e+12
0.165 0.2 1040.02
0.17 0 0
0.17 0 4.88286e+19
0.17 0.005 3.51134e+18
0.17 0.01 8.32391e+17
0.17 0.015 2.72316e+17
0.17 0.02 1.01722e+17
0.17 0.025 4.10556e+16
0.17 0.03 1.76115e+16
0.17 0.035 8.00185e+15
0.17 0.04 3.85394e+15
0.17 0.045 1.97099e+15
0.17 0.05 1.07186e+15
0.17 0.055 6.20329e+14
0.17 0.06 3.82275e+14
0.17 0.065 2.51004e+14
0.17 0.07 1.7575e+14
0.17 0.075 1.31249e+14
0.17 0.08 1.04295e+14
0.17 0.085 8.76208e+13
0.17 0.09 7.70377e+13
0.17 0.095 7.00565e+13
0.17 0.1 6.51735e+13
0.17 0.105 6.14754e+13
0.17 0.11 5.84082e+13
0.17 0.115 5.56383e+13
0.17 0.12 5.29689e+13
0.17 0.125 5.02873e+13
0.17 0.13 4.75326e+13
0.17 0.135 4.46758e+13
0.17 0.14 4.17064e+13
0.17 0.145 3.86252e+13
0.17 0.15 3.5439e+13
0.17 0.155 3.2158e+13
0.17 0.16 2.87938e+13
0.17 0.165 2.53584e+13
0.17 0.17 2.18636e+13
0.17 0.175 1.8321e+13
0.17 0.18 1.47414e+13
0.17 0.185 1.11349e+13
0.17 0.19 7.51077e+12
0.17 0.195 3.8757e+12
0.17 0.2 1040.02
0.175 0 0
0.175 0 4.82526e+19
0.175 0.005 3.61334e+18
0.175 0.01 8.76162e+17
0.175 0.015 2.93029e+17
0.175 0.02 1.11917e+17
0.175 0.025 4.61325e+16
0.175 0.03 2.01621e+16
0.175 0.035 9.30194e+15
0.175 0.04 4.53147e+15
0.175 0.045 2.33457e+15
0.175 0.05 1.27395e+15
0.175 0.055 7.37235e+14
0.175 0.06 4.5291e+14
0.175 0.065 2.95718e+14
0.175 0.07 2.05494e+14
0.175 0.075 1.52095e+14
0.175 0.08 1.19708e+14
0.175 0.085 9.96212e+13
0.175 0.09 8.68205e+13
0.175 0.095 7.83353e+13
0.175 0.1 7.23789e+13
0.175 0.105 6.78709e+13
0.175 0.11 6.41583e+13
0.175 0.115 6.08489e+13
0.175 0.12 5.77103e+13
0.175 0.125 5.46083e+13
0.175 0.13 5.14687e+13
0.175 0.135 4.82539e+13
0.175 0.14 4.49477e+13
0.175 0.145 4.15472e+13
0.175 0.15 3.80564e+13
0.175 0.155 3.44831e+13
0.175 0.16 3.08374e+13
0.175 0.165 2.71298e+13
0.175 0.17 2.33708e+13
0.175 0.175 1.95707e+13
0.175 0.18 1.57394e+13
0.175 0.185 1.18859e+13
0.175 0.19 8.01824e+12
0.175 0.195 4.14187e+12
0.175 0.2 1040.02
0.18 0 0
0.18 0 4.76739e+19
0.18 0.005 3.71445e+18
0.18 0.01 9.20618e+17
0.18 0.015 3.14503e+17
0.18 0.02 1.22711e+17
0.18 0.025 5.1621e+16
0.18 0.03 2.29735e+16
0.18 0.035 1.07597e+16
0.18 0.04 5.30195e+15
0.18 0.045 2.7525e+15
0.18 0.05 1.50794e+15
0.18 0.055 8.73077e+14
0.18 0.06 5.34987e+14
0.18 0.065 3.47492e+14
0.18 0.07 2.3969e+14
0.18 0.075 1.75811e+14
0.18 0.08 1.37014e+14
0.18 0.085 1.12902e+14
0.18 0.09 9.74946e+13
0.18 0.095 8.72535e+13
0.18 0.1 8.00568e+13
0.18 0.105 7.46252e+13
0.18 0.11 7.01876e+13
0.18 0.115 6.62809e+13
0.18 0.12 6.26301e+13
0.18 0.125 5.90749e+13
0.18 0.13 5.55245e+13
0.18 0.135 5.1931e+13
0.18 0.14 4.82713e+13
0.18 0.145 4.45377e+13
0.18 0.15 4.07306e+13
0.18 0.155 3.68555e+13
0.18 0.16 3.29201e+13
0.18 0.165 2.89333e+13
0.18 0.17 2.49042e+13
0.18 0.175 2.08415e+13
0.18 0.18 1.6754e+13
0.18 0.185 1.26494e+13
0.18 0.19 8.53464e+12
0.18 0.195 4.41348e+12
0.18 0.2 1040.02
0.185 0 0
0.185 0 4.70914e+19
0.185 0.005 3.81461e+18
0.185 0.01 9.6566e+17
0.185 0.015 3.36674e+17
0.185 0.02 1.34079e+17
0.185 0.025 5.75179e+16
0.185 0.03 2.60518e+16
0.185 0.035 1.2383e+16
0.185 0.04 6.17208e+15
0.185 0.045 3.22965e+15
0.185 0.05 1.7771e+15
0.185 0.055 1.02998e+15
0.185 0.06 6.2985e+14
0.185 0.065 4.07158e+14
0.185 0.07 2.78844e+14
0.185 0.075 2.02697e+14
0.185 0.08 1.56381e+14
0.185 0.085 1.27549e+14
0.185 0.09 1.09095e+14
0.185 0.095 9.68161e+13
0.185 0.1 8.81953e+13
0.185 0.105 8.17176e+13
0.185 0.11 7.6471e+13
0.185 0.115 7.19079e+13
0.185 0.12 6.77022e+13
0.185 0.125 6.36618e+13
0.185 0.13 5.96765e+13
0.185 0.135 5.56855e+13
0.185 0.14 5.16574e+13
0.185 0.145 4.75787e+13
0.185 0.15 4.34458e+13
0.185 0.155 3.92611e+13
0.185 0.16 3.50297e+13
0.185 0.165 3.07585e+13
0.185 0.17 2.64549e+13
0.185 0.175 2.21262e+13
0.185 0.18 1.77795e+13
0.185 0.185 1.34213e+13
0.185 0.19 9.05716e+12
0.185 0.195 4.68917e+12
0.185 0.2 1040.02
0.19 0 0
0.19 0 4.65038e+19
0.19 0.005 3.91382e+18
0.19 0.01 1.01124e+18
0.19 0.015 3.59502e+17
0.19 0.02 1.46004e+17
0.19 0.025 6.38226e+16
0.19 0.03 2.94036e+16
0.19 0.035 1.41797e+16
0.19 0.04 7.14871e+15
0.19 0.045 3.77111e+15
0.19 0.05 2.08493e+15
0.19 0.055 1.21023e+15
0.19 0.06 7.38956e+14
0.19 0.065 4.7563e+14
0.19 0.07 3.23519e+14
0.19 0.075 2.33088e+14
0.19 0.08 1.78e+14
0.19 0.085 1.43661e+14
0.19 0.09 1.21663e+14
0.19 0.095 1.0703e+14
0.19 0.1 9.67816e+13
0.19 0.105 8.91248e+13
0.19 0.11 8.29804e+13
0.19 0.115 7.77004e+13
0.19 0.12 7.28972e+13
0.19 0.125 6.83412e+13
0.19 0.13 6.38985e+13
0.19 0.135 5.94933e+13
0.19 0.14 5.50842e+13
0.19 0.145 5.06508e+13
0.19 0.15 4.61847e+13
0.19 0.155 4.16846e+13
0.19 0.16 3.71528e+13
0.19 0.165 3.2594e+13
0.19 0.17 2.80134e+13
0.19 0.175 2.34168e+13
0.19 0.18 1.88096e+13
0.19 0.185 1.41969e+13
0.19 0.19 9.58276e+12
0.19 0.195 4.96741e+12
0.19 0.2 1040.02
0.195 0 0
0.195 0 4.59098e+19
0.195 0.005 4.01212e+18
0.195 0.01 1.05734e+18
0.195 0.015 3.82965e+17
0.195 0.02 1.58475e+17
0.195 0.025 7.05369e+16
0.195 0.03 3.30364e+16
0.195 0.035 1.61584e+16
0.195 0.04 8.23902e+15
0.195 0.045 4.38225e+15
0.195 0.05 2.43515e+15
0.195 0.055 1.41631e+15
0.195 0.06 8.63904e+14
0.195 0.065 5.53921e+14
0.195 0.07 3.74344e+14
0.195 0.075 2.67366e+14
0.195 0.08 2.02092e+14
0.195 0.085 1.61354e+14
0.195 0.09 1.35249e+14
0.195 0.095 1.17906e+14
0.195 0.1 1.05804e+14
0.195 0.105 9.68232e+13
0.195 0.11 8.96865e+13
0.195 0.115 8.36267e+13
0.195 0.12 7.81836e+13
0.195 0.125 7.30828e+13
0.195 0.13 6.81625e+13
0.195 0.135 6.33287e+13
0.195 0.14 5.85284e+13
0.195 0.145 5.3733e+13
0.195 0.15 4.89286e+13
0.195 0.155 4.41096e+13
0.195 0.16 3.92753e+13
0.195 0.165 3.44275e+13
0.195 0.17 2.95694e+13
0.195 0.175 2.47049e+13
0.195 0.18 1.98378e+13
0.195 0.185 1.49714e+13
0.195 0.19 1.01082e+13
0.195 0.195 5.24658e+12
0.195 0.2 1040.02
0.2 0 0
0.2 0 4.53087e+19
0.2 0.005 4.10955e+18
0.2 0.01 1.10397e+18
0.2 0.015 4.07058e+17
0.2 0.02 1.71492e+17
0.2 0.025 7.76656e+16
0.2 0.03 3.69586e+16
0.2 0.035 1.83279e+16
0.2 0.04 9.45059e+15
0.2 0.045 5.06878e+15
0.2 0.05 2.83178e+15
0.2 0.055 1.65091e+15
0.2 0.06 1.00646e+15
0.2 0.065 6.43158e+14
0.2 0.07 4.32031e+14
0.2 0.075 3.05969e+14
0.2 0.08 2.28915e+14
0.2 0.085 1.80771e+14
0.2 0.09 1.49921e+14
0.2 0.095 1.29466e+14
0.2 0.1 1.15257e+14
0.2 0.105 1.04791e+14
0.2 0.11 9.65593e+13
0.2 0.115 8.96541e+13
0.2 0.12 8.35285e+13
0.2 0.125 7.78552e+13
0.2 0.13 7.24389e+13
0.2 0.135 6.71646e+13
0.2 0.14 6.19654e+13
0.2 0.145 5.68034e+13
0.2 0.15 5.1658e+13
0.2 0.155 4.65191e+13
0.2 0.16 4.13822e+13
0.2 0.165 3.62463e+13
0.2 0.17 3.11123e+13
0.2 0.175 2.59818e+13
0.2 0.18 2.0857e+13
0.2 0.185 1.57395e+13
0.2 0.19 1.063e+13
0.2 0.195 5.52496e+12
0.2 0.2 1040.02
0.205 0 0
0.205 0 4.46993e+19
0.205 0.005 4.20617e+18
0.205 0.01 1.15115e+18
0.205 0.015 4.31787e+17
0.205 0.02 1.85058e+17
0.205 0.025 8.52165e+16
0.205 0.03 4.11802e+16
0.205 0.035 2.06981e+16
0.205 0.04 1.07916e+16
0.205 0.045 5.8369e+15
0.205 0.05 3.27919e+15
0.205 0.055 1.91699e+15
0.205 0.06 1.16857e+15
0.205 0.065 7.44608e+14
0.205 0.07 4.97387e+14
0.205 0.075 3.49405e+14
0.205 0.08 2.58778e+14
0.205 0.085 2.02087e+14
0.205 0.09 1.65767e+14
0.205 0.095 1.41742e+14
0.205 0.1 1.25138e+14
0.205 0.105 1.13008e+14
0.205 0.11 1.03571e+14
0.205 0.115 9.57502e+13
0.205 0.12 8.88986e+13
0.205 0.125 8.26257e+13
0.205 0.13 7.66971e+13
0.205 0.135 7.09727e+13
0.205 0.14 6.53696e+13
0.205 0.145 5.98389e+13
0.205 0.15 5.43526e+13
0.205 0.155 4.88952e+13
0.205 0.16 4.34581e+13
0.205 0.165 3.80372e+13
0.205 0.17 3.26308e+13
0.205 0.175 2.72384e+13
0.205 0.18 2.18601e+13
0.205 0.185 1.64959e+13
0.205 0.19 1.11448e+13
0.205 0.195 5.80072e+12
0.205 0.2 1040.02
0.21 0 0
0.21 0 4.40808e+19
0.21 0.005 4.30203e+18
0.21 0.01 1.19891e+18
0.21 0.015 4.57168e+17
0.21 0.02 1.99183e+17
0.21 0.025 9.32003e+16
0.21 0.03 4.57127e+16
0.21 0.035 2.32797e+16
0.21 0.04 1.2271e+16
0.21 0.045 6.69332e+15
0.21 0.05 3.78219e+15
0.21 0.055 2.21785e+15
0.21 0.06 1.35243e+15
0.21 0.065 8.59703e+14
0.21 0.07 5.71337e+14
0.21 0.075 3.98261e+14
0.21 0.08 2.92046e+14
0.21 0.085 2.25518e+14
0.21 0.09 1.82903e+14
0.21 0.095 1.54785e+14
0.21 0.1 1.35461e+14
0.21 0.105 1.21465e+14
0.21 0.11 1.10696e+14
0.21 0.115 1.01884e+14
0.21 0.12 9.42611e+13
0.21 0.125 8.7362e+13
0.21 0.13 8.09063e+13
0.21 0.135 7.47246e+13
0.21 0.14 6.87151e+13
0.21 0.145 6.28163e+13
0.21 0.15 5.69918e+13
0.21 0.155 5.12197e+13
0.21 0.16 4.54872e+13
0.21 0.165 3.97867e+13
0.21 0.17 3.41137e+13
0.21 0.175 2.84654e+13
0.21 0.18 2.28399e+13
0.21 0.185 1.72352e+13
0.21 0.19 1.16487e+13
0.21 0.195 6.07202e+12
0.21 0.2 1040.02
0.215 0 0
0.215 0 4.34523e+19
0.215 0.005 4.39718e+18
0.215 0.01 1.24731e+18
0.215 0.015 4.83222e+17
0.215 0.02 2.13883e+17
0.215 0.025 1.01631e+17
0.215 0.03 5.05693e+16
0.215 0.035 2.60845e+16
0.215 0.04 1.38983e+16
0.215 0.045 7.6454e+15
0.215 0.05 4.34605e+15
0.215 0.055 2.55713e+15
0.215 0.06 1.56049e+15
0.215 0.065 9.90064e+14
0.215 0.07 6.54941e+14
0.215 0.075 4.53224e+14
0.215 0.08 3.29156e+14
0.215 0.085 2.51331e+14
0.215 0.09 2.01481e+14
0.215 0.095 1.68673e+14
0.215 0.1 1.46251e+14
0.215 0.105 1.30157e+14
0.215 0.11 1.17916e+14
0.215 0.115 1.08029e+14
0.215 0.12 9.95853e+13
0.215 0.125 9.20327e+13
0.215 0.13 8.50362e+13
0.215 0.135 7.8392e+13
0.215 0.14 7.19759e+13
0.215 0.145 6.57123e+13
0.215 0.15 5.95546e+13
0.215 0.155 5.34744e+13
0.215 0.16 4.74537e+13
0.215 0.165 4.14812e+13
0.215 0.17 3.55495e+13
0.215 0.175 2.96534e+13
0.215 0.18 2.37888e+13
0.215 0.185 1.79519e+13
0.215 0.19 1.21382e+13
0.215 0.195 6.33693e+12
0.215 0.2 1040.02
0.22 0 0
0.22 0 4.28132e+19
0.22 0.005 4.49165e+18
0.22 0.01 1.29639e+18
0.22 0.015 5.0998e+17
0.22 0.02 2.29178e+17
0.22 0.025 1.10525e+17
0.22 0.03 5.57653e+16
0.22 0.035 2.91256e+16
0.22 0.04 1.56844e+16
0.22 0.045 8.70124e+15
0.22 0.05 4.97662e+15
0.22 0.055 2.9389e+15
0.22 0.06 1.79551e+15
0.22 0.065 1.13753e+15
0.22 0.07 7.49413e+14
0.22 0.075 5.15091e+14
0.22 0.08 3.70624e+14
0.22 0.085 2.79853e+14
0.22 0.09 2.21698e+14
0.22 0.095 1.83509e+14
0.22 0.1 1.57557e+14
0.22 0.105 1.39096e+14
0.22 0.11 1.25221e+14
0.22 0.115 1.14163e+14
0.22 0.12 1.04844e+14
0.22 0.125 9.66087e+13
0.22 0.13 8.9058e+13
0.22 0.135 8.19474e+13
0.22 0.14 7.51269e+13
0.22 0.145 6.85039e+13
0.22 0.15 6.20208e+13
0.22 0.155 5.56412e+13
0.22 0.16 4.93419e+13
0.22 0.165 4.31074e+13
0.22 0.17 3.69271e+13
0.22 0.175 3.07932e+13
0.22 0.18 2.46996e+13
0.22 0.185 1.86405e+13
0.22 0.19 1.26095e+13
0.22 0.195 6.59353e+12
0.22 0.2 1040.02
0.225 0 0
0.225 0 4.21625e+19
0.225 0.005 4.58545e+18
0.225 0.01 1.34619e+18
0.225 0.015 5.37475e+17
0.225 0.02 2.45091e+17
0.225 0.025 1.19901e+17
0.225 0.03 6.13176e+16
0.225 0.035 3.24178e+16
0.225 0.04 1.76408e+16
0.225 0.045 9.86973e+15
0.225 0.05 5.68037e+15
0.225 0.055 3.36771e+15
0.225 0.06 2.0606e+15
0.225 0.065 1.3042e+15
0.225 0.07 8.56147e+14
0.225 0.075 5.84784e+14
0.225 0.08 4.17061e+14
0.225 0.085 3.11481e+14
0.225 0.09 2.438e+14
0.225 0.095 1.9944e+14
0.225 0.1 1.69452e+14
0.225 0.105 1.48311e+14
0.225 0.11 1.32612e+14
0.225 0.115 1.20271e+14
0.225 0.12 1.10014e+14
0.225 0.125 1.01064e+14
0.225 0.13 9.29449e+13
0.225 0.135 8.53649e+13
0.225 0.14 7.81437e+13
0.225 0.145 7.1169e+13
0.225 0.15 6.43704e+13
0.225 0.155 5.77028e+13
0.225 0.16 5.11366e+13
0.225 0.165 4.46521e+13
0.225 0.17 3.82353e+13
0.225 0.175 3.18758e+13
0.225 0.18 2.55651e+13
0.225 0.185 1.92957e+13
0.225 0.19 1.3059e+13
0.225 0.195 6.83989e+12
0.225 0.2 1040.02
0.23 0 0
0.23 0 4.14998e+19
0.23 0.005 4.67859e+18
0.23 0.01 1.39676e+18
0.23 0.015 5.65746e+17
0.23 0.02 2.6165e+17
0.23 0.025 1.29784e+17
0.23 0.03 6.72454e+16
0.23 0.035 3.59768e+16
0.23 0.04 1.97803e+16
0.23 0.045 1.11607e+16
0.23 0.05 6.46447e+15
0.23 0.055 3.84861e+15
0.23 0.06 2.35926e+15
0.23 0.065 1.49243e+15
0.23 0.07 9.76734e+14
0.23 0.075 6.63371e+14
0.23 0.08 4.69179e+14
0.23 0.085 3.46688e+14
0.23 0.09 2.68095e+14
0.23 0.095 2.16651e+14
0.23 0.1 1.8204e+14
0.23 0.105 1.57851e+14
0.23 0.11 1.40104e+14
0.23 0.115 1.26349e+14
0.23 0.12 1.1508e+14
0.23 0.125 1.05377e+14
0.23 0.13 9.66734e+13
0.23 0.135 8.8621e+13
0.23 0.14 8.10039e+13
0.23 0.145 7.3687e+13
0.23 0.15 6.65848e+13
0.23 0.155 5.96423e+13
0.23 0.16 5.28232e+13
0.23 0.165 4.61028e+13
0.23 0.17 3.94636e+13
0.23 0.175 3.28923e+13
0.23 0.18 2.63784e+13
0.23 0.185 1.99121e+13
0.23 0.19 1.34833e+13
0.23 0.195 7.07413e+12
0.23 0.2 1040.02
0.235 0 0
0.235 0 4.08242e+19
0.235 0.005 4.77105e+18
0.235 0.01 1.44817e+18
0.235 0.015 5.94834e+17
0.235 0.02 2.78887e+17
0.235 0.025 1.40196e+17
0.235 0.03 7.35696e+16
0.235 0.035 3.98202e+16
0.235 0.04 2.21171e+16
0.235 0.045 1.25848e+16
0.235 0.05 7.3368e+15
0.235 0.055 4.38723e+15
0.235 0.06 2.69539e+15
0.235 0.065 1.7049e+15
0.235 0.07 1.11299e+15
0.235 0.075 7.52074e+14
0.235 0.08 5.27807e+14
0.235 0.085 3.86034e+14
0.235 0.09 2.94953e+14
0.235 0.095 2.35381e+14
0.235 0.1 1.95465e+14
0.235 0.105 1.67794e+14
0.235 0.11 1.47733e+14
0.235 0.115 1.32405e+14
0.235 0.12 1.20035e+14
0.235 0.125 1.09533e+14
0.235 0.13 1.00224e+14
0.235 0.135 9.16953e+13
0.235 0.14 8.36873e+13
0.235 0.145 7.60386e+13
0.235 0.15 6.86464e+13
0.235 0.155 6.14442e+13
0.235 0.16 5.43879e+13
0.235 0.165 4.74477e+13
0.235 0.17 4.0602e+13
0.235 0.175 3.38347e+13
0.235 0.18 2.71328e+13
0.235 0.185 2.04849e+13
0.235 0.19 1.38788e+13
0.235 0.195 7.29439e+12
0.235 0.2 1040.02
0.24 0 0
0.24 0 4.01354e+19
0.24 0.005 4.86282e+18
0.24 0.01 1.50045e+18
0.24 0.015 6.24782e+17
0.24 0.02 2.96835e+17
0.24 0.025 1.51167e+17
0.24 0.03 8.03128e+16
0.24 0.035 4.39667e+16
0.24 0.04 2.46661e+16
0.24 0.045 1.41537e+16
0.24 0.05 8.30604e+15
0.24 0.055 4.98982e+15
0.24 0.06 3.07338e+15
0.24 0.065 1.94464e+15
0.24 0.07 1.26696e+15
0.24 0.075 8.52291e+14
0.24 0.08 5.93895e+14
0.24 0.085 4.3017e+14
0.24 0.09 3.2482e+14
0.24 0.095 2.55924e+14
0.24 0.1 2.09912e+14
0.24 0.105 1.78248e+14
0.24 0.11 1.55553e+14
0.24 0.115 1.38462e+14
0.24 0.12 1.24883e+14
0.24 0.125 1.13523e+14
0.24 0.13 1.03584e+14
0.24 0.135 9.4571e+13
0.24 0.14 8.61767e+13
0.24 0.145 7.82073e+13
0.24 0.15 7.05397e+13
0.24 0.155 6.30943e+13
0.24 0.16 5.58183e+13
0.24 0.165 4.86758e+13
0.24 0.17 4.16411e+13
0.24 0.175 3.46951e+13
0.24 0.18 2.78224e+13
0.24 0.185 2.10095e+13
0.24 0.19 1.42425e+13
0.24 0.195 7.49892e+12
0.24 0.2 1040.02
0.245 0 0
0.245 0 3.94333e+19
0.245 0.005 4.95389e+18
0.245 0.01 1.55365e+18
0.245 0.015 6.55638e+17
0.245 0.02 3.1553e+17
0.245 0.025 1.62723e+17
0.245 0.03 8.74992e+16
0.245 0.035 4.84365e+16
0.245 0.04 2.74437e+16
0.245 0.045 1.58801e+16
0.245 0.05 9.38163e+15
0.245 0.055 5.66324e+15
0.245 0.06 3.49808e+15
0.245 0.065 2.21501e+15
0.245 0.07 1.44098e+15
0.245 0.075 9.65603e+14
0.245 0.08 6.68527e+14
0.245 0.085 4.79844e+14
0.245 0.09 3.58214e+14
0.245 0.095 2.78637e+14
0.245 0.1 2.25613e+14
0.245 0.105 1.89356e+14
0.245 0.11 1.63649e+14
0.245 0.115 1.44562e+14
0.245 0.12 1.29638e+14
0.245 0.125 1.17348e+14
0.245 0.13 1.06744e+14
0.245 0.135 9.72362e+13
0.245 0.14 8.84581e+13
0.245 0.145 8.01788e+13
0.245 0.15 7.22511e+13
0.245 0.155 6.45802e+13
0.245 0.16 5.71032e+13
0.245 0.165 4.97775e+13
0.245 0.17 4.25728e+13
0.245 0.175 3.54667e+13
0.245 0.18 2.84414e+13
0.245 0.185 2.14815e+13
0.245 0.19 1.45713e+13
0.245 0.195 7.68604e+12
0.245 0.2 1040.02
0.25 0 0
0.25 0 3.87205e+19
0.25 0.005 5.0442e+18
0.25 0.01 1.60782e+18
0.25 0.015 6.87446e+17
0.25 0.02 3.35008e+17
0.25 0.025 1.74895e+17
0.25 0.03 9.51536e+16
0.25 0.035 5.32504e+16
0.25 0.04 3.04668e+16
0.25 0.045 1.77773e+16
0.25 0.05 1.05738e+16
0.25 0.055 6.41495e+15
0.25 0.06 3.97484e+15
0.25 0.065 2.51977e+15
0.25 0.07 1.63763e+15
0.25 0.075 1.09379e+15
0.25 0.08 7.52926e+14
0.25 0.085 5.35906e+14
0.25 0.09 3.95732e+14
0.25 0.095 3.03934e+14
0.25 0.1 2.42853e+14
0.25 0.105 2.01304e+14
0.25 0.11 1.7213e+14
0.25 0.115 1.50768e+14
0.25 0.12 1.34334e+14
0.25 0.125 1.21021e+14
0.25 0.13 1.09705e+14
0.25 0.135 9.96842e+13
0.25 0.14 9.05219e+13
0.25 0.145 8.19421e+13
0.25 0.15 7.37695e+13
0.25 0.155 6.58913e+13
0.25 0.16 5.82329e+13
0.25 0.165 5.07441e+13
0.25 0.17 4.33896e+13
0.25 0.175 3.61433e+13
0.25 0.18 2.89849e+13
0.25 0.185 2.18972e+13
0.25 0.19 1.48625e+13
0.25 0.195 7.8542e+12
0.25 0.2 1040.02
0.255 0 0
0.255 0 3.79809e+19
0.255 0.005 5.13346e+18
0.255 0.01 1.66303e+18
0.255 0.015 7.20253e+17
0.255 0.02 3.55304e+17
0.255 0.025 1.87712e+17
0.255 0.03 1.03301e+17
0.255 0.035 5.84297e+16
0.255 0.04 3.37532e+16
0.255 0.045 1.98596e+16
0.255 0.05 1.18933e+16
0.255 0.055 7.25301e+15
0.255 0.06 4.50947e+15
0.255 0.065 2.86302e+15
0.255 0.07 1.85977e+15
0.255 0.075 1.23883e+15
0.255 0.08 8.48459e+14
0.255 0.085 5.99307e+14
0.255 0.09 4.38046e+14
0.255 0.095 3.32295e+14
0.255 0.1 2.61965e+14
0.255 0.105 2.14313e+14
0.255 0.11 1.81139e+14
0.255 0.115 1.57161e+14
0.255 0.12 1.39011e+14
0.255 0.125 1.24559e+14
0.255 0.13 1.12471e+14
0.255 0.135 1.01912e+14
0.255 0.14 9.23609e+13
0.255 0.145 8.34883e+13
0.255 0.15 7.50856e+13
0.255 0.155 6.70186e+13
0.255 0.16 5.91992e+13
0.255 0.165 5.15684e+13
0.255 0.17 4.40851e+13
0.255 0.175 3.67195e+13
0.255 0.18 2.94487e+13
0.255 0.185 2.22532e+13
0.255 0.19 1.51139e+13
0.255 0.195 8.002e+12
0.255 0.2 1040.02
0.26 0 0
0.26 0 3.72288e+19
0.26 0.005 5.22143e+18
0.26 0.01 1.71915e+18
0.26 0.015 7.54058e+17
0.26 0.02 3.7644e+17
0.26 0.025 2.01199e+17
0.26 0.03 1.11965e+17
0.26 0.035 6.39959e+16
0.26 0.04 3.73211e+16
0.26 0.045 2.21417e+16
0.26 0.05 1.33517e+16
0.26 0.055 8.18607e+15
0.26 0.06 5.10829e+15
0.26 0.065 3.24927e+15
0.26 0.07 2.11056e+15
0.26 0.075 1.40291e+15
0.26 0.08 9.56637e+14
0.26 0.085 6.71099e+14
0.26 0.09 4.85899e+14
0.26 0.095 3.64255e+14
0.26 0.1 2.83337e+14
0.26 0.105 2.28657e+14
0.26 0.11 1.90857e+14
0.26 0.115 1.6386e+14
0.26 0.12 1.43743e+14
0.26 0.125 1.28004e+14
0.26 0.13 1.15063e+14
0.26 0.135 1.03929e+14
0.26 0.14 9.39767e+13
0.26 0.145 8.48151e+13
0.26 0.15 7.6195e+13
0.26 0.155 6.79568e+13
0.26 0.16 5.99965e+13
0.26 0.165 5.2245e+13
0.26 0.17 4.46546e+13
0.26 0.175 3.71913e+13
0.26 0.18 2.98291e+13
0.26 0.185 2.25467e+13
0.26 0.19 1.53234e+13
0.26 0.195 8.1282e+12
0.26 0.2 1040.02
0.265 0 0
0.265 0 3.64618e+19
0.265 0.005 5.3079e+18
0.265 0.01 1.77617e+18
0.265 0.015 7.88865e+17
0.265 0.02 3.98434e+17
0.265 0.025 2.15377e+17
0.265 0.03 1.21168e+17
0.265 0.035 6.99697e+16
0.265 0.04 4.11886e+16
0.265 0.045 2.46385e+16
0.265 0.05 1.49609e+16
0.265 0.055 9.22317e+15
0.265 0.06 5.77797e+15
0.265 0.065 3.68334e+15
0.265 0.07 2.39342e+15
0.265 0.075 1.58842e+15
0.265 0.08 1.07911e+15
0.265 0.085 7.52427e+14
0.265 0.09 5.401e+14
0.265 0.095 4.00398e+14
0.265 0.1 3.07394e+14
0.265 0.105 2.44641e+14
0.265 0.11 2.01498e+14
0.265 0.115 1.71003e+14
0.265 0.12 1.48616e+14
0.265 0.125 1.31407e+14
0.265 0.13 1.17511e+14
0.265 0.135 1.05748e+14
0.265 0.14 9.53751e+13
0.265 0.145 8.5923e+13
0.265 0.15 7.70954e+13
0.265 0.155 6.87023e+13
0.265 0.16 6.0621e+13
0.265 0.165 5.27701e+13
0.265 0.17 4.50945e+13
0.265 0.175 3.75554e+13
0.265 0.18 3.01236e+13
0.265 0.185 2.27757e+13
0.265 0.19 1.54893e+13
0.265 0.195 8.23173e+12
0.265 0.2 1040.02
0.27 0 0
0.27 0 3.56792e+19
0.27 0.005 5.39257e+18
0.27 0.01 1.83402e+18
0.27 0.015 8.24674e+17
0.27 0.02 4.213e+17
0.27 0.025 2.30266e+17
0.27 0.03 1.3093e+17
0.27 0.035 7.63706e+16
0.27 0.04 4.53733e+16
0.27 0.045 2.7365e+16
0.27 0.05 1.67329e+16
0.27 0.055 1.03736e+16
0.27 0.06 6.52551e+15
0.27 0.065 4.17033e+15
0.27 0.07 2.71198e+15
0.27 0.075 1.79791e+15
0.27 0.08 1.21766e+15
0.27 0.085 8.44527e+14
0.27 0.09 6.01517e+14
0.27 0.095 4.4135e+14
0.27 0.1 3.34599e+14
0.27 0.105 2.62608e+14
0.27 0.11 2.13306e+14
0.27 0.115 1.78758e+14
0.27 0.12 1.53738e+14
0.27 0.125 1.34836e+14
0.27 0.13 1.19855e+14
0.27 0.135 1.07393e+14
0.27 0.14 9.65675e+13
0.27 0.145 8.68172e+13
0.27 0.15 7.77882e+13
0.27 0.155 6.92546e+13
0.27 0.16 6.10708e+13
0.27 0.165 5.31414e+13
0.27 0.17 4.54025e+13
0.27 0.175 3.78096e+13
0.27 0.18 3.03302e+13
0.27 0.185 2.29385e+13
0.27 0.19 1.56104e+13
0.27 0.195 8.31172e+12
0.27 0.2 1040.02
0.275 0 0
0.275 0 3.4881e+19
0.275 0.005 5.47511e+18
0.275 0.01 1.89264e+18
0.275 0.015 8.61477e+17
0.275 0.02 4.45046e+17
0.275 0.025 2.4588e+17
0.275 0.03 1.41269e+17
0.275 0.035 8.32161e+16
0.275 0.04 4.98915e+16
0.275 0.045 3.03355e+16
0.275 0.05 1.86795e+16
0.275 0.055 1.16468e+16
0.275 0.06 7.35803e+15
0.275 0.065 4.71549e+15
0.275 0.07 3.07004e+15
0.275 0.075 2.03406e+15
0.275 0.08 1.37416e+15
0.275 0.085 9.48703e+14
0.275 0.09 6.71061e+14
0.275 0.095 4.87762e+14
0.275 0.1 3.65433e+14
0.275 0.105 2.8292e+14
0.275 0.11 2.26549e+14
0.275 0.115 1.87315e+14
0.275 0.12 1.5924e+14
0.275 0.125 1.38375e+14
0.275 0.13 1.22145e+14
0.275 0.135 1.08895e+14
0.275 0.14 9.75717e+13
0.275 0.145 8.75072e+13
0.275 0.15 7.82782e+13
0.275 0.155 6.96155e+13
0.275 0.16 6.13463e+13
0.275 0.165 5.33585e+13
0.275 0.17 4.55778e+13
0.275 0.175 3.7953e+13
0.275 0.18 3.04479e+13
0.275 0.185 2.30341e+13
0.275 0.19 1.56859e+13
0.275 0.195 8.3675e+12
0.275 0.2 1040.02
0.28 0 0
0.28 0 3.40671e+19
0.28 0.005 5.55515e+18
0.28 0.01 1.95194e+18
0.28 0.015 8.99249e+17
0.28 0.02 4.69671e+17
0.28 0.025 2.62227e+17
0.28 0.03 1.52196e+17
0.28 0.035 9.05205e+16
0.28 0.04 5.47575e+16
0.28 0.045 3.35631e+16
0.28 0.05 2.08119e+16
0.28 0.055 1.30518e+16
0.28 0.06 8.28259e+15
0.28 0.065 5.32413e+15
0.28 0.07 3.47147e+15
0.28 0.075 2.29965e+15
0.28 0.08 1.55055e+15
0.28 0.085 1.06631e+15
0.28 0.09 7.49671e+14
0.28 0.095 5.40298e+14
0.28 0.1 4.00384e+14
0.28 0.105 3.05948e+14
0.28 0.11 2.41512e+14
0.28 0.115 1.96885e+14
0.28 0.12 1.65268e+14
0.28 0.125 1.4212e+14
0.28 0.13 1.24445e+14
0.28 0.135 1.10292e+14
0.28 0.14 9.84118e+13
0.28 0.145 8.80075e+13
0.28 0.15 7.85738e+13
0.28 0.155 6.97897e+13
0.28 0.16 6.14501e+13
0.28 0.165 5.34227e+13
0.28 0.17 4.56207e+13
0.28 0.175 3.79857e+13
0.28 0.18 3.04765e+13
0.28 0.185 2.30622e+13
0.28 0.19 1.57153e+13
0.28 0.195 8.39863e+12
0.28 0.2 1040.02
0.285 0 0
0.285 0 3.32378e+19
0.285 0.005 5.63225e+18
0.285 0.01 2.01176e+18
0.285 0.015 9.37946e+17
0.285 0.02 4.9516e+17
0.285 0.025 2.79307e+17
0.285 0.03 1.63719e+17
0.285 0.035 9.82936e+16
0.285 0.04 5.99828e+16
0.285 0.045 3.70591e+16
0.285 0.05 2.31403e+16
0.285 0.055 1.4597e+16
0.285 0.06 9.30589e+15
0.285 0.065 6.00136e+15
0.285 0.07 3.92005e+15
0.285 0.075 2.59741e+15
0.285 0.08 1.74878e+15
0.285 0.085 1.19869e+15
0.285 0.09 8.38289e+14
0.285 0.095 5.99619e+14
0.285 0.1 4.39931e+14
0.285 0.105 3.32057e+14
0.285 0.11 2.5848e+14
0.285 0.115 2.07687e+14
0.285 0.12 1.71984e+14
0.285 0.125 1.46186e+14
0.285 0.13 1.2683e+14
0.285 0.135 1.11633e+14
0.285 0.14 9.91182e+13
0.285 0.145 8.8337e+13
0.285 0.15 7.86868e+13
0.285 0.155 6.97847e+13
0.285 0.16 6.13868e+13
0.285 0.165 5.33368e+13
0.285 0.17 4.55332e+13
0.285 0.175 3.79086e+13
0.285 0.18 3.04167e+13
0.285 0.185 2.30231e+13
0.285 0.19 1.56987e+13
0.285 0.195 8.40488e+12
0.285 0.2 1040.02
0.29 0 0
0.29 0 3.23937e+19
0.29 0.005 5.7059e+18
0.29 0.01 2.07194e+18
0.29 0.015 9.77493e+17
0.29 0.02 5.21482e+17
0.29 0.025 2.97105e+17
0.29 0.03 1.75834e+17
0.29 0.035 1.06539e+17
0.29 0.04 6.55741e+16
0.29 0.045 4.08314e+16
0.29 0.05 2.56725e+16
0.29 0.055 1.62896e+16
0.29 0.06 1.04338e+16
0.29 0.065 6.75188e+15
0.29 0.07 4.41936e+15
0.29 0.075 2.92996e+15
0.29 0.08 1.97072e+15
0.29 0.085 1.34717e+15
0.29 0.09 9.37824e+14
0.29 0.095 6.66354e+14
0.29 0.1 4.84523e+14
0.29 0.105 3.61586e+14
0.29 0.11 2.77722e+14
0.29 0.115 2.19938e+14
0.29 0.12 1.79553e+14
0.29 0.125 1.50692e+14
0.29 0.13 1.29383e+14
0.29 0.135 1.12974e+14
0.29 0.14 9.9727e+13
0.29 0.145 8.85191e+13
0.29 0.15 7.86324e+13
0.29 0.155 6.96104e+13
0.29 0.16 6.1163e+13
0.29 0.165 5.31054e+13
0.29 0.17 4.53184e+13
0.29 0.175 3.77241e+13
0.29 0.18 3.02698e+13
0.29 0.185 2.29177e+13
0.29 0.19 1.56365e+13
0.29 0.195 8.38623e+12
0.29 0.2 1040.02
0.295 0 0
0.295 0 3.15354e+19
0.295 0.005 5.77552e+18
0.295 0.01 2.13223e+18
0.295 0.015 1.01778e+18
0.295 0.02 5.4858e+17
0.295 0.025 3.15592e+17
0.295 0.03 1.88525e+17
0.295 0.035 1.15251e+17
0.295 0.04 7.15319e+16
0.295 0.045 4.48838e+16
0.295 0.05 2.84137e+16
0.295 0.055 1.81348e+16
0.295 0.06 1.16712e+16
0.295 0.065 7.57957e+15
0.295 0.07 4.97243e+15
0.295 0.075 3.29959e+15
0.295 0.08 2.21805e+15
0.295 0.085 1.51295e+15
0.295 0.09 1.0491e+15
0.295 0.095 7.41075e+14
0.295 0.1 5.34559e+14
0.295 0.105 3.9483e+14
0.295 0.11 2.99477e+14
0.295 0.115 2.33837e+14
0.295 0.12 1.8814e+14
0.295 0.125 1.55765e+14
0.295 0.13 1.32195e+14
0.295 0.135 1.14376e+14
0.295 0.14 1.0028e+14
0.295 0.145 8.85812e+13
0.295 0.15 7.84287e+13
0.295 0.155 6.92791e+13
0.295 0.16 6.07874e+13
0.295 0.165 5.27346e+13
0.295 0.17 4.49807e+13
0.295 0.175 3.74353e+13
0.295 0.18 3.00382e+13
0.295 0.185 2.27475e+13
0.295 0.19 1.55294e+13
0.295 0.195 8.34291e+12
0.295 0.2 1040.02
0.3 0 0
0.3 0 3.0664e+19
0.3 0.005 5.84041e+18
0.3 0.01 2.19234e+18
0.3 0.015 1.05866e+18
0.3 0.02 5.76364e+17
0.3 0.025 3.34713e+17
0.3 0.03 2.01763e+17
0.3 0.035 1.24413e+17
0.3 0.04 7.78482e+16
0.3 0.045 4.92142e+16
0.3 0.05 3.13647e+16
0.3 0.055 2.01349e+16
0.3 0.06 1.30206e+16
0.3 0.065 8.4871e+15
0.3 0.07 5.58155e+15
0.3 0.075 3.70811e+15
0.3 0.08 2.49212e+15
0.3 0.085 1.69699e+15
0.3 0.09 1.17282e+15
0.3 0.095 8.24255e+14
0.3 0.1 5.90364e+14
0.3 0.105 4.32024e+14
0.3 0.11 3.23931e+14
0.3 0.115 2.49547e+14
0.3 0.12 1.97888e+14
0.3 0.125 1.61523e+14
0.3 0.13 1.35356e+14
0.3 0.135 1.15905e+14
0.3 0.14 1.00821e+14
0.3 0.145 8.8554e+13
0.3 0.15 7.80968e+13
0.3 0.155 6.88054e+13
0.3 0.16 6.02701e+13
0.3 0.165 5.22317e+13
0.3 0.17 4.45255e+13
0.3 0.175 3.70462e+13
0.3 0.18 2.97248e+13
0.3 0.185 2.25144e+13
0.3 0.19 1.53787e+13
0.3 0.195 8.27536e+12
0.3 0.2 1040.02
0.305 0 0
0.305 0 2.97809e+19
0.305 0.005 5.8998e+18
0.305 0.01 2.25185e+18
0.305 0.015 1.09991e+18
0.305 0.02 6.04705e+17
0.305 0.025 3.54388e+17
0.305 0.03 2.15493e+17
0.305 0.035 1.33992e+17
0.305 0.04 8.45043e+16
0.305 0.045 5.38123e+16
0.305 0.05 3.45211e+16
0.305 0.055 2.22885e+16
0.305 0.06 1.44825e+16
0.305 0.065 9.47537e+15
0.305 0.07 6.24779e+15
0.305 0.075 4.15654e+15
0.305 0.08 2.79377e+15
0.305 0.085 1.89995e+15
0.305 0.09 1.30944e+15
0.305 0.095 9.16218e+14
0.305 0.1 6.52158e+14
0.305 0.105 4.7332e+14
0.305 0.11 3.51205e+14
0.305 0.115 2.67182e+14
0.305 0.12 2.0891e+14
0.305 0.125 1.6807e+14
0.305 0.13 1.38954e+14
0.305 0.135 1.17627e+14
0.305 0.14 1.014e+14
0.305 0.145 8.84708e+13
0.305 0.15 7.76597e+13
0.305 0.155 6.82054e+13
0.305 0.16 5.96229e+13
0.305 0.165 5.16055e+13
0.305 0.17 4.39594e+13
0.305 0.175 3.65616e+13
0.305 0.18 2.93331e+13
0.305 0.185 2.2221e+13
0.305 0.19 1.51859e+13
0.305 0.195 8.18424e+12
0.305 0.2 1040.02
0.31 0 0
0.31 0 2.88881e+19
0.31 0.005 5.95279e+18
0.31 0.01 2.31027e+18
0.31 0.015 1.14124e+18
0.31 0.02 6.33423e+17
0.31 0.025 3.74496e+17
0.31 0.03 2.29638e+17
0.31 0.035 1.43936e+17
0.31 0.04 9.1467e+16
0.31 0.045 5.86579e+16
0.31 0.05 3.78708e+16
0.31 0.055 2.4589e+16
0.31 0.06 1.60534e+16
0.31 0.065 1.05429e+16
0.31 0.07 6.97065e+15
0.31 0.075 4.64482e+15
0.31 0.08 3.12314e+15
0.31 0.085 2.122e+15
0.31 0.09 1.45912e+15
0.31 0.095 1.01708e+15
0.31 0.1 7.20015e+14
0.31 0.105 5.18766e+14
0.31 0.11 3.81341e+14
0.31 0.115 2.86792e+14
0.31 0.12 2.21272e+14
0.31 0.125 1.75482e+14
0.31 0.13 1.43062e+14
0.31 0.135 1.19604e+14
0.31 0.14 1.02061e+14
0.31 0.145 8.83655e+13
0.31 0.15 7.71418e+13
0.31 0.155 6.74967e+13
0.31 0.16 5.88586e+13
0.31 0.165 5.08655e+13
0.31 0.17 4.32895e+13
0.31 0.175 3.59872e+13
0.31 0.18 2.88674e+13
0.31 0.185 2.18702e+13
0.31 0.19 1.49529e+13
0.31 0.195 8.0704e+12
0.31 0.2 1040.02
0.315 0 0
0.315 0 2.79879e+19
0.315 0.005 5.99833e+18
0.315 0.01 2.36697e+18
0.315 0.015 1.18227e+18
0.315 0.02 6.62268e+17
0.315 0.025 3.94873e+17
0.315 0.03 2.44085e+17
0.315 0.035 1.54171e+17
0.315 0.04 9.86859e+16
0.315 0.045 6.37181e+16
0.315 0.05 4.13929e+16
0.315 0.055 2.70235e+16
0.315 0.06 1.77254e+16
0.315 0.065 1.16851e+16
0.315 0.07 7.74748e+15
0.315 0.075 5.17146e+15
0.315 0.08 3.4794e+15
0.315 0.085 2.36268e+15
0.315 0.09 1.6216e+15
0.315 0.095 1.12668e+15
0.315 0.1 7.93826e+14
0.315 0.105 5.68282e+14
0.315 0.11 4.1428e+14
0.315 0.115 3.0835e+14
0.315 0.12 2.34981e+14
0.315 0.125 1.83797e+14
0.315 0.13 1.47731e+14
0.315 0.135 1.21886e+14
0.315 0.14 1.0285e+14
0.315 0.145 8.82717e+13
0.315 0.15 7.65678e+13
0.315 0.155 6.66976e+13
0.315 0.16 5.79908e+13
0.315 0.165 5.0022e+13
0.315 0.17 4.2524e+13
0.315 0.175 3.53291e+13
0.315 0.18 2.83321e+13
0.315 0.185 2.14654e+13
0.315 0.19 1.46819e+13
0.315 0.195 7.93489e+12
0.315 0.2 1040.02
0.32 0 0
0.32 0 2.70836e+19
0.32 0.005 6.03524e+18
0.32 0.01 2.42113e+18
0.32 0.015 1.22249e+18
0.32 0.02 6.90912e+17
0.32 0.025 4.15295e+17
0.32 0.03 2.58681e+17
0.32 0.035 1.64589e+17
0.32 0.04 1.06089e+17
0.32 0.045 6.89444e+16
0.32 0.05 4.50554e+16
0.32 0.055 2.95711e+16
0.32 0.06 1.94853e+16
0.32 0.065 1.28934e+16
0.32 0.07 8.57296e+15
0.32 0.075 5.73317e+15
0.32 0.08 3.8605e+15
0.32 0.085 2.62072e+15
0.32 0.09 1.79607e+15
0.32 0.095 1.24449e+15
0.32 0.1 8.73242e+14
0.32 0.105 6.21627e+14
0.32 0.11 4.49855e+14
0.32 0.115 3.31744e+14
0.32 0.12 2.49979e+14
0.32 0.125 1.93001e+14
0.32 0.13 1.52981e+14
0.32 0.135 1.24509e+14
0.32 0.14 1.03801e+14
0.32 0.145 8.82197e+13
0.32 0.15 7.59617e+13
0.32 0.155 6.58264e+13
0.32 0.16 5.70336e+13
0.32 0.165 4.9086e+13
0.32 0.17 4.16711e+13
0.32 0.175 3.45939e+13
0.32 0.18 2.77325e+13
0.32 0.185 2.10103e+13
0.32 0.19 1.43752e+13
0.32 0.195 7.77893e+12
0.32 0.2 1040.02
0.325 0 0
0.325 0 2.61794e+19
0.325 0.005 6.06216e+18
0.325 0.01 2.47176e+18
0.325 0.015 1.26125e+18
0.325 0.02 7.18923e+17
0.325 0.025 4.35469e+17
0.325 0.03 2.73224e+17
0.325 0.035 1.75052e+17
0.325 0.04 1.13579e+17
0.325 0.045 7.427e+16
0.325 0.05 4.88127e+16
0.325 0.055 3.22012e+16
0.325 0.06 2.13127e+16
0.325 0.065 1.41547e+16
0.325 0.07 9.43851e+15
0.325 0.075 6.32441e+15
0.325 0.08 4.26289e+15
0.325 0.085 2.89383e+15
0.325 0.09 1.98105e+15
0.325 0.095 1.36956e+15
0.325 0.1 9.57627e+14
0.325 0.105 6.78368e+14
0.325 0.11 4.87767e+14
0.325 0.115 3.56771e+14
0.325 0.12 2.66135e+14
0.325 0.125 2.03028e+14
0.325 0.13 1.58794e+14
0.325 0.135 1.27483e+14
0.325 0.14 1.04938e+14
0.325 0.145 8.82345e+13
0.325 0.15 7.53453e+13
0.325 0.155 6.49007e+13
0.325 0.16 5.60008e+13
0.325 0.165 4.80685e+13
0.325 0.17 4.07398e+13
0.325 0.175 3.37884e+13
0.325 0.18 2.70739e+13
0.325 0.185 2.05088e+13
0.325 0.19 1.40356e+13
0.325 0.195 7.60388e+12
0.325 0.2 1040.02
0.33 0 0
0.33 0 2.52805e+19
0.33 0.005 6.07756e+18
0.33 0.01 2.51762e+18
0.33 0.015 1.29774e+18
0.33 0.02 7.45753e+17
0.33 0.025 4.55022e+17
0.33 0.03 2.87454e+17
0.33 0.035 1.85377e+17
0.33 0.04 1.2103e+17
0.33 0.045 7.96066e+16
0.33 0.05 5.26039e+16
0.33 0.055 3.48722e+16
0.33 0.06 2.31795e+16
0.33 0.065 1.545e+16
0.33 0.07 1.03317e+16
0.33 0.075 6.93704e+15
0.33 0.08 4.68126e+15
0.33 0.085 3.17857e+15
0.33 0.09 2.1743e+15
0.33 0.095 1.50042e+15
0.33 0.1 1.04601e+15
0.33 0.105 7.37857e+14
0.33 0.11 5.27574e+14
0.33 0.115 3.83126e+14
0.33 0.12 2.83245e+14
0.33 0.125 2.13752e+14
0.33 0.13 1.65107e+14
0.33 0.135 1.30792e+14
0.33 0.14 1.06269e+14
0.33 0.145 8.83329e+13
0.33 0.15 7.47365e+13
0.33 0.155 6.39365e+13
0.33 0.16 5.4906e+13
0.33 0.165 4.69803e+13
0.33 0.17 3.97389e+13
0.33 0.175 3.29199e+13
0.33 0.18 2.63618e+13
0.33 0.185 1.99651e+13
0.33 0.19 1.36658e+13
0.33 0.195 7.41123e+12
0.33 0.2 1040.02
0.335 0 0
0.335 0 2.43942e+19
0.335 0.005 6.07973e+18
0.335 0.01 2.5572e+18
0.335 0.015 1.33093e+18
0.335 0.02 7.70714e+17
0.335 0.025 4.73484e+17
0.335 0.03 3.01047e+17
0.335 0.035 1.95338e+17
0.335 0.04 1.2828e+17
0.335 0.045 8.48418e+16
0.335 0.05 5.63506e+16
0.335 0.055 3.75298e+16
0.335 0.06 2.50487e+16
0.335 0.065 1.67545e+16
0.335 0.07 1.12358e+16
0.335 0.075 7.55996e+15
0.335 0.08 5.10831e+15
0.335 0.085 3.47013e+15
0.335 0.09 2.37269e+15
0.335 0.095 1.635e+15
0.335 0.1 1.13704e+15
0.335 0.105 7.99198e+14
0.335 0.11 5.68676e+14
0.335 0.115 4.10399e+14
0.335 0.12 3.0103e+14
0.335 0.125 2.2499e+14
0.335 0.13 1.71812e+14
0.335 0.135 1.34385e+14
0.335 0.14 1.07779e+14
0.335 0.145 8.85206e+13
0.335 0.15 7.41478e+13
0.335 0.155 6.29473e+13
0.335 0.16 5.37614e+13
0.335 0.165 4.58323e+13
0.335 0.17 3.86773e+13
0.335 0.175 3.19956e+13
0.335 0.18 2.5602e+13
0.335 0.185 1.93834e+13
0.335 0.19 1.32688e+13
0.335 0.195 7.20259e+12
0.335 0.2 1040.02
0.34 0 0
0.34 0 2.353e+19
0.34 0.005 6.0668e+18
0.34 0.01 2.58866e+18
0.34 0.015 1.35956e+18
0.34 0.02 7.92969e+17
0.34 0.025 4.90289e+17
0.34 0.03 3.13611e+17
0.34 0.035 2.04659e+17
0.34 0.04 1.35136e+17
0.34 0.045 8.98369e+16
0.34 0.05 5.9955e+16
0.34 0.055 4.0106e+16
0.34 0.06 2.68734e+16
0.34 0.065 1.80362e+16
0.34 0.07 1.21294e+16
0.34 0.075 8.17891e+15
0.34 0.08 5.5346e+15
0.34 0.085 3.76233e+15
0.34 0.09 2.57215e+15
0.34 0.095 1.77066e+15
0.34 0.1 1.22897e+15
0.34 0.105 8.61241e+14
0.34 0.11 6.10305e+14
0.34 0.115 4.38075e+14
0.34 0.12 3.19139e+14
0.34 0.125 2.36504e+14
0.34 0.13 1.78761e+14
0.34 0.135 1.38178e+14
0.34 0.14 1.09434e+14
0.34 0.145 8.87897e+13
0.34 0.15 7.35847e+13
0.34 0.155 6.19433e+13
0.34 0.16 5.25778e+13
0.34 0.165 4.46341e+13
0.34 0.17 3.75635e+13
0.34 0.175 3.10226e+13
0.34 0.18 2.48003e+13
0.34 0.185 1.87683e+13
0.34 0.19 1.28477e+13
0.34 0.195 6.97962e+12
0.34 0.2 1040.02
0.345 0 0
0.345 0 2.27012e+19
0.345 0.005 6.03683e+18
0.345 0.01 2.60987e+18
0.345 0.015 1.38215e+18
0.345 0.02 8.11536e+17
0.345 0.025 5.04773e+17
0.345 0.03 3.24686e+17
0.345 0.035 2.13013e+17
0.345 0.04 1.41363e+17
0.345 0.045 9.44255e+16
0.345 0.05 6.32995e+16
0.345 0.055 4.25185e+16
0.345 0.06 2.85968e+16
0.345 0.065 1.92564e+16
0.345 0.07 1.29864e+16
0.345 0.075 8.77642e+15
0.345 0.08 5.94857e+15
0.345 0.085 4.04754e+15
0.345 0.09 2.76768e+15
0.345 0.095 1.90412e+15
0.345 0.1 1.31967e+15
0.345 0.105 9.22583e+14
0.345 0.11 6.51536e+14
0.345 0.115 4.65535e+14
0.345 0.12 3.37153e+14
0.345 0.125 2.48013e+14
0.345 0.13 1.85766e+14
0.345 0.135 1.4206e+14
0.345 0.14 1.11175e+14
0.345 0.145 8.91179e+13
0.345 0.15 7.30444e+13
0.345 0.155 6.09303e+13
0.345 0.16 5.13639e+13
0.345 0.165 4.33948e+13
0.345 0.17 3.64057e+13
0.345 0.175 3.00079e+13
0.345 0.18 2.39623e+13
0.345 0.185 1.81241e+13
0.345 0.19 1.24055e+13
0.345 0.195 6.74406e+12
0.345 0.2 1040.02
0.35 0 0
0.35 0 2.19274e+19
0.35 0.005 5.98805e+18
0.35 0.01 2.61844e+18
0.35 0.015 1.39705e+18
0.35 0.02 8.25321e+17
0.35 0.025 5.16194e+17
0.35 0.03 3.33748e+17
0.35 0.035 2.20024e+17
0.35 0.04 1.4669e+17
0.35 0.045 9.84132e+16
0.35 0.05 6.62463e+16
0.35 0.055 4.46709e+16
0.35 0.06 3.01524e+16
0.35 0.065 2.03698e+16
0.35 0.07 1.37761e+16
0.35 0.075 9.33207e+15
0.35 0.08 6.33668e+15
0.35 0.085 4.31685e+15
0.35 0.09 2.95345e+15
0.35 0.095 2.03157e+15
0.35 0.1 1.40664e+15
0.35 0.105 9.81591e+14
0.35 0.11 6.91297e+14
0.35 0.115 4.9207e+14
0.35 0.12 3.54597e+14
0.35 0.125 2.59194e+14
0.35 0.13 1.9261e+14
0.35 0.135 1.45889e+14
0.35 0.14 1.12923e+14
0.35 0.145 8.94674e+13
0.35 0.15 7.25147e+13
0.35 0.155 5.9909e+13
0.35 0.16 5.01258e+13
0.35 0.165 4.21221e+13
0.35 0.17 3.52116e+13
0.35 0.175 2.89585e+13
0.35 0.18 2.30938e+13
0.35 0.185 1.74553e+13
0.35 0.19 1.19453e+13
0.35 0.195 6.49768e+12
0.35 0.2 1040.02
0.355 0 0
0.355 0 2.12383e+19
0.355 0.005 5.91935e+18
0.355 0.01 2.61199e+18
0.355 0.015 1.40258e+18
0.355 0.02 8.33207e+17
0.355 0.025 5.2377e+17
0.355 0.03 3.4023e+17
0.355 0.035 2.25276e+17
0.355 0.04 1.50812e+17
0.355 0.045 1.0158e+17
0.355 0.05 6.8639e+16
0.355 0.055 4.64543e+16
0.355 0.06 3.14653e+16
0.355 0.065 2.13254e+16
0.355 0.07 1.44645e+16
0.355 0.075 9.82312e+15
0.355 0.08 6.68389e+15
0.355 0.085 4.56035e+15
0.355 0.09 3.12297e+15
0.355 0.095 2.14875e+15
0.355 0.1 1.4871e+15
0.355 0.105 1.03646e+15
0.355 0.11 7.28404e+14
0.355 0.115 5.16899e+14
0.355 0.12 3.70953e+14
0.355 0.125 2.69697e+14
0.355 0.13 1.99056e+14
0.355 0.135 1.49511e+14
0.355 0.14 1.1458e+14
0.355 0.145 8.97872e+13
0.355 0.15 7.19746e+13
0.355 0.155 5.88751e+13
0.355 0.16 4.8867e+13
0.355 0.165 4.08225e+13
0.355 0.17 3.39882e+13
0.355 0.175 2.78807e+13
0.355 0.18 2.22004e+13
0.355 0.185 1.67663e+13
0.355 0.19 1.14704e+13
0.355 0.195 6.24224e+12
0.355 0.2 1040.02
0.36 0 0
0.36 0 2.06823e+19
0.36 0.005 5.83153e+18
0.36 0.01 2.58877e+18
0.36 0.015 1.39744e+18
0.36 0.02 8.34245e+17
0.36 0.025 5.26768e+17
0.36 0.03 3.43553e+17
0.36 0.035 2.28321e+17
0.36 0.04 1.53395e+17
0.36 0.045 1.03683e+17
0.36 0.05 7.03079e+16
0.36 0.055 4.77512e+16
0.36 0.06 3.24555e+16
0.36 0.065 2.20694e+16
0.36 0.07 1.50154e+16
0.36 0.075 1.02256e+16
0.36 0.08 6.97434e+15
0.36 0.085 4.76764e+15
0.36 0.09 3.26939e+15
0.36 0.095 2.25121e+15
0.36 0.1 1.55815e+15
0.36 0.105 1.08527e+15
0.36 0.11 7.61608e+14
0.36 0.115 5.39203e+14
0.36 0.12 3.85678e+14
0.36 0.125 2.79158e+14
0.36 0.13 2.04858e+14
0.36 0.135 1.52757e+14
0.36 0.14 1.1604e+14
0.36 0.145 9.00159e+13
0.36 0.15 7.13947e+13
0.36 0.155 5.78189e+13
0.36 0.16 4.7588e+13
0.36 0.165 3.95007e+13
0.36 0.17 3.27416e+13
0.36 0.175 2.67808e+13
0.36 0.18 2.12874e+13
0.36 0.185 1.60613e+13
0.36 0.19 1.09837e+13
0.36 0.195 5.97954e+12
0.36 0.2 1040.02
0.365 0 0
0.365 0 2.0342e+19
0.365 0.005 5.73013e+18
0.365 0.01 2.54929e+18
0.365 0.015 1.38149e+18
0.365 0.02 8.28028e+17
0.365 0.025 5.24639e+17
0.365 0.03 3.43173e+17
0.365 0.035 2.287e+17
0.365 0.04 1.54088e+17
0.365 0.045 1.04473e+17
0.365 0.05 7.10776e+16
0.365 0.055 4.84423e+16
0.365 0.06 3.30427e+16
0.365 0.065 2.25483e+16
0.365 0.07 1.53933e+16
0.365 0.075 1.05159e+16
0.365 0.08 7.19247e+15
0.365 0.085 4.92842e+15
0.365 0.09 3.38597e+15
0.365 0.095 2.33451e+15
0.365 0.1 1.61688e+15
0.365 0.105 1.12614e+15
0.365 0.11 7.89666e+14
0.365 0.115 5.58166e+14
0.365 0.12 3.98232e+14
0.365 0.125 2.87219e+14
0.365 0.13 2.09771e+14
0.365 0.135 1.55463e+14
0.365 0.14 1.17193e+14
0.365 0.145 9.00854e+13
0.365 0.15 7.07395e+13
0.365 0.155 5.67263e+13
0.365 0.16 4.62866e+13
0.365 0.165 3.81603e+13
0.365 0.17 3.14773e+13
0.365 0.175 2.56644e+13
0.365 0.18 2.036e+13
0.365 0.185 1.53445e+13
0.365 0.19 1.04883e+13
0.365 0.195 5.71131e+12
0.365 0.2 1040.02
0.37 0 0
0.37 0 2.03685e+19
0.37 0.005 5.63326e+18
0.37 0.01 2.50047e+18
0.37 0.015 1.35782e+18
0.37 0.02 8.15456e+17
0.37 0.025 5.17281e+17
0.37 0.03 3.38669e+17
0.37 0.035 2.25985e+17
0.37 0.04 1.52553e+17
0.37 0.045 1.03704e+17
0.37 0.05 7.07828e+16
0.37 0.055 4.84176e+16
0.37 0.06 3.31543e+16
0.37 0.065 2.27138e+16
0.37 0.07 1.55663e+16
0.37 0.075 1.0673e+16
0.37 0.08 7.32427e+15
0.37 0.085 5.03343e+15
0.37 0.09 3.46655e+15
0.37 0.095 2.39458e+15
0.37 0.1 1.66059e+15
0.37 0.105 1.15729e+15
0.37 0.11 8.11412e+14
0.37 0.115 5.73018e+14
0.37 0.12 4.08106e+14
0.37 0.125 2.93538e+14
0.37 0.13 2.13567e+14
0.37 0.135 1.57471e+14
0.37 0.14 1.17931e+14
0.37 0.145 8.9927e+13
0.37 0.15 6.99699e+13
0.37 0.155 5.55797e+13
0.37 0.16 4.49582e+13
0.37 0.165 3.68032e+13
0.37 0.17 3.02002e+13
0.37 0.175 2.45371e+13
0.37 0.18 1.94232e+13
0.37 0.185 1.46201e+13
0.37 0.19 9.98719e+12
0.37 0.195 5.4393e+12
0.37 0.2 1040.02
0.375 0 0
0.375 0 2.1061e+19
0.375 0.005 5.59622e+18
0.375 0.01 2.46806e+18
0.375 0.015 1.33771e+18
0.375 0.02 8.00471e+17
0.375 0.025 5.05548e+17
0.375 0.03 3.29896e+17
0.375 0.035 2.19837e+17
0.375 0.04 1.48499e+17
0.375 0.045 1.01176e+17
0.375 0.05 6.9291e+16
0.375 0.055 4.75917e+16
0.375 0.06 3.2735e+16
0.375 0.065 2.253e+16
0.375 0.07 1.55104e+16
0.375 0.075 1.06808e+16
0.375 0.08 7.35888e+15
0.375 0.085 5.07531e+15
0.375 0.09 3.50618e+15
0.375 0.095 2.42808e+15
0.375 0.1 1.68706e+15
0.375 0.105 1.17722e+15
0.375 0.11 8.25846e+14
0.375 0.115 5.83094e+14
0.375 0.12 4.14858e+14
0.375 0.125 2.97819e+14
0.375 0.13 2.16044e+14
0.375 0.135 1.5864e+14
0.375 0.14 1.18157e+14
0.375 0.145 8.94756e+13
0.375 0.15 6.90467e+13
0.375 0.155 5.43596e+13
0.375 0.16 4.35965e+13
0.375 0.165 3.54303e+13
0.375 0.17 2.89143e+13
0.375 0.175 2.34037e+13
0.375 0.18 1.84817e+13
0.375 0.185 1.38921e+13
0.375 0.19 9.48324e+12
0.375 0.195 5.16517e+12
0.375 0.2 1040.02
0.38 0 0
0.38 0 2.31024e+19
0.38 0.005 5.80802e+18
0.38 0.01 2.54048e+18
0.38 0.015 1.35672e+18
0.38 0.02 7.94695e+17
0.38 0.025 4.9237e+17
0.38 0.03 3.17255e+17
0.38 0.035 2.1012e+17
0.38 0.04 1.41759e+17
0.38 0.045 9.67735e+16
0.38 0.05 6.65335e+16
0.38 0.055 4.59233e+16
0.38 0.06 3.17586e+16
0.38 0.065 2.19792e+16
0.38 0.07 1.52135e+16
0.38 0.075 1.05304e+16
0.38 0.08 7.28999e+15
0.38 0.085 5.04952e+15
0.38 0.09 3.5016e+15
0.38 0.095 2.43271e+15
0.38 0.1 1.69467e+15
0.38 0.105 1.18482e+15
0.38 0.11 8.32208e+14
0.38 0.115 5.87878e+14
0.38 0.12 4.18137e+14
0.38 0.125 2.99825e+14
0.38 0.13 2.17037e+14
0.38 0.135 1.58858e+14
0.38 0.14 1.17791e+14
0.38 0.145 8.86752e+13
0.38 0.15 6.79339e+13
0.38 0.155 5.30469e+13
0.38 0.16 4.21946e+13
0.38 0.165 3.40419e+13
0.38 0.17 2.76232e+13
0.38 0.175 2.22689e+13
0.38 0.18 1.75402e+13
0.38 0.185 1.31642e+13
0.38 0.19 8.97927e+12
0.38 0.195 4.89057e+12
0.38 0.2 1040.02
0.385 0 0
0.385 0 2.85574e+19
0.385 0.005 7.06157e+18
0.385 0.01 3.06917e+18
0.385 0.015 1.53679e+18
0.385 0.02 8.31173e+17
0.385 0.025 4.84987e+17
0.385 0.03 3.02015e+17
0.385 0.035 1.96999e+17
0.385 0.04 1.32362e+17
0.385 0.045 9.05248e+16
0.385 0.05 6.25381e+16
0.385 0.055 4.34336e+16
0.385 0.06 3.02386e+16
0.385 0.065 2.10687e+16
0.385 0.07 1.46785e+16
0.385 0.075 1.02225e+16
0.385 0.08 7.11702e+15
0.385 0.085 4.95504e+15
0.385 0.09 3.45174e+15
0.385 0.095 2.40751e+15
0.385 0.1 1.68264e+15
0.385 0.105 1.17949e+15
0.385 0.11 8.30052e+14
0.385 0.115 5.87047e+14
0.385 0.12 4.17714e+14
0.385 0.125 2.99393e+14
0.385 0.13 2.16435e+14
0.385 0.135 1.58044e+14
0.385 0.14 1.16774e+14
0.385 0.145 8.74822e+13
0.385 0.15 6.66019e+13
0.385 0.155 5.16245e+13
0.385 0.16 4.07454e+13
0.385 0.165 3.26377e+13
0.385 0.17 2.633e+13
0.385 0.175 2.11373e+13
0.385 0.18 1.66029e+13
0.385 0.185 1.24401e+13
0.385 0.19 8.47798e+12
0.385 0.195 4.61708e+12
0.385 0.2 1040.02
0.39 0 0
0.39 0 4.59757e+19
0.39 0.005 1.38231e+19
0.39 0.01 5.94996e+18
0.39 0.015 2.38078e+18
0.39 0.02 1.00233e+18
0.39 0.025 4.96934e+17
0.39 0.03 2.85967e+17
0.39 0.035 1.80884e+17
0.39 0.04 1.20576e+17
0.39 0.045 8.26394e+16
0.39 0.05 5.74527e+16
0.39 0.055 4.02186e+16
0.39 0.06 2.8234e+16
0.39 0.065 1.9833e+16
0.39 0.07 1.3925e+16
0.39 0.075 9.76799e+15
0.39 0.08 6.84568e+15
0.39 0.085 4.79471e+15
0.39 0.09 3.35789e+15
0.39 0.095 2.35301e+15
0.39 0.1 1.65111e+15
0.39 0.105 1.1612e+15
0.39 0.11 8.19286e+14
0.39 0.115 5.80501e+14
0.39 0.12 4.13502e+14
0.39 0.125 2.96454e+14
0.39 0.13 2.14182e+14
0.39 0.135 1.56154e+14
0.39 0.14 1.1507e+14
0.39 0.145 8.58692e+13
0.39 0.15 6.50299e+13
0.39 0.155 5.00793e+13
0.39 0.16 3.92434e+13
0.39 0.165 3.12176e+13
0.39 0.17 2.50378e+13
0.39 0.175 2.00129e+13
0.39 0.18 1.56742e+13
0.39 0.185 1.17234e+13
0.39 0.19 7.98197e+12
0.39 0.195 4.3462e+12
0.39 0.2 1040.02
0.395 0 0
0.395 0 9.25531e+19
0.395 0.005 4.63498e+19
0.395 0.01 2.16944e+19
0.395 0.015 5.97214e+18
0.395 0.02 1.4933e+18
0.395 0.025 5.36511e+17
0.395 0.03 2.68639e+17
0.395 0.035 1.62038e+17
0.395 0.04 1.06889e+17
0.395 0.045 7.3515e+16
0.395 0.05 5.15454e+16
0.395 0.055 3.64463e+16
0.395 0.06 2.58463e+16
0.395 0.065 1.83328e+16
0.395 0.07 1.29887e+16
0.395 0.075 9.18728e+15
0.395 0.08 6.48767e+15
0.395 0.085 4.57512e+15
0.395 0.09 3.22372e+15
0.395 0.095 2.27117e+15
0.395 0.1 1.60112e+15
0.395 0.105 1.13049e+15
0.395 0.11 8.00186e+14
0.395 0.115 5.68373e+14
0.395 0.12 4.0556e+14
0.395 0.125 2.91031e+14
0.395 0.13 2.10282e+14
0.395 0.135 1.53184e+14
0.395 0.14 1.12673e+14
0.395 0.145 8.38256e+13
0.395 0.15 6.32078e+13
0.395 0.155 4.84038e+13
0.395 0.16 3.76852e+13
0.395 0.165 2.97822e+13
0.395 0.17 2.37497e+13
0.395 0.175 1.88998e+13
0.395 0.18 1.47579e+13
0.395 0.185 1.10176e+13
0.395 0.19 7.49372e+12
0.395 0.195 4.07939e+12
0.395 0.2 1040.02
0.4 0 0
0.4 0 9.98e+19
0.4 0.005 8.05034e+19
0.4 0.01 4.42747e+19
0.4 0.015 1.28682e+19
0.4 0.02 2.19935e+18
0.4 0.025 5.66048e+17
0.4 0.03 2.44345e+17
0.4 0.035 1.40529e+17
0.4 0.04 9.20035e+16
0.4 0.045 6.37035e+16
0.4 0.05 4.51734e+16
0.4 0.055 3.23363e+16
0.4 0.06 2.32083e+16
0.4 0.065 1.66473e+16
0.4 0.07 1.19167e+16
0.4 0.075 8.50848e+15
0.4 0.08 6.05958e+15
0.4 0.085 4.30604e+15
0.4 0.09 3.05493e+15
0.4 0.095 2.16532e+15
0.4 0.1 1.53461e+15
0.4 0.105 1.08847e+15
0.4 0.11 7.73384e+14
0.4 0.115 5.51026e+14
0.4 0.12 3.94095e+14
0.4 0.125 2.83242e+14
0.4 0.13 2.04804e+14
0.4 0.135 1.49172e+14
0.4 0.14 1.09599e+14
0.4 0.145 8.13591e+13
0.4 0.15 6.11365e+13
0.4 0.155 4.65969e+13
0.4 0.16 3.60707e+13
0.4 0.165 2.83333e+13
0.4 0.17 2.24691e+13
0.4 0.175 1.78021e+13
0.4 0.18 1.3858e+13
0.4 0.185 1.03258e+13
0.4 0.19 7.01563e+12
0.4 0.195 3.81801e+12
0.4 0.2 1040.02
0.405 0 0
0.405 0 9.98e+19
0.405 0.005 8.28384e+19
0.405 0.01 4.77141e+19
0.405 0.015 1.58586e+19
0.405 0.02 2.55443e+18
0.405 0.025 5.42174e+17
0.405 0.03 2.10876e+17
0.405 0.035 1.17459e+17
0.405 0.04 7.68889e+16
0.405 0.045 5.38334e+16
0.405 0.05 3.87238e+16
0.405 0.055 2.81243e+16
0.405 0.06 2.04634e+16
0.405 0.065 1.4864e+16
0.405 0.07 1.07623e+16
0.405 0.075 7.76405e+15
0.405 0.08 5.58113e+15
0.405 0.085 3.99937e+15
0.405 0.09 2.85871e+15
0.405 0.095 2.03979e+15
0.405 0.1 1.45416e+15
0.405 0.105 1.03669e+15
0.405 0.11 7.39815e+14
0.405 0.115 5.2902e+14
0.405 0.12 3.79446e+14
0.405 0.125 2.73291e+14
0.405 0.13 1.97871e+14
0.405 0.135 1.44192e+14
0.405 0.14 1.05895e+14
0.405 0.145 7.84941e+13
0.405 0.15 5.88286e+13
0.405 0.155 4.46643e+13
0.405 0.16 3.4403e+13
0.405 0.165 2.68742e+13
0.405 0.17 2.11997e+13
0.405 0.175 1.67238e+13
0.405 0.18 1.29782e+13
0.405 0.185 9.65108e+12
0.405 0.19 6.54991e+12
0.405 0.195 3.56336e+12
0.405 0.2 1040.02
0.41 0 0
0.41 0 9.98e+19
0.41 0.005 8.31535e+19
0.41 0.01 4.83777e+19
0.41 0.015 1.68686e+19
0.41 0.02 2.61518e+18
0.41 0.025 4.81049e+17
0.41 0.03 1.73417e+17
0.41 0.035 9.48747e+16
0.41 0.04 6.25607e+16
0.41 0.045 4.44802e+16
0.41 0.05 3.25432e+16
0.41 0.055 2.4025e+16
0.41 0.06 1.77459e+16
0.41 0.065 1.30673e+16
0.41 0.07 9.57864e+15
0.41 0.075 6.98716e+15
0.41 0.08 5.07304e+15
0.41 0.085 3.66805e+15
0.41 0.09 2.64307e+15
0.41 0.095 1.89954e+15
0.41 0.1 1.36284e+15
0.41 0.105 9.77053e+14
0.41 0.11 7.00647e+14
0.41 0.115 5.03078e+14
0.41 0.12 3.6206e+14
0.41 0.125 2.61457e+14
0.41 0.13 1.89657e+14
0.41 0.135 1.38354e+14
0.41 0.14 1.01626e+14
0.41 0.145 7.5271e+13
0.41 0.15 5.63071e+13
0.41 0.155 4.26184e+13
0.41 0.16 3.26891e+13
0.41 0.165 2.54096e+13
0.41 0.17 1.99458e+13
0.41 0.175 1.56689e+13
0.41 0.18 1.21222e+13
0.41 0.185 8.99648e+12
0.41 0.19 6.09867e+12
0.41 0.195 3.31664e+12
0.41 0.2 1040.02
0.415 0 0
0.415 0 9.98e+19
0.415 0.005 8.32982e+19
0.415 0.01 4.87259e+19
0.415 0.015 1.73763e+19
0.415 0.02 2.53026e+18
0.415 0.025 4.04181e+17
0.415 0.03 1.37019e+17
0.415 0.035 7.44348e+16
0.415 0.04 4.97588e+16
0.415 0.045 3.60547e+16
0.415 0.05 2.68868e+16
0.415 0.055 2.02039e+16
0.415 0.06 1.51648e+16
0.415 0.065 1.13289e+16
0.415 0.07 8.41257e+15
0.415 0.075 6.20843e+15
0.415 0.08 4.55514e+15
0.415 0.085 3.32482e+15
0.415 0.09 2.41618e+15
0.415 0.095 1.74976e+15
0.415 0.1 1.26395e+15
0.415 0.105 9.11634e+14
0.415 0.11 6.57196e+14
0.415 0.115 4.74031e+14
0.415 0.12 3.42464e+14
0.415 0.125 2.48074e+14
0.415 0.13 1.80374e+14
0.415 0.135 1.31791e+14
0.415 0.14 9.68784e+13
0.415 0.145 7.17427e+13
0.415 0.15 5.36038e+13
0.415 0.155 4.04777e+13
0.415 0.16 3.09396e+13
0.415 0.165 2.39462e+13
0.415 0.17 1.87125e+13
0.415 0.175 1.46416e+13
0.415 0.18 1.12934e+13
0.415 0.185 8.36471e+12
0.415 0.19 5.66386e+12
0.415 0.195 3.07895e+12
0.415 0.2 1040.02
0.42 0 0
0.42 0 9.98e+19
0.42 0.005 8.33853e+19
0.42 0.01 4.89791e+19
0.42 0.015 1.77619e+19
0.42 0.02 2.3906e+18
0.42 0.025 3.26736e+17
0.42 0.03 1.04868e+17
0.42 0.035 5.70412e+16
0.42 0.04 3.88569e+16
0.42 0.045 2.8773e+16
0.42 0.05 2.19025e+16
0.42 0.055 1.67674e+16
0.42 0.06 1.27964e+16
0.42 0.065 9.70273e+15
0.42 0.07 7.30169e+15
0.42 0.075 5.45358e+15
0.42 0.08 4.04479e+15
0.42 0.085 2.98127e+15
0.42 0.09 2.1857e+15
0.42 0.095 1.59548e+15
0.42 0.1 1.16076e+15
0.42 0.105 8.42558e+14
0.42 0.11 6.10833e+14
0.42 0.115 4.42765e+14
0.42 0.12 3.21228e+14
0.42 0.125 2.33511e+14
0.42 0.13 1.70262e+14
0.42 0.135 1.24657e+14
0.42 0.14 9.17506e+13
0.42 0.145 6.79725e+13
0.42 0.15 5.07579e+13
0.42 0.155 3.82656e+13
0.42 0.16 2.9168e+13
0.42 0.165 2.24922e+13
0.42 0.17 1.75053e+13
0.42 0.175 1.36462e+13
0.42 0.18 1.04951e+13
0.42 0.185 7.75832e+12
0.42 0.19 5.24726e+12
0.42 0.195 2.85131e+12
0.42 0.2 1040.02
0.425 0 0
0.425 0 9.98e+19
0.425 0.005 8.34416e+19
0.425 0.01 4.91695e+19
0.425 0.015 1.81043e+19
0.425 0.02 2.23839e+18
0.425 0.025 2.56696e+17
0.425 0.03 7.8298e+16
0.425 0.035 4.29263e+16
0.425 0.04 2.99187e+16
0.425 0.045 2.26851e+16
0.425 0.05 1.76431e+16
0.425 0.055 1.3766e+16
0.425 0.06 1.06844e+16
0.425 0.065 8.22391e+15
0.425 0.07 6.27271e+15
0.425 0.075 4.74222e+15
0.425 0.08 3.55599e+15
0.425 0.085 2.64718e+15
0.425 0.09 1.95835e+15
0.425 0.095 1.44125e+15
0.425 0.1 1.05633e+15
0.425 0.105 7.71862e+14
0.425 0.11 5.62909e+14
0.425 0.115 4.1017e+14
0.425 0.12 2.98939e+14
0.425 0.125 2.18152e+14
0.425 0.13 1.59571e+14
0.425 0.135 1.17119e+14
0.425 0.14 8.6351e+13
0.425 0.145 6.40301e+13
0.425 0.15 4.78137e+13
0.425 0.155 3.60093e+13
0.425 0.16 2.73905e+13
0.425 0.165 2.10572e+13
0.425 0.17 1.63304e+13
0.425 0.175 1.26869e+13
0.425 0.18 9.7307e+12
0.425 0.185 7.17969e+12
0.425 0.19 4.85049e+12
0.425 0.195 2.63461e+12
0.425 0.2 1040.02
0.43 0 0
0.43 0 9.98e+19
0.43 0.005 8.34793e+19
0.43 0.01 4.93118e+19
0.43 0.015 1.84171e+19
0.43 0.02 2.09296e+18
0.43 0.025 1.97364e+17
0.43 0.03 5.73853e+16
0.43 0.035 3.18831e+16
0.43 0.04 2.28042e+16
0.43 0.045 1.77263e+16
0.43 0.05 1.4091e+16
0.43 0.055 1.1206e+16
0.43 0.06 8.8447e+15
0.43 0.065 6.91026e+15
0.43 0.07 5.34183e+15
0.43 0.075 4.08766e+15
0.43 0.08 3.09902e+15
0.43 0.085 2.33019e+15
0.43 0.09 1.73963e+15
0.43 0.095 1.29096e+15
0.43 0.1 9.53347e+14
0.43 0.105 7.01396e+14
0.43 0.11 5.14678e+14
0.43 0.115 3.77092e+14
0.43 0.12 2.76165e+14
0.43 0.125 2.02378e+14
0.43 0.13 1.48556e+14
0.43 0.135 1.09345e+14
0.43 0.14 8.07911e+13
0.43 0.145 5.99887e+13
0.43 0.15 4.48184e+13
0.43 0.155 3.37382e+13
0.43 0.16 2.56251e+13
0.43 0.165 1.96519e+13
0.43 0.17 1.51941e+13
0.43 0.175 1.17681e+13
0.43 0.18 9.00305e+12
0.43 0.185 6.63097e+12
0.43 0.19 4.47499e+12
0.43 0.195 2.42966e+12
0.43 0.2 1040.02
0.435 0 0
0.435 0 9.98e+19
0.435 0.005 8.3505e+19
0.435 0.01 4.94169e+19
0.435 0.015 1.87003e+19
0.435 0.02 1.96407e+18
0.435 0.025 1.49403e+17
0.435 0.03 4.15267e+16
0.435 0.035 2.34818e+16
0.435 0.04 1.72686e+16
0.435 0.045 1.37684e+16
0.435 0.05 1.11856e+16
0.435 0.055 9.06402e+15
0.435 0.06 7.27277e+15
0.435 0.065 5.76594e+15
0.435 0.07 4.51632e+15
0.435 0.075 3.49747e+15
0.435 0.08 2.68059e+15
0.435 0.085 2.03574e+15
0.435 0.09 1.53373e+15
0.435 0.095 1.14771e+15
0.435 0.1 8.54068e+14
0.435 0.105 6.32752e+14
0.435 0.11 4.67253e+14
0.435 0.115 3.443e+14
0.435 0.12 2.53432e+14
0.435 0.125 1.86548e+14
0.435 0.13 1.3746e+14
0.435 0.135 1.015e+14
0.435 0.14 7.51813e+13
0.435 0.145 5.59218e+13
0.435 0.15 4.182e+13
0.435 0.155 3.14831e+13
0.435 0.16 2.38904e+13
0.435 0.165 1.82875e+13
0.435 0.17 1.41033e+13
0.435 0.175 1.08939e+13
0.435 0.18 8.31502e+12
0.435 0.185 6.11408e+12
0.435 0.19 4.12201e+12
0.435 0.195 2.23715e+12
0.435 0.2 1040.02
0.44 0 0
0.44 0 9.98e+19
0.44 0.005 8.35227e+19
0.44 0.01 4.94934e+19
0.44 0.015 1.8951e+19
0.44 0.02 1.85705e+18
0.44 0.025 1.12049e+17
0.44 0.03 2.98407e+16
0.44 0.035 1.72235e+16
0.44 0.04 1.30341e+16
0.44 0.045 1.06576e+16
0.44 0.05 8.84453e+15
0.44 0.055 7.29884e+15
0.44 0.06 5.9506e+15
0.44 0.065 4.78521e+15
0.44 0.07 3.79648e+15
0.44 0.075 2.97453e+15
0.44 0.08 2.30429e+15
0.44 0.085 1.76724e+15
0.44 0.09 1.34355e+15
0.44 0.095 1.01382e+15
0.44 0.1 7.6025e+14
0.44 0.105 5.6723e+14
0.44 0.11 4.21576e+14
0.44 0.115 3.12465e+14
0.44 0.12 2.31212e+14
0.44 0.125 1.70989e+14
0.44 0.13 1.26509e+14
0.44 0.135 9.37372e+13
0.44 0.14 6.9627e+13
0.44 0.145 5.19003e+13
0.44 0.15 3.88657e+13
0.44 0.155 2.92744e+13
0.44 0.16 2.22056e+13
0.44 0.165 1.69753e+13
0.44 0.17 1.30647e+13
0.44 0.175 1.00685e+13
0.44 0.18 7.66921e+12
0.44 0.185 5.63072e+12
0.44 0.19 3.79264e+12
0.44 0.195 2.05765e+12
0.44 0.2 1040.02
0.445 0 0
0.445 0 9.98e+19
0.445 0.005 8.35349e+19
0.445 0.01 4.95485e+19
0.445 0.015 1.91672e+19
0.445 0.02 1.77457e+18
0.445 0.025 8.38274e+16
0.445 0.03 2.14126e+16
0.445 0.035 1.26312e+16
0.445 0.04 9.83442e+15
0.445 0.045 8.24062e+15
0.445 0.05 6.98014e+15
0.445 0.055 5.86187e+15
0.445 0.06 4.85279e+15
0.445 0.065 3.95611e+15
0.445 0.07 3.1778e+15
0.445 0.075 2.51814e+15
0.445 0.08 1.97118e+15
0.445 0.085 1.5264e+15
0.445 0.09 1.17086e+15
0.445 0.095 8.90856e+14
0.445 0.1 6.73179e+14
0.445 0.105 5.05834e+14
0.445 0.11 3.78403e+14
0.445 0.115 2.82142e+14
0.445 0.12 2.09906e+14
0.445 0.125 1.55987e+14
0.445 0.13 1.15905e+14
0.445 0.135 8.61987e+13
0.445 0.14 6.42256e+13
0.445 0.145 4.79907e+13
0.445 0.15 3.60001e+13
0.445 0.155 2.71415e+13
0.445 0.16 2.05891e+13
0.445 0.165 1.57267e+13
0.445 0.17 1.20849e+13
0.445 0.175 9.29562e+12
0.445 0.18 7.06797e+12
0.445 0.185 5.18237e+12
0.445 0.19 3.48776e+12
0.445 0.195 1.89164e+12
0.445 0.2 1040.02
0.45 0 0
0.45 0 9.98e+19
0.45 0.005 8.35433e+19
0.45 0.01 4.95878e+19
0.45 0.015 1.93482e+19
0.45 0.02 1.71713e+18
0.45 0.025 6.29995e+16
0.45 0.03 1.54237e+16
0.45 0.035 9.29489e+15
0.45 0.04 7.43694e+15
0.45 0.045 6.37838e+15
0.45 0.05 5.50865e+15
0.45 0.055 4.70357e+15
0.45 0.06 3.95107e+15
0.45 0.065 3.26338e+15
0.45 0.07 2.65272e+15
0.45 0.075 2.12516e+15
0.45 0.08 1.68047e+15
0.45 0.085 1.31359e+15
0.45 0.09 1.01648e+15
0.45 0.095 7.79739e+14
0.45 0.1 5.93713e+14
0.45 0.105 4.49289e+14
0.45 0.11 3.38311e+14
0.45 0.115 2.53774e+14
0.45 0.12 1.89845e+14
0.45 0.125 1.41785e+14
0.45 0.13 1.05823e+14
0.45 0.135 7.90081e+13
0.45 0.14 5.90639e+13
0.45 0.145 4.42534e+13
0.45 0.15 3.32643e+13
0.45 0.155 2.51115e+13
0.45 0.16 1.90585e+13
0.45 0.165 1.45523e+13
0.45 0.17 1.11702e+13
0.45 0.175 8.57902e+12
0.45 0.18 6.51339e+12
0.45 0.185 4.77026e+12
0.45 0.19 3.20811e+12
0.45 0.195 1.7395e+12
0.45 0.2 1040.02
0.455 0 0
0.455 0 9.98e+19
0.455 0.005 8.35491e+19
0.455 0.01 4.96155e+19
0.455 0.015 1.94955e+19
0.455 0.02 1.68311e+18
0.455 0.025 4.78674e+16
0.455 0.03 1.1205e+16
0.455 0.035 6.88493e+15
0.455 0.04 5.65019e+15
0.455 0.045 4.95229e+15
0.455 0.05 4.35554e+15
0.455 0.055 3.77759e+15
0.455 0.06 3.21734e+15
0.455 0.065 2.69062e+15
0.455 0.07 2.21216e+15
0.455 0.075 1.79095e+15
0.455 0.08 1.43012e+15
0.455 0.085 1.12816e+15
0.455 0.09 8.80502e+14
0.455 0.095 6.80873e+14
0.455 0.1 5.22346e+14
0.455 0.105 3.98069e+14
0.455 0.11 3.01711e+14
0.455 0.115 2.27696e+14
0.455 0.12 1.7129e+14
0.455 0.125 1.28579e+14
0.455 0.13 9.64073e+13
0.455 0.135 7.22711e+13
0.455 0.14 5.42175e+13
0.455 0.145 4.07414e+13
0.455 0.15 3.06949e+13
0.455 0.155 2.32092e+13
0.455 0.16 1.76297e+13
0.455 0.165 1.3462e+13
0.455 0.17 1.03263e+13
0.455 0.175 7.92188e+12
0.455 0.18 6.00728e+12
0.455 0.185 4.39541e+12
0.455 0.19 2.95425e+12
0.455 0.195 1.60151e+12
0.455 0.2 1040.02
0.46 0 0
0.46 0 9.98e+19
0.46 0.005 8.3553e+19
0.46 0.01 4.9635e+19
0.46 0.015 1.9612e+19
0.46 0.02 1.66897e+18
0.46 0.025 3.69542e+16
0.46 0.03 8.24291e+15
0.46 0.035 5.14841e+15
0.46 0.04 4.32308e+15
0.46 0.045 3.86537e+15
0.46 0.05 3.45746e+15
0.46 0.055 3.04288e+15
0.46 0.06 2.62552e+15
0.46 0.065 2.22174e+15
0.46 0.07 1.84659e+15
0.46 0.075 1.51014e+15
0.46 0.08 1.21731e+15
0.46 0.085 9.68829e+14
0.46 0.09 7.6248e+14
0.46 0.095 5.94258e+14
0.46 0.1 4.5928e+14
0.46 0.105 3.52445e+14
0.46 0.11 2.68872e+14
0.46 0.115 2.04144e+14
0.46 0.12 1.54434e+14
0.46 0.125 1.16523e+14
0.46 0.13 8.77758e+13
0.46 0.135 6.6075e+13
0.46 0.14 4.97502e+13
0.46 0.145 3.75004e+13
0.46 0.15 2.83239e+13
0.46 0.155 2.14563e+13
0.46 0.16 1.6317e+13
0.46 0.165 1.24647e+13
0.46 0.17 9.55839e+12
0.46 0.175 7.3271e+12
0.46 0.18 5.55119e+12
0.46 0.185 4.05865e+12
0.46 0.19 2.72662e+12
0.46 0.195 1.47788e+12
0.46 0.2 1040.02
0.465 0 0
0.465 0 9.98e+19
0.465 0.005 8.35558e+19
0.465 0.01 4.96486e+19
0.465 0.015 1.97018e+19
0.465 0.02 1.66981e+18
0.465 0.025 2.90834e+16
0.465 0.03 6.16167e+15
0.465 0.035 3.89785e+15
0.465 0.04 3.3399e+15
0.465 0.045 3.04066e+15
0.465 0.05 2.76234e+15
0.465 0.055 2.46442e+15
0.465 0.06 2.15252e+15
0.465 0.065 1.8419e+15
0.465 0.07 1.54676e+15
0.465 0.075 1.27719e+15
0.465 0.08 1.0389e+15
0.465 0.085 8.33927e+14
0.465 0.09 6.61633e+14
0.465 0.095 5.19614e+14
0.465 0.1 4.04498e+14
0.465 0.105 3.12525e+14
0.465 0.11 2.39946e+14
0.465 0.115 1.83274e+14
0.465 0.12 1.39417e+14
0.465 0.125 1.05732e+14
0.465 0.13 8.00195e+13
0.465 0.135 6.04898e+13
0.465 0.14 4.57142e+13
0.465 0.145 3.45683e+13
0.465 0.15 2.61784e+13
0.465 0.155 1.98716e+13
0.465 0.16 1.51329e+13
0.465 0.165 1.15681e+13
0.465 0.17 8.87114e+12
0.465 0.175 6.79718e+12
0.465 0.18 5.1464e+12
0.465 0.185 3.7606e+12
0.465 0.19 2.5255e+12
0.465 0.195 1.36874e+12
0.465 0.2 1040.02
0.47 0 0
0.47 0 9.98e+19
0.47 0.005 8.35577e+19
0.47 0.01 4.9658e+19
0.47 0.015 1.97694e+19
0.47 0.02 1.68022e+18
0.47 0.025 2.33806e+16
0.47 0.03 4.6956e+15
0.47 0.035 2.99767e+15
0.47 0.04 2.61393e+15
0.47 0.045 2.41848e+15
0.47 0.05 2.22845e+15
0.47 0.055 2.01328e+15
0.47 0.06 1.77861e+15
0.47 0.065 1.53797e+15
0.47 0.07 1.30418e+15
0.47 0.075 1.08678e+15
0.47 0.08 8.91681e+14
0.47 0.085 7.2163e+14
0.47 0.09 5.76992e+14
0.47 0.095 4.56484e+14
0.47 0.1 3.57837e+14
0.47 0.105 2.78299e+14
0.47 0.11 2.14997e+14
0.47 0.115 1.65174e+14
0.47 0.12 1.26331e+14
0.47 0.125 9.62885e+13
0.47 0.13 7.32071e+13
0.47 0.135 5.55698e+13
0.47 0.14 4.2151e+13
0.47 0.145 3.19762e+13
0.47 0.15 2.42807e+13
0.47 0.155 1.84706e+13
0.47 0.16 1.40877e+13
0.47 0.165 1.0779e+13
0.47 0.17 8.26839e+12
0.47 0.175 6.33419e+12
0.47 0.18 4.79394e+12
0.47 0.185 3.50172e+12
0.47 0.19 2.3511e+12
0.47 0.195 1.27416e+12
0.47 0.2 1040.02
0.475 0 0
0.475 0 9.98e+19
0.475 0.005 8.3559e+19
0.475 0.01 4.96645e+19
0.475 0.015 1.98195e+19
0.475 0.02 1.69535e+18
0.475 0.025 1.92308e+16
0.475 0.03 3.66179e+15
0.475 0.035 2.35165e+15
0.475 0.04 2.08136e+15
0.475 0.045 1.95341e+15
0.475 0.05 1.82307e+15
0.475 0.055 1.66609e+15
0.475 0.06 1.48744e+15
0.475 0.065 1.29877e+15
0.475 0.07 1.1114e+15
0.475 0.075 9.34107e+14
0.475 0.08 7.72651e+14
0.475 0.085 6.30129e+14
0.475 0.09 5.07526e+14
0.475 0.095 4.04324e+14
0.475 0.1 3.19043e+14
0.475 0.105 2.4968e+14
0.475 0.11 1.94024e+14
0.475 0.115 1.49886e+14
0.475 0.12 1.1523e+14
0.475 0.125 8.82471e+13
0.475 0.13 6.73875e+13
0.475 0.135 5.13557e+13
0.475 0.14 3.90929e+13
0.475 0.145 2.97485e+13
0.475 0.15 2.26488e+13
0.475 0.155 1.72661e+13
0.475 0.16 1.31902e+13
0.475 0.165 1.01027e+13
0.475 0.17 7.75338e+12
0.475 0.175 5.93987e+12
0.475 0.18 4.49461e+12
0.475 0.185 3.28236e+12
0.475 0.19 2.20352e+12
0.475 0.195 1.19419e+12
0.475 0.2 1040.02
0.48 0 0
0.48 0 9.98e+19
0.48 0.005 8.35598e+19
0.48 0.01 4.9669e+19
0.48 0.015 1.98558e+19
0.48 0.02 1.71148e+18
0.48 0.025 1.62207e+16
0.48 0.03 2.93672e+15
0.48 0.035 1.89258e+15
0.48 0.04 1.69599e+15
0.48 0.045 1.61153e+15
0.48 0.05 1.52108e+15
0.48 0.055 1.40448e+15
0.48 0.06 1.26582e+15
0.48 0.065 1.11505e+15
0.48 0.07 9.62111e+14
0.48 0.075 8.14968e+14
0.48 0.08 6.7911e+14
0.48 0.085 5.57748e+14
0.48 0.09 4.52238e+14
0.48 0.095 3.62572e+14
0.48 0.1 2.87826e+14
0.48 0.105 2.26537e+14
0.48 0.11 1.76989e+14
0.48 0.115 1.37417e+14
0.48 0.12 1.06142e+14
0.48 0.125 8.16429e+13
0.48 0.13 6.25946e+13
0.48 0.135 4.7877e+13
0.48 0.14 3.65639e+13
0.48 0.145 2.79039e+13
0.48 0.15 2.12967e+13
0.48 0.155 1.62682e+13
0.48 0.16 1.24472e+13
0.48 0.165 9.54382e+12
0.48 0.17 7.32872e+12
0.48 0.175 5.61557e+12
0.48 0.18 4.24904e+12
0.48 0.185 3.10272e+12
0.48 0.19 2.08282e+12
0.48 0.195 1.12882e+12
0.48 0.2 1040.02
0.485 0 0
0.485 0 9.98e+19
0.485 0.005 8.35604e+19
0.485 0.01 4.9672e+19
0.485 0.015 1.98812e+19
0.485 0.02 1.72602e+18
0.485 0.025 1.40817e+16
0.485 0.03 2.43844e+15
0.485 0.035 1.57428e+15
0.485 0.04 1.42499e+15
0.485 0.045 1.36806e+15
0.485 0.05 1.30368e+15
0.485 0.055 1.2144e+15
0.485 0.06 1.10347e+15
0.485 0.065 9.79461e+14
0.485 0.07 8.51192e+14
0.485 0.075 7.25903e+14
0.485 0.08 6.08779e+14
0.485 0.085 5.03034e+14
0.485 0.09 4.10237e+14
0.485 0.095 3.30706e+14
0.485 0.1 2.63897e+14
0.485 0.105 2.08726e+14
0.485 0.11 1.6383e+14
0.485 0.115 1.27754e+14
0.485 0.12 9.90783e+13
0.485 0.125 7.64955e+13
0.485 0.13 5.88504e+13
0.485 0.135 4.51542e+13
0.485 0.14 3.45814e+13
0.485 0.145 2.64564e+13
0.485 0.15 2.0235e+13
0.485 0.155 1.54846e+13
0.485 0.16 1.18642e+13
0.485 0.165 9.10574e+12
0.485 0.17 6.99645e+12
0.485 0.175 5.36236e+12
0.485 0.18 4.05766e+12
0.485 0.185 2.96294e+12
0.485 0.19 1.989e+12
0.485 0.195 1.07803e+12
0.485 0.2 1040.02
0.49 0 0
0.49 0 9.98e+19
0.49 0.005 8.35608e+19
0.49 0.01 4.96739e+19
0.49 0.015 1.98979e+19
0.49 0.02 1.73731e+18
0.49 0.025 1.26462e+16
0.49 0.03 2.11389e+15
0.49 0.035 1.36589e+15
0.49 0.04 1.24576e+15
0.49 0.045 1.20551e+15
0.49 0.05 1.15737e+15
0.49 0.055 1.08556e+15
0.49 0.06 9.92735e+14
0.49 0.065 8.86465e+14
0.49 0.07 7.74724e+14
0.49 0.075 6.6421e+14
0.49 0.08 5.59849e+14
0.49 0.085 4.64814e+14
0.49 0.09 3.80786e+14
0.49 0.095 3.08283e+14
0.49 0.1 2.47004e+14
0.49 0.105 1.96114e+14
0.49 0.11 1.54486e+14
0.49 0.115 1.20874e+14
0.49 0.12 9.40376e+13
0.49 0.125 7.2815e+13
0.49 0.13 5.61684e+13
0.49 0.135 4.3201e+13
0.49 0.14 3.31576e+13
0.49 0.145 2.54159e+13
0.49 0.15 1.94715e+13
0.49 0.155 1.4921e+13
0.49 0.16 1.1445e+13
0.49 0.165 8.79105e+12
0.49 0.17 6.75808e+12
0.49 0.175 5.18098e+12
0.49 0.18 3.92079e+12
0.49 0.185 2.86309e+12
0.49 0.19 1.92203e+12
0.49 0.195 1.0418e+12
0.49 0.2 1040.02
0.495 0 0
0.495 0 9.98e+19
0.495 0.005 8.3561e+19
0.495 0.01 4.9675e+19
0.495 0.015 1.99075e+19
0.495 0.02 1.74441e+18
0.495 0.025 1.18167e+16
0.495 0.03 1.93051e+15
0.495 0.035 1.24791e+15
0.495 0.04 1.14365e+15
0.495 0.045 1.11234e+15
0.495 0.05 1.07305e+15
0.495 0.055 1.01096e+15
0.495 0.06 9.28349e+14
0.495 0.065 8.32186e+14
0.495 0.07 7.29937e+14
0.495 0.075 6.27962e+14
0.495 0.08 5.31015e+14
0.495 0.085 4.4223e+14
0.495 0.09 3.63338e+14
0.495 0.095 2.94968e+14
0.495 0.1 2.3695e+14
0.495 0.105 1.88592e+14
0.495 0.11 1.48902e+14
0.495 0.115 1.16756e+14
0.495 0.12 9.1016e+13
0.495 0.125 7.06056e+13
0.495 0.13 5.45566e+13
0.495 0.135 4.20259e+13
0.495 0.14 3.23003e+13
0.495 0.145 2.47891e+13
0.495 0.15 1.90113e+13
0.495 0.155 1.45813e+13
0.495 0.16 1.11923e+13
0.495 0.165 8.60152e+12
0.495 0.17 6.61464e+12
0.495 0.175 5.07196e+12
0.495 0.18 3.83861e+12
0.495 0.185 2.8032e+12
0.495 0.19 1.88189e+12
0.495 0.195 1.02008e+12
0.495 0.2 1040.02
0.5 0 0
0.5 0 9.98e+19
0.5 0.005 8.35611e+19
0.5 0.01 4.96753e+19
0.5 0.015 1.99105e+19
0.5 0.02 1.74683e+18
0.5 0.025 1.15449e+16
0.5 0.03 1.8711e+15
0.5 0.035 1.20969e+15
0.5 0.04 1.11049e+15
0.5 0.045 1.082e+15
0.5 0.05 1.04551e+15
0.5 0.055 9.86539e+14
0.5 0.06 9.07225e+14
0.5 0.065 8.14344e+14
0.5 0.07 7.1519e+14
0.5 0.075 6.16008e+14
0.5 0.08 5.21492e+14
0.5 0.085 4.3476e+14
0.5 0.09 3.5756e+14
0.5 0.095 2.90553e+14
0.5 0.1 2.33612e+14
0.5 0.105 1.86093e+14
0.5 0.11 1.47045e+14
0.5 0.115 1.15386e+14
0.5 0.12 9.00092e+13
0.5 0.125 6.9869e+13
0.5 0.13 5.40188e+13
0.5 0.135 4.16337e+13
0.5 0.14 3.20141e+13
0.5 0.145 2.45797e+13
0.5 0.15 1.88576e+13
0.5 0.155 1.44678e+13
0.5 0.16 1.11079e+13
0.5 0.165 8.53822e+12
0.5 0.17 6.56676e+12
0.5 0.175 5.03559e+12
0.5 0.18 3.81121e+12
0.5 0.185 2.78324e+12
0.5 0.19 1.86852e+12
0.5 0.195 1.01285e+12
0.5 0.2 1040.02
