0 0 -273.14
0 0 1.90123
0 0.005 1.96218
0 0.01 2.19373
0 0.015 2.74481
0 0.02 4.63572
0 0.025 14.151
0 0.03 30.8459
0 0.035 48.4593
0 0.04 63.9814
0 0.045 76.6264
0 0.05 85.8843
0 0.055 91.4455
0 0.06 93.1975
0 0.065 91.2099
0 0.07 85.7148
0 0.075 77.1039
0 0.08 65.9858
0 0.085 53.3134
0 0.09 40.4259
0 0.095 28.7551
0 0.1 19.2993
0 0.105 12.3362
0 0.11 7.57322
0 0.115 4.48257
0 0.12 2.54885
0 0.125 1.37
0 0.13 0.666242
0 0.135 0.254967
0 0.14 0.0212748
0 0.145 -0.105566
0 0.15 -0.168531
0 0.155 -0.193522
0 0.16 -0.196058
0 0.165 -0.185402
0 0.17 -0.167061
0 0.175 -0.144294
0 0.18 -0.119021
0 0.185 -0.0923652
0 0.19 -0.0649745
0 0.195 -0.0372203
0 0.2 -0.0139698
0.005 0 -573.556
0.005 0 3.20168
0.005 0.005 3.99266
0.005 0.01 4.55223
0.005 0.015 6.02194
0.005 0.02 11.891
0.005 0.025 33.8202
0.005 0.03 68.309
0.005 0.035 103.319
0.005 0.04 133.787
0.005 0.045 158.228
0.005 0.05 175.68
0.005 0.055 185.592
0.005 0.06 187.808
0.005 0.065 182.535
0.005 0.07 170.307
0.005 0.075 151.99
0.005 0.08 128.927
0.005 0.085 103.175
0.005 0.09 77.4898
0.005 0.095 54.6444
0.005 0.1 36.4127
0.005 0.105 23.1409
0.005 0.11 14.1364
0.005 0.115 8.32609
0.005 0.12 4.705
0.005 0.125 2.50415
0.005 0.13 1.194
0.005 0.135 0.430929
0.005 0.14 -0.000486878
0.005 0.145 -0.232578
0.005 0.15 -0.345632
0.005 0.155 -0.387978
0.005 0.16 -0.388559
0.005 0.165 -0.364631
0.005 0.17 -0.326448
0.005 0.175 -0.280072
0.005 0.18 -0.229071
0.005 0.185 -0.175527
0.005 0.19 -0.120643
0.005 0.195 -0.0651053
0.005 0.2 -0.0279206
0.01 0 -1052.36
0.01 0 7.07908
0.01 0.005 8.06091
0.01 0.01 9.27449
0.01 0.015 12.5999
0.01 0.02 26.621
0.01 0.025 74.2147
0.01 0.03 145.579
0.01 0.035 216.624
0.01 0.04 277.983
0.01 0.045 326.722
0.01 0.05 360.961
0.01 0.055 379.674
0.01 0.06 382.648
0.01 0.065 370.411
0.01 0.07 344.143
0.01 0.075 305.718
0.01 0.08 258.001
0.01 0.085 205.324
0.01 0.09 153.351
0.01 0.095 107.589
0.01 0.1 71.3857
0.01 0.105 45.21
0.01 0.11 27.5387
0.01 0.115 16.1759
0.01 0.12 9.11231
0.01 0.125 4.82763
0.01 0.13 2.28152
0.01 0.135 0.801489
0.01 0.14 -0.0330678
0.01 0.145 -0.480082
0.01 0.15 -0.695855
0.01 0.155 -0.77439
0.01 0.16 -0.771928
0.01 0.165 -0.721982
0.01 0.17 -0.644442
0.01 0.175 -0.551066
0.01 0.18 -0.448764
0.01 0.185 -0.341565
0.01 0.19 -0.231795
0.01 0.195 -0.12078
0.01 0.2 -0.0464712
0.015 0 -1692.6
0.015 0 10.9809
0.015 0.005 12.1467
0.015 0.01 14.0073
0.015 0.015 19.2435
0.015 0.02 41.9917
0.015 0.025 117.599
0.015 0.03 229.384
0.015 0.035 339.843
0.015 0.04 434.79
0.015 0.045 509.708
0.015 0.05 561.764
0.015 0.055 589.49
0.015 0.06 592.707
0.015 0.065 572.382
0.015 0.07 530.484
0.015 0.075 470.035
0.015 0.08 395.584
0.015 0.085 313.916
0.015 0.09 233.794
0.015 0.095 163.605
0.015 0.1 108.318
0.015 0.105 68.4826
0.015 0.11 41.6613
0.015 0.115 24.4497
0.015 0.12 13.7667
0.015 0.125 7.29439
0.015 0.13 3.45207
0.015 0.135 1.22034
0.015 0.14 -0.0373095
0.015 0.145 -0.710693
0.015 0.15 -1.03577
0.015 0.155 -1.15431
0.015 0.16 -1.15105
0.015 0.165 -1.07644
0.015 0.17 -0.960397
0.015 0.175 -0.820588
0.015 0.18 -0.66739
0.015 0.185 -0.506852
0.015 0.19 -0.342461
0.015 0.195 -0.176208
0.015 0.2 -0.0649282
0.02 0 -2592.29
0.02 0 14.9191
0.02 0.005 16.2521
0.02 0.01 18.7438
0.02 0.015 25.9838
0.02 0.02 58.4364
0.02 0.025 165.887
0.02 0.03 323.734
0.02 0.035 478.906
0.02 0.04 611.607
0.02 0.045 715.544
0.02 0.05 786.889
0.02 0.055 823.809
0.02 0.06 826.319
0.02 0.065 796.033
0.02 0.07 735.937
0.02 0.075 650.435
0.02 0.08 546.003
0.02 0.085 432.161
0.02 0.09 321.055
0.02 0.095 224.162
0.02 0.1 148.128
0.02 0.105 93.5146
0.02 0.11 56.8326
0.02 0.115 33.3385
0.02 0.12 18.7783
0.02 0.125 9.9676
0.02 0.13 4.74193
0.02 0.135 1.70844
0.02 0.14 -0.000965888
0.02 0.145 -0.917124
0.02 0.15 -1.36093
0.02 0.155 -1.52492
0.02 0.16 -1.52407
0.02 0.165 -1.42672
0.02 0.17 -1.27339
0.02 0.175 -1.08796
0.02 0.18 -0.884457
0.02 0.185 -0.671039
0.02 0.19 -0.452418
0.02 0.195 -0.231281
0.02 0.2 -0.0832557
0.025 0 -3888.89
0.025 0 18.9036
0.025 0.005 20.3684
0.025 0.01 23.4558
0.025 0.015 32.8365
0.025 0.02 76.4663
0.025 0.025 221.396
0.025 0.03 433.461
0.025 0.035 640.889
0.025 0.04 817.161
0.025 0.045 953.956
0.025 0.05 1046.43
0.025 0.055 1092.53
0.025 0.06 1092.74
0.025 0.065 1049.65
0.025 0.07 967.599
0.025 0.075 852.713
0.025 0.08 713.742
0.025 0.085 563.322
0.025 0.09 417.364
0.025 0.095 290.696
0.025 0.1 191.701
0.025 0.105 120.831
0.025 0.11 73.3573
0.025 0.115 43.0167
0.025 0.12 24.2462
0.025 0.125 12.9035
0.025 0.13 6.18306
0.025 0.135 2.28407
0.025 0.14 0.0865709
0.025 0.145 -1.09308
0.025 0.15 -1.66746
0.025 0.155 -1.88375
0.025 0.16 -1.88932
0.025 0.165 -1.77167
0.025 0.17 -1.58258
0.025 0.175 -1.35256
0.025 0.18 -1.0995
0.025 0.185 -0.833798
0.025 0.19 -0.561454
0.025 0.195 -0.285895
0.025 0.2 -0.10142
0.03 0 -5780.19
0.03 0 22.9396
0.03 0.005 24.4654
0.03 0.01 28.0744
0.03 0.015 39.7856
0.03 0.02 96.7141
0.03 0.025 287.087
0.03 0.03 564.667
0.03 0.035 834.603
0.03 0.04 1062.15
0.03 0.045 1236.67
0.03 0.05 1352.32
0.03 0.055 1407.13
0.03 0.06 1402.48
0.03 0.065 1342.44
0.03 0.07 1233.18
0.03 0.075 1083.02
0.03 0.08 903.441
0.03 0.085 710.689
0.03 0.09 524.905
0.03 0.095 364.573
0.03 0.1 239.852
0.03 0.105 150.904
0.03 0.11 91.503
0.03 0.115 53.6342
0.03 0.12 30.2536
0.03 0.125 16.1483
0.03 0.13 7.80119
0.03 0.135 2.96171
0.03 0.14 0.233602
0.03 0.145 -1.23366
0.03 0.15 -1.95234
0.03 0.155 -2.22883
0.03 0.16 -2.24545
0.03 0.165 -2.11029
0.03 0.17 -1.88723
0.03 0.175 -1.61383
0.03 0.18 -1.3121
0.03 0.185 -0.994823
0.03 0.19 -0.669369
0.03 0.195 -0.339951
0.03 0.2 -0.119388
0.035 0 -8554.08
0.035 0 27.0229
0.035 0.005 28.4718
0.035 0.01 32.4533
0.035 0.015 46.7526
0.035 0.02 119.996
0.035 0.025 366.903
0.035 0.03 725.36
0.035 0.035 1071.41
0.035 0.04 1360.13
0.035 0.045 1578.21
0.035 0.05 1719.02
0.035 0.055 1781.18
0.035 0.06 1767.65
0.035 0.065 1684.7
0.035 0.07 1541.07
0.035 0.075 1347.85
0.035 0.08 1119.84
0.035 0.085 877.5
0.035 0.09 645.743
0.035 0.095 447.034
0.035 0.1 293.291
0.035 0.105 184.125
0.035 0.11 111.482
0.035 0.115 65.3045
0.035 0.12 36.8612
0.035 0.125 19.7342
0.035 0.13 9.61351
0.035 0.135 3.75072
0.035 0.14 0.445375
0.035 0.145 -1.33576
0.035 0.15 -2.21363
0.035 0.155 -2.55883
0.035 0.16 -2.59149
0.035 0.165 -2.44185
0.035 0.17 -2.18674
0.035 0.175 -1.87129
0.035 0.18 -1.52188
0.035 0.185 -1.15384
0.035 0.19 -0.775983
0.035 0.195 -0.39336
0.035 0.2 -0.137133
0.04 0 -12631.6
0.04 0 31.1302
0.04 0.005 32.2371
0.04 0.01 36.3001
0.04 0.015 53.536
0.04 0.02 147.403
0.04 0.025 466.292
0.04 0.03 926.395
0.04 0.035 1366.41
0.04 0.04 1728.68
0.04 0.045 1996.98
0.04 0.05 2164.35
0.04 0.055 2230.9
0.04 0.06 2202.27
0.04 0.065 2088.02
0.04 0.07 1900.35
0.04 0.075 1653.96
0.04 0.08 1367.67
0.04 0.085 1066.82
0.04 0.09 781.714
0.04 0.095 539.103
0.04 0.1 352.557
0.04 0.105 220.769
0.04 0.11 133.429
0.04 0.115 78.0916
0.04 0.12 44.0986
0.04 0.125 23.6747
0.04 0.13 11.6262
0.04 0.135 4.6539
0.04 0.14 0.723273
0.04 0.145 -1.39856
0.04 0.15 -2.4507
0.04 0.155 -2.87321
0.04 0.16 -2.92692
0.04 0.165 -2.76585
0.04 0.17 -2.48068
0.04 0.175 -2.12456
0.04 0.18 -1.72854
0.04 0.185 -1.31061
0.04 0.19 -0.881134
0.04 0.195 -0.446041
0.04 0.2 -0.154627
0.045 0 -18629
0.045 0 35.2007
0.045 0.005 35.459
0.045 0.01 39.0452
0.045 0.015 59.701
0.045 0.02 180.445
0.045 0.025 593.028
0.045 0.03 1182.92
0.045 0.035 1740.12
0.045 0.04 2191.08
0.045 0.045 2516.63
0.045 0.05 2710.47
0.045 0.055 2775.77
0.045 0.06 2722.55
0.045 0.065 2565.2
0.045 0.07 2320.64
0.045 0.075 2008.15
0.045 0.08 1651.37
0.045 0.085 1281.3
0.045 0.09 934.252
0.045 0.095 641.47
0.045 0.1 417.945
0.045 0.105 260.941
0.045 0.11 157.37
0.045 0.115 91.9941
0.045 0.12 51.9563
0.045 0.125 27.9601
0.045 0.13 13.8315
0.045 0.135 5.66598
0.045 0.14 1.064
0.045 0.145 -1.42396
0.045 0.15 -2.6645
0.045 0.155 -3.17233
0.045 0.16 -3.25176
0.045 0.165 -3.08214
0.045 0.17 -2.7688
0.045 0.175 -2.37338
0.045 0.18 -1.93182
0.045 0.185 -1.46493
0.045 0.19 -0.984683
0.045 0.195 -0.497925
0.045 0.2 -0.171849
0.05 0 -27444.9
0.05 0 39.0996
0.05 0.005 37.5422
0.05 0.01 39.5945
0.05 0.015 64.3717
0.05 0.02 221.285
0.05 0.025 758.553
0.05 0.03 1516.64
0.05 0.035 2221.12
0.05 0.04 2778.72
0.05 0.045 3167.91
0.05 0.05 3385.09
0.05 0.055 3439.12
0.05 0.06 3347.02
0.05 0.065 3130.15
0.05 0.07 2811.78
0.05 0.075 2416.86
0.05 0.08 1974.77
0.05 0.085 1522.91
0.05 0.09 1104.16
0.05 0.095 754.338
0.05 0.1 489.408
0.05 0.105 304.527
0.05 0.11 183.196
0.05 0.115 106.927
0.05 0.12 60.3755
0.05 0.125 32.5519
0.05 0.13 16.2054
0.05 0.135 6.77221
0.05 0.14 1.45881
0.05 0.145 -1.41696
0.05 0.15 -2.85778
0.05 0.155 -3.45757
0.05 0.16 -3.56664
0.05 0.165 -3.3909
0.05 0.17 -3.05105
0.05 0.175 -2.6176
0.05 0.18 -2.13156
0.05 0.185 -1.61665
0.05 0.19 -1.08652
0.05 0.195 -0.548951
0.05 0.2 -0.188779
0.055 0 -40379
0.055 0 42.5469
0.055 0.005 37.3223
0.055 0.01 35.8564
0.055 0.015 65.8533
0.055 0.02 273.149
0.055 0.025 980.225
0.055 0.03 1959.47
0.055 0.035 2850.02
0.055 0.04 3534.52
0.055 0.045 3991.1
0.055 0.05 4222.77
0.055 0.055 4248.56
0.055 0.06 4096.33
0.055 0.065 3797.34
0.055 0.07 3383.13
0.055 0.075 2885.54
0.055 0.08 2340.49
0.055 0.085 1792.48
0.055 0.09 1291.32
0.055 0.095 877.235
0.055 0.1 566.451
0.055 0.105 351.129
0.055 0.11 210.626
0.055 0.115 122.706
0.055 0.12 69.2397
0.055 0.125 37.3786
0.055 0.13 18.7047
0.055 0.135 7.94717
0.055 0.14 1.89293
0.055 0.145 -1.38597
0.055 0.15 -3.0352
0.055 0.155 -3.73144
0.055 0.16 -3.87278
0.055 0.165 -3.69266
0.055 0.17 -3.3276
0.055 0.175 -2.8572
0.055 0.18 -2.32765
0.055 0.185 -1.76567
0.055 0.19 -1.18655
0.055 0.195 -0.599074
0.055 0.2 -0.205403
0.06 0 -59278.8
0.06 0 44.9746
0.06 0.005 32.516
0.06 0.01 23.8313
0.06 0.015 60.9475
0.06 0.02 341.083
0.06 0.025 1285.21
0.06 0.03 2559.66
0.06 0.035 3685.72
0.06 0.04 4517.9
0.06 0.045 5039.02
0.06 0.05 5266.24
0.06 0.055 5235.95
0.06 0.06 4992.49
0.06 0.065 4580.7
0.06 0.07 4042.49
0.06 0.075 3417.65
0.06 0.08 2749.2
0.06 0.085 2089.15
0.06 0.09 1494.33
0.06 0.095 1008.81
0.06 0.1 648.011
0.06 0.105 400.006
0.06 0.11 239.178
0.06 0.115 139.031
0.06 0.12 78.3669
0.06 0.125 42.332
0.06 0.13 21.2661
0.06 0.135 9.15409
0.06 0.14 2.34527
0.06 0.145 -1.34295
0.06 0.15 -3.20341
0.06 0.155 -3.99753
0.06 0.16 -4.17206
0.06 0.165 -3.98833
0.06 0.17 -3.59884
0.06 0.175 -3.09229
0.06 0.18 -2.52009
0.06 0.185 -1.9119
0.06 0.19 -1.28472
0.06 0.195 -0.648256
0.06 0.2 -0.221709
0.065 0 -86677.9
0.065 0 45.2374
0.065 0.005 18.6032
0.065 0.01 -4.15226
0.065 0.015 43.7477
0.065 0.02 433.448
0.065 0.025 1717.52
0.065 0.03 3392.25
0.065 0.035 4815.46
0.065 0.04 5811.78
0.065 0.045 6380.61
0.065 0.05 6567.09
0.065 0.055 6436.42
0.065 0.06 6057.08
0.065 0.065 5491.72
0.065 0.07 4794.38
0.065 0.075 4013.29
0.065 0.08 3198.6
0.065 0.085 2409.74
0.065 0.09 1710.14
0.065 0.095 1146.62
0.065 0.1 732.365
0.065 0.105 450.03
0.065 0.11 268.149
0.065 0.115 155.478
0.065 0.12 87.5073
0.065 0.125 47.2666
0.065 0.13 23.8055
0.065 0.135 10.3449
0.065 0.14 2.78853
0.065 0.145 -1.30324
0.065 0.15 -3.37094
0.065 0.155 -4.2605
0.065 0.16 -4.46695
0.065 0.165 -4.27917
0.065 0.17 -3.86534
0.065 0.175 -3.3231
0.065 0.18 -2.70892
0.065 0.185 -2.05534
0.065 0.19 -1.38098
0.065 0.195 -0.696473
0.065 0.2 -0.237689
0.07 0 -125792
0.07 0 41.0099
0.07 0.005 -13.52
0.07 0.01 -62.8885
0.07 0.015 3.60726
0.07 0.02 565.103
0.07 0.025 2351.53
0.07 0.03 4578.08
0.07 0.035 6371.08
0.07 0.04 7532.27
0.07 0.045 8104.21
0.07 0.05 8184.88
0.07 0.055 7885.45
0.07 0.06 7307.86
0.07 0.065 6536.3
0.07 0.07 5637.55
0.07 0.075 4667.45
0.07 0.08 3682.29
0.07 0.085 2748.06
0.07 0.09 1933.66
0.07 0.095 1286.98
0.07 0.1 817.051
0.07 0.105 499.659
0.07 0.11 296.611
0.07 0.115 171.5
0.07 0.12 96.3447
0.07 0.125 52.0013
0.07 0.13 26.22
0.07 0.135 11.4613
0.07 0.14 3.18991
0.07 0.145 -1.2852
0.07 0.15 -3.54796
0.07 0.155 -4.52591
0.07 0.16 -4.76042
0.07 0.165 -4.5667
0.07 0.17 -4.12785
0.07 0.175 -3.54994
0.07 0.18 -2.89425
0.07 0.185 -2.196
0.07 0.19 -1.47532
0.07 0.195 -0.74371
0.07 0.2 -0.253338
0.075 0 -179981
0.075 0 27.4753
0.075 0.005 -82.6917
0.075 0.01 -181.099
0.075 0.015 -77.9614
0.075 0.02 764.855
0.075 0.025 3320.06
0.075 0.03 6319.62
0.075 0.035 8555.49
0.075 0.04 9840.68
0.075 0.045 10318.6
0.075 0.05 10182.5
0.075 0.055 9612.5
0.075 0.06 8752.81
0.075 0.065 7710.17
0.075 0.07 6561.73
0.075 0.075 5367.87
0.075 0.08 4188.5
0.075 0.085 3094.27
0.075 0.09 2157.53
0.075 0.095 1424.86
0.075 0.1 898.875
0.075 0.105 546.956
0.075 0.11 323.427
0.075 0.115 186.445
0.075 0.12 104.507
0.075 0.125 56.3255
0.075 0.13 28.3911
0.075 0.135 12.4369
0.075 0.14 3.51238
0.075 0.145 -1.30938
0.075 0.15 -3.74581
0.075 0.155 -4.79994
0.075 0.16 -5.0558
0.075 0.165 -4.85267
0.075 0.17 -4.38722
0.075 0.175 -3.77322
0.075 0.18 -3.07624
0.075 0.185 -2.33392
0.075 0.19 -1.56774
0.075 0.195 -0.789956
0.075 0.2 -0.268653
0.08 0 -250697
0.08 0 -5.67632
0.08 0.005 -229.545
0.08 0.01 -414.913
0.08 0.015 -230.734
0.08 0.02 1095.1
0.08 0.025 4879.26
0.08 0.03 8972.82
0.08 0.035 11684.5
0.08 0.04 12954.3
0.08 0.045 13146.1
0.08 0.05 12613.5
0.08 0.055 11629
0.08 0.06 10381
0.08 0.065 8992.65
0.08 0.07 7543.77
0.08 0.075 6092.89
0.08 0.08 4699.08
0.08 0.085 3434.49
0.08 0.09 2372.05
0.08 0.095 1553.97
0.08 0.1 973.991
0.08 0.105 589.662
0.08 0.11 347.3
0.08 0.115 199.579
0.08 0.12 111.582
0.08 0.125 60.0101
0.08 0.13 30.1914
0.08 0.135 13.201
0.08 0.14 3.71669
0.08 0.145 -1.39749
0.08 0.15 -3.97643
0.08 0.155 -5.08912
0.08 0.16 -5.35658
0.08 0.165 -5.13889
0.08 0.17 -4.6444
0.08 0.175 -3.99338
0.08 0.18 -3.25507
0.08 0.185 -2.46915
0.08 0.19 -1.65824
0.08 0.195 -0.83521
0.08 0.2 -0.283632
0.085 0 -331963
0.085 0 -81.6938
0.085 0.005 -547.234
0.085 0.01 -874.133
0.085 0.015 -493.168
0.085 0.02 1715.26
0.085 0.025 7578.04
0.085 0.03 13196.7
0.085 0.035 16245.7
0.085 0.04 17143
0.085 0.045 16696.8
0.085 0.05 15495.9
0.085 0.055 13908.8
0.085 0.06 12150
0.085 0.065 10339.4
0.085 0.07 8543.93
0.085 0.075 6809.87
0.085 0.08 5189.02
0.085 0.085 3750.94
0.085 0.09 2565.47
0.085 0.095 1667.05
0.085 0.1 1038.12
0.085 0.105 625.331
0.085 0.11 366.859
0.085 0.115 210.138
0.085 0.12 117.15
0.085 0.125 62.8221
0.085 0.13 31.4923
0.085 0.135 13.6826
0.085 0.14 3.76377
0.085 0.145 -1.57102
0.085 0.15 -4.2516
0.085 0.155 -5.39983
0.085 0.16 -5.6662
0.085 0.165 -5.42719
0.085 0.17 -4.90028
0.085 0.175 -4.21084
0.085 0.18 -3.43092
0.085 0.185 -2.60176
0.085 0.19 -1.74683
0.085 0.195 -0.879468
0.085 0.2 -0.298275
0.09 0 -399187
0.09 0 -257.02
0.09 0.005 -1265.36
0.09 0.01 -1763.58
0.09 0.015 -854.691
0.09 0.02 3168.15
0.09 0.025 12765.4
0.09 0.03 20261.9
0.09 0.035 22945.4
0.09 0.04 22670.5
0.09 0.045 21000.7
0.09 0.05 18763.7
0.09 0.055 16359.9
0.09 0.06 13971.6
0.09 0.065 11676.1
0.09 0.07 9503.65
0.09 0.075 7474.88
0.09 0.08 5627.1
0.09 0.085 4022.74
0.09 0.09 2724.72
0.09 0.095 1756.36
0.09 0.1 1086.86
0.09 0.105 651.523
0.09 0.11 380.763
0.09 0.115 217.392
0.09 0.12 120.809
0.09 0.125 64.5427
0.09 0.13 32.1741
0.09 0.135 13.8162
0.09 0.14 3.61764
0.09 0.145 -1.84967
0.09 0.15 -4.58208
0.09 0.155 -5.73793
0.09 0.16 -5.9878
0.09 0.165 -5.7192
0.09 0.17 -5.1557
0.09 0.175 -4.42599
0.09 0.18 -3.60396
0.09 0.185 -2.73181
0.09 0.19 -1.83354
0.09 0.195 -0.922728
0.09 0.2 -0.312578
0.095 0 -397954
0.095 0 -679.856
0.095 0.005 -2818.08
0.095 0.01 -3083.21
0.095 0.015 -451.717
0.095 0.02 8298.04
0.095 0.025 24375.1
0.095 0.03 32595.4
0.095 0.035 32588.7
0.095 0.04 29587.2
0.095 0.045 25869.4
0.095 0.05 22197.3
0.095 0.055 18794.9
0.095 0.06 15701.6
0.095 0.065 12896.5
0.095 0.07 10347
0.095 0.075 8035.13
0.095 0.08 5978.1
0.095 0.085 4227.73
0.095 0.09 2836.67
0.095 0.095 1814.5
0.095 0.1 1116.17
0.095 0.105 666.052
0.095 0.11 387.838
0.095 0.115 220.706
0.095 0.12 122.218
0.095 0.125 64.9867
0.095 0.13 32.1358
0.095 0.135 13.5466
0.095 0.14 3.24821
0.095 0.145 -2.24991
0.095 0.15 -4.97684
0.095 0.155 -6.10828
0.095 0.16 -6.32396
0.095 0.165 -6.01628
0.095 0.17 -5.41133
0.095 0.175 -4.63916
0.095 0.18 -3.77431
0.095 0.185 -2.85933
0.095 0.19 -1.91834
0.095 0.195 -0.964983
0.095 0.2 -0.326539
0.1 0 -298223
0.1 0 -22249.4
0.1 0.005 -3476.06
0.1 0.01 14542.2
0.1 0.015 20773.9
0.1 0.02 39028.2
0.1 0.025 55920.6
0.1 0.03 53943
0.1 0.035 45216
0.1 0.04 37212.7
0.1 0.045 30689.5
0.1 0.05 25359.8
0.1 0.055 20920.2
0.1 0.06 17144.8
0.1 0.065 13871.1
0.1 0.07 10987.9
0.1 0.075 8434.52
0.1 0.08 6206.85
0.1 0.085 4345.07
0.1 0.09 2889.7
0.1 0.095 1835.28
0.1 0.1 1122.81
0.1 0.105 667.237
0.1 0.11 387.203
0.1 0.115 219.617
0.1 0.12 121.129
0.1 0.125 64.0203
0.1 0.13 31.305
0.1 0.135 12.8344
0.1 0.14 2.63382
0.1 0.145 -2.78359
0.1 0.15 -5.44236
0.1 0.155 -6.51437
0.1 0.16 -6.67655
0.1 0.165 -6.31937
0.1 0.17 -5.66764
0.1 0.175 -4.85053
0.1 0.18 -3.94204
0.1 0.185 -2.98432
0.1 0.19 -2.00124
0.1 0.195 -1.00622
0.1 0.2 -0.340153
0.105 0 -179284
0.105 0 -10669.3
0.105 0.005 45651.2
0.105 0.01 69248.3
0.105 0.015 84967.6
0.105 0.02 104224
0.105 0.025 97736.3
0.105 0.03 74661.2
0.105 0.035 55939
0.105 0.04 43231.7
0.105 0.045 34303.9
0.105 0.05 27630
0.105 0.055 22381
0.105 0.06 18088.5
0.105 0.065 14468.2
0.105 0.07 11344.1
0.105 0.075 8622.41
0.105 0.08 6283.6
0.105 0.085 4358.43
0.105 0.09 2875.44
0.105 0.095 1814.59
0.105 0.1 1104.81
0.105 0.105 654.119
0.105 0.11 378.381
0.105 0.115 213.878
0.105 0.12 117.413
0.105 0.125 61.5745
0.105 0.13 29.6441
0.105 0.135 11.6589
0.105 0.14 1.76308
0.105 0.145 -3.457
0.105 0.15 -5.98209
0.105 0.155 -6.95806
0.105 0.16 -7.04655
0.105 0.165 -6.62896
0.105 0.17 -5.92482
0.105 0.175 -5.06017
0.105 0.18 -4.10714
0.105 0.185 -3.10675
0.105 0.19 -2.08219
0.105 0.195 -1.04642
0.105 0.2 -0.35341
0.11 0 -98545.3
0.11 0 20769.9
0.11 0.005 73305.7
0.11 0.01 117057
0.11 0.015 137390
0.11 0.02 135150
0.11 0.025 107428
0.11 0.03 79121.5
0.11 0.035 58973.1
0.11 0.04 45300.2
0.11 0.045 35649.1
0.11 0.05 28472.7
0.11 0.055 22885
0.11 0.06 18363.7
0.11 0.065 14586.6
0.11 0.07 11354.8
0.11 0.075 8563.53
0.11 0.08 6189.48
0.11 0.085 4258.86
0.11 0.09 2790.19
0.11 0.095 1751.11
0.11 0.1 1061.77
0.11 0.105 626.596
0.11 0.11 361.357
0.11 0.115 203.495
0.11 0.12 111.074
0.11 0.125 57.6515
0.11 0.13 27.1538
0.11 0.135 10.0198
0.11 0.14 0.635585
0.11 0.145 -4.27053
0.11 0.15 -6.5963
0.11 0.155 -7.43952
0.11 0.16 -7.43398
0.11 0.165 -6.94501
0.11 0.17 -6.18281
0.11 0.175 -5.26799
0.11 0.18 -4.26951
0.11 0.185 -3.22655
0.11 0.19 -2.16114
0.11 0.195 -1.08555
0.11 0.2 -0.3663
0.115 0 -72799.8
0.115 0 6843.51
0.115 0.005 54972.2
0.115 0.01 96971.9
0.115 0.015 113104
0.115 0.02 107438
0.115 0.025 89130
0.115 0.03 70145.5
0.115 0.035 54850.7
0.115 0.04 43277.5
0.115 0.045 34511.4
0.115 0.05 27724.5
0.115 0.055 22322.4
0.115 0.06 17899.6
0.115 0.065 14182.4
0.115 0.07 10994.6
0.115 0.075 8245.42
0.115 0.08 5920.3
0.115 0.085 4046.49
0.115 0.09 2635.57
0.115 0.095 1646.5
0.115 0.1 994.885
0.115 0.105 585.435
0.115 0.11 336.577
0.115 0.115 188.714
0.115 0.12 102.246
0.115 0.125 52.3227
0.115 0.13 23.8715
0.115 0.135 7.93693
0.115 0.14 -0.738481
0.115 0.145 -5.21887
0.115 0.15 -7.2822
0.115 0.155 -7.95722
0.115 0.16 -7.83801
0.115 0.165 -7.26702
0.115 0.17 -6.44127
0.115 0.175 -5.47376
0.115 0.18 -4.429
0.115 0.185 -3.34359
0.115 0.19 -2.23802
0.115 0.195 -1.12357
0.115 0.2 -0.37881
0.12 0 -54347.3
0.12 0 -16002.6
0.12 0.005 14024.5
0.12 0.01 48647.1
0.12 0.015 67825.7
0.12 0.02 71994.5
0.12 0.025 66134.6
0.12 0.03 56551.2
0.12 0.035 46883.8
0.12 0.04 38430
0.12 0.045 31389.4
0.12 0.05 25589.2
0.12 0.055 20780.8
0.12 0.06 16736.8
0.12 0.065 13277.4
0.12 0.07 10278.5
0.12 0.075 7680.68
0.12 0.08 5487.23
0.12 0.085 3730.49
0.12 0.09 2418.28
0.12 0.095 1505.14
0.12 0.1 906.812
0.12 0.105 532.149
0.12 0.11 304.881
0.12 0.115 169.992
0.12 0.12 91.1749
0.12 0.125 45.7181
0.12 0.13 19.866
0.12 0.135 5.44639
0.12 0.14 -2.34
0.12 0.145 -6.29193
0.12 0.15 -8.03441
0.12 0.155 -8.50827
0.12 0.16 -8.25702
0.12 0.165 -7.59407
0.12 0.17 -6.69965
0.12 0.175 -5.67712
0.12 0.18 -4.58538
0.12 0.185 -3.45773
0.12 0.19 -2.31272
0.12 0.195 -1.16044
0.12 0.2 -0.390923
0.125 0 -44997.7
0.125 0 -26015.6
0.125 0.005 -6022.6
0.125 0.01 20269.4
0.125 0.015 37978.7
0.125 0.02 46073.8
0.125 0.025 46625.8
0.125 0.03 42973.4
0.125 0.035 37681.1
0.125 0.04 32159.4
0.125 0.045 27021.8
0.125 0.05 22459.9
0.125 0.055 18475.3
0.125 0.06 14998.5
0.125 0.065 11946.5
0.125 0.07 9255.19
0.125 0.075 6903.09
0.125 0.08 4914.15
0.125 0.085 3327.19
0.125 0.09 2148.82
0.125 0.095 1333.36
0.125 0.1 801.199
0.125 0.105 468.774
0.125 0.11 267.379
0.125 0.115 147.928
0.125 0.12 78.1795
0.125 0.125 38.0079
0.125 0.13 15.2277
0.125 0.135 2.59614
0.125 0.14 -4.14358
0.125 0.145 -7.47622
0.125 0.15 -8.84575
0.125 0.155 -9.08879
0.125 0.16 -8.68891
0.125 0.165 -7.92495
0.125 0.17 -6.95725
0.125 0.175 -5.87765
0.125 0.18 -4.73836
0.125 0.185 -3.56879
0.125 0.19 -2.38515
0.125 0.195 -1.19611
0.125 0.2 -0.402625
0.13 0 -41758.5
0.13 0 -30876.9
0.13 0.005 -15183.8
0.13 0.01 5028.57
0.13 0.015 19611.2
0.13 0.02 28115
0.13 0.025 31351.4
0.13 0.03 31010.4
0.13 0.035 28688
0.13 0.04 25493.7
0.13 0.045 22072.9
0.13 0.05 18750.5
0.13 0.055 15662.9
0.13 0.06 12846.4
0.13 0.065 10293.9
0.13 0.07 7994.15
0.13 0.075 5959.73
0.13 0.08 4232.69
0.13 0.085 2857.02
0.13 0.09 1839.68
0.13 0.095 1138.47
0.13 0.1 682.16
0.13 0.105 397.574
0.13 0.11 225.301
0.13 0.115 123.182
0.13 0.12 63.6141
0.13 0.125 29.3811
0.13 0.13 10.057
0.13 0.135 -0.560546
0.13 0.14 -6.12097
0.13 0.145 -8.75674
0.13 0.15 -9.70821
0.13 0.155 -9.69448
0.13 0.16 -9.13129
0.13 0.165 -8.25833
0.13 0.17 -7.21329
0.13 0.175 -6.07487
0.13 0.18 -4.88766
0.13 0.185 -3.67658
0.13 0.19 -2.4552
0.13 0.195 -1.23053
0.13 0.2 -0.413899
0.135 0 -41293.3
0.135 0 -34235.1
0.135 0.005 -20752.6
0.135 0.01 -4335.14
0.135 0.015 7588.97
0.135 0.02 15417.1
0.135 0.025 19589.4
0.135 0.03 20981.1
0.135 0.035 20540.7
0.135 0.04 19041.3
0.135 0.045 17018.6
0.135 0.05 14803.4
0.135 0.055 12580.5
0.135 0.06 10442.2
0.135 0.065 8430.2
0.135 0.07 6570.93
0.135 0.075 4901.82
0.135 0.08 3476.51
0.135 0.085 2341.09
0.135 0.09 1503.47
0.135 0.095 927.676
0.135 0.1 553.709
0.135 0.105 320.748
0.135 0.11 179.838
0.135 0.115 96.3968
0.135 0.12 47.8222
0.135 0.125 20.0208
0.135 0.13 4.45144
0.135 0.135 -3.97188
0.135 0.14 -8.24473
0.135 0.145 -10.119
0.135 0.15 -10.6141
0.135 0.155 -10.3212
0.135 0.16 -9.58194
0.135 0.165 -8.59298
0.135 0.17 -7.46705
0.135 0.175 -6.26835
0.135 0.18 -5.033
0.135 0.185 -3.78094
0.135 0.19 -2.52277
0.135 0.195 -1.26366
0.135 0.2 -0.424734
0.14 0 -42158.6
0.14 0 -37100
0.14 0.005 -24919.8
0.14 0.01 -10845.1
0.14 0.015 -842.309
0.14 0.02 6124.14
0.14 0.025 10473.3
0.14 0.03 12715.7
0.14 0.035 13418.8
0.14 0.04 13095.9
0.14 0.045 12148.5
0.14 0.05 10859.9
0.14 0.055 9414.4
0.14 0.06 7923.72
0.14 0.065 6454.61
0.14 0.07 5055.3
0.14 0.075 3776.79
0.14 0.08 2676.38
0.14 0.085 1798.26
0.14 0.09 1151.19
0.14 0.095 707.194
0.14 0.1 419.28
0.14 0.105 240.17
0.14 0.11 132.005
0.14 0.115 68.1179
0.14 0.12 31.0968
0.14 0.125 10.0833
0.14 0.13 -1.50617
0.14 0.135 -7.59419
0.14 0.14 -10.4919
0.14 0.145 -11.5509
0.14 0.15 -11.5571
0.14 0.155 -10.9657
0.14 0.16 -10.0391
0.14 0.165 -8.9279
0.14 0.17 -7.71796
0.14 0.175 -6.45774
0.14 0.18 -5.17416
0.14 0.185 -3.88172
0.14 0.19 -2.58777
0.14 0.195 -1.29545
0.14 0.2 -0.435117
0.145 0 -43683.8
0.145 0 -39774.3
0.145 0.005 -28424.1
0.145 0.01 -15827.9
0.145 0.015 -7153.62
0.145 0.02 -952.539
0.145 0.025 3277.33
0.145 0.03 5901.85
0.145 0.035 7281.5
0.145 0.04 7754.9
0.145 0.045 7609.52
0.145 0.05 7068.67
0.145 0.055 6293.6
0.145 0.06 5394.4
0.145 0.065 4445.54
0.145 0.07 3503.75
0.145 0.075 2623.09
0.145 0.08 1856.79
0.145 0.085 1243.21
0.145 0.09 791.232
0.145 0.095 481.661
0.145 0.1 281.402
0.145 0.105 157.207
0.145 0.11 82.538
0.145 0.115 38.7398
0.145 0.12 13.6471
0.145 0.125 -0.321163
0.145 0.13 -7.75827
0.145 0.135 -11.3978
0.145 0.14 -12.8474
0.145 0.145 -13.0448
0.145 0.15 -12.5334
0.145 0.155 -11.626
0.145 0.16 -10.5018
0.145 0.165 -9.26261
0.145 0.17 -7.96575
0.145 0.175 -6.64287
0.145 0.18 -5.31102
0.145 0.185 -3.97884
0.145 0.19 -2.65014
0.145 0.195 -1.32588
0.145 0.2 -0.445032
0.15 0 -45544.3
0.15 0 -42363.6
0.15 0.005 -31571.8
0.15 0.01 -19931.3
0.15 0.015 -12162.4
0.15 0.02 -6566.13
0.15 0.025 -2544.01
0.15 0.03 226.348
0.15 0.035 2000.33
0.15 0.04 3008.32
0.15 0.045 3453.73
0.15 0.05 3505.57
0.15 0.055 3295.85
0.15 0.06 2922.64
0.15 0.065 2457.61
0.15 0.07 1956.4
0.15 0.075 1467.71
0.15 0.08 1034.42
0.15 0.085 685.487
0.15 0.09 428.774
0.15 0.095 253.823
0.15 0.1 141.516
0.15 0.105 72.6149
0.15 0.11 31.8305
0.15 0.115 8.46545
0.15 0.12 -4.42368
0.15 0.125 -11.1416
0.15 0.13 -14.2807
0.15 0.135 -15.3718
0.15 0.14 -15.3068
0.15 0.145 -14.5995
0.15 0.15 -13.5428
0.15 0.155 -12.3023
0.15 0.16 -10.9703
0.15 0.165 -9.59732
0.15 0.17 -8.21053
0.15 0.175 -6.82379
0.15 0.18 -5.44358
0.15 0.185 -4.07227
0.15 0.19 -2.70986
0.15 0.195 -1.35492
0.15 0.2 -0.454478
0.155 0 -47586.6
0.155 0 -44917.3
0.155 0.005 -34515
0.155 0.01 -23501.2
0.155 0.015 -16343.5
0.155 0.02 -11198
0.155 0.025 -7383.69
0.155 0.03 -4578.13
0.155 0.035 -2574.27
0.155 0.04 -1204.76
0.155 0.045 -323.295
0.155 0.05 196.412
0.155 0.055 458.825
0.155 0.06 546.615
0.155 0.065 523.215
0.155 0.07 437.169
0.155 0.075 326.146
0.155 0.08 218.03
0.155 0.085 129.463
0.155 0.09 65.7854
0.155 0.095 24.4932
0.155 0.1 -0.0704359
0.155 0.105 -13.5065
0.155 0.11 -20.0982
0.155 0.115 -22.7153
0.155 0.12 -23.1341
0.155 0.125 -22.3966
0.155 0.13 -21.0889
0.155 0.135 -19.5283
0.155 0.14 -17.879
0.155 0.145 -16.221
0.155 0.15 -14.5896
0.155 0.155 -12.9976
0.155 0.16 -11.4464
0.155 0.165 -9.93317
0.155 0.17 -8.453
0.155 0.175 -7.0009
0.155 0.18 -5.57207
0.155 0.185 -4.16212
0.155 0.19 -2.76697
0.155 0.195 -1.3826
0.155 0.2 -0.463465
0.16 0 -49741.1
0.16 0 -47464.9
0.16 0.005 -37339.9
0.16 0.01 -26736.7
0.16 0.015 -19985.1
0.16 0.02 -15161.7
0.16 0.025 -11521.5
0.16 0.03 -8725.29
0.16 0.035 -6583.89
0.16 0.04 -4964.13
0.16 0.045 -3756.21
0.16 0.05 -2864.86
0.16 0.055 -2208.35
0.16 0.06 -1719.03
0.16 0.065 -1343.69
0.16 0.07 -1043.89
0.16 0.075 -796.222
0.16 0.08 -590.636
0.16 0.085 -425.135
0.16 0.09 -298.721
0.16 0.095 -207.334
0.16 0.1 -144.142
0.16 0.105 -101.705
0.16 0.11 -73.6101
0.16 0.115 -55.0358
0.16 0.12 -42.633
0.16 0.125 -34.1805
0.16 0.13 -28.243
0.16 0.135 -23.9054
0.16 0.14 -20.5881
0.16 0.145 -17.9247
0.16 0.15 -15.6835
0.16 0.155 -13.7177
0.16 0.16 -11.934
0.16 0.165 -10.2724
0.16 0.17 -8.69454
0.16 0.175 -7.175
0.16 0.18 -5.69694
0.16 0.185 -4.24866
0.16 0.19 -2.82161
0.16 0.195 -1.40897
0.16 0.2 -0.472018
0.165 0 -51978.7
0.165 0 -50027.4
0.165 0.005 -40101.2
0.165 0.01 -29760.9
0.165 0.015 -23270.3
0.165 0.02 -18666.6
0.165 0.025 -15157.3
0.165 0.03 -12381.4
0.165 0.035 -10151.8
0.165 0.04 -8351.75
0.165 0.045 -6893.41
0.165 0.05 -5702.7
0.165 0.055 -4715.27
0.165 0.06 -3876.4
0.165 0.065 -3143
0.165 0.07 -2487.59
0.165 0.075 -1902.05
0.165 0.08 -1395.54
0.165 0.085 -982.459
0.165 0.09 -668.279
0.165 0.095 -444.29
0.165 0.1 -292.501
0.165 0.105 -193.152
0.165 0.11 -129.446
0.165 0.115 -88.9572
0.165 0.12 -63.2055
0.165 0.125 -46.6696
0.165 0.13 -35.8519
0.165 0.135 -28.5705
0.165 0.14 -23.4758
0.165 0.145 -19.7363
0.165 0.15 -16.8403
0.165 0.155 -14.4726
0.165 0.16 -12.4389
0.165 0.165 -10.6188
0.165 0.17 -8.93737
0.165 0.175 -7.34744
0.165 0.18 -5.81898
0.165 0.185 -4.33233
0.165 0.19 -2.87403
0.165 0.195 -1.43415
0.165 0.2 -0.480176
0.17 0 -54289.7
0.17 0 -52621.6
0.17 0.005 -42836.4
0.17 0.01 -32654.2
0.17 0.015 -26320
0.17 0.02 -21856.1
0.17 0.025 -18435.3
0.17 0.03 -15674.6
0.17 0.035 -13381.1
0.17 0.04 -11444
0.17 0.045 -9787.36
0.17 0.05 -8350.89
0.17 0.055 -7082.77
0.17 0.06 -5938.59
0.17 0.065 -4884.21
0.17 0.07 -3902.4
0.17 0.075 -2999.86
0.17 0.08 -2204.92
0.17 0.085 -1549.73
0.17 0.09 -1048.55
0.17 0.095 -690.445
0.17 0.1 -447.89
0.17 0.105 -289.622
0.17 0.11 -188.724
0.17 0.115 -125.175
0.17 0.12 -85.2811
0.17 0.125 -60.1282
0.17 0.13 -44.0781
0.17 0.135 -33.6235
0.17 0.14 -26.6038
0.17 0.145 -21.6939
0.17 0.15 -18.0834
0.17 0.155 -15.2766
0.17 0.16 -12.9701
0.17 0.165 -10.9777
0.17 0.17 -9.18477
0.17 0.175 -7.52018
0.17 0.18 -5.93937
0.17 0.185 -4.4138
0.17 0.19 -2.92459
0.17 0.195 -1.45831
0.17 0.2 -0.487999
0.175 0 -56673.8
0.175 0 -55261.9
0.175 0.005 -45573.2
0.175 0.01 -35472.5
0.175 0.015 -29217.9
0.175 0.02 -24831.8
0.175 0.025 -21461.5
0.175 0.03 -18704.1
0.175 0.035 -16356.9
0.175 0.04 -14308.8
0.175 0.045 -12489.4
0.175 0.05 -10846.7
0.175 0.055 -9337.52
0.175 0.06 -7925.16
0.175 0.065 -6582.78
0.175 0.07 -5301.83
0.175 0.075 -4102.1
0.175 0.08 -3030.11
0.175 0.085 -2136.52
0.175 0.09 -1447
0.175 0.095 -951.164
0.175 0.1 -613.952
0.175 0.105 -393.49
0.175 0.11 -252.954
0.175 0.115 -164.633
0.175 0.12 -109.445
0.175 0.125 -74.9182
0.175 0.13 -53.1448
0.175 0.135 -39.2023
0.175 0.14 -30.0569
0.175 0.145 -23.8499
0.175 0.15 -19.4452
0.175 0.155 -16.1497
0.175 0.16 -13.5398
0.175 0.165 -11.3566
0.175 0.17 -9.44133
0.175 0.175 -7.69601
0.175 0.18 -6.05976
0.175 0.185 -4.49407
0.175 0.19 -2.97384
0.175 0.195 -1.48168
0.175 0.2 -0.495573
0.18 0 -59135.1
0.18 0 -57961
0.18 0.005 -48333.7
0.18 0.01 -38256.3
0.18 0.015 -32023.9
0.18 0.02 -27667.4
0.18 0.025 -24315.5
0.18 0.03 -21547.2
0.18 0.035 -19148.8
0.18 0.04 -17005.1
0.18 0.045 -15047.3
0.18 0.05 -13227.6
0.18 0.055 -11508.5
0.18 0.06 -9858.97
0.18 0.065 -8257.49
0.18 0.07 -6702.25
0.18 0.075 -5223.67
0.18 0.08 -3884.49
0.18 0.085 -2754.27
0.18 0.09 -1872.62
0.18 0.095 -1233.04
0.18 0.1 -795.231
0.18 0.105 -507.758
0.18 0.11 -324.064
0.18 0.115 -208.55
0.18 0.12 -136.46
0.18 0.125 -91.513
0.18 0.13 -63.3455
0.18 0.135 -45.4882
0.18 0.14 -33.9475
0.18 0.145 -26.2736
0.18 0.15 -20.9687
0.18 0.155 -17.1183
0.18 0.16 -14.1643
0.18 0.165 -11.7656
0.18 0.17 -9.71322
0.18 0.175 -7.87869
0.18 0.18 -6.18243
0.18 0.185 -4.57446
0.18 0.19 -3.02251
0.18 0.195 -1.50461
0.18 0.2 -0.503016
0.185 0 -61680
0.185 0 -60730.7
0.185 0.005 -51136.4
0.185 0.01 -41037
0.185 0.015 -34782.8
0.185 0.02 -30418.5
0.185 0.025 -27058.1
0.185 0.03 -24265
0.185 0.035 -21813.8
0.185 0.04 -19583.5
0.185 0.045 -17504
0.185 0.05 -15529.3
0.185 0.055 -13625
0.185 0.06 -11764
0.185 0.065 -9928.55
0.185 0.07 -8121.43
0.185 0.075 -6380.72
0.185 0.08 -4782.84
0.185 0.085 -3415.83
0.185 0.09 -2335.85
0.185 0.095 -1543.9
0.185 0.1 -997.242
0.185 0.105 -636.131
0.185 0.11 -404.466
0.185 0.115 -258.463
0.185 0.12 -167.294
0.185 0.125 -110.519
0.185 0.13 -75.058
0.185 0.135 -52.7164
0.185 0.14 -38.4215
0.185 0.145 -29.0557
0.185 0.15 -22.7099
0.185 0.155 -18.2173
0.185 0.16 -14.8653
0.185 0.165 -12.218
0.185 0.17 -10.0086
0.185 0.175 -8.07324
0.185 0.18 -6.31043
0.185 0.185 -4.65678
0.185 0.19 -3.07163
0.185 0.195 -1.52755
0.185 0.2 -0.510489
0.19 0 -64316
0.19 0 -63582.5
0.19 0.005 -53997.5
0.19 0.01 -43839.8
0.19 0.015 -37529.7
0.19 0.02 -33127.8
0.19 0.025 -29737.1
0.19 0.03 -26906.4
0.19 0.035 -24399.2
0.19 0.04 -22087.5
0.19 0.045 -19898
0.19 0.05 -17784.7
0.19 0.055 -15715
0.19 0.06 -13663.9
0.19 0.065 -11616.4
0.19 0.07 -9577.46
0.19 0.075 -7589.98
0.19 0.08 -5740.76
0.19 0.085 -4135.3
0.19 0.09 -2848.52
0.19 0.095 -1892.91
0.19 0.1 -1226.59
0.19 0.105 -783.126
0.19 0.11 -497.141
0.19 0.115 -316.296
0.19 0.12 -203.17
0.19 0.125 -132.705
0.19 0.13 -88.7644
0.19 0.135 -61.1878
0.19 0.14 -43.6666
0.19 0.145 -32.313
0.19 0.15 -24.7415
0.19 0.155 -19.4919
0.19 0.16 -15.6707
0.19 0.165 -12.7312
0.19 0.17 -10.3383
0.19 0.175 -8.28627
0.19 0.18 -6.44778
0.19 0.185 -4.74343
0.19 0.19 -3.12252
0.19 0.195 -1.55112
0.19 0.2 -0.518204
0.195 0 -67051.4
0.195 0 -66527.6
0.195 0.005 -56932
0.195 0.01 -46686.1
0.195 0.015 -40292.9
0.195 0.02 -35830
0.195 0.025 -32391
0.195 0.03 -29511.7
0.195 0.035 -26944.7
0.195 0.04 -24554.2
0.195 0.045 -22263.1
0.195 0.05 -20024
0.195 0.055 -17804.7
0.195 0.06 -15581.6
0.195 0.065 -13340.8
0.195 0.07 -11088.1
0.195 0.075 -8868.1
0.195 0.08 -6774.32
0.195 0.085 -4927.79
0.195 0.09 -3423.85
0.195 0.095 -2290.67
0.195 0.1 -1491.14
0.195 0.105 -954.242
0.195 0.11 -605.772
0.195 0.115 -384.447
0.195 0.12 -245.623
0.195 0.125 -159.046
0.195 0.13 -105.078
0.195 0.135 -71.2873
0.195 0.14 -49.9236
0.195 0.145 -36.1959
0.195 0.15 -27.1575
0.195 0.155 -21.0005
0.195 0.16 -16.6169
0.195 0.165 -13.3277
0.195 0.17 -10.7163
0.195 0.175 -8.52642
0.195 0.18 -6.59977
0.195 0.185 -4.83757
0.195 0.19 -3.17696
0.195 0.195 -1.57611
0.195 0.2 -0.526442
0.2 0 -69894.9
0.2 0 -69577
0.2 0.005 -59953.8
0.2 0.01 -49594.8
0.2 0.015 -43096.3
0.2 0.02 -38553.6
0.2 0.025 -35051.6
0.2 0.03 -32114.3
0.2 0.035 -29483.6
0.2 0.04 -27015.9
0.2 0.045 -24629.4
0.2 0.05 -22274.4
0.2 0.055 -19918.5
0.2 0.06 -17538.4
0.2 0.065 -15120.7
0.2 0.07 -12670.6
0.2 0.075 -10231.4
0.2 0.08 -7899.76
0.2 0.085 -5809.28
0.2 0.09 -4076.51
0.2 0.095 -2749.44
0.2 0.1 -1800.27
0.2 0.105 -1156.17
0.2 0.11 -734.909
0.2 0.115 -465.917
0.2 0.12 -296.591
0.2 0.125 -190.777
0.2 0.13 -124.78
0.2 0.135 -83.5068
0.2 0.14 -57.5011
0.2 0.145 -40.8978
0.2 0.15 -30.0787
0.2 0.155 -22.8186
0.2 0.16 -17.7511
0.2 0.165 -14.037
0.2 0.17 -11.1607
0.2 0.175 -8.80495
0.2 0.18 -6.77328
0.2 0.185 -4.94332
0.2 0.19 -3.23727
0.2 0.195 -1.6036
0.2 0.2 -0.535568
0.205 0 -72855.9
0.205 0 -72742.1
0.205 0.005 -63076.8
0.205 0.01 -52583.1
0.205 0.015 -45961
0.205 0.02 -41323
0.205 0.025 -37746
0.205 0.03 -34742.9
0.205 0.035 -32044.9
0.205 0.04 -29500.8
0.205 0.045 -27023.4
0.205 0.05 -24560.6
0.205 0.055 -22078.6
0.205 0.06 -19554.3
0.205 0.065 -16973.9
0.205 0.07 -14340.9
0.205 0.075 -11695.5
0.205 0.08 -9133.17
0.205 0.085 -6796.44
0.205 0.09 -4822.63
0.205 0.095 -3283.28
0.205 0.1 -2165.1
0.205 0.105 -1397.05
0.205 0.11 -890.191
0.205 0.115 -564.465
0.205 0.12 -358.523
0.205 0.125 -229.468
0.205 0.13 -148.869
0.205 0.135 -98.4768
0.205 0.14 -66.7961
0.205 0.145 -46.6678
0.205 0.15 -33.6611
0.205 0.155 -25.0438
0.205 0.16 -19.1341
0.205 0.165 -14.8969
0.205 0.17 -11.6953
0.205 0.175 -9.13645
0.205 0.18 -6.97726
0.205 0.185 -5.06603
0.205 0.19 -3.30647
0.205 0.195 -1.63495
0.205 0.2 -0.546062
0.21 0 -75944
0.21 0 -76034.5
0.21 0.005 -66314.6
0.21 0.01 -55667.5
0.21 0.015 -48906.2
0.21 0.02 -44160
0.21 0.025 -40498.1
0.21 0.03 -37422.3
0.21 0.035 -34653.9
0.21 0.04 -32033.7
0.21 0.045 -29469.2
0.21 0.05 -26904.9
0.21 0.055 -24305.6
0.21 0.06 -21647.8
0.21 0.065 -18917
0.21 0.07 -16114.5
0.21 0.075 -13275.2
0.21 0.08 -10490.3
0.21 0.085 -7906.33
0.21 0.09 -5679.64
0.21 0.095 -3908.21
0.21 0.1 -2598.8
0.21 0.105 -1686.78
0.21 0.11 -1078.61
0.21 0.115 -684.815
0.21 0.12 -434.523
0.21 0.125 -277.123
0.21 0.13 -178.624
0.21 0.135 -117.008
0.21 0.14 -78.3195
0.21 0.145 -53.8271
0.21 0.15 -38.1064
0.21 0.155 -27.8024
0.21 0.16 -20.8448
0.21 0.165 -15.9567
0.21 0.17 -12.3505
0.21 0.175 -9.53988
0.21 0.18 -7.22334
0.21 0.185 -5.21269
0.21 0.19 -3.38848
0.21 0.195 -1.67195
0.21 0.2 -0.558543
0.215 0 -79169.4
0.215 0 -79466.1
0.215 0.005 -69681.2
0.215 0.01 -58864
0.215 0.015 -51949.9
0.215 0.02 -47084.6
0.215 0.025 -43329.2
0.215 0.03 -40175
0.215 0.035 -37333.4
0.215 0.04 -34637.2
0.215 0.045 -31988.2
0.215 0.05 -29327.5
0.215 0.055 -26618.2
0.215 0.06 -23835.9
0.215 0.065 -20965.3
0.215 0.07 -18005.2
0.215 0.075 -14984.3
0.215 0.08 -11986
0.215 0.085 -9156.05
0.215 0.09 -6666.11
0.215 0.095 -4642.2
0.215 0.1 -3116.82
0.215 0.105 -2037.38
0.215 0.11 -1308.81
0.215 0.115 -832.904
0.215 0.12 -528.531
0.215 0.125 -336.303
0.215 0.13 -215.685
0.215 0.135 -140.143
0.215 0.14 -92.7309
0.215 0.145 -62.7911
0.215 0.15 -43.6751
0.215 0.155 -31.2577
0.215 0.16 -22.9854
0.215 0.165 -17.28
0.215 0.17 -13.1661
0.215 0.175 -10.0398
0.215 0.18 -7.52661
0.215 0.185 -5.39234
0.215 0.19 -3.48839
0.215 0.195 -1.71693
0.215 0.2 -0.573815
0.22 0 -82543.1
0.22 0 -83049.4
0.22 0.005 -73190.9
0.22 0.01 -62188.6
0.22 0.015 -55109.6
0.22 0.02 -50115.5
0.22 0.025 -46259.3
0.22 0.03 -43021.7
0.22 0.035 -40104.2
0.22 0.04 -37331.6
0.22 0.045 -34600.2
0.22 0.05 -31847.3
0.22 0.055 -29033.9
0.22 0.06 -26134.6
0.22 0.065 -23133.3
0.22 0.07 -20026.2
0.22 0.075 -16835.5
0.22 0.08 -13634.2
0.22 0.085 -10562.2
0.22 0.09 -7801.28
0.22 0.095 -5505.12
0.22 0.1 -3737.08
0.22 0.105 -2463.28
0.22 0.11 -1591.5
0.22 0.115 -1016.19
0.22 0.12 -645.553
0.22 0.125 -410.284
0.22 0.13 -262.165
0.22 0.135 -169.228
0.22 0.14 -110.883
0.22 0.145 -74.0971
0.22 0.15 -50.7052
0.22 0.155 -35.6213
0.22 0.16 -25.6882
0.22 0.165 -18.9496
0.22 0.17 -14.1934
0.22 0.175 -10.6681
0.22 0.18 -7.90656
0.22 0.185 -5.61665
0.22 0.19 -3.61279
0.22 0.195 -1.77289
0.22 0.2 -0.592916
0.225 0 -86076.4
0.225 0 -86797.6
0.225 0.005 -76858.3
0.225 0.01 -65657.9
0.225 0.015 -58402.8
0.225 0.02 -53271.2
0.225 0.025 -49307.5
0.225 0.03 -45981.7
0.225 0.035 -42985.7
0.225 0.04 -40136.1
0.225 0.045 -37323.6
0.225 0.05 -34481.5
0.225 0.055 -31568.7
0.225 0.06 -28558.5
0.225 0.065 -25434.3
0.225 0.07 -22189.5
0.225 0.075 -18840.1
0.225 0.08 -15447.3
0.225 0.085 -12140.3
0.225 0.09 -9104.45
0.225 0.095 -6518.31
0.225 0.1 -4480.02
0.225 0.105 -2981.67
0.225 0.11 -1939.78
0.225 0.115 -1244.02
0.225 0.12 -791.943
0.225 0.125 -503.261
0.225 0.13 -320.78
0.225 0.135 -206.001
0.225 0.14 -133.878
0.225 0.145 -88.4413
0.225 0.15 -59.6342
0.225 0.155 -41.1675
0.225 0.16 -29.1248
0.225 0.165 -21.0724
0.225 0.17 -15.4989
0.225 0.175 -11.4658
0.225 0.18 -8.38841
0.225 0.185 -5.90075
0.225 0.19 -3.77018
0.225 0.195 -1.8437
0.225 0.2 -0.617183
0.23 0 -89781.7
0.23 0 -90724.4
0.23 0.005 -80699.2
0.23 0.01 -69288.8
0.23 0.015 -61847.5
0.23 0.02 -56570.1
0.23 0.025 -52492.4
0.23 0.03 -49073.9
0.23 0.035 -45996.4
0.23 0.04 -43068.8
0.23 0.045 -40175.7
0.23 0.05 -37246.5
0.23 0.055 -34237.7
0.23 0.06 -31121.6
0.23 0.065 -27880.4
0.23 0.07 -24506.1
0.23 0.075 -21008.3
0.23 0.08 -17436.1
0.23 0.085 -13904.2
0.23 0.09 -10594.1
0.23 0.095 -7704
0.23 0.1 -5368.38
0.23 0.105 -3612.69
0.23 0.11 -2369.58
0.23 0.115 -1528.01
0.23 0.12 -975.736
0.23 0.125 -620.594
0.23 0.13 -395.023
0.23 0.135 -252.706
0.23 0.14 -163.143
0.23 0.145 -106.725
0.23 0.15 -71.029
0.23 0.155 -48.2517
0.23 0.16 -33.5172
0.23 0.165 -23.7866
0.23 0.17 -17.1686
0.23 0.175 -12.4861
0.23 0.18 -9.00469
0.23 0.185 -6.26409
0.23 0.19 -3.97147
0.23 0.195 -1.93432
0.23 0.2 -0.648335
0.235 0 -93672.3
0.235 0 -94844.4
0.235 0.005 -84730.7
0.235 0.01 -73100.2
0.235 0.015 -65462.5
0.235 0.02 -60031.2
0.235 0.025 -55833
0.235 0.03 -52316.7
0.235 0.035 -49154.5
0.235 0.04 -46147.1
0.235 0.045 -43173.1
0.235 0.05 -40157.9
0.235 0.055 -37055.4
0.235 0.06 -33836.7
0.235 0.065 -30483.3
0.235 0.07 -26985.7
0.235 0.075 -23348.7
0.235 0.08 -19609.4
0.235 0.085 -15865.2
0.235 0.09 -12287
0.235 0.095 -9084.22
0.235 0.1 -6426.67
0.235 0.105 -4379.43
0.235 0.11 -2899.98
0.235 0.115 -1882.5
0.235 0.12 -1207.04
0.235 0.125 -769.11
0.235 0.13 -489.379
0.235 0.135 -312.237
0.235 0.14 -200.524
0.235 0.145 -130.116
0.235 0.15 -85.6239
0.235 0.155 -57.3338
0.235 0.16 -39.1524
0.235 0.165 -27.271
0.235 0.17 -19.3134
0.235 0.175 -13.7974
0.235 0.18 -9.79724
0.235 0.185 -6.73167
0.235 0.19 -4.23072
0.235 0.195 -2.05116
0.235 0.2 -0.688572
0.24 0 -97764.3
0.24 0 -99174.4
0.24 0.005 -88972.6
0.24 0.01 -77113
0.24 0.015 -69268.5
0.24 0.02 -63674.2
0.24 0.025 -59348.3
0.24 0.03 -55728.8
0.24 0.035 -52477.9
0.24 0.04 -49388.2
0.24 0.045 -46332
0.24 0.05 -43230.6
0.24 0.055 -40035.4
0.24 0.06 -36716
0.24 0.065 -33253.6
0.24 0.07 -29637.6
0.24 0.075 -25868.8
0.24 0.08 -21974
0.24 0.085 -18032.1
0.24 0.09 -14196.7
0.24 0.095 -10679.6
0.24 0.1 -7680.21
0.24 0.105 -5307.61
0.24 0.11 -3553.4
0.24 0.115 -2324.98
0.24 0.12 -1498.47
0.24 0.125 -957.46
0.24 0.13 -609.586
0.24 0.135 -388.316
0.24 0.14 -248.401
0.24 0.145 -160.122
0.24 0.15 -104.368
0.24 0.155 -69.0079
0.24 0.16 -46.4012
0.24 0.165 -31.7562
0.24 0.17 -22.0759
0.24 0.175 -15.4877
0.24 0.18 -10.8198
0.24 0.185 -7.33552
0.24 0.19 -4.56588
0.24 0.195 -2.20235
0.24 0.2 -0.740703
0.245 0 -102084
0.245 0 -103739
0.245 0.005 -93453.9
0.245 0.01 -81353
0.245 0.015 -73287.8
0.245 0.02 -67519.7
0.245 0.025 -63058.1
0.245 0.03 -59329.1
0.245 0.035 -55984.7
0.245 0.04 -52809
0.245 0.045 -49668.2
0.245 0.05 -46479.1
0.245 0.055 -43190.6
0.245 0.06 -39771.1
0.245 0.065 -36201.2
0.245 0.07 -32469.7
0.245 0.075 -28574.8
0.245 0.08 -24534.6
0.245 0.085 -20410.2
0.245 0.09 -16333.3
0.245 0.095 -12507.5
0.245 0.1 -9153.63
0.245 0.105 -6424.73
0.245 0.11 -4355.46
0.245 0.115 -2876.35
0.245 0.12 -1865.59
0.245 0.125 -1196.53
0.245 0.13 -762.947
0.245 0.135 -485.714
0.245 0.14 -309.837
0.245 0.145 -198.686
0.245 0.15 -128.484
0.245 0.155 -84.0402
0.245 0.16 -55.741
0.245 0.165 -37.5384
0.245 0.17 -25.6396
0.245 0.175 -17.6698
0.245 0.18 -12.141
0.245 0.185 -8.11655
0.245 0.19 -4.99983
0.245 0.195 -2.39828
0.245 0.2 -0.808295
0.25 0 -115636
0.25 0 -106362
0.25 0.005 -93108.1
0.25 0.01 -82477.2
0.25 0.015 -75206.1
0.25 0.02 -69844.6
0.25 0.025 -65578.4
0.25 0.03 -61920.4
0.25 0.035 -58569
0.25 0.04 -55335.3
0.25 0.045 -52101.3
0.25 0.05 -48793.7
0.25 0.055 -45367.8
0.25 0.06 -41796.2
0.25 0.065 -38062.8
0.25 0.07 -34158.7
0.25 0.075 -30083.2
0.25 0.08 -25853.3
0.25 0.085 -21528.3
0.25 0.09 -17240.8
0.25 0.095 -13204.1
0.25 0.1 -9657.21
0.25 0.105 -6770.4
0.25 0.11 -4584.27
0.25 0.115 -3024.62
0.25 0.12 -1960.57
0.25 0.125 -1256.93
0.25 0.13 -801.122
0.25 0.135 -509.665
0.25 0.14 -324.72
0.25 0.145 -207.808
0.25 0.15 -133.963
0.25 0.155 -87.226
0.25 0.16 -57.4907
0.25 0.165 -38.3933
0.25 0.17 -25.9388
0.25 0.175 -17.6226
0.25 0.18 -11.8718
0.25 0.185 -7.69275
0.25 0.19 -4.44653
0.25 0.195 -1.70416
0.25 0.2 0
0.255 0 -110256
0.255 0 -115536
0.255 0.005 -103198
0.255 0.01 -90513.3
0.255 0.015 -81974.9
0.255 0.02 -75842.2
0.255 0.025 -71094.8
0.255 0.03 -67133.2
0.255 0.035 -63587.9
0.255 0.04 -60226.9
0.255 0.045 -56904.1
0.255 0.05 -53528.3
0.255 0.055 -50043.5
0.255 0.06 -46416.2
0.255 0.065 -42626.4
0.255 0.07 -38663.3
0.255 0.075 -34522.5
0.255 0.08 -30208.9
0.255 0.085 -25750.9
0.255 0.09 -21228.6
0.255 0.095 -16804.6
0.255 0.1 -12715
0.255 0.105 -9196.04
0.255 0.11 -6388.6
0.255 0.115 -4297.15
0.255 0.12 -2822.77
0.255 0.125 -1824.85
0.255 0.13 -1168.16
0.255 0.135 -743.927
0.255 0.14 -473.043
0.255 0.145 -301.247
0.255 0.15 -192.653
0.255 0.155 -124.041
0.255 0.16 -80.5887
0.255 0.165 -52.9153
0.255 0.17 -35.1108
0.255 0.175 -23.4629
0.255 0.18 -15.6395
0.255 0.185 -10.1698
0.255 0.19 -6.11429
0.255 0.195 -2.85288
0.255 0.2 -0.895861
0.26 0 -115251
0.26 0 -121006
0.26 0.005 -108497
0.26 0.01 -95543.6
0.26 0.015 -86752.2
0.26 0.02 -80416.9
0.26 0.025 -75508.1
0.26 0.03 -71414.1
0.26 0.035 -67754.8
0.26 0.04 -64289.6
0.26 0.045 -60866
0.26 0.05 -57388.5
0.26 0.055 -53798.6
0.26 0.06 -50061.4
0.26 0.065 -46157.1
0.26 0.07 -42075.3
0.26 0.075 -37812.1
0.26 0.08 -33370.2
0.26 0.085 -28768.7
0.26 0.09 -24065.8
0.26 0.095 -19392
0.26 0.1 -14963.6
0.26 0.105 -11034.3
0.26 0.11 -7798.13
0.26 0.115 -5317.5
0.26 0.12 -3528.21
0.26 0.125 -2296.31
0.26 0.13 -1475.85
0.26 0.135 -941.51
0.26 0.14 -598.53
0.26 0.145 -380.337
0.26 0.15 -242.224
0.26 0.155 -154.974
0.26 0.16 -99.8176
0.26 0.165 -64.8225
0.26 0.17 -42.4511
0.26 0.175 -27.9589
0.26 0.18 -18.3621
0.26 0.185 -11.7772
0.26 0.19 -7.00108
0.26 0.195 -3.23956
0.26 0.2 -1.00908
0.265 0 -120498
0.265 0 -126768
0.265 0.005 -114090
0.265 0.01 -100873
0.265 0.015 -91825.6
0.265 0.02 -85280.4
0.265 0.025 -80201.5
0.265 0.03 -75965.6
0.265 0.035 -72182.7
0.265 0.04 -68603.7
0.265 0.045 -65070
0.265 0.05 -61481.9
0.265 0.055 -57778.4
0.265 0.06 -53923.6
0.265 0.065 -49897.7
0.265 0.07 -45691.2
0.265 0.075 -41300.9
0.265 0.08 -36729.3
0.265 0.085 -31989.4
0.265 0.09 -27121.8
0.265 0.095 -22225.9
0.265 0.1 -17487.1
0.265 0.105 -13157.6
0.265 0.11 -9473.6
0.265 0.115 -6560.8
0.265 0.12 -4404.44
0.265 0.125 -2890.01
0.265 0.13 -1866.91
0.265 0.135 -1194.12
0.265 0.14 -759.541
0.265 0.145 -482.022
0.265 0.15 -306.019
0.265 0.155 -194.797
0.265 0.16 -124.572
0.265 0.165 -80.1477
0.265 0.17 -51.8959
0.265 0.175 -33.7429
0.265 0.18 -21.8644
0.265 0.185 -13.8452
0.265 0.19 -8.14227
0.265 0.195 -3.7374
0.265 0.2 -1.15505
0.27 0 -126024
0.27 0 -132851
0.27 0.005 -120010
0.27 0.01 -106531
0.27 0.015 -97222.4
0.27 0.02 -90459.4
0.27 0.025 -85200.5
0.27 0.03 -80812
0.27 0.035 -76894
0.27 0.04 -73189.6
0.27 0.045 -69534.1
0.27 0.05 -65823.9
0.27 0.055 -61995.6
0.27 0.06 -58012.5
0.27 0.065 -53855.2
0.27 0.07 -49515.1
0.27 0.075 -44990.3
0.27 0.08 -40284
0.27 0.085 -35406.1
0.27 0.09 -30384.7
0.27 0.095 -25291.8
0.27 0.1 -20276.3
0.27 0.105 -15571.2
0.27 0.11 -11436.2
0.27 0.115 -8057.75
0.27 0.12 -5483.13
0.27 0.125 -3632.93
0.27 0.13 -2361.78
0.27 0.135 -1516.1
0.27 0.14 -965.665
0.27 0.145 -612.515
0.27 0.15 -387.983
0.27 0.155 -245.979
0.27 0.16 -156.382
0.27 0.165 -99.8333
0.27 0.17 -64.0218
0.27 0.175 -41.1652
0.27 0.18 -26.3571
0.27 0.185 -16.4975
0.27 0.19 -9.60586
0.27 0.195 -4.37607
0.27 0.2 -1.3426
0.275 0 -131849
0.275 0 -139277
0.275 0.005 -126284
0.275 0.01 -112547
0.275 0.015 -102972
0.275 0.02 -95982.8
0.275 0.025 -90532.9
0.275 0.03 -85979.3
0.275 0.035 -81912.7
0.275 0.04 -78068.7
0.275 0.045 -74276.9
0.275 0.05 -70430
0.275 0.055 -66462.7
0.275 0.06 -62337.7
0.275 0.065 -58036.1
0.275 0.07 -53550.4
0.275 0.075 -48880.6
0.275 0.08 -44031.2
0.275 0.085 -39011.1
0.275 0.09 -33840.9
0.275 0.095 -28570.6
0.275 0.1 -23313.1
0.275 0.105 -18268
0.275 0.11 -13696.7
0.275 0.115 -9833.99
0.275 0.12 -6795.91
0.275 0.125 -4554.72
0.275 0.13 -2984.18
0.275 0.135 -1924.67
0.275 0.14 -1228.66
0.275 0.145 -779.518
0.275 0.15 -493.033
0.275 0.155 -311.606
0.275 0.16 -197.161
0.275 0.165 -125.055
0.275 0.17 -79.5466
0.275 0.175 -50.661
0.275 0.18 -32.1011
0.275 0.185 -19.8869
0.275 0.19 -11.4757
0.275 0.195 -5.19212
0.275 0.2 -1.58263
0.28 0 -137989
0.28 0 -146068
0.28 0.005 -132939
0.28 0.01 -118952
0.28 0.015 -109107
0.28 0.02 -101882
0.28 0.025 -96229.1
0.28 0.03 -91496
0.28 0.035 -87264.8
0.28 0.04 -83264
0.28 0.045 -79318.3
0.28 0.05 -75316.8
0.28 0.055 -71192.7
0.28 0.06 -66908.6
0.28 0.065 -62446.2
0.28 0.07 -57799.8
0.28 0.075 -52971.2
0.28 0.08 -47966.7
0.28 0.085 -42796.2
0.28 0.09 -37475.8
0.28 0.095 -32040.6
0.28 0.1 -26571.6
0.28 0.105 -21228.3
0.28 0.11 -16252.2
0.28 0.115 -11905.8
0.28 0.12 -8371.07
0.28 0.125 -5686.01
0.28 0.13 -3760.66
0.28 0.135 -2440.03
0.28 0.14 -1562.66
0.28 0.145 -992.451
0.28 0.15 -627.233
0.28 0.155 -395.496
0.28 0.16 -249.28
0.28 0.165 -157.269
0.28 0.17 -99.3575
0.28 0.175 -62.7665
0.28 0.18 -39.417
0.28 0.185 -24.2004
0.28 0.19 -13.8541
0.28 0.195 -6.23016
0.28 0.2 -1.88846
0.285 0 -144460
0.285 0 -153242
0.285 0.005 -139999
0.285 0.01 -125777
0.285 0.015 -115660
0.285 0.02 -108191
0.285 0.025 -102322
0.285 0.03 -97392.8
0.285 0.035 -92978.3
0.285 0.04 -88800.4
0.285 0.045 -84679.1
0.285 0.05 -80501.1
0.285 0.055 -76198.6
0.285 0.06 -71734.1
0.285 0.065 -67090.8
0.285 0.07 -62264.8
0.285 0.075 -57260.1
0.285 0.08 -52085.3
0.285 0.085 -46751.8
0.285 0.09 -41274.6
0.285 0.095 -35679.2
0.285 0.1 -30021.9
0.285 0.105 -24421.8
0.285 0.11 -19084.9
0.285 0.115 -14276.1
0.285 0.12 -10229.4
0.285 0.125 -7055.72
0.285 0.13 -4719.38
0.285 0.135 -3085.01
0.285 0.14 -1984.32
0.285 0.145 -1262.63
0.285 0.15 -797.96
0.285 0.155 -502.324
0.285 0.16 -315.645
0.285 0.165 -198.261
0.285 0.17 -124.541
0.285 0.175 -78.1369
0.285 0.18 -48.6954
0.285 0.185 -29.6655
0.285 0.19 -16.8653
0.285 0.195 -7.54417
0.285 0.2 -2.27629
0.29 0 -151275
0.29 0 -160818
0.29 0.005 -147491
0.29 0.01 -133053
0.29 0.015 -122667
0.29 0.02 -114945
0.29 0.025 -108846
0.29 0.03 -103703
0.29 0.035 -99083.4
0.29 0.04 -94704
0.29 0.045 -90381.5
0.29 0.05 -86000.6
0.29 0.055 -81493.2
0.29 0.06 -76822.7
0.29 0.065 -71974.1
0.29 0.07 -66945.6
0.29 0.075 -61743.9
0.29 0.08 -56380.1
0.29 0.085 -50867.7
0.29 0.09 -45222
0.29 0.095 -39463.7
0.29 0.1 -33631.9
0.29 0.105 -27810.7
0.29 0.11 -22162.7
0.29 0.115 -16931.3
0.29 0.12 -12379.5
0.29 0.125 -8687.27
0.29 0.13 -5888.01
0.29 0.135 -3884.31
0.29 0.14 -2512.59
0.29 0.145 -1603.37
0.29 0.15 -1014.04
0.29 0.155 -637.734
0.29 0.16 -399.783
0.29 0.165 -250.198
0.29 0.17 -156.414
0.29 0.175 -97.5648
0.29 0.18 -60.4073
0.29 0.185 -36.5556
0.29 0.19 -20.6581
0.29 0.195 -9.19885
0.29 0.2 -2.76557
0.295 0 -158444
0.295 0 -168812
0.295 0.005 -155437
0.295 0.01 -140815
0.295 0.015 -130164
0.295 0.02 -122184
0.295 0.025 -115841
0.295 0.03 -110463
0.295 0.035 -105612
0.295 0.04 -101003
0.295 0.045 -96448.7
0.295 0.05 -91833.3
0.295 0.055 -87089.4
0.295 0.06 -82182.2
0.295 0.065 -77099
0.295 0.07 -71840.9
0.295 0.075 -66417.3
0.295 0.08 -60842.2
0.295 0.085 -55131.5
0.295 0.09 -49301.8
0.295 0.095 -43371.9
0.295 0.1 -37370.1
0.295 0.105 -31353.9
0.295 0.11 -25442.6
0.295 0.115 -19841.3
0.295 0.12 -14813.9
0.295 0.125 -10594
0.295 0.13 -7290.55
0.295 0.135 -4862.92
0.295 0.14 -3168.23
0.295 0.145 -2029.87
0.295 0.15 -1285.8
0.295 0.155 -808.428
0.295 0.16 -505.907
0.295 0.165 -315.677
0.295 0.17 -196.554
0.295 0.175 -121.998
0.295 0.18 -75.1149
0.295 0.185 -45.1961
0.295 0.19 -25.4093
0.295 0.195 -11.2709
0.295 0.2 -3.37944
0.3 0 -165972
0.3 0 -177232
0.3 0.005 -163861
0.3 0.01 -149093
0.3 0.015 -138191
0.3 0.02 -129949
0.3 0.025 -123346
0.3 0.03 -117710
0.3 0.035 -112601
0.3 0.04 -107728
0.3 0.045 -102905
0.3 0.05 -98017.3
0.3 0.055 -92999.3
0.3 0.06 -87819
0.3 0.065 -82466.8
0.3 0.07 -76947.1
0.3 0.075 -71272.8
0.3 0.08 -65460.6
0.3 0.085 -59529
0.3 0.09 -53496.4
0.3 0.095 -47381.3
0.3 0.1 -41206.2
0.3 0.105 -35010.1
0.3 0.11 -28875.5
0.3 0.115 -22961.3
0.3 0.12 -17507.4
0.3 0.125 -12774.9
0.3 0.13 -8943.35
0.3 0.135 -6043.64
0.3 0.14 -3972.64
0.3 0.145 -2558.87
0.3 0.15 -1625.05
0.3 0.155 -1022.2
0.3 0.16 -638.973
0.3 0.165 -397.766
0.3 0.17 -246.828
0.3 0.175 -152.557
0.3 0.18 -93.4806
0.3 0.185 -55.9691
0.3 0.19 -31.3259
0.3 0.195 -13.8501
0.3 0.2 -4.1451
0.305 0 -173856
0.305 0 -186082
0.305 0.005 -172778
0.305 0.01 -157919
0.305 0.015 -146786
0.305 0.02 -138283
0.305 0.025 -131407
0.305 0.03 -125488
0.305 0.035 -120085
0.305 0.04 -114909
0.305 0.045 -109775
0.305 0.05 -104571
0.305 0.055 -99234.2
0.305 0.06 -93737.8
0.305 0.065 -88076.1
0.305 0.07 -82258
0.305 0.075 -76299.6
0.305 0.08 -70221
0.305 0.085 -64043.1
0.305 0.09 -57786
0.305 0.095 -51468.8
0.305 0.1 -45111.1
0.305 0.105 -38740.4
0.305 0.11 -32411.1
0.305 0.115 -26237.2
0.305 0.12 -20417.4
0.305 0.125 -15211.3
0.305 0.13 -10850.8
0.305 0.135 -7443.86
0.305 0.14 -4946.12
0.305 0.145 -3207.9
0.305 0.15 -2044.78
0.305 0.155 -1287.91
0.305 0.16 -804.691
0.305 0.165 -500.028
0.305 0.17 -309.409
0.305 0.175 -190.545
0.305 0.18 -116.274
0.305 0.185 -69.3181
0.305 0.19 -38.6476
0.305 0.195 -17.0402
0.305 0.2 -5.09412
0.31 0 -182083
0.31 0 -195354
0.31 0.005 -182198
0.31 0.01 -167321
0.31 0.015 -155990
0.31 0.02 -147231
0.31 0.025 -140069
0.31 0.03 -133841
0.31 0.035 -128106
0.31 0.04 -122581
0.31 0.045 -117085
0.31 0.05 -111511
0.31 0.055 -105803
0.31 0.06 -99940.3
0.31 0.065 -93922.6
0.31 0.07 -87763.4
0.31 0.075 -81483.3
0.31 0.08 -75105.4
0.31 0.085 -68653
0.31 0.09 -62147.8
0.31 0.095 -55609.4
0.31 0.1 -49056
0.31 0.105 -42508
0.31 0.11 -36001
0.31 0.115 -29610.9
0.31 0.12 -23488.7
0.31 0.125 -17866.5
0.31 0.13 -13001.5
0.31 0.135 -9071.66
0.31 0.14 -6105.35
0.31 0.145 -3993.96
0.31 0.15 -2558.69
0.31 0.155 -1615.27
0.31 0.16 -1009.48
0.31 0.165 -626.515
0.31 0.17 -386.783
0.31 0.175 -237.456
0.31 0.18 -144.377
0.31 0.185 -85.749
0.31 0.19 -47.6472
0.31 0.195 -20.9593
0.31 0.2 -6.26259
0.315 0 -190623
0.315 0 -205023
0.315 0.005 -192119
0.315 0.01 -177322
0.315 0.015 -165841
0.315 0.02 -156843
0.315 0.025 -149385
0.315 0.03 -142817
0.315 0.035 -136708
0.315 0.04 -130779
0.315 0.045 -124860
0.315 0.05 -118853
0.315 0.055 -112713
0.315 0.06 -106425
0.315 0.065 -99996.8
0.315 0.07 -93448.5
0.315 0.075 -86804.5
0.315 0.08 -80091.3
0.315 0.085 -73334
0.315 0.09 -66555.4
0.315 0.095 -59775.4
0.315 0.1 -53011
0.315 0.105 -46278.5
0.315 0.11 -39600.9
0.315 0.115 -33026
0.315 0.12 -26658.9
0.315 0.125 -20688.3
0.315 0.13 -15366.7
0.315 0.135 -10922.2
0.315 0.14 -7460.26
0.315 0.145 -4931.77
0.315 0.15 -3180.28
0.315 0.155 -2014.53
0.315 0.16 -1260.34
0.315 0.165 -781.73
0.315 0.17 -481.734
0.315 0.175 -294.969
0.315 0.18 -178.78
0.315 0.185 -105.83
0.315 0.19 -58.63
0.315 0.195 -25.7394
0.315 0.2 -7.6911
0.32 0 -199425
0.32 0 -215042
0.32 0.005 -202524
0.32 0.01 -187936
0.32 0.015 -176378
0.32 0.02 -167168
0.32 0.025 -159410
0.32 0.03 -152471
0.32 0.035 -145935
0.32 0.04 -139538
0.32 0.045 -133124
0.32 0.05 -126611
0.32 0.055 -119964
0.32 0.06 -113183
0.32 0.065 -106284
0.32 0.07 -99291.9
0.32 0.075 -92237.6
0.32 0.08 -85150
0.32 0.085 -78055.7
0.32 0.09 -70977.8
0.32 0.095 -63935.5
0.32 0.1 -56944.4
0.32 0.105 -50017.6
0.32 0.11 -43170.2
0.32 0.115 -36430.3
0.32 0.12 -29865
0.32 0.125 -23614.3
0.32 0.13 -17900.8
0.32 0.135 -12975
0.32 0.14 -9010.77
0.32 0.145 -6031.39
0.32 0.15 -3921.61
0.32 0.155 -2495.85
0.32 0.16 -1564.61
0.32 0.165 -970.514
0.32 0.17 -597.303
0.32 0.175 -364.927
0.32 0.18 -220.571
0.32 0.185 -130.184
0.32 0.19 -71.9312
0.32 0.195 -31.5252
0.32 0.2 -9.42445
0.325 0 -208402
0.325 0 -225328
0.325 0.005 -213370
0.325 0.01 -199165
0.325 0.015 -187634
0.325 0.02 -178261
0.325 0.025 -170205
0.325 0.03 -162862
0.325 0.035 -155838
0.325 0.04 -148896
0.325 0.045 -141900
0.325 0.05 -134791
0.325 0.055 -127553
0.325 0.06 -120200
0.325 0.065 -112759
0.325 0.07 -105264
0.325 0.075 -97749.2
0.325 0.08 -90246.1
0.325 0.085 -82781.9
0.325 0.09 -75378.7
0.325 0.095 -68054.2
0.325 0.1 -60821.5
0.325 0.105 -53690.7
0.325 0.11 -46670.8
0.325 0.115 -39777
0.325 0.12 -33048
0.325 0.125 -26578.2
0.325 0.13 -20545.7
0.325 0.135 -15193.8
0.325 0.14 -10744.1
0.325 0.145 -7295.62
0.325 0.15 -4791.66
0.325 0.155 -3068.48
0.325 0.16 -1929.54
0.325 0.165 -1197.88
0.325 0.17 -736.704
0.325 0.175 -449.302
0.325 0.18 -270.921
0.325 0.185 -159.482
0.325 0.19 -87.9099
0.325 0.195 -38.4719
0.325 0.2 -11.511
0.33 0 -217424
0.33 0 -235752
0.33 0.005 -224582
0.33 0.01 -210999
0.33 0.015 -199645
0.33 0.02 -190184
0.33 0.025 -181842
0.33 0.03 -174057
0.33 0.035 -166474
0.33 0.04 -158890
0.33 0.045 -151207
0.33 0.05 -143395
0.33 0.055 -135465
0.33 0.06 -127450
0.33 0.065 -119389
0.33 0.07 -111325
0.33 0.075 -103296
0.33 0.08 -95335.5
0.33 0.085 -87468.8
0.33 0.09 -79715.9
0.33 0.095 -72091.1
0.33 0.1 -64604.2
0.33 0.105 -57261.1
0.33 0.11 -50065.8
0.33 0.115 -43024.3
0.33 0.12 -36155.5
0.33 0.125 -29516.4
0.33 0.13 -23236.4
0.33 0.135 -17528.1
0.33 0.14 -12633.5
0.33 0.145 -8717.64
0.33 0.15 -5794.39
0.33 0.155 -3739.64
0.33 0.16 -2361.77
0.33 0.165 -1468.75
0.33 0.17 -903.205
0.33 0.175 -550.131
0.33 0.18 -331.046
0.33 0.185 -194.423
0.33 0.19 -106.94
0.33 0.195 -46.7412
0.33 0.2 -14.0017
0.335 0 -226290
0.335 0 -246119
0.335 0.005 -236043
0.335 0.01 -223408
0.335 0.015 -212449
0.335 0.02 -203013
0.335 0.025 -194411
0.335 0.03 -186140
0.335 0.035 -177904
0.335 0.04 -169557
0.335 0.045 -161056
0.335 0.05 -152412
0.335 0.055 -143672
0.335 0.06 -134890
0.335 0.065 -126123
0.335 0.07 -117421
0.335 0.075 -108824
0.335 0.08 -100364
0.335 0.085 -92064.5
0.335 0.09 -83940.2
0.335 0.095 -76000.7
0.335 0.1 -68250.3
0.335 0.105 -60689.9
0.335 0.11 -53318.1
0.335 0.115 -46133.5
0.335 0.12 -39141.6
0.335 0.125 -32371.4
0.335 0.13 -25907.5
0.335 0.135 -19918.6
0.335 0.14 -14638.7
0.335 0.145 -10279.3
0.335 0.15 -6926.87
0.335 0.155 -4513.2
0.335 0.16 -2866.6
0.335 0.165 -1787.58
0.335 0.17 -1099.94
0.335 0.175 -669.426
0.335 0.18 -402.165
0.335 0.185 -235.708
0.335 0.19 -129.4
0.335 0.195 -56.4959
0.335 0.2 -16.9485
0.34 0 -234708
0.34 0 -256141
0.34 0.005 -247578
0.34 0.01 -236351
0.34 0.015 -226101
0.34 0.02 -216855
0.34 0.025 -208029
0.34 0.03 -199211
0.34 0.035 -190198
0.34 0.04 -180932
0.34 0.045 -171446
0.34 0.05 -161814
0.34 0.055 -152125
0.34 0.06 -142461
0.34 0.065 -132895
0.34 0.07 -123482
0.34 0.075 -114263
0.34 0.08 -105266
0.34 0.085 -96507.6
0.34 0.09 -87995.5
0.34 0.095 -79731.8
0.34 0.1 -71713.7
0.34 0.105 -63935.5
0.34 0.11 -56389.6
0.34 0.115 -49068
0.34 0.12 -41966.2
0.34 0.125 -35093.6
0.34 0.13 -28498.6
0.34 0.135 -22302.2
0.34 0.14 -16709.1
0.34 0.145 -11950.7
0.34 0.15 -8177.68
0.34 0.155 -5388.34
0.34 0.16 -3447.13
0.34 0.165 -2157.9
0.34 0.17 -1329.69
0.34 0.175 -809.059
0.34 0.18 -485.436
0.34 0.185 -284.014
0.34 0.19 -155.649
0.34 0.195 -67.893
0.34 0.2 -20.402
0.345 0 -242249
0.345 0 -265409
0.345 0.005 -258947
0.345 0.01 -249785
0.345 0.015 -240697
0.345 0.02 -231872
0.345 0.025 -222863
0.345 0.03 -213403
0.345 0.035 -203436
0.345 0.04 -193039
0.345 0.045 -182357
0.345 0.05 -171546
0.345 0.055 -160747
0.345 0.06 -150073
0.345 0.065 -139611
0.345 0.07 -129418
0.345 0.075 -119529
0.345 0.08 -109963
0.345 0.085 -100727
0.345 0.09 -91818
0.345 0.095 -83227.8
0.345 0.1 -74944.5
0.345 0.105 -66954
0.345 0.11 -59241.3
0.345 0.115 -51792
0.345 0.12 -44593.3
0.345 0.125 -37641.3
0.345 0.13 -30957
0.345 0.135 -24618.4
0.345 0.14 -18788.2
0.345 0.145 -13692
0.345 0.15 -9526.22
0.345 0.155 -6358.26
0.345 0.16 -4103.32
0.345 0.165 -2581.79
0.345 0.17 -1594.58
0.345 0.175 -970.608
0.345 0.18 -581.88
0.345 0.185 -339.942
0.345 0.19 -186.016
0.345 0.195 -81.0742
0.345 0.2 -24.4093
0.35 0 -248306
0.35 0 -273362
0.35 0.005 -269849
0.35 0.01 -263712
0.35 0.015 -256435
0.35 0.02 -248335
0.35 0.025 -239164
0.35 0.03 -228893
0.35 0.035 -217704
0.35 0.04 -205885
0.35 0.045 -193735
0.35 0.05 -181513
0.35 0.055 -169422
0.35 0.06 -157604
0.35 0.065 -146150
0.35 0.07 -135113
0.35 0.075 -124516
0.35 0.08 -114362
0.35 0.085 -104641
0.35 0.09 -95336.6
0.35 0.095 -86427.3
0.35 0.1 -77889.5
0.35 0.105 -69699.3
0.35 0.11 -61833.5
0.35 0.115 -54270.3
0.35 0.12 -46990.2
0.35 0.125 -39979
0.35 0.13 -33239
0.35 0.135 -26813
0.35 0.14 -20818.8
0.35 0.145 -15455.9
0.35 0.15 -10943.1
0.35 0.155 -7409.48
0.35 0.16 -4831.19
0.35 0.165 -3059.32
0.35 0.17 -1895.77
0.35 0.175 -1155.19
0.35 0.18 -692.285
0.35 0.185 -403.977
0.35 0.19 -220.764
0.35 0.195 -96.1558
0.35 0.2 -29.0104
0.355 0 -252022
0.355 0 -279270
0.355 0.005 -279963
0.355 0.01 -278283
0.355 0.015 -273728
0.355 0.02 -266710
0.355 0.025 -257309
0.355 0.03 -245909
0.355 0.035 -233086
0.355 0.04 -219435
0.355 0.045 -205465
0.355 0.05 -191559
0.355 0.055 -177979
0.355 0.06 -164883
0.355 0.065 -152355
0.355 0.07 -140428
0.355 0.075 -129102
0.355 0.08 -118356
0.355 0.085 -108159
0.355 0.09 -98474.4
0.355 0.095 -89265
0.355 0.1 -80493.4
0.355 0.105 -72124.6
0.355 0.11 -64126.3
0.355 0.115 -56468.9
0.355 0.12 -49126.2
0.355 0.125 -42076.6
0.355 0.13 -35309.1
0.355 0.135 -28840.6
0.355 0.14 -22747.8
0.355 0.145 -17192.4
0.355 0.15 -12391.8
0.355 0.155 -8521.65
0.355 0.16 -5622.11
0.355 0.165 -3587.96
0.355 0.17 -2233.09
0.355 0.175 -1363.24
0.355 0.18 -817.102
0.355 0.185 -476.43
0.355 0.19 -260.07
0.355 0.195 -113.217
0.355 0.2 -34.2346
0.36 0 -252246
0.36 0 -282281
0.36 0.005 -289100
0.36 0.01 -294026
0.36 0.015 -293425
0.36 0.02 -287804
0.36 0.025 -277867
0.36 0.03 -264736
0.36 0.035 -249624
0.36 0.04 -233568
0.36 0.045 -217339
0.36 0.05 -201442
0.36 0.055 -186174
0.36 0.06 -171685
0.36 0.065 -158026
0.36 0.07 -145191
0.36 0.075 -133142
0.36 0.08 -121826
0.36 0.085 -111182
0.36 0.09 -101150
0.36 0.095 -91673.5
0.36 0.1 -82700.5
0.36 0.105 -74183.7
0.36 0.11 -66081
0.36 0.115 -58355.1
0.36 0.12 -50973.4
0.36 0.125 -43908.2
0.36 0.13 -37139.2
0.36 0.135 -30665.3
0.36 0.14 -24529.6
0.36 0.145 -18852.5
0.36 0.15 -13831.5
0.36 0.155 -9668.38
0.36 0.16 -6462.63
0.36 0.165 -4162.17
0.36 0.17 -2604.74
0.36 0.175 -1594.38
0.36 0.18 -956.34
0.36 0.185 -557.374
0.36 0.19 -303.988
0.36 0.195 -132.285
0.36 0.2 -40.0968
0.365 0 -247529
0.365 0 -281673
0.365 0.005 -297604
0.365 0.01 -312368
0.365 0.015 -317225
0.365 0.02 -312990
0.365 0.025 -301648
0.365 0.03 -285664
0.365 0.035 -267243
0.365 0.04 -248008
0.365 0.045 -228997
0.365 0.05 -210793
0.365 0.055 -193671
0.365 0.06 -177719
0.365 0.065 -162921
0.365 0.07 -149205
0.365 0.075 -136478
0.365 0.08 -124644
0.365 0.085 -113607
0.365 0.09 -103280
0.365 0.095 -93586
0.365 0.1 -84456.6
0.365 0.105 -75832.3
0.365 0.11 -67661.3
0.365 0.115 -59898.9
0.365 0.12 -52506.6
0.365 0.125 -45451.4
0.365 0.13 -38706.8
0.365 0.135 -32259.4
0.365 0.14 -26127.2
0.365 0.145 -20392.3
0.365 0.15 -15220.3
0.365 0.155 -10818.8
0.365 0.16 -7334.66
0.365 0.165 -4773.19
0.365 0.17 -3007.02
0.365 0.175 -1847.16
0.365 0.18 -1109.45
0.365 0.185 -646.592
0.365 0.19 -352.424
0.365 0.195 -153.325
0.365 0.2 -46.5929
0.37 0 -236395
0.37 0 -277738
0.37 0.005 -307455
0.37 0.01 -336764
0.37 0.015 -348439
0.37 0.02 -344506
0.37 0.025 -329693
0.37 0.03 -308842
0.37 0.035 -285591
0.37 0.04 -262197
0.37 0.045 -239854
0.37 0.05 -219083
0.37 0.055 -200026
0.37 0.06 -182630
0.37 0.065 -166759
0.37 0.07 -152251
0.37 0.075 -138941
0.37 0.08 -126679
0.37 0.085 -115332
0.37 0.09 -104785
0.37 0.095 -94939.7
0.37 0.1 -85711.8
0.37 0.105 -77030.4
0.37 0.11 -68834.9
0.37 0.115 -61074.1
0.37 0.12 -53704.2
0.37 0.125 -46688
0.37 0.13 -39994.5
0.37 0.135 -33602.6
0.37 0.14 -27512.7
0.37 0.145 -21775
0.37 0.15 -16518.7
0.37 0.155 -11939.7
0.37 0.16 -8216.28
0.37 0.165 -5409.03
0.37 0.17 -3434.14
0.37 0.175 -2118.97
0.37 0.18 -1275.25
0.37 0.185 -743.519
0.37 0.19 -405.104
0.37 0.195 -176.228
0.37 0.2 -53.6961
0.375 0 -218587
0.375 0 -274733
0.375 0.005 -325281
0.375 0.01 -375212
0.375 0.015 -393322
0.375 0.02 -385743
0.375 0.025 -363015
0.375 0.03 -333908
0.375 0.035 -303747
0.375 0.04 -275125
0.375 0.045 -249017
0.375 0.05 -225595
0.375 0.055 -204688
0.375 0.06 -186004
0.375 0.065 -169236
0.375 0.07 -154104
0.375 0.075 -140362
0.375 0.08 -127806
0.375 0.085 -116263
0.375 0.09 -105594
0.375 0.095 -95679.5
0.375 0.1 -86423.3
0.375 0.105 -77744.5
0.375 0.11 -69575.4
0.375 0.115 -61859.5
0.375 0.12 -54549
0.375 0.125 -47603.7
0.375 0.13 -40989.7
0.375 0.135 -34680.9
0.375 0.14 -28666.5
0.375 0.145 -22972.1
0.375 0.15 -17691.9
0.375 0.155 -12998.2
0.375 0.16 -9083.13
0.375 0.165 -6054.91
0.375 0.17 -3878.29
0.375 0.175 -2405.91
0.375 0.18 -1451.82
0.375 0.185 -847.197
0.375 0.19 -461.551
0.375 0.195 -200.795
0.375 0.2 -61.3533
0.38 0 -199644
0.38 0 -290121
0.38 0.005 -370455
0.38 0.01 -445547
0.38 0.015 -463087
0.38 0.02 -441087
0.38 0.025 -401710
0.38 0.03 -359203
0.38 0.035 -319761
0.38 0.04 -285127
0.38 0.045 -255228
0.38 0.05 -229431
0.38 0.055 -207032
0.38 0.06 -187408
0.38 0.065 -170050
0.38 0.07 -154552
0.38 0.075 -140593
0.38 0.08 -127917
0.38 0.085 -116323
0.38 0.09 -105649
0.38 0.095 -95762.8
0.38 0.1 -86559
0.38 0.105 -77949.9
0.38 0.11 -69863.5
0.38 0.115 -62240
0.38 0.12 -55029.1
0.38 0.125 -48189
0.38 0.13 -41684
0.38 0.135 -35485.6
0.38 0.14 -29576.1
0.38 0.145 -23963.6
0.38 0.15 -18712
0.38 0.155 -13963.9
0.38 0.16 -9909.92
0.38 0.165 -6693.92
0.38 0.17 -4329.75
0.38 0.175 -2702.86
0.38 0.18 -1636.52
0.38 0.185 -956.252
0.38 0.19 -521.07
0.38 0.195 -226.738
0.38 0.2 -69.4827
0.385 0 -195048
0.385 0 -356196
0.385 0.005 -475622
0.385 0.01 -572722
0.385 0.015 -570321
0.385 0.02 -512242
0.385 0.025 -442216
0.385 0.03 -380303
0.385 0.035 -330093
0.385 0.04 -289779
0.385 0.045 -256927
0.385 0.05 -229608
0.385 0.055 -206439
0.385 0.06 -186450
0.385 0.065 -168948
0.385 0.07 -153430
0.385 0.075 -139521
0.385 0.08 -126937
0.385 0.085 -115459
0.385 0.09 -104913
0.385 0.095 -95163.3
0.385 0.1 -86099.8
0.385 0.105 -77632.8
0.385 0.11 -69689
0.385 0.115 -62207.9
0.385 0.12 -55138.8
0.385 0.125 -48439.4
0.385 0.13 -42074
0.385 0.135 -36013
0.385 0.14 -30234.9
0.385 0.145 -24736.8
0.385 0.15 -19558.2
0.385 0.155 -14811
0.385 0.16 -10672.2
0.385 0.165 -7308.03
0.385 0.17 -4777.3
0.385 0.175 -3003.51
0.385 0.18 -1825.94
0.385 0.185 -1068.89
0.385 0.19 -582.739
0.385 0.195 -253.671
0.385 0.2 -77.972
0.39 0 -172150
0.39 0 -361489
0.39 0.005 -537781
0.39 0.01 -675787
0.39 0.015 -670173
0.39 0.02 -573703
0.39 0.025 -468607
0.39 0.03 -387596
0.39 0.035 -329320
0.39 0.04 -286148
0.39 0.045 -252549
0.39 0.05 -225280
0.39 0.055 -202444
0.39 0.06 -182866
0.39 0.065 -165778
0.39 0.07 -150648
0.39 0.075 -137095
0.39 0.08 -124835
0.39 0.085 -113651
0.39 0.09 -103375
0.39 0.095 -93874.8
0.39 0.1 -85042.3
0.39 0.105 -76791.5
0.39 0.11 -69051.5
0.39 0.115 -61763.5
0.39 0.12 -54878.6
0.39 0.125 -48355.8
0.39 0.13 -42160.4
0.39 0.135 -36263.3
0.39 0.14 -30641.6
0.39 0.145 -25285.5
0.39 0.15 -20216.8
0.39 0.155 -15519
0.39 0.16 -11348.1
0.39 0.165 -7879.11
0.39 0.17 -5208.75
0.39 0.175 -3300.61
0.39 0.18 -2016.05
0.39 0.185 -1182.9
0.39 0.19 -645.423
0.39 0.195 -281.114
0.39 0.2 -86.6786
0.395 0 -3322.63
0.395 0 -124765
0.395 0.005 -323866
0.395 0.01 -483505
0.395 0.015 -566282
0.395 0.02 -530075
0.395 0.025 -441533
0.395 0.03 -365709
0.395 0.035 -311491
0.395 0.04 -271909
0.395 0.045 -241174
0.395 0.05 -216091
0.395 0.055 -194916
0.395 0.06 -176621
0.395 0.065 -160542
0.395 0.07 -146224
0.395 0.075 -133336
0.395 0.08 -121632
0.395 0.085 -110921
0.395 0.09 -101054
0.395 0.095 -91912.6
0.395 0.1 -83400
0.395 0.105 -75437.6
0.395 0.11 -67960.7
0.395 0.115 -60915.2
0.395 0.12 -54255.9
0.395 0.125 -47944.6
0.395 0.13 -41948.9
0.395 0.135 -36241.2
0.395 0.14 -30799
0.395 0.145 -25609
0.395 0.15 -20680.5
0.395 0.155 -16073.4
0.395 0.16 -11919
0.395 0.165 -8390.12
0.395 0.17 -5611.56
0.395 0.175 -3586.23
0.395 0.18 -2202.23
0.395 0.185 -1295.74
0.395 0.19 -707.785
0.395 0.195 -308.5
0.395 0.2 -95.4315
0.4 0 197594
0.4 0 10394.2
0.4 0.005 -53777.4
0.4 0.01 -147617
0.4 0.015 -265284
0.4 0.02 -343820
0.4 0.025 -341258
0.4 0.03 -308859
0.4 0.035 -275908
0.4 0.04 -247562
0.4 0.045 -223398
0.4 0.05 -202508
0.4 0.055 -184198
0.4 0.06 -167961
0.4 0.065 -153420
0.4 0.07 -140290
0.4 0.075 -128344
0.4 0.08 -117404
0.4 0.085 -107327
0.4 0.09 -97995.7
0.4 0.095 -89314.1
0.4 0.1 -81202.8
0.4 0.105 -73595.5
0.4 0.11 -66436.7
0.4 0.115 -59679.6
0.4 0.12 -53284.5
0.4 0.125 -47217.3
0.4 0.13 -41449.1
0.4 0.135 -35954.9
0.4 0.14 -30713.6
0.4 0.145 -25710.7
0.4 0.15 -20947.6
0.4 0.155 -16465.4
0.4 0.16 -12370.9
0.4 0.165 -8825.99
0.4 0.17 -5973.58
0.4 0.175 -3852.17
0.4 0.18 -2379.5
0.4 0.185 -1404.57
0.4 0.19 -768.328
0.4 0.195 -335.189
0.4 0.2 -104.034
0.405 0 285967
0.405 0 108.495
0.405 0.005 -3635.13
0.405 0.01 -29915.7
0.405 0.015 -99276.9
0.405 0.02 -189166
0.405 0.025 -235811
0.405 0.03 -242719
0.405 0.035 -232895
0.405 0.04 -217749
0.405 0.045 -201561
0.405 0.05 -185840
0.405 0.055 -171077
0.405 0.06 -157391
0.405 0.065 -144752
0.405 0.07 -133083
0.405 0.075 -122289
0.405 0.08 -112278
0.405 0.085 -102965
0.405 0.09 -94273.2
0.405 0.095 -86136.3
0.405 0.1 -78495.8
0.405 0.105 -71301.1
0.405 0.11 -64508.7
0.405 0.115 -58080.5
0.405 0.12 -51984
0.405 0.125 -46190.5
0.405 0.13 -40675.1
0.405 0.135 -35416.2
0.405 0.14 -30395.2
0.405 0.145 -25597.7
0.405 0.15 -21020.9
0.405 0.155 -16691.5
0.405 0.16 -12694.1
0.405 0.165 -9174.4
0.405 0.17 -6283.64
0.405 0.175 -4090.33
0.405 0.18 -2542.71
0.405 0.185 -1506.39
0.405 0.19 -825.438
0.405 0.195 -360.487
0.405 0.2 -112.272
0.41 0 291096
0.41 0 -216.989
0.41 0.005 -1580.62
0.41 0.01 -16746.4
0.41 0.015 -59714.9
0.41 0.02 -125820
0.41 0.025 -171987
0.41 0.03 -190904
0.41 0.035 -193425
0.41 0.04 -187811
0.41 0.045 -178496
0.41 0.05 -167710
0.41 0.055 -156552
0.41 0.06 -145556
0.41 0.065 -134973
0.41 0.07 -124908
0.41 0.075 -115390
0.41 0.08 -106415
0.41 0.085 -97955.8
0.41 0.09 -89979.9
0.41 0.095 -82451.7
0.41 0.1 -75336.1
0.41 0.105 -68600.2
0.41 0.11 -62213.4
0.41 0.115 -56148.1
0.41 0.12 -50379.2
0.41 0.125 -44884.5
0.41 0.13 -39644
0.41 0.135 -34639.8
0.41 0.14 -29856.1
0.41 0.145 -25280.1
0.41 0.15 -20906.6
0.41 0.155 -16752.7
0.41 0.16 -12883.5
0.41 0.165 -9426.17
0.41 0.17 -6532.15
0.41 0.175 -4293.09
0.41 0.18 -2686.78
0.41 0.185 -1598.12
0.41 0.19 -877.442
0.41 0.195 -383.668
0.41 0.2 -119.915
0.415 0 243173
0.415 0 -434.59
0.415 0.005 -1652.35
0.415 0.01 -12147.8
0.415 0.015 -43201.1
0.415 0.02 -93717.2
0.415 0.025 -132198
0.415 0.03 -152555
0.415 0.035 -160349
0.415 0.04 -160483
0.415 0.045 -156192
0.415 0.05 -149481
0.415 0.055 -141550
0.415 0.06 -133099
0.415 0.065 -124537
0.415 0.07 -116091
0.415 0.075 -107889
0.415 0.08 -99995.1
0.415 0.085 -92436.9
0.415 0.09 -85221.4
0.415 0.095 -78342.9
0.415 0.1 -71789.4
0.415 0.105 -65545.2
0.415 0.11 -59593.5
0.415 0.115 -53916.9
0.415 0.12 -48498.8
0.415 0.125 -43323.5
0.415 0.13 -38376
0.415 0.135 -33642.6
0.415 0.14 -29110.7
0.415 0.145 -24769.7
0.415 0.15 -20613.7
0.415 0.155 -16653.3
0.415 0.16 -12937.7
0.415 0.165 -9575.36
0.415 0.17 -6711.46
0.415 0.175 -4453.73
0.415 0.18 -2806.9
0.415 0.185 -1676.78
0.415 0.19 -922.676
0.415 0.195 -404.004
0.415 0.2 -126.732
0.42 0 183940
0.42 0 -503.507
0.42 0.005 -1617.47
0.42 0.01 -9138.15
0.42 0.015 -32720
0.42 0.02 -73407.5
0.42 0.025 -105094
0.42 0.03 -123813
0.42 0.035 -133361
0.42 0.04 -136620
0.42 0.045 -135679
0.42 0.05 -132050
0.42 0.055 -126778
0.42 0.06 -120559
0.42 0.065 -113849
0.42 0.07 -106941
0.42 0.075 -100019
0.42 0.08 -93198.7
0.42 0.085 -86548.3
0.42 0.09 -80107.7
0.42 0.095 -73897.3
0.42 0.1 -67925.4
0.42 0.105 -62192.6
0.42 0.11 -56694.8
0.42 0.115 -51424.8
0.42 0.12 -46374.2
0.42 0.125 -41533.5
0.42 0.13 -36893.1
0.42 0.135 -32443.4
0.42 0.14 -28175.3
0.42 0.145 -24080.3
0.42 0.15 -20153.3
0.42 0.155 -16400.5
0.42 0.16 -12859
0.42 0.165 -9619.2
0.42 0.17 -6816.13
0.42 0.175 -4566.68
0.42 0.18 -2898.77
0.42 0.185 -1739.55
0.42 0.19 -959.547
0.42 0.195 -420.787
0.42 0.2 -132.494
0.425 0 132117
0.425 0 -492.338
0.425 0.005 -1446.59
0.425 0.01 -6893.21
0.425 0.015 -25028.8
0.425 0.02 -58671.8
0.425 0.025 -85063.9
0.425 0.03 -101569
0.425 0.035 -111333
0.425 0.04 -116150
0.425 0.045 -117320
0.425 0.05 -115895
0.425 0.055 -112697
0.425 0.06 -108332
0.425 0.065 -103238
0.425 0.07 -97720.1
0.425 0.075 -91990.4
0.425 0.08 -86192.7
0.425 0.085 -80423.2
0.425 0.09 -74745.7
0.425 0.095 -69201
0.425 0.1 -63814.1
0.425 0.105 -58599.5
0.425 0.11 -53564.4
0.425 0.115 -48710.9
0.425 0.12 -44037.9
0.425 0.125 -39542
0.425 0.13 -35218.7
0.425 0.135 -31062.2
0.425 0.14 -27066.9
0.425 0.145 -23226.7
0.425 0.15 -19537.6
0.425 0.155 -16003.4
0.425 0.16 -12652
0.425 0.165 -9557.77
0.425 0.17 -6842.91
0.425 0.175 -4627.7
0.425 0.18 -2958.78
0.425 0.185 -1783.95
0.425 0.19 -986.6
0.425 0.195 -433.366
0.425 0.2 -136.985
0.43 0 92329.4
0.43 0 -447.074
0.43 0.005 -1226.23
0.43 0.01 -5181.99
0.43 0.015 -19151.9
0.43 0.02 -47196.3
0.43 0.025 -69401.5
0.43 0.03 -83818.8
0.43 0.035 -93177
0.43 0.04 -98672.6
0.43 0.045 -101112
0.43 0.05 -101205
0.43 0.055 -99562.2
0.43 0.06 -96678.9
0.43 0.065 -92939.4
0.43 0.07 -88633.7
0.43 0.075 -83975.8
0.43 0.08 -79120.9
0.43 0.085 -74180.5
0.43 0.09 -69233.4
0.43 0.095 -64334.7
0.43 0.1 -59522.3
0.43 0.105 -54821.5
0.43 0.11 -50248.7
0.43 0.115 -45814
0.43 0.12 -41522.7
0.43 0.125 -37376.9
0.43 0.13 -33376.4
0.43 0.135 -29519.5
0.43 0.14 -25803.2
0.43 0.145 -22224.2
0.43 0.15 -18779.8
0.43 0.155 -15472.6
0.43 0.16 -12323.6
0.43 0.165 -9393.52
0.43 0.17 -6790.72
0.43 0.175 -4634.02
0.43 0.18 -2984.11
0.43 0.185 -1807.9
0.43 0.19 -1002.58
0.43 0.195 -441.165
0.43 0.2 -140.012
0.435 0 63589.9
0.435 0 -391.548
0.435 0.005 -1008.71
0.435 0.01 -3878.23
0.435 0.015 -14604.8
0.435 0.02 -37934
0.435 0.025 -56723.5
0.435 0.03 -69321.9
0.435 0.035 -78048.9
0.435 0.04 -83737
0.435 0.045 -86893.3
0.435 0.05 -87994
0.435 0.055 -87482.6
0.435 0.06 -85747.1
0.435 0.065 -83110.3
0.435 0.07 -79830.4
0.435 0.075 -76109
0.435 0.08 -72100.3
0.435 0.085 -67920.4
0.435 0.09 -63656
0.435 0.095 -59370.7
0.435 0.1 -55110.9
0.435 0.105 -50909.9
0.435 0.11 -46791.2
0.435 0.115 -42771.1
0.435 0.12 -38860.2
0.435 0.125 -35065.2
0.435 0.13 -31389.7
0.435 0.135 -27835.4
0.435 0.14 -24402
0.435 0.145 -21088.5
0.435 0.15 -17893.5
0.435 0.155 -14819.3
0.435 0.16 -11882.1
0.435 0.165 -9130.88
0.435 0.17 -6660.37
0.435 0.175 -4584.32
0.435 0.18 -2972.87
0.435 0.185 -1809.8
0.435 0.19 -1006.47
0.435 0.195 -443.71
0.435 0.2 -141.412
0.44 0 43454.9
0.44 0 -336.257
0.44 0.005 -816.003
0.44 0.01 -2890.84
0.44 0.015 -11074.6
0.44 0.02 -30323.2
0.44 0.025 -46259.7
0.44 0.03 -57299.5
0.44 0.035 -65328.2
0.44 0.04 -70936.4
0.44 0.045 -74449.3
0.44 0.05 -76188.2
0.44 0.055 -76473.1
0.44 0.06 -75603
0.44 0.065 -73840.6
0.44 0.07 -71407.7
0.44 0.075 -68485.7
0.44 0.08 -65219.4
0.44 0.085 -61722.8
0.44 0.09 -58083.8
0.44 0.095 -54370.2
0.44 0.1 -50633
0.44 0.105 -46910.7
0.44 0.11 -43231.5
0.44 0.115 -39616.4
0.44 0.12 -36080
0.44 0.125 -32632.6
0.44 0.13 -29281.2
0.44 0.135 -26029.8
0.44 0.14 -22880.8
0.44 0.145 -19834.9
0.44 0.15 -16892.3
0.44 0.155 -14055.4
0.44 0.16 -11336.6
0.44 0.165 -8775.74
0.44 0.17 -6454.34
0.44 0.175 -4478.64
0.44 0.18 -2924.06
0.44 0.185 -1788.62
0.44 0.19 -997.547
0.44 0.195 -440.644
0.44 0.2 -141.057
0.445 0 29568
0.445 0 -285.388
0.445 0.005 -653.415
0.445 0.01 -2147.21
0.445 0.015 -8336.17
0.445 0.02 -24024.6
0.445 0.025 -37541.4
0.445 0.03 -47238
0.445 0.035 -54560.5
0.445 0.04 -59930.2
0.445 0.045 -63560.3
0.445 0.05 -65670.5
0.445 0.055 -66493.1
0.445 0.06 -66256.1
0.445 0.065 -65170.3
0.445 0.07 -63421.6
0.445 0.075 -61168.1
0.445 0.08 -58541.1
0.445 0.085 -55647.3
0.445 0.09 -52572.1
0.445 0.095 -49383.2
0.445 0.1 -46133.3
0.445 0.105 -42863.2
0.445 0.11 -39604.4
0.445 0.115 -36380.4
0.445 0.12 -33209
0.445 0.125 -30103
0.445 0.13 -27071.6
0.445 0.135 -24121.3
0.445 0.14 -21256
0.445 0.145 -18478.3
0.445 0.15 -15789.6
0.445 0.155 -13192.4
0.445 0.16 -10696.8
0.445 0.165 -8335.02
0.445 0.17 -6176.45
0.445 0.175 -4318.25
0.445 0.18 -2837.62
0.445 0.185 -1743.85
0.445 0.19 -975.379
0.445 0.195 -431.743
0.445 0.2 -138.858
0.45 0 20068.2
0.45 0 -239.961
0.45 0.005 -519.426
0.45 0.01 -1589.78
0.45 0.015 -6220.98
0.45 0.02 -18817.7
0.45 0.025 -30259.2
0.45 0.03 -38778.8
0.45 0.035 -45404.8
0.45 0.04 -50438.1
0.45 0.045 -54022
0.45 0.05 -56309.7
0.45 0.055 -57470.8
0.45 0.06 -57679.6
0.45 0.065 -57103.3
0.45 0.07 -55895.4
0.45 0.075 -54190.8
0.45 0.08 -52105.1
0.45 0.085 -49735.4
0.45 0.09 -47161.4
0.45 0.095 -44447.9
0.45 0.1 -41647
0.45 0.105 -38800
0.45 0.11 -35939.1
0.45 0.115 -33089.7
0.45 0.12 -30270.9
0.45 0.125 -27497.5
0.45 0.13 -24780.3
0.45 0.135 -22127.1
0.45 0.14 -19543.4
0.45 0.145 -17033
0.45 0.15 -14598.3
0.45 0.155 -12242.1
0.45 0.16 -9972.72
0.45 0.165 -7816.3
0.45 0.17 -5831.51
0.45 0.175 -4105.53
0.45 0.18 -2714.28
0.45 0.185 -1675.57
0.45 0.19 -939.853
0.45 0.195 -416.917
0.45 0.2 -134.772
0.455 0 13597.1
0.455 0 -200.106
0.455 0.005 -410.418
0.455 0.01 -1173.95
0.455 0.015 -4599.87
0.455 0.02 -14549
0.455 0.025 -24192
0.455 0.03 -31655.4
0.455 0.035 -37595.4
0.455 0.04 -42227.6
0.455 0.045 -45650.4
0.455 0.05 -47972.7
0.455 0.055 -49319.5
0.455 0.06 -49824.1
0.455 0.065 -49618.6
0.455 0.07 -48828.1
0.455 0.075 -47566
0.455 0.08 -45932
0.455 0.085 -44012.1
0.455 0.09 -41878.6
0.455 0.095 -39591.8
0.455 0.1 -37201.1
0.455 0.105 -34746.3
0.455 0.11 -32259.5
0.455 0.115 -29766.1
0.455 0.12 -27286.1
0.455 0.125 -24834.8
0.455 0.13 -22424.1
0.455 0.135 -20062.7
0.455 0.14 -17757.2
0.455 0.145 -15512
0.455 0.15 -13330.3
0.455 0.155 -11215.3
0.455 0.16 -9173.98
0.455 0.165 -7227.51
0.455 0.17 -5425.09
0.455 0.175 -3843.67
0.455 0.18 -2555.57
0.455 0.185 -1584.34
0.455 0.19 -891.158
0.455 0.195 -396.213
0.455 0.2 -128.796
0.46 0 9198.85
0.46 0 -165.425
0.46 0.005 -322.213
0.46 0.01 -864.5
0.46 0.015 -3369.94
0.46 0.02 -11098.3
0.46 0.025 -19166
0.46 0.03 -25656.4
0.46 0.035 -30916.8
0.46 0.04 -35102.2
0.46 0.045 -38280.9
0.46 0.05 -40531.1
0.46 0.055 -41945.8
0.46 0.06 -42626.9
0.46 0.065 -42678.3
0.46 0.07 -42201
0.46 0.075 -41288.9
0.46 0.08 -40026.7
0.46 0.085 -38488.7
0.46 0.09 -36739.2
0.46 0.095 -34832.5
0.46 0.1 -32813.8
0.46 0.105 -30720.7
0.46 0.11 -28583.7
0.46 0.115 -26427.2
0.46 0.12 -24271
0.46 0.125 -22130.6
0.46 0.13 -20017.9
0.46 0.135 -17942.1
0.46 0.14 -15910.3
0.46 0.145 -13927.3
0.46 0.15 -11997
0.46 0.155 -10122.6
0.46 0.16 -8310.11
0.46 0.165 -6576.69
0.46 0.17 -4963.25
0.46 0.175 -3536.59
0.46 0.18 -2363.64
0.46 0.185 -1471.23
0.46 0.19 -829.776
0.46 0.195 -369.811
0.46 0.2 -120.973
0.465 0 6212.29
0.465 0 -135.312
0.465 0.005 -251.049
0.465 0.01 -634.512
0.465 0.015 -2447.39
0.465 0.02 -8355.32
0.465 0.025 -15030.1
0.465 0.03 -20602.8
0.465 0.035 -25186.7
0.465 0.04 -28891.7
0.465 0.045 -31765
0.465 0.05 -33863.1
0.465 0.055 -35254.8
0.465 0.06 -36017.8
0.465 0.065 -36233.5
0.465 0.07 -35982.7
0.465 0.075 -35341.9
0.465 0.08 -34381.7
0.465 0.085 -33165.5
0.465 0.09 -31748.5
0.465 0.095 -30178.7
0.465 0.1 -28496.5
0.465 0.105 -26735.8
0.465 0.11 -24924.8
0.465 0.115 -23086.3
0.465 0.12 -21239
0.465 0.125 -19397.7
0.465 0.13 -17574
0.465 0.135 -15777.2
0.465 0.14 -14014.1
0.465 0.145 -12290
0.465 0.15 -10608.8
0.465 0.155 -8973.8
0.465 0.16 -7390.15
0.465 0.165 -5871.79
0.465 0.17 -4452.31
0.465 0.175 -3188.7
0.465 0.18 -2141.19
0.465 0.185 -1337.72
0.465 0.19 -756.453
0.465 0.195 -338.014
0.465 0.2 -111.386
0.47 0 4184.19
0.47 0 -109.068
0.47 0.005 -193.563
0.47 0.01 -463.003
0.47 0.015 -1761.55
0.47 0.02 -6207.81
0.47 0.025 -11641.2
0.47 0.03 -16335.4
0.47 0.035 -20244.7
0.47 0.04 -23445.1
0.47 0.045 -25968.2
0.47 0.05 -27853.6
0.47 0.055 -29152.4
0.47 0.06 -29923.1
0.47 0.065 -30228.8
0.47 0.07 -30133.1
0.47 0.075 -29697.7
0.47 0.08 -28980.2
0.47 0.085 -28033.2
0.47 0.09 -26903.4
0.47 0.095 -25631.8
0.47 0.1 -24253.5
0.47 0.105 -22798.4
0.47 0.11 -21291.2
0.47 0.115 -19752.8
0.47 0.12 -18199.9
0.47 0.125 -16646.3
0.47 0.13 -15102.8
0.47 0.135 -13578
0.47 0.14 -12078.6
0.47 0.145 -10609.7
0.47 0.15 -9175.08
0.47 0.155 -7777.92
0.47 0.16 -6422.67
0.47 0.165 -5120.53
0.47 0.17 -3898.69
0.47 0.175 -2804.75
0.47 0.18 -1891.35
0.47 0.185 -1185.67
0.47 0.19 -672.175
0.47 0.195 -301.236
0.47 0.2 -100.155
0.475 0 2804.82
0.475 0 -85.9851
0.475 0.005 -146.829
0.475 0.01 -334.184
0.475 0.015 -1251.89
0.475 0.02 -4538.2
0.475 0.025 -8859.66
0.475 0.03 -12707.8
0.475 0.035 -15946.6
0.475 0.04 -18626.4
0.475 0.045 -20766.6
0.475 0.05 -22394.5
0.475 0.055 -23547
0.475 0.06 -24267.6
0.475 0.065 -24604.3
0.475 0.07 -24606.4
0.475 0.075 -24322.2
0.475 0.08 -23797.7
0.475 0.085 -23075.6
0.475 0.09 -22194.1
0.475 0.095 -21187.2
0.475 0.1 -20084.2
0.475 0.105 -18910.4
0.475 0.11 -17687.2
0.475 0.115 -16432.3
0.475 0.12 -15160.6
0.475 0.125 -13884.1
0.475 0.13 -12612.3
0.475 0.135 -11353.1
0.475 0.14 -10112.4
0.475 0.145 -8895
0.475 0.15 -7704.32
0.475 0.155 -6543.31
0.475 0.16 -5415.72
0.475 0.165 -4330.37
0.475 0.17 -3308.82
0.475 0.175 -2389.74
0.475 0.18 -1617.57
0.475 0.185 -1017.22
0.475 0.19 -578.127
0.475 0.195 -259.991
0.475 0.2 -87.4327
0.48 0 1862.44
0.48 0 -65.3918
0.48 0.005 -108.329
0.48 0.01 -236.002
0.48 0.015 -869.479
0.48 0.02 -3233.7
0.48 0.025 -6552.54
0.48 0.03 -9585.51
0.48 0.035 -12161.2
0.48 0.04 -14311.1
0.48 0.045 -16045.9
0.48 0.05 -17383.6
0.48 0.055 -18349.8
0.48 0.06 -18976.2
0.48 0.065 -19298.1
0.48 0.07 -19352.5
0.48 0.075 -19176.2
0.48 0.08 -18804.7
0.48 0.085 -18271.1
0.48 0.09 -17605.5
0.48 0.095 -16834.8
0.48 0.1 -15982.8
0.48 0.105 -15069.8
0.48 0.11 -14113.2
0.48 0.115 -13127.7
0.48 0.12 -12125.4
0.48 0.125 -11116.5
0.48 0.13 -10108.9
0.48 0.135 -9109.33
0.48 0.14 -8122.82
0.48 0.145 -7153.41
0.48 0.15 -6204.18
0.48 0.155 -5277.65
0.48 0.16 -4376.82
0.48 0.165 -3508.45
0.48 0.17 -2689.03
0.48 0.175 -1948.78
0.48 0.18 -1323.53
0.48 0.185 -834.751
0.48 0.19 -475.666
0.48 0.195 -214.874
0.48 0.2 -73.402
0.485 0 1211.66
0.485 0 -46.6657
0.485 0.005 -75.9095
0.485 0.01 -159.281
0.485 0.015 -575.598
0.485 0.02 -2194.26
0.485 0.025 -4599.39
0.485 0.03 -6846.71
0.485 0.035 -8769.09
0.485 0.04 -10385.1
0.485 0.045 -11699.8
0.485 0.05 -12724.1
0.485 0.055 -13475.1
0.485 0.06 -13974.4
0.485 0.065 -14247
0.485 0.07 -14319.2
0.485 0.075 -14217.4
0.485 0.08 -13967.4
0.485 0.085 -13593.5
0.485 0.09 -13118
0.485 0.095 -12561
0.485 0.1 -11940.3
0.485 0.105 -11271.2
0.485 0.11 -10567
0.485 0.115 -9838.9
0.485 0.12 -9096.32
0.485 0.125 -8347
0.485 0.13 -7597.26
0.485 0.135 -6852.21
0.485 0.14 -6115.92
0.485 0.145 -5391.55
0.485 0.15 -4681.56
0.485 0.155 -3987.95
0.485 0.16 -3313
0.485 0.165 -2661.56
0.485 0.17 -2045.52
0.485 0.175 -1487.03
0.485 0.18 -1013.11
0.485 0.185 -640.83
0.485 0.19 -366.286
0.485 0.195 -166.551
0.485 0.2 -58.2691
0.49 0 751.431
0.49 0 -29.2371
0.49 0.005 -47.7153
0.49 0.01 -96.8778
0.49 0.015 -339.872
0.49 0.02 -1335.19
0.49 0.025 -2894.34
0.49 0.03 -4381.83
0.49 0.035 -5661.19
0.49 0.04 -6742.79
0.49 0.045 -7628.35
0.49 0.05 -8323.83
0.49 0.055 -8839.49
0.49 0.06 -9188.83
0.49 0.065 -9387.54
0.49 0.07 -9452.47
0.49 0.075 -9400.78
0.49 0.08 -9249.26
0.49 0.085 -9013.84
0.49 0.09 -8709.25
0.49 0.095 -8348.83
0.49 0.1 -7944.44
0.49 0.105 -7506.42
0.49 0.11 -7043.73
0.49 0.115 -6563.95
0.49 0.12 -6073.47
0.49 0.125 -5577.59
0.49 0.13 -5080.64
0.49 0.135 -4586.16
0.49 0.14 -4096.95
0.49 0.145 -3615.22
0.49 0.15 -3142.69
0.49 0.155 -2680.74
0.49 0.16 -2230.89
0.49 0.165 -1796.24
0.49 0.17 -1384.37
0.49 0.175 -1009.69
0.49 0.18 -690.27
0.49 0.185 -438.163
0.49 0.19 -251.582
0.49 0.195 -115.74
0.49 0.2 -42.2593
0.495 0 409.748
0.495 0 -12.5816
0.495 0.005 -22.1185
0.495 0.01 -43.0311
0.495 0.015 -138.174
0.495 0.02 -585.795
0.495 0.025 -1345.09
0.495 0.03 -2092.23
0.495 0.035 -2737.26
0.495 0.04 -3285.46
0.495 0.045 -3737.06
0.495 0.05 -4094.47
0.495 0.055 -4362.34
0.495 0.06 -4547.03
0.495 0.065 -4656.07
0.495 0.07 -4697.65
0.495 0.075 -4680.19
0.495 0.08 -4611.99
0.495 0.085 -4500.96
0.495 0.09 -4354.46
0.495 0.095 -4179.2
0.495 0.1 -3981.16
0.495 0.105 -3765.57
0.495 0.11 -3536.98
0.495 0.115 -3299.27
0.495 0.12 -3055.7
0.495 0.125 -2809
0.495 0.13 -2561.39
0.495 0.135 -2314.72
0.495 0.14 -2070.42
0.495 0.145 -1829.65
0.495 0.15 -1593.31
0.495 0.155 -1362.11
0.495 0.16 -1136.8
0.495 0.165 -918.771
0.495 0.17 -711.513
0.495 0.175 -521.913
0.495 0.18 -359.06
0.495 0.185 -229.55
0.495 0.19 -133.231
0.495 0.195 -63.1999
0.495 0.2 -25.6131
0.5 0 195.72
0.5 0 -6.576
0.5 0.005 -9.77782
0.5 0.01 -17.5951
0.5 0.015 -43.1435
0.5 0.02 -230.492
0.5 0.025 -598.646
0.5 0.03 -979.546
0.5 0.035 -1309.23
0.5 0.04 -1591.09
0.5 0.045 -1824.94
0.5 0.05 -2011.68
0.5 0.055 -2153.4
0.5 0.06 -2253.09
0.5 0.065 -2314.4
0.5 0.07 -2341.32
0.5 0.075 -2338.03
0.5 0.08 -2308.67
0.5 0.085 -2257.2
0.5 0.09 -2187.36
0.5 0.095 -2102.53
0.5 0.1 -2005.77
0.5 0.105 -1899.76
0.5 0.11 -1786.82
0.5 0.115 -1668.96
0.5 0.12 -1547.86
0.5 0.125 -1424.94
0.5 0.13 -1301.35
0.5 0.135 -1178.04
0.5 0.14 -1055.78
0.5 0.145 -935.171
0.5 0.15 -816.684
0.5 0.155 -700.687
0.5 0.16 -587.524
0.5 0.165 -477.77
0.5 0.17 -372.893
0.5 0.175 -276.063
0.5 0.18 -191.87
0.5 0.185 -124.112
0.5 0.19 -73.356
0.5 0.195 -36.5945
0.5 0.2 -12.8712
