0 0 7488.27
0 0 19034.4
0 0.005 28676.9
0 0.01 53391.9
0 0.015 70081
0 0.02 102799
0 0.025 164763
0 0.03 204233
0 0.035 199192
0 0.04 184854
0 0.045 169456
0 0.05 153957
0 0.055 138441
0 0.06 122919
0 0.065 107401
0 0.07 91907.2
0 0.075 76504.6
0 0.08 61396
0 0.085 47042
0 0.09 34168
0 0.095 23503.7
0 0.1 15407.9
0 0.105 9730.01
0 0.11 5987.64
0 0.115 3626.88
0 0.12 2180.13
0 0.125 1309.59
0 0.13 791.689
0 0.135 485.754
0 0.14 305.857
0 0.145 200.412
0 0.15 138.767
0 0.155 102.82
0 0.16 81.9179
0 0.165 69.8059
0 0.17 62.8183
0 0.175 58.8089
0 0.18 56.524
0 0.185 55.2348
0 0.19 54.5227
0 0.195 54.1565
0 0.2 54.0284
0.005 0 8341.31
0.005 0 19034.5
0.005 0.005 33498.3
0.005 0.01 56107.4
0.005 0.015 72996.7
0.005 0.02 113335
0.005 0.025 174699
0.005 0.03 204143
0.005 0.035 196903
0.005 0.04 182309
0.005 0.045 166884
0.005 0.05 151379
0.005 0.055 135857
0.005 0.06 120331
0.005 0.065 104812
0.005 0.07 89322.8
0.005 0.075 73946.8
0.005 0.08 58924.4
0.005 0.085 44770.6
0.005 0.09 32235.4
0.005 0.095 22001.5
0.005 0.1 14335.4
0.005 0.105 9014.45
0.005 0.11 5532.68
0.005 0.115 3346.69
0.005 0.12 2011.02
0.005 0.125 1208.8
0.005 0.13 732.084
0.005 0.135 450.685
0.005 0.14 285.299
0.005 0.145 188.397
0.005 0.15 131.769
0.005 0.155 98.7595
0.005 0.16 79.5747
0.005 0.165 68.4647
0.005 0.17 62.0599
0.005 0.175 58.3881
0.005 0.18 56.2982
0.005 0.185 55.1215
0.005 0.19 54.4754
0.005 0.195 54.1511
0.005 0.2 54.0702
0.01 0 10557.9
0.01 0 19034.7
0.01 0.005 33498.8
0.01 0.01 56108.8
0.01 0.015 73000.9
0.01 0.02 113355
0.01 0.025 174745
0.01 0.03 204199
0.01 0.035 196953
0.01 0.04 182351
0.01 0.045 166916
0.01 0.05 151399
0.01 0.055 135866
0.01 0.06 120328
0.01 0.065 104798
0.01 0.07 89298.8
0.01 0.075 73914.6
0.01 0.08 58886.6
0.01 0.085 44730.9
0.01 0.09 32198.3
0.01 0.095 21970.6
0.01 0.1 14312.1
0.01 0.105 8998.2
0.01 0.11 5522.02
0.01 0.115 3339.97
0.01 0.12 2006.9
0.01 0.125 1206.32
0.01 0.13 730.63
0.01 0.135 449.851
0.01 0.14 284.839
0.01 0.145 188.161
0.01 0.15 131.666
0.01 0.155 98.7355
0.01 0.16 79.5971
0.01 0.165 68.5142
0.01 0.17 62.1249
0.01 0.175 58.4621
0.01 0.18 56.3771
0.01 0.185 55.203
0.01 0.19 54.5584
0.01 0.195 54.2347
0.01 0.2 54.1726
0.015 0 14383.9
0.015 0 19035.1
0.015 0.005 33499.7
0.015 0.01 56111.1
0.015 0.015 73008.4
0.015 0.02 113392
0.015 0.025 174827
0.015 0.03 204293
0.015 0.035 197038
0.015 0.04 182421
0.015 0.045 166968
0.015 0.05 151432
0.015 0.055 135879
0.015 0.06 120322
0.015 0.065 104772
0.015 0.07 89256.8
0.015 0.075 73858.9
0.015 0.08 58821.7
0.015 0.085 44663.3
0.015 0.09 32135.4
0.015 0.095 21918.4
0.015 0.1 14273
0.015 0.105 8971.07
0.015 0.11 5504.25
0.015 0.115 3328.79
0.015 0.12 2000.05
0.015 0.125 1202.22
0.015 0.13 728.222
0.015 0.135 448.473
0.015 0.14 284.08
0.015 0.145 187.773
0.015 0.15 131.497
0.015 0.155 98.697
0.015 0.16 79.6352
0.015 0.165 68.597
0.015 0.17 62.2336
0.015 0.175 58.5854
0.015 0.18 56.5086
0.015 0.185 55.3389
0.015 0.19 54.6964
0.015 0.195 54.3738
0.015 0.2 54.3304
0.02 0 20401.7
0.02 0 19035.6
0.02 0.005 33501
0.02 0.01 56114.4
0.02 0.015 73019.4
0.02 0.02 113447
0.02 0.025 174947
0.02 0.03 204433
0.02 0.035 197162
0.02 0.04 182523
0.02 0.045 167044
0.02 0.05 151479
0.02 0.055 135897
0.02 0.06 120310
0.02 0.065 104734
0.02 0.07 89194.3
0.02 0.075 73776.9
0.02 0.08 58726.8
0.02 0.085 44565.1
0.02 0.09 32044.7
0.02 0.095 21843.5
0.02 0.1 14216.9
0.02 0.105 8932.31
0.02 0.11 5478.93
0.02 0.115 3312.88
0.02 0.12 1990.33
0.02 0.125 1196.4
0.02 0.13 724.805
0.02 0.135 446.516
0.02 0.14 283.002
0.02 0.145 187.22
0.02 0.15 131.256
0.02 0.155 98.6407
0.02 0.16 79.6871
0.02 0.165 68.712
0.02 0.17 62.385
0.02 0.175 58.7575
0.02 0.18 56.6922
0.02 0.185 55.5287
0.02 0.19 54.8894
0.02 0.195 54.5681
0.02 0.2 54.5435
0.025 0 29527.2
0.025 0 19036.3
0.025 0.005 33502.5
0.025 0.01 56118.7
0.025 0.015 73034.3
0.025 0.02 113523
0.025 0.025 175112
0.025 0.03 204623
0.025 0.035 197331
0.025 0.04 182661
0.025 0.045 167146
0.025 0.05 151541
0.025 0.055 135918
0.025 0.06 120292
0.025 0.065 104680
0.025 0.07 89108.1
0.025 0.075 73664.8
0.025 0.08 58598.2
0.025 0.085 44432.8
0.025 0.09 31923
0.025 0.095 21743.4
0.025 0.1 14142.3
0.025 0.105 8880.89
0.025 0.11 5445.4
0.025 0.115 3291.85
0.025 0.12 1977.49
0.025 0.125 1188.72
0.025 0.13 720.303
0.025 0.135 443.941
0.025 0.14 281.583
0.025 0.145 186.49
0.025 0.15 130.936
0.025 0.155 98.5617
0.025 0.16 79.7499
0.025 0.165 68.8574
0.025 0.17 62.578
0.025 0.175 58.9776
0.025 0.18 56.9274
0.025 0.185 55.772
0.025 0.19 55.1367
0.025 0.195 54.8173
0.025 0.2 54.8115
0.03 0 43149.2
0.03 0 19037
0.03 0.005 33504.4
0.03 0.01 56123.9
0.03 0.015 73053.6
0.03 0.02 113625
0.03 0.025 175332
0.03 0.03 204874
0.03 0.035 197553
0.03 0.04 182840
0.03 0.045 167276
0.03 0.05 151618
0.03 0.055 135942
0.03 0.06 120265
0.03 0.065 104605
0.03 0.07 88993.1
0.03 0.075 73517.5
0.03 0.08 58430.5
0.03 0.085 44261.5
0.03 0.09 31766.4
0.03 0.095 21615.2
0.03 0.1 14047.2
0.03 0.105 8815.49
0.03 0.11 5402.88
0.03 0.115 3265.23
0.03 0.12 1961.26
0.03 0.125 1179.03
0.03 0.13 714.627
0.03 0.135 440.693
0.03 0.14 279.791
0.03 0.145 185.566
0.03 0.15 130.526
0.03 0.155 98.4546
0.03 0.16 79.8204
0.03 0.165 69.0312
0.03 0.17 62.8114
0.03 0.175 59.2448
0.03 0.18 57.2134
0.03 0.185 56.0681
0.03 0.19 55.4379
0.03 0.195 55.1208
0.03 0.2 55.1337
0.035 0 63340
0.035 0 19037.7
0.035 0.005 33506.3
0.035 0.01 56130.1
0.035 0.015 73077.9
0.035 0.02 113758
0.035 0.025 175618
0.035 0.03 205200
0.035 0.035 197837
0.035 0.04 183068
0.035 0.045 167438
0.035 0.05 151712
0.035 0.055 135966
0.035 0.06 120224
0.035 0.065 104506
0.035 0.07 88842.9
0.035 0.075 73327.9
0.035 0.08 58217.1
0.035 0.085 44045.1
0.035 0.09 31570
0.035 0.095 21455.3
0.035 0.1 13929
0.035 0.105 8734.57
0.035 0.11 5350.41
0.035 0.115 3232.47
0.035 0.12 1941.33
0.035 0.125 1167.15
0.035 0.13 707.673
0.035 0.135 436.716
0.035 0.14 277.596
0.035 0.145 184.43
0.035 0.15 130.016
0.035 0.155 98.3131
0.035 0.16 79.8948
0.035 0.165 69.2311
0.035 0.17 63.0835
0.035 0.175 59.558
0.035 0.18 57.5493
0.035 0.185 56.4163
0.035 0.19 55.7924
0.035 0.195 55.478
0.035 0.2 55.5096
0.04 0 93168.8
0.04 0 19038
0.04 0.005 33508.1
0.04 0.01 56137
0.04 0.015 73108.4
0.04 0.02 113929
0.04 0.025 175987
0.04 0.03 205617
0.04 0.035 198199
0.04 0.04 183353
0.04 0.045 167637
0.04 0.05 151821
0.04 0.055 135987
0.04 0.06 120164
0.04 0.065 104372
0.04 0.07 88648.7
0.04 0.075 73087.1
0.04 0.08 57949.3
0.04 0.085 43776.2
0.04 0.09 31327.7
0.04 0.095 21259.3
0.04 0.1 13785
0.04 0.105 8636.34
0.04 0.11 5286.95
0.04 0.115 3192.95
0.04 0.12 1917.35
0.04 0.125 1152.87
0.04 0.13 699.328
0.04 0.135 431.945
0.04 0.14 274.96
0.04 0.145 183.06
0.04 0.15 129.394
0.04 0.155 98.1308
0.04 0.16 79.9693
0.04 0.165 69.4547
0.04 0.17 63.3928
0.04 0.175 59.916
0.04 0.18 57.9344
0.04 0.185 56.8159
0.04 0.19 56.1994
0.04 0.195 55.8884
0.04 0.2 55.9385
0.045 0 137163
0.045 0 19037.5
0.045 0.005 33509.1
0.045 0.01 56144.6
0.045 0.015 73146.5
0.045 0.02 114151
0.045 0.025 176463
0.045 0.03 206149
0.045 0.035 198654
0.045 0.04 183706
0.045 0.045 167876
0.045 0.05 151944
0.045 0.055 135999
0.045 0.06 120074
0.045 0.065 104195
0.045 0.07 88399.1
0.045 0.075 72783.7
0.045 0.08 57616.5
0.045 0.085 43445.7
0.045 0.09 31032.6
0.045 0.095 21022.4
0.045 0.1 13611.9
0.045 0.105 8518.89
0.045 0.11 5211.35
0.045 0.115 3146.02
0.045 0.12 1888.94
0.045 0.125 1136
0.045 0.13 689.479
0.045 0.135 426.32
0.045 0.14 271.849
0.045 0.145 181.439
0.045 0.15 128.65
0.045 0.155 97.9014
0.045 0.16 80.0402
0.045 0.165 69.6996
0.045 0.17 63.7378
0.045 0.175 60.3176
0.045 0.18 58.3675
0.045 0.185 57.266
0.045 0.19 56.6582
0.045 0.195 56.351
0.045 0.2 56.4196
0.05 0 201982
0.05 0 19035.4
0.05 0.005 33508.4
0.05 0.01 56152.2
0.05 0.015 73194.6
0.05 0.02 114439
0.05 0.025 177078
0.05 0.03 206828
0.05 0.035 199224
0.05 0.04 184138
0.05 0.045 168158
0.05 0.05 152075
0.05 0.055 135991
0.05 0.06 119942
0.05 0.065 103959
0.05 0.07 88079.1
0.05 0.075 72403.6
0.05 0.08 57206.2
0.05 0.085 43043.3
0.05 0.09 30676.8
0.05 0.095 20739.2
0.05 0.1 13406.4
0.05 0.105 8380.2
0.05 0.11 5122.47
0.05 0.115 3091.05
0.05 0.12 1855.75
0.05 0.125 1116.33
0.05 0.13 678.021
0.05 0.135 419.78
0.05 0.14 268.232
0.05 0.145 179.548
0.05 0.15 127.774
0.05 0.155 97.6194
0.05 0.16 80.1041
0.05 0.165 69.9637
0.05 0.17 64.1167
0.05 0.175 60.7616
0.05 0.18 58.8477
0.05 0.185 57.7657
0.05 0.19 57.1679
0.05 0.195 56.8652
0.05 0.2 56.9521
0.055 0 297380
0.055 0 19029.9
0.055 0.005 33504.1
0.055 0.01 56159.1
0.055 0.015 73256.2
0.055 0.02 114816
0.055 0.025 177879
0.055 0.03 207694
0.055 0.035 199937
0.055 0.04 184661
0.055 0.045 168481
0.055 0.05 152206
0.055 0.055 135948
0.055 0.06 119750
0.055 0.065 103644
0.055 0.07 87669.8
0.055 0.075 71929.3
0.055 0.08 56703.4
0.055 0.085 42556.9
0.055 0.09 30251.8
0.055 0.095 20404.1
0.055 0.1 13165.1
0.055 0.105 8218.32
0.055 0.11 5019.24
0.055 0.115 3027.44
0.055 0.12 1817.47
0.055 0.125 1093.7
0.055 0.13 664.863
0.055 0.135 412.28
0.055 0.14 264.084
0.055 0.145 177.375
0.055 0.15 126.759
0.055 0.155 97.2805
0.055 0.16 80.1584
0.055 0.165 70.2453
0.055 0.17 64.5285
0.055 0.175 61.247
0.055 0.18 59.3741
0.055 0.185 58.3141
0.055 0.19 57.7276
0.055 0.195 57.4299
0.055 0.2 57.535
0.06 0 437561
0.06 0 19017.8
0.06 0.005 33492.5
0.06 0.01 56163.8
0.06 0.015 73337.6
0.06 0.02 115321
0.06 0.025 178930
0.06 0.03 208805
0.06 0.035 200825
0.06 0.04 185285
0.06 0.045 168838
0.06 0.05 152316
0.06 0.055 135844
0.06 0.06 119470
0.06 0.065 103225
0.06 0.07 87147.4
0.06 0.075 71340.1
0.06 0.08 56090.8
0.06 0.085 41973.5
0.06 0.09 29748.5
0.06 0.095 20011.5
0.06 0.1 12884.7
0.06 0.105 8031.5
0.06 0.11 4900.72
0.06 0.115 2954.71
0.06 0.12 1773.86
0.06 0.125 1067.99
0.06 0.13 649.945
0.06 0.135 403.789
0.06 0.14 259.389
0.06 0.145 174.911
0.06 0.15 125.6
0.06 0.155 96.8824
0.06 0.16 80.2017
0.06 0.165 70.5432
0.06 0.17 64.972
0.06 0.175 61.7729
0.06 0.18 59.9456
0.06 0.185 58.9104
0.06 0.19 58.3364
0.06 0.195 58.0444
0.06 0.2 58.1676
0.065 0 642957
0.065 0 18992.8
0.065 0.005 33466.5
0.065 0.01 56163.5
0.065 0.015 73449.1
0.065 0.02 116008
0.065 0.025 180330
0.065 0.03 210234
0.065 0.035 201923
0.065 0.04 186013
0.065 0.045 169210
0.065 0.05 152375
0.065 0.055 135643
0.065 0.06 119066
0.065 0.065 102668
0.065 0.07 86482.5
0.065 0.075 70611.7
0.065 0.08 55349.5
0.065 0.085 41279.3
0.065 0.09 29158
0.065 0.095 19556.1
0.065 0.1 12562.6
0.065 0.105 7818.4
0.065 0.11 4766.28
0.065 0.115 2872.58
0.065 0.12 1724.78
0.065 0.125 1039.14
0.065 0.13 633.246
0.065 0.135 394.299
0.065 0.14 254.146
0.065 0.145 172.156
0.065 0.15 124.298
0.065 0.155 96.4255
0.065 0.16 80.2339
0.065 0.165 70.857
0.065 0.17 65.4468
0.065 0.175 62.3385
0.065 0.18 60.5616
0.065 0.185 59.5535
0.065 0.19 58.9933
0.065 0.195 58.7076
0.065 0.2 58.8487
0.07 0 942282
0.07 0 18942.7
0.07 0.005 33412.7
0.07 0.01 56153.9
0.07 0.015 73609.9
0.07 0.02 116967
0.07 0.025 182225
0.07 0.03 212082
0.07 0.035 203268
0.07 0.04 186832
0.07 0.045 169554
0.07 0.05 152326
0.07 0.055 135289
0.07 0.06 118486
0.07 0.065 101930
0.07 0.07 85640.5
0.07 0.075 69716.7
0.07 0.08 54459.2
0.07 0.085 40460.9
0.07 0.09 28472.4
0.07 0.095 19033.9
0.07 0.1 12196.8
0.07 0.105 7578.28
0.07 0.11 4615.69
0.07 0.115 2781.02
0.07 0.12 1670.26
0.07 0.125 1007.19
0.07 0.13 614.796
0.07 0.135 383.835
0.07 0.14 248.371
0.07 0.145 169.122
0.07 0.15 122.86
0.07 0.155 95.9132
0.07 0.16 80.2568
0.07 0.165 71.1876
0.07 0.17 65.9527
0.07 0.175 62.9434
0.07 0.18 61.2213
0.07 0.185 60.2427
0.07 0.19 59.6976
0.07 0.195 59.4186
0.07 0.2 59.5774
0.075 0 1.37404e+06
0.075 0 18843
0.075 0.005 33304.3
0.075 0.01 56129.1
0.075 0.015 73856.2
0.075 0.02 118348
0.075 0.025 184843
0.075 0.03 214483
0.075 0.035 204883
0.075 0.04 187694
0.075 0.045 169788
0.075 0.05 152082
0.075 0.055 134703
0.075 0.06 117666
0.075 0.065 100959
0.075 0.07 84581.9
0.075 0.075 68626.6
0.075 0.08 53400.3
0.075 0.085 39506.1
0.075 0.09 27685.3
0.075 0.095 18442.4
0.075 0.1 11786.9
0.075 0.105 7311.32
0.075 0.11 4449.28
0.075 0.115 2680.3
0.075 0.12 1610.52
0.075 0.125 972.289
0.075 0.13 594.692
0.075 0.135 372.454
0.075 0.14 242.099
0.075 0.145 165.829
0.075 0.15 121.297
0.075 0.155 95.3526
0.075 0.16 80.2742
0.075 0.165 71.5365
0.075 0.17 66.4905
0.075 0.175 63.5875
0.075 0.18 61.9242
0.075 0.185 60.9772
0.075 0.19 60.4482
0.075 0.195 60.1765
0.075 0.2 60.3527
0.08 0 1.98492e+06
0.08 0 18643.3
0.08 0.005 33088.2
0.08 0.01 56084.1
0.08 0.015 74260.5
0.08 0.02 120410
0.08 0.025 188554
0.08 0.03 217598
0.08 0.035 206738
0.08 0.04 188472
0.08 0.045 169765
0.08 0.05 151509
0.08 0.055 133776
0.08 0.06 116524
0.08 0.065 99695.8
0.08 0.07 83265.3
0.08 0.075 67313.3
0.08 0.08 52155.6
0.08 0.085 38406.3
0.08 0.09 26794
0.08 0.095 17781.8
0.08 0.1 11334
0.08 0.105 7018.79
0.08 0.11 4268.06
0.08 0.115 2571.14
0.08 0.12 1546
0.08 0.125 934.709
0.08 0.13 573.099
0.08 0.135 360.257
0.08 0.14 235.39
0.08 0.145 162.311
0.08 0.15 119.63
0.08 0.155 94.7546
0.08 0.16 80.2918
0.08 0.165 71.9067
0.08 0.17 67.0612
0.08 0.175 64.2709
0.08 0.18 62.6699
0.08 0.185 61.7563
0.08 0.19 61.2443
0.08 0.195 60.9802
0.08 0.2 61.1736
0.085 0 2.81851e+06
0.085 0 18236.1
0.085 0.005 32654.6
0.085 0.01 56030.7
0.085 0.015 74974
0.085 0.02 123628
0.085 0.025 193986
0.085 0.03 221573
0.085 0.035 208656
0.085 0.04 188896
0.085 0.045 169231
0.085 0.05 150410
0.085 0.055 132368
0.085 0.06 114964
0.085 0.065 98079.8
0.085 0.07 81652.1
0.085 0.075 65754.1
0.085 0.08 50713.8
0.085 0.085 37158.2
0.085 0.09 25800.1
0.085 0.095 17055.5
0.085 0.1 10841.6
0.085 0.105 6703.31
0.085 0.11 4073.8
0.085 0.115 2454.65
0.085 0.12 1477.4
0.085 0.125 894.864
0.085 0.13 550.262
0.085 0.135 347.386
0.085 0.14 228.325
0.085 0.145 158.616
0.085 0.15 117.885
0.085 0.155 94.1342
0.085 0.16 80.3178
0.085 0.165 72.3025
0.085 0.17 67.6668
0.085 0.175 64.9943
0.085 0.18 63.4583
0.085 0.185 62.5794
0.085 0.19 62.0851
0.085 0.195 61.8288
0.085 0.2 62.0392
0.09 0 3.88189e+06
0.09 0 17376.7
0.09 0.005 31769.4
0.09 0.01 56067
0.09 0.015 76340.1
0.09 0.02 128986
0.09 0.025 202215
0.09 0.03 226297
0.09 0.035 210087
0.09 0.04 188432
0.09 0.045 167797
0.09 0.05 148531
0.09 0.055 130323
0.09 0.06 112896
0.09 0.065 96058.1
0.09 0.07 79714.5
0.09 0.075 63936.7
0.09 0.08 49073.2
0.09 0.085 35766.6
0.09 0.09 24711
0.09 0.095 16271
0.09 0.1 10315.4
0.09 0.105 6368.91
0.09 0.11 3869.08
0.09 0.115 2332.41
0.09 0.12 1405.65
0.09 0.125 853.302
0.09 0.13 526.497
0.09 0.135 334.022
0.09 0.14 221.009
0.09 0.145 154.803
0.09 0.15 116.095
0.09 0.155 93.5101
0.09 0.16 80.3625
0.09 0.165 72.729
0.09 0.17 68.3098
0.09 0.175 65.7586
0.09 0.18 64.2893
0.09 0.185 63.4461
0.09 0.19 62.9697
0.09 0.195 62.7213
0.09 0.2 62.9483
0.095 0 5.07851e+06
0.095 0 15466.1
0.095 0.005 30003
0.095 0.01 56699.4
0.095 0.015 79330.5
0.095 0.02 138944
0.095 0.025 214586
0.095 0.03 230486
0.095 0.035 209646
0.095 0.04 186164
0.095 0.045 164939
0.095 0.05 145591
0.095 0.055 127499
0.095 0.06 110252
0.095 0.065 93602.7
0.095 0.07 77445.5
0.095 0.075 61866
0.095 0.08 47245.3
0.095 0.085 34246.4
0.095 0.09 23541.3
0.095 0.095 15440.1
0.095 0.1 9763.84
0.095 0.105 6021.04
0.095 0.11 3657.25
0.095 0.115 2206.42
0.095 0.12 1331.92
0.095 0.125 810.697
0.095 0.13 502.189
0.095 0.135 320.387
0.095 0.14 213.567
0.095 0.145 150.943
0.095 0.15 114.301
0.095 0.155 92.9043
0.095 0.16 80.4378
0.095 0.165 73.1927
0.095 0.17 68.9933
0.095 0.175 66.5649
0.095 0.18 65.163
0.095 0.185 64.3557
0.095 0.19 63.8973
0.095 0.195 63.6568
0.095 0.2 63.9
0.1 0 6.13167e+06
0.1 0 11259.6
0.1 0.005 43579.8
0.1 0.01 59613.4
0.1 0.015 86412.4
0.1 0.02 158012
0.1 0.025 227078
0.1 0.03 228837
0.1 0.035 204536
0.1 0.04 180861
0.1 0.045 160149
0.1 0.05 141397
0.1 0.055 123833
0.1 0.06 107023
0.1 0.065 90729.2
0.1 0.07 74869.2
0.1 0.075 59569.4
0.1 0.08 45258.2
0.1 0.085 32623.7
0.1 0.09 22312.8
0.1 0.095 14578.6
0.1 0.1 9197.67
0.1 0.105 5666.4
0.1 0.11 3442.34
0.1 0.115 2079.03
0.1 0.12 1257.55
0.1 0.125 767.817
0.1 0.13 477.778
0.1 0.135 306.727
0.1 0.14 206.139
0.1 0.145 147.114
0.1 0.15 112.547
0.1 0.155 92.3416
0.1 0.16 80.5573
0.1 0.165 73.7006
0.1 0.17 69.7206
0.1 0.175 67.4147
0.1 0.18 66.0798
0.1 0.185 65.3079
0.1 0.19 64.8671
0.1 0.195 64.6343
0.1 0.2 64.8932
0.105 0 6.80608e+06
0.105 0 68986.3
0.105 0.005 90470.3
0.105 0.01 67077.4
0.105 0.015 102785
0.105 0.02 177325
0.105 0.025 221535
0.105 0.03 213567
0.105 0.035 192341
0.105 0.04 171918
0.105 0.045 153355
0.105 0.05 136014
0.105 0.055 119418
0.105 0.06 103298
0.105 0.065 87511.7
0.105 0.07 72048
0.105 0.075 57099.8
0.105 0.08 43157.4
0.105 0.085 30935.8
0.105 0.09 21053.6
0.105 0.095 13706.2
0.105 0.1 8629.36
0.105 0.105 5312.59
0.105 0.11 3228.8
0.105 0.115 1952.8
0.105 0.12 1184.02
0.105 0.125 725.498
0.105 0.13 453.733
0.105 0.135 293.31
0.105 0.14 198.875
0.105 0.145 143.402
0.105 0.15 110.879
0.105 0.155 91.8482
0.105 0.16 80.7352
0.105 0.165 74.2603
0.105 0.17 70.4955
0.105 0.175 68.3094
0.105 0.18 67.0398
0.105 0.185 66.3022
0.105 0.19 65.8784
0.105 0.195 65.6527
0.105 0.2 65.927
0.11 0 7.20496e+06
0.11 0 158097
0.11 0.005 147183
0.11 0.01 87378.6
0.11 0.015 120874
0.11 0.02 171834
0.11 0.025 193046
0.11 0.03 188865
0.11 0.035 175853
0.11 0.04 160768
0.11 0.045 145323
0.11 0.05 129889
0.11 0.055 114535
0.11 0.06 99263.2
0.11 0.065 84082.5
0.11 0.07 69080.2
0.11 0.075 54533.7
0.11 0.08 41003.3
0.11 0.085 29229.2
0.11 0.09 19796.9
0.11 0.095 12844.7
0.11 0.1 8072.41
0.11 0.105 4967.61
0.11 0.11 3021.28
0.11 0.115 1830.4
0.11 0.12 1112.84
0.11 0.125 684.593
0.11 0.13 430.539
0.11 0.135 280.408
0.11 0.14 191.929
0.11 0.145 139.893
0.11 0.15 109.348
0.11 0.155 91.4512
0.11 0.16 80.9864
0.11 0.165 74.8796
0.11 0.17 71.322
0.11 0.175 69.2508
0.11 0.18 68.0434
0.11 0.185 67.3384
0.11 0.19 66.9304
0.11 0.195 66.7112
0.11 0.2 67.0001
0.115 0 7.39851e+06
0.115 0 268889
0.115 0.005 215951
0.115 0.01 116592
0.115 0.015 126711
0.115 0.02 152613
0.115 0.025 166776
0.115 0.03 167638
0.115 0.035 160707
0.115 0.04 149933
0.115 0.045 137288
0.115 0.05 123691
0.115 0.055 109578
0.115 0.06 95170.7
0.115 0.065 80612.2
0.115 0.07 66088.4
0.115 0.075 51963.5
0.115 0.08 38866
0.115 0.085 27555.1
0.115 0.09 18577.8
0.115 0.095 12016.4
0.115 0.1 7540.32
0.115 0.105 4639.39
0.115 0.11 2824.33
0.115 0.115 1714.42
0.115 0.12 1045.47
0.115 0.125 645.933
0.115 0.13 408.664
0.115 0.135 268.287
0.115 0.14 185.452
0.115 0.145 136.672
0.115 0.15 108
0.115 0.155 91.1772
0.115 0.16 81.3254
0.115 0.165 75.5663
0.115 0.17 72.2038
0.115 0.175 70.2403
0.115 0.18 69.091
0.115 0.185 68.4158
0.115 0.19 68.0221
0.115 0.195 67.8087
0.115 0.2 68.1115
0.12 0 7.48971e+06
0.12 0 352478
0.12 0.005 265305
0.12 0.01 145393
0.12 0.015 135020
0.12 0.02 145064
0.12 0.025 153058
0.12 0.03 154152
0.12 0.035 149476
0.12 0.04 141010
0.12 0.045 130222
0.12 0.05 118017
0.12 0.055 104928
0.12 0.06 91272.7
0.12 0.065 77276.8
0.12 0.07 63201
0.12 0.075 49485.8
0.12 0.08 36818.2
0.12 0.085 25965.2
0.12 0.09 17430.4
0.12 0.095 11242.5
0.12 0.1 7045.65
0.12 0.105 4335.17
0.12 0.11 2642.1
0.12 0.115 1607.22
0.12 0.12 983.262
0.12 0.125 610.284
0.12 0.13 388.545
0.12 0.135 257.194
0.12 0.14 179.584
0.12 0.145 133.819
0.12 0.15 106.88
0.12 0.155 91.0514
0.12 0.16 81.7662
0.12 0.165 76.3276
0.12 0.17 73.1444
0.12 0.175 71.2794
0.12 0.18 70.1826
0.12 0.185 69.5342
0.12 0.19 69.1528
0.12 0.195 68.944
0.12 0.2 69.26
0.125 0 7.52993e+06
0.125 0 397916
0.125 0.005 299700
0.125 0.01 170253
0.125 0.015 147425
0.125 0.02 146472
0.125 0.025 148156
0.125 0.03 146980
0.125 0.035 142200
0.125 0.04 134465
0.125 0.045 124594
0.125 0.05 113239
0.125 0.055 100860
0.125 0.06 87772.1
0.125 0.065 74228
0.125 0.07 60534.7
0.125 0.075 47190.7
0.125 0.08 34927
0.125 0.085 24506.5
0.125 0.09 16385
0.125 0.095 10541.5
0.125 0.1 6599.18
0.125 0.105 4061.16
0.125 0.11 2478.15
0.125 0.115 1510.84
0.125 0.12 927.378
0.125 0.125 578.314
0.125 0.13 370.566
0.125 0.135 247.351
0.125 0.14 174.452
0.125 0.145 131.405
0.125 0.15 106.031
0.125 0.155 91.0971
0.125 0.16 82.3215
0.125 0.165 77.1705
0.125 0.17 74.1473
0.125 0.175 72.3695
0.125 0.18 71.3185
0.125 0.185 70.6928
0.125 0.19 70.3215
0.125 0.195 70.1161
0.125 0.2 70.4445
0.13 0 7.54402e+06
0.13 0 427810
0.13 0.005 325533
0.13 0.01 189971
0.13 0.015 159638
0.13 0.02 151378
0.13 0.025 147917
0.13 0.03 143960
0.13 0.035 138056
0.13 0.04 130119
0.13 0.045 120474
0.13 0.05 109500
0.13 0.055 97521.5
0.13 0.06 84799.7
0.13 0.065 71577.1
0.13 0.07 58181.9
0.13 0.075 45152.8
0.13 0.08 33248.7
0.13 0.085 23217.8
0.13 0.09 15466.2
0.13 0.095 9927.79
0.13 0.1 6209.41
0.13 0.105 3822.28
0.13 0.11 2335.31
0.13 0.115 1426.91
0.13 0.12 878.776
0.13 0.125 550.58
0.13 0.13 355.05
0.13 0.135 238.945
0.13 0.14 170.165
0.13 0.145 129.496
0.13 0.15 105.487
0.13 0.155 91.3349
0.13 0.16 83.0028
0.13 0.165 78.1009
0.13 0.17 75.2153
0.13 0.175 73.5115
0.13 0.18 72.4986
0.13 0.185 71.891
0.13 0.19 71.5271
0.13 0.195 71.3237
0.13 0.2 71.6636
0.135 0 7.54506e+06
0.135 0 452231
0.135 0.005 346474
0.135 0.01 205535
0.135 0.015 170286
0.135 0.02 157197
0.135 0.025 149912
0.135 0.03 143442
0.135 0.035 136135
0.135 0.04 127552
0.135 0.045 117712
0.135 0.05 106780
0.135 0.055 94952.3
0.135 0.06 82417.9
0.135 0.065 69391.4
0.135 0.07 56206.6
0.135 0.075 43427
0.135 0.08 31825.4
0.135 0.085 22127.7
0.135 0.09 14691.8
0.135 0.095 9412.05
0.135 0.1 5882.4
0.135 0.105 3622.05
0.135 0.11 2215.65
0.135 0.115 1356.68
0.135 0.12 838.187
0.135 0.125 527.519
0.135 0.13 342.258
0.135 0.135 232.131
0.135 0.14 166.815
0.135 0.145 128.143
0.135 0.15 105.281
0.135 0.155 91.7827
0.135 0.16 83.8202
0.135 0.165 79.1242
0.135 0.17 76.3509
0.135 0.175 74.7062
0.135 0.18 73.7227
0.135 0.185 73.1282
0.135 0.19 72.7687
0.135 0.195 72.5657
0.135 0.2 72.9162
0.14 0 7.53954e+06
0.14 0 474062
0.14 0.005 364563
0.14 0.01 218272
0.14 0.015 179365
0.14 0.02 162943
0.14 0.025 152872
0.14 0.03 144352
0.14 0.035 135699
0.14 0.04 126324
0.14 0.045 116075
0.14 0.05 104976
0.14 0.055 93122
0.14 0.06 80635.8
0.14 0.065 67700.1
0.14 0.07 54645.2
0.14 0.075 42048
0.14 0.08 30684.5
0.14 0.085 21254.7
0.14 0.09 14073
0.14 0.095 9000.77
0.14 0.1 5621.98
0.14 0.105 3462.76
0.14 0.11 2120.58
0.14 0.115 1301
0.14 0.12 806.144
0.14 0.125 509.458
0.14 0.13 332.391
0.14 0.135 227.033
0.14 0.14 164.476
0.14 0.145 127.393
0.14 0.15 105.44
0.14 0.155 92.4564
0.14 0.16 84.7824
0.14 0.165 80.245
0.14 0.17 77.5563
0.14 0.175 75.9545
0.14 0.18 74.9907
0.14 0.185 74.4034
0.14 0.19 74.0451
0.14 0.195 73.8407
0.14 0.2 74.2008
0.145 0 7.53058e+06
0.145 0 494373
0.145 0.005 380912
0.145 0.01 229158
0.145 0.015 187190
0.145 0.02 168307
0.145 0.025 156177
0.145 0.03 146044
0.145 0.035 136223
0.145 0.04 126064
0.145 0.045 115327
0.145 0.05 103953
0.145 0.055 91962.2
0.145 0.06 79428.1
0.145 0.065 66503.5
0.145 0.07 53511.2
0.145 0.075 41032.6
0.145 0.08 29840.2
0.145 0.085 20608.4
0.145 0.09 13615.6
0.145 0.095 8697.28
0.145 0.1 5430.16
0.145 0.105 3345.67
0.145 0.11 2050.93
0.145 0.115 1260.44
0.145 0.12 783.019
0.145 0.125 496.643
0.145 0.13 325.607
0.145 0.135 223.75
0.145 0.14 163.212
0.145 0.145 127.285
0.145 0.15 105.986
0.145 0.155 93.3697
0.145 0.16 85.8974
0.145 0.165 81.4676
0.145 0.17 78.8334
0.145 0.175 77.2566
0.145 0.18 76.302
0.145 0.185 75.7159
0.145 0.19 75.3552
0.145 0.195 75.1475
0.145 0.2 75.516
0.15 0 7.51968e+06
0.15 0 513682
0.15 0.005 396147
0.15 0.01 238834
0.15 0.015 194088
0.15 0.02 173245
0.15 0.025 159543
0.15 0.03 148148
0.15 0.035 137356
0.15 0.04 126490
0.15 0.045 115266
0.15 0.05 103574
0.15 0.055 91390.7
0.15 0.06 78750.6
0.15 0.065 65783
0.15 0.07 52800.8
0.15 0.075 40383.8
0.15 0.08 29296.5
0.15 0.085 20191.7
0.15 0.09 13321.2
0.15 0.095 8502.62
0.15 0.1 5307.7
0.15 0.105 3271.42
0.15 0.11 2007.19
0.15 0.115 1235.35
0.15 0.12 769.081
0.15 0.125 489.26
0.15 0.13 322.034
0.15 0.135 222.368
0.15 0.14 163.078
0.15 0.145 127.852
0.15 0.15 106.942
0.15 0.155 94.536
0.15 0.16 87.1729
0.15 0.165 82.7962
0.15 0.17 80.1842
0.15 0.175 78.6133
0.15 0.18 77.6565
0.15 0.185 77.0647
0.15 0.19 76.6977
0.15 0.195 76.4847
0.15 0.2 76.8606
0.155 0 7.50755e+06
0.155 0 532292
0.155 0.005 410644
0.155 0.01 247714
0.155 0.015 200325
0.155 0.02 177811
0.155 0.025 162854
0.155 0.03 150459
0.155 0.035 138875
0.155 0.04 127401
0.155 0.045 115729
0.155 0.05 103722
0.155 0.055 91325.9
0.155 0.06 78551.9
0.155 0.065 65509.2
0.155 0.07 52499.2
0.155 0.075 40094.6
0.155 0.08 29050.1
0.155 0.085 20002.9
0.155 0.09 13189
0.155 0.095 8416.56
0.155 0.1 5254.73
0.155 0.105 3240.29
0.155 0.11 1989.69
0.155 0.115 1226.04
0.155 0.12 764.563
0.155 0.125 487.482
0.155 0.13 321.791
0.155 0.135 222.968
0.155 0.14 164.127
0.155 0.145 129.131
0.155 0.15 108.33
0.155 0.155 95.9687
0.155 0.16 88.617
0.155 0.165 84.235
0.155 0.17 81.6107
0.155 0.175 80.0251
0.155 0.18 79.0537
0.155 0.185 78.449
0.155 0.19 78.0714
0.155 0.195 77.851
0.155 0.2 78.233
0.16 0 7.49452e+06
0.16 0 550395
0.16 0.005 424643
0.16 0.01 256074
0.16 0.015 206102
0.16 0.02 182084
0.16 0.025 166076
0.16 0.03 152872
0.16 0.035 140642
0.16 0.04 128658
0.16 0.045 116594
0.16 0.05 104297
0.16 0.055 91694.3
0.16 0.06 78779.9
0.16 0.065 65647.4
0.16 0.07 52584.8
0.16 0.075 40152.3
0.16 0.08 29093.7
0.16 0.085 20038.1
0.16 0.09 13217.4
0.16 0.095 8438.62
0.16 0.1 5271.38
0.16 0.105 3252.64
0.16 0.11 1998.82
0.16 0.115 1232.85
0.16 0.12 769.728
0.16 0.125 491.501
0.16 0.13 325.016
0.16 0.135 225.643
0.16 0.14 166.421
0.16 0.145 131.16
0.16 0.15 110.175
0.16 0.155 97.6835
0.16 0.16 90.2388
0.16 0.165 85.7895
0.16 0.17 83.1156
0.16 0.175 81.493
0.16 0.18 80.4938
0.16 0.185 79.8682
0.16 0.19 79.4754
0.16 0.195 79.245
0.16 0.2 79.6319
0.165 0 7.48073e+06
0.165 0 568125
0.165 0.005 438303
0.165 0.01 264099
0.165 0.015 211570
0.165 0.02 186139
0.165 0.025 169214
0.165 0.03 155334
0.165 0.035 142576
0.165 0.04 130169
0.165 0.045 117774
0.165 0.05 105222
0.165 0.055 92432.7
0.165 0.06 79386
0.165 0.065 66162.2
0.165 0.07 53032.7
0.165 0.075 40540.8
0.165 0.08 29418.2
0.165 0.085 20293
0.165 0.09 13404.8
0.165 0.095 8568.82
0.165 0.1 5358.26
0.165 0.105 3309.19
0.165 0.11 2035.22
0.165 0.115 1256.27
0.165 0.12 784.942
0.165 0.125 501.574
0.165 0.13 331.882
0.165 0.135 230.508
0.165 0.14 170.036
0.165 0.145 133.991
0.165 0.15 112.509
0.165 0.155 99.6999
0.165 0.16 92.0503
0.165 0.165 87.4664
0.165 0.17 84.7025
0.165 0.175 83.0186
0.165 0.18 81.9769
0.165 0.185 81.3217
0.165 0.19 80.9087
0.165 0.195 80.6656
0.165 0.2 81.0562
0.17 0 7.46625e+06
0.17 0 585581
0.17 0.005 451739
0.17 0.01 271920
0.17 0.015 216837
0.17 0.02 190046
0.17 0.025 172285
0.17 0.03 157826
0.17 0.035 144627
0.17 0.04 131874
0.17 0.045 119203
0.17 0.05 106438
0.17 0.055 93488.5
0.17 0.06 80326.7
0.17 0.065 67019
0.17 0.07 53817.7
0.17 0.075 41243.6
0.17 0.08 30014.6
0.17 0.085 20764.3
0.17 0.09 13751.1
0.17 0.095 8808.44
0.17 0.1 5516.93
0.17 0.105 3411.34
0.17 0.11 2099.97
0.17 0.115 1297.09
0.17 0.12 810.745
0.17 0.125 518.065
0.17 0.13 342.63
0.17 0.135 237.723
0.17 0.14 175.074
0.17 0.145 137.686
0.17 0.15 115.371
0.17 0.155 102.043
0.17 0.16 94.0666
0.17 0.165 89.2746
0.17 0.17 86.3763
0.17 0.175 84.6043
0.17 0.18 83.5039
0.17 0.185 82.8093
0.17 0.19 82.3704
0.17 0.195 82.1116
0.17 0.2 82.5045
0.175 0 7.4511e+06
0.175 0 602840
0.175 0.005 465035
0.175 0.01 279630
0.175 0.015 221989
0.175 0.02 193860
0.175 0.025 175315
0.175 0.03 160341
0.175 0.035 146770
0.175 0.04 133731
0.175 0.045 120836
0.175 0.05 107897
0.175 0.055 94818.8
0.175 0.06 81563.8
0.175 0.065 68186.2
0.175 0.07 54915.4
0.175 0.075 42244.4
0.175 0.08 30874.9
0.175 0.085 21450
0.175 0.09 14258.2
0.175 0.095 9160.45
0.175 0.1 5750.28
0.175 0.105 3561.39
0.175 0.11 2194.75
0.175 0.115 1356.46
0.175 0.12 847.918
0.175 0.125 541.489
0.175 0.13 357.595
0.175 0.135 247.5
0.175 0.14 181.672
0.175 0.145 142.332
0.175 0.15 118.817
0.175 0.155 104.747
0.175 0.16 96.3082
0.175 0.165 91.2263
0.175 0.17 88.144
0.175 0.175 86.2536
0.175 0.18 85.0763
0.175 0.185 84.3314
0.175 0.19 83.8602
0.175 0.195 83.5823
0.175 0.2 83.9761
0.18 0 7.43527e+06
0.18 0 619962
0.18 0.005 478254
0.18 0.01 287296
0.18 0.015 227086
0.18 0.02 197628
0.18 0.025 178328
0.18 0.03 162884
0.18 0.035 148991
0.18 0.04 135715
0.18 0.045 122640
0.18 0.05 109566
0.18 0.055 96388.8
0.18 0.06 83064.8
0.18 0.065 69634.7
0.18 0.07 56302.6
0.18 0.075 43528.3
0.18 0.08 31992.6
0.18 0.085 22350.7
0.18 0.09 14930
0.18 0.095 9629.95
0.18 0.1 6062.86
0.18 0.105 3762.84
0.18 0.11 2322.03
0.18 0.115 1436.07
0.18 0.12 897.565
0.18 0.125 572.559
0.18 0.13 377.234
0.18 0.135 260.131
0.18 0.14 190.013
0.18 0.145 148.046
0.18 0.15 122.919
0.18 0.155 107.855
0.18 0.16 98.8026
0.18 0.165 93.3379
0.18 0.17 90.015
0.18 0.175 87.9718
0.18 0.18 86.6966
0.18 0.185 85.8888
0.18 0.19 85.3779
0.18 0.195 85.077
0.18 0.2 85.4702
0.185 0 7.41876e+06
0.185 0 637000
0.185 0.005 491446
0.185 0.01 294972
0.185 0.015 232176
0.185 0.02 201384
0.185 0.025 181345
0.185 0.03 165459
0.185 0.035 151282
0.185 0.04 137809
0.185 0.045 124593
0.185 0.05 111417
0.185 0.055 98169.9
0.185 0.06 84801.7
0.185 0.065 71339
0.185 0.07 57958.5
0.185 0.075 45081.7
0.185 0.08 33363
0.185 0.085 23469
0.185 0.09 15773.4
0.185 0.095 10224.4
0.185 0.1 6461.15
0.185 0.105 4020.6
0.185 0.11 2485.27
0.185 0.115 1538.22
0.185 0.12 961.193
0.185 0.125 612.244
0.185 0.13 402.163
0.185 0.135 276.006
0.185 0.14 200.343
0.185 0.145 154.981
0.185 0.15 127.772
0.185 0.155 111.429
0.185 0.16 101.586
0.185 0.165 95.6314
0.185 0.17 92.0024
0.185 0.175 89.7663
0.185 0.18 88.3688
0.185 0.185 87.4833
0.185 0.19 86.9241
0.185 0.195 86.5957
0.185 0.2 86.9868
0.19 0 7.40155e+06
0.19 0 653996
0.19 0.005 504654
0.19 0.01 302696
0.19 0.015 237297
0.19 0.02 205160
0.19 0.025 184385
0.19 0.03 168077
0.19 0.035 153642
0.19 0.04 140003
0.19 0.045 126676
0.19 0.05 113429
0.19 0.055 100139
0.19 0.06 86750.8
0.19 0.065 73276.2
0.19 0.07 59863.9
0.19 0.075 46892.4
0.19 0.08 34982.7
0.19 0.085 24809.7
0.19 0.09 16797.5
0.19 0.095 10954
0.19 0.1 6953.85
0.19 0.105 4341.23
0.19 0.11 2689.06
0.19 0.115 1666
0.19 0.12 1040.81
0.19 0.125 661.836
0.19 0.13 433.202
0.19 0.135 295.641
0.19 0.14 212.986
0.19 0.145 163.339
0.19 0.15 133.502
0.19 0.155 115.545
0.19 0.16 104.707
0.19 0.165 98.1363
0.19 0.17 94.1237
0.19 0.175 91.6474
0.19 0.18 90.0985
0.19 0.185 89.1178
0.19 0.19 88.5
0.19 0.195 88.1386
0.19 0.2 88.5259
0.195 0 7.3836e+06
0.195 0 670987
0.195 0.005 517911
0.195 0.01 310501
0.195 0.015 242477
0.195 0.02 208979
0.195 0.025 187465
0.195 0.03 170743
0.195 0.035 156070
0.195 0.04 142289
0.195 0.045 128879
0.195 0.05 115586
0.195 0.055 102278
0.195 0.06 88891.7
0.195 0.065 75426.3
0.195 0.07 62001.2
0.195 0.075 48948.8
0.195 0.08 36849.5
0.195 0.085 26379.1
0.195 0.09 18014.2
0.195 0.095 11831.6
0.195 0.1 7552.16
0.195 0.105 4733.28
0.195 0.11 2939.42
0.195 0.115 1823.45
0.195 0.12 1139.06
0.195 0.125 723.024
0.195 0.13 471.424
0.195 0.135 319.714
0.195 0.14 228.367
0.195 0.145 173.387
0.195 0.15 140.276
0.195 0.155 120.307
0.195 0.16 108.229
0.195 0.165 100.891
0.195 0.17 96.4026
0.195 0.175 93.6289
0.195 0.18 91.8937
0.195 0.185 90.7967
0.195 0.19 90.1078
0.195 0.195 89.7069
0.195 0.2 90.0888
0.2 0 7.3649e+06
0.2 0 688006
0.2 0.005 531246
0.2 0.01 318412
0.2 0.015 247738
0.2 0.02 212858
0.2 0.025 190597
0.2 0.03 173465
0.2 0.035 158566
0.2 0.04 144663
0.2 0.045 131191
0.2 0.05 117874
0.2 0.055 104570
0.2 0.06 91207.2
0.2 0.065 77771.6
0.2 0.07 64354.5
0.2 0.075 51240.4
0.2 0.08 38961.1
0.2 0.085 28184.6
0.2 0.09 19437.3
0.2 0.095 12872.8
0.2 0.1 8269.99
0.2 0.105 5207.54
0.2 0.11 3244.05
0.2 0.115 2015.77
0.2 0.12 1259.36
0.2 0.125 798.002
0.2 0.13 518.222
0.2 0.135 349.103
0.2 0.14 247.039
0.2 0.145 185.47
0.2 0.15 148.31
0.2 0.155 125.848
0.2 0.16 112.235
0.2 0.165 103.948
0.2 0.17 98.8701
0.2 0.175 95.7297
0.2 0.18 93.7655
0.2 0.185 92.5262
0.2 0.19 91.7512
0.2 0.195 91.3028
0.2 0.2 91.6772
0.205 0 7.34541e+06
0.205 0 705082
0.205 0.005 544684
0.205 0.01 326452
0.205 0.015 253101
0.205 0.02 216815
0.205 0.025 193793
0.205 0.03 176250
0.205 0.035 161133
0.205 0.04 147122
0.205 0.045 133605
0.205 0.05 120284
0.205 0.055 107004
0.205 0.06 93682.8
0.205 0.065 80296.3
0.205 0.07 66908.9
0.205 0.075 53756.2
0.205 0.08 41315.3
0.205 0.085 30234
0.205 0.09 21082.3
0.205 0.095 14095.9
0.205 0.1 9124.28
0.205 0.105 5777.45
0.205 0.11 3612.65
0.205 0.115 2249.6
0.205 0.12 1406.06
0.205 0.125 889.594
0.205 0.13 575.398
0.205 0.135 384.948
0.205 0.14 269.717
0.205 0.145 200.037
0.205 0.15 157.883
0.205 0.155 132.345
0.205 0.16 116.834
0.205 0.165 107.373
0.205 0.17 101.567
0.205 0.175 97.9746
0.205 0.18 95.7288
0.205 0.185 94.3153
0.205 0.19 93.4353
0.205 0.195 92.9295
0.205 0.2 93.2944
0.21 0 7.3251e+06
0.21 0 722238
0.21 0.005 558247
0.21 0.01 334638
0.21 0.015 258579
0.21 0.02 220860
0.21 0.025 197061
0.21 0.03 179102
0.21 0.035 163771
0.21 0.04 149662
0.21 0.045 136116
0.21 0.05 122807
0.21 0.055 109567
0.21 0.06 96305.7
0.21 0.065 82986.7
0.21 0.07 69650.6
0.21 0.075 56485.6
0.21 0.08 43908.5
0.21 0.085 32534.4
0.21 0.09 22965.6
0.21 0.095 15521.8
0.21 0.1 10135.1
0.21 0.105 6459.39
0.21 0.11 4057.33
0.21 0.115 2533.3
0.21 0.12 1584.75
0.21 0.125 1001.42
0.21 0.13 645.265
0.21 0.135 428.715
0.21 0.14 297.327
0.21 0.145 217.669
0.21 0.15 169.36
0.21 0.155 140.024
0.21 0.16 122.166
0.21 0.165 111.254
0.21 0.17 104.549
0.21 0.175 100.397
0.21 0.18 97.8037
0.21 0.185 96.1759
0.21 0.19 95.1676
0.21 0.195 94.592
0.21 0.2 94.9451
0.215 0 7.30393e+06
0.215 0 739498
0.215 0.005 571955
0.215 0.01 342987
0.215 0.015 264187
0.215 0.02 225006
0.215 0.025 200411
0.215 0.03 182026
0.215 0.035 166482
0.215 0.04 152283
0.215 0.045 138718
0.215 0.05 125436
0.215 0.055 112252
0.215 0.06 99065.3
0.215 0.065 85830.7
0.215 0.07 72566.7
0.215 0.075 59417.4
0.215 0.08 46735.6
0.215 0.085 35091.3
0.215 0.09 25103.7
0.215 0.095 17173.3
0.215 0.1 11325.7
0.215 0.105 7273.15
0.215 0.11 4593.03
0.215 0.115 2877.41
0.215 0.12 1802.5
0.215 0.125 1138.1
0.215 0.13 730.796
0.215 0.135 482.294
0.215 0.14 331.062
0.215 0.145 239.117
0.215 0.15 183.211
0.215 0.155 149.178
0.215 0.16 128.416
0.215 0.165 115.705
0.215 0.17 107.884
0.215 0.175 103.039
0.215 0.18 100.017
0.215 0.185 98.1245
0.215 0.19 96.9583
0.215 0.195 96.2973
0.215 0.2 96.636
0.22 0 7.28186e+06
0.22 0 756879
0.22 0.005 585824
0.22 0.01 351513
0.22 0.015 269936
0.22 0.02 229260
0.22 0.025 203848
0.22 0.03 185027
0.22 0.035 169268
0.22 0.04 154982
0.22 0.045 141409
0.22 0.05 128165
0.22 0.055 115050
0.22 0.06 101953
0.22 0.065 88817.6
0.22 0.07 75645.4
0.22 0.075 62539.8
0.22 0.08 49789.8
0.22 0.085 37907.5
0.22 0.09 27511.7
0.22 0.095 19074.5
0.22 0.1 12722.4
0.22 0.105 8242.16
0.22 0.11 5238.03
0.22 0.115 3295.01
0.22 0.12 2068.23
0.22 0.125 1305.52
0.22 0.13 835.794
0.22 0.135 548.115
0.22 0.14 372.462
0.22 0.145 265.352
0.22 0.15 200.046
0.22 0.155 160.191
0.22 0.16 135.822
0.22 0.165 120.875
0.22 0.17 111.666
0.22 0.175 105.96
0.22 0.18 102.403
0.22 0.185 100.183
0.22 0.19 98.8213
0.22 0.195 98.0555
0.22 0.2 98.3766
0.225 0 7.25886e+06
0.225 0 774398
0.225 0.005 599868
0.225 0.01 360229
0.225 0.015 275835
0.225 0.02 233631
0.225 0.025 207378
0.225 0.03 188107
0.225 0.035 172129
0.225 0.04 157760
0.225 0.045 144186
0.225 0.05 130991
0.225 0.055 117956
0.225 0.06 104960
0.225 0.065 91938.3
0.225 0.07 78875.8
0.225 0.075 65841.1
0.225 0.08 53061.6
0.225 0.085 40982.7
0.225 0.09 30202.4
0.225 0.095 21249.5
0.225 0.1 14354.4
0.225 0.105 9393.72
0.225 0.11 6014.43
0.225 0.115 3802.36
0.225 0.12 2393.18
0.225 0.125 1511.16
0.225 0.13 965.131
0.225 0.135 629.303
0.225 0.14 423.513
0.225 0.145 297.628
0.225 0.15 220.655
0.225 0.155 173.558
0.225 0.16 144.694
0.225 0.165 126.956
0.225 0.17 116.015
0.225 0.175 109.232
0.225 0.18 105.009
0.225 0.185 102.38
0.225 0.19 100.776
0.225 0.195 99.8797
0.225 0.2 100.18
0.23 0 7.23488e+06
0.23 0 792068
0.23 0.005 614101
0.23 0.01 369147
0.23 0.015 281895
0.23 0.02 238127
0.23 0.025 211007
0.23 0.03 191272
0.23 0.035 175067
0.23 0.04 160616
0.23 0.045 147046
0.23 0.05 133909
0.23 0.055 120964
0.23 0.06 108081
0.23 0.065 95185
0.23 0.07 82248.1
0.23 0.075 69309.6
0.23 0.08 56539.8
0.23 0.085 44312.3
0.23 0.09 33184.5
0.23 0.095 23721
0.23 0.1 16252.3
0.23 0.105 10759
0.23 0.11 6948.58
0.23 0.115 4419.4
0.23 0.12 2791.42
0.23 0.125 1764.53
0.23 0.13 1125.03
0.23 0.135 729.871
0.23 0.14 486.774
0.23 0.145 337.566
0.23 0.15 246.058
0.23 0.155 189.918
0.23 0.16 155.433
0.23 0.165 134.2
0.23 0.17 121.086
0.23 0.175 112.954
0.23 0.18 107.894
0.23 0.185 104.753
0.23 0.19 102.846
0.23 0.195 101.788
0.23 0.2 102.062
0.235 0 7.20987e+06
0.235 0 809899
0.235 0.005 628532
0.235 0.01 378278
0.235 0.015 288125
0.235 0.02 242754
0.235 0.025 214740
0.235 0.03 194524
0.235 0.035 178085
0.235 0.04 163551
0.235 0.045 149989
0.235 0.05 136917
0.235 0.055 124072
0.235 0.06 111311
0.235 0.065 98551.5
0.235 0.07 85753.9
0.235 0.075 72933.9
0.235 0.08 60211.8
0.235 0.085 47887.7
0.235 0.09 36461.4
0.235 0.095 26508.4
0.235 0.1 18447.3
0.235 0.105 12372.5
0.235 0.11 8071.44
0.235 0.115 5170.43
0.235 0.12 3280.47
0.235 0.125 2077.61
0.235 0.13 1323.45
0.235 0.135 854.976
0.235 0.14 565.547
0.235 0.145 387.262
0.235 0.15 277.579
0.235 0.155 210.106
0.235 0.16 168.56
0.235 0.165 142.933
0.235 0.17 127.083
0.235 0.175 117.251
0.235 0.18 111.139
0.235 0.185 107.353
0.235 0.19 105.065
0.235 0.195 103.804
0.235 0.2 104.048
0.24 0 7.18379e+06
0.24 0 827898
0.24 0.005 643168
0.24 0.01 387632
0.24 0.015 294534
0.24 0.02 247521
0.24 0.025 218584
0.24 0.03 197867
0.24 0.035 181186
0.24 0.04 166567
0.24 0.045 153016
0.24 0.05 140014
0.24 0.055 127277
0.24 0.06 114648
0.24 0.065 102033
0.24 0.07 89386.6
0.24 0.075 76704
0.24 0.08 64063.9
0.24 0.085 51696.3
0.24 0.09 40030.3
0.24 0.095 29625.7
0.24 0.1 20969.2
0.24 0.105 14271.2
0.24 0.11 9418.54
0.24 0.115 6084.61
0.24 0.12 3882
0.24 0.125 2465.51
0.24 0.13 1570.5
0.24 0.135 1011.23
0.24 0.14 664.086
0.24 0.145 449.424
0.24 0.15 316.931
0.24 0.155 235.197
0.24 0.16 184.752
0.24 0.165 153.576
0.24 0.17 134.271
0.24 0.175 122.289
0.24 0.18 114.845
0.24 0.185 110.245
0.24 0.19 107.476
0.24 0.195 105.96
0.24 0.2 106.165
0.245 0 7.15658e+06
0.245 0 846066
0.245 0.005 658015
0.245 0.01 397223
0.245 0.015 301133
0.245 0.02 252436
0.245 0.025 222545
0.245 0.03 201309
0.245 0.035 184374
0.245 0.04 169665
0.245 0.045 156127
0.245 0.05 143201
0.245 0.055 130579
0.245 0.06 118088
0.245 0.065 105627
0.245 0.07 93141
0.245 0.075 80611.2
0.245 0.08 68082.8
0.245 0.085 55722.4
0.245 0.09 43882
0.245 0.095 33079.8
0.245 0.1 23843.5
0.245 0.105 16492.8
0.245 0.11 11029.6
0.245 0.115 7196.37
0.245 0.12 4622.5
0.245 0.125 2947.12
0.245 0.13 1879.02
0.245 0.135 1207.1
0.245 0.14 787.867
0.245 0.145 527.551
0.245 0.15 366.33
0.245 0.155 266.589
0.245 0.16 204.884
0.245 0.165 166.679
0.245 0.17 142.989
0.245 0.175 128.28
0.245 0.18 119.147
0.245 0.185 113.514
0.245 0.19 110.134
0.245 0.195 108.295
0.245 0.2 108.455
0.25 0 7.13793e+06
0.25 0 870609
0.25 0.005 605811
0.25 0.01 384078
0.25 0.015 296948
0.25 0.02 251151
0.25 0.025 222388
0.25 0.03 201668
0.25 0.035 185023
0.25 0.04 170520
0.25 0.045 157157
0.25 0.05 144396
0.25 0.055 131937
0.25 0.06 119609
0.25 0.065 107311
0.25 0.07 94987
0.25 0.075 82611.8
0.25 0.08 70211.9
0.25 0.085 57915.6
0.25 0.09 46025.1
0.25 0.095 35031.4
0.25 0.1 25486.2
0.25 0.105 17775.6
0.25 0.11 11969.8
0.25 0.115 7852.71
0.25 0.12 5065.01
0.25 0.125 3238.54
0.25 0.13 2068.09
0.25 0.135 1328.66
0.25 0.14 865.68
0.25 0.145 577.32
0.25 0.15 398.252
0.25 0.155 287.205
0.25 0.16 218.361
0.25 0.165 175.661
0.25 0.17 149.152
0.25 0.175 132.685
0.25 0.18 122.475
0.25 0.185 116.21
0.25 0.19 112.505
0.25 0.195 110.58
0.25 0.2 110.072
0.255 0 7.11835e+06
0.255 0 895526
0.255 0.005 686305
0.255 0.01 415870
0.255 0.015 314196
0.255 0.02 262308
0.255 0.025 230598
0.255 0.03 208374
0.255 0.035 190970
0.255 0.04 176116
0.255 0.045 162634
0.255 0.05 149889
0.255 0.055 137525
0.255 0.06 125337
0.255 0.065 113207
0.255 0.07 101065
0.255 0.075 88872
0.255 0.08 76624.6
0.255 0.085 64383.2
0.255 0.09 52337.9
0.255 0.095 40870.9
0.255 0.1 30521.8
0.255 0.105 21801.8
0.255 0.11 14972.5
0.255 0.115 9968.95
0.255 0.12 6495.2
0.255 0.125 4177.4
0.255 0.13 2672.71
0.255 0.135 1713.37
0.255 0.14 1108.72
0.255 0.145 730.3
0.255 0.15 494.448
0.255 0.155 347.782
0.255 0.16 256.667
0.255 0.165 200.07
0.255 0.17 164.903
0.255 0.175 143.052
0.255 0.18 129.504
0.255 0.185 121.186
0.255 0.19 116.244
0.255 0.195 113.617
0.255 0.2 111.863
0.26 0 7.08811e+06
0.26 0 914443
0.26 0.005 701963
0.26 0.01 426259
0.26 0.015 321422
0.26 0.02 267710
0.26 0.025 234947
0.26 0.03 212140
0.26 0.035 194446
0.26 0.04 179489
0.26 0.045 166022
0.26 0.05 153363
0.26 0.055 141130
0.26 0.06 129099
0.26 0.065 117140
0.26 0.07 105177
0.26 0.075 93163.4
0.26 0.08 81085.2
0.26 0.085 68972.5
0.26 0.09 56952.6
0.26 0.095 45319.6
0.26 0.1 34552.1
0.26 0.105 25191
0.26 0.11 17617.5
0.26 0.115 11903.3
0.26 0.12 7839.95
0.26 0.125 5078.79
0.26 0.13 3262.13
0.26 0.135 2092.64
0.26 0.14 1350.34
0.26 0.145 883.348
0.26 0.15 591.149
0.26 0.155 408.893
0.26 0.16 295.403
0.26 0.165 224.785
0.26 0.17 180.857
0.26 0.175 153.549
0.26 0.18 136.624
0.26 0.185 126.247
0.26 0.19 120.099
0.26 0.195 116.845
0.26 0.2 114.777
0.265 0 7.05652e+06
0.265 0 933499
0.265 0.005 717845
0.265 0.01 436924
0.265 0.015 328878
0.265 0.02 273296
0.265 0.025 239446
0.265 0.03 216031
0.265 0.035 198034
0.265 0.04 182968
0.265 0.045 169514
0.265 0.05 156945
0.265 0.055 144846
0.265 0.06 132976
0.265 0.065 121193
0.265 0.07 109411
0.265 0.075 97580.9
0.265 0.08 85678.4
0.265 0.085 73713.7
0.265 0.09 61765.6
0.265 0.095 50046.5
0.265 0.1 38953.4
0.265 0.105 29013.7
0.265 0.11 20697.3
0.265 0.115 14218.2
0.265 0.12 9484
0.265 0.125 6198.02
0.265 0.13 4001.87
0.265 0.135 2572.01
0.265 0.14 1657.08
0.265 0.145 1078.12
0.265 0.15 714.308
0.265 0.155 486.667
0.265 0.16 344.583
0.265 0.165 256.023
0.265 0.17 200.874
0.265 0.175 166.576
0.265 0.18 145.326
0.265 0.185 132.312
0.265 0.19 124.621
0.265 0.195 120.567
0.265 0.2 118.097
0.27 0 7.0235e+06
0.27 0 952676
0.27 0.005 733940
0.27 0.01 447867
0.27 0.015 336570
0.27 0.02 279074
0.27 0.025 244103
0.27 0.03 220060
0.27 0.035 201746
0.27 0.04 186563
0.27 0.045 173121
0.27 0.05 160643
0.27 0.055 148683
0.27 0.06 136978
0.27 0.065 125374
0.27 0.07 113776
0.27 0.075 102129
0.27 0.08 90405
0.27 0.085 78599.3
0.27 0.09 66756.6
0.27 0.095 55020.2
0.27 0.1 43697.8
0.27 0.105 33265.4
0.27 0.11 24238.6
0.27 0.115 16961.8
0.27 0.12 11480.8
0.27 0.125 7582.43
0.27 0.13 4928.63
0.27 0.135 3177.71
0.27 0.14 2046.73
0.27 0.145 1326.3
0.27 0.15 871.445
0.27 0.155 585.874
0.27 0.16 407.202
0.27 0.165 295.653
0.27 0.17 226.117
0.27 0.175 182.856
0.27 0.18 156.059
0.27 0.185 139.667
0.27 0.19 129.999
0.27 0.195 124.922
0.27 0.2 121.937
0.275 0 6.98898e+06
0.275 0 971948
0.275 0.005 750239
0.275 0.01 459091
0.275 0.015 344505
0.275 0.02 285055
0.275 0.025 248932
0.275 0.03 224236
0.275 0.035 205593
0.275 0.04 190289
0.275 0.045 176858
0.275 0.05 164472
0.275 0.055 152653
0.275 0.06 141117
0.275 0.065 129693
0.275 0.07 118280
0.275 0.075 106817
0.275 0.08 95270
0.275 0.085 83627.5
0.275 0.09 71910.8
0.275 0.095 60210.5
0.275 0.1 48749.1
0.275 0.105 37925.2
0.275 0.11 28252.1
0.275 0.115 20174.2
0.275 0.12 13884.6
0.275 0.125 9284.87
0.275 0.13 6085.77
0.275 0.135 3941.77
0.275 0.14 2541.5
0.275 0.145 1642.64
0.275 0.15 1072.11
0.275 0.155 712.592
0.275 0.16 487.086
0.275 0.165 346.063
0.275 0.17 258.07
0.275 0.175 203.307
0.275 0.18 169.397
0.275 0.185 148.674
0.275 0.19 136.475
0.275 0.195 130.088
0.275 0.2 126.445
0.28 0 6.95285e+06
0.28 0 991278
0.28 0.005 766724
0.28 0.01 470598
0.28 0.015 352692
0.28 0.02 291248
0.28 0.025 253943
0.28 0.03 228576
0.28 0.035 209592
0.28 0.04 194160
0.28 0.045 180738
0.28 0.05 168447
0.28 0.055 156772
0.28 0.06 145407
0.28 0.065 134165
0.28 0.07 122937
0.28 0.075 111655
0.28 0.08 100282
0.28 0.085 88801.5
0.28 0.09 77220.4
0.28 0.095 65592.3
0.28 0.1 54068.3
0.28 0.105 42958
0.28 0.11 32729.5
0.28 0.115 23882
0.28 0.12 16745.4
0.28 0.125 11361.5
0.28 0.13 7522.94
0.28 0.135 4902.59
0.28 0.14 3168.7
0.28 0.145 2045.6
0.28 0.15 1328.35
0.28 0.155 874.523
0.28 0.16 589.088
0.28 0.165 410.284
0.28 0.17 298.614
0.28 0.175 229.095
0.28 0.18 186.062
0.28 0.185 159.79
0.28 0.19 144.349
0.28 0.195 136.286
0.28 0.2 131.804
0.285 0 6.91504e+06
0.285 0 1.01062e+06
0.285 0.005 783371
0.285 0.01 482385
0.285 0.015 361136
0.285 0.02 297665
0.285 0.025 259151
0.285 0.03 233095
0.285 0.035 213760
0.285 0.04 198196
0.285 0.045 184783
0.285 0.05 172588
0.285 0.055 161060
0.285 0.06 149867
0.285 0.065 138808
0.285 0.07 127763
0.285 0.075 116658
0.285 0.08 105454
0.285 0.085 94129.2
0.285 0.09 82684.1
0.285 0.095 71148.4
0.285 0.1 59618.7
0.285 0.105 48319.3
0.285 0.11 37643
0.285 0.115 28092.5
0.285 0.12 20103.3
0.285 0.125 13867.7
0.285 0.13 9294.73
0.285 0.135 6104.96
0.285 0.14 3961.35
0.285 0.145 2557.94
0.285 0.15 1655.23
0.285 0.155 1081.35
0.285 0.16 719.332
0.285 0.165 492.143
0.285 0.17 350.122
0.285 0.175 261.688
0.285 0.18 206.965
0.285 0.185 173.586
0.285 0.19 153.999
0.285 0.195 143.795
0.285 0.2 138.245
0.29 0 6.87544e+06
0.29 0 1.02993e+06
0.29 0.005 800148
0.29 0.01 494447
0.29 0.015 369842
0.29 0.02 304317
0.29 0.025 264571
0.29 0.03 237813
0.29 0.035 218118
0.29 0.04 202421
0.29 0.045 189017
0.29 0.05 176920
0.29 0.055 165539
0.29 0.06 154520
0.29 0.065 143643
0.29 0.07 132777
0.29 0.075 121845
0.29 0.08 110800
0.29 0.085 99623
0.29 0.09 88307.5
0.29 0.095 76870.4
0.29 0.1 65371.2
0.29 0.105 53962.4
0.29 0.11 42949.1
0.29 0.115 32790.8
0.29 0.12 23981.3
0.29 0.125 16853.2
0.29 0.13 11457.8
0.29 0.135 7599.38
0.29 0.14 4958.48
0.29 0.145 3207.35
0.29 0.15 2071.35
0.29 0.155 1345.16
0.29 0.16 885.488
0.29 0.165 596.439
0.29 0.17 415.571
0.29 0.175 302.922
0.29 0.18 233.242
0.29 0.185 190.778
0.29 0.19 165.894
0.29 0.195 152.957
0.29 0.2 146.053
0.295 0 6.83396e+06
0.295 0 1.04912e+06
0.295 0.005 817013
0.295 0.01 506772
0.295 0.015 378812
0.295 0.02 311214
0.295 0.025 270222
0.295 0.03 242750
0.295 0.035 222692
0.295 0.04 206860
0.295 0.045 193468
0.295 0.05 181470
0.295 0.055 170240
0.295 0.06 159393
0.295 0.065 148696
0.295 0.07 138005
0.295 0.075 127236
0.295 0.08 116342
0.295 0.085 105299
0.295 0.09 94101
0.295 0.095 82757.9
0.295 0.1 71306.2
0.295 0.105 59845
0.295 0.11 48594.9
0.295 0.115 37941
0.295 0.12 28380.8
0.295 0.125 20354.4
0.295 0.13 14066.6
0.295 0.135 9440.16
0.295 0.14 6204.88
0.295 0.145 4026.8
0.295 0.15 2599.35
0.295 0.155 1680.84
0.295 0.16 1097.07
0.295 0.165 729.141
0.295 0.17 498.665
0.295 0.175 355.083
0.295 0.18 266.303
0.295 0.185 212.247
0.295 0.19 180.612
0.295 0.195 164.193
0.295 0.2 155.577
0.3 0 6.7905e+06
0.3 0 1.06811e+06
0.3 0.005 833910
0.3 0.01 519341
0.3 0.015 388047
0.3 0.02 318368
0.3 0.025 276121
0.3 0.03 247932
0.3 0.035 227512
0.3 0.04 211547
0.3 0.045 198170
0.3 0.05 186275
0.3 0.055 175196
0.3 0.06 164520
0.3 0.065 153997
0.3 0.07 143473
0.3 0.075 132857
0.3 0.08 122100
0.3 0.085 111176
0.3 0.09 100080
0.3 0.095 88817.7
0.3 0.1 77414.7
0.3 0.105 65934.3
0.3 0.11 54526.8
0.3 0.115 43490.4
0.3 0.12 33278.6
0.3 0.125 24388.5
0.3 0.13 17166.8
0.3 0.135 11682.1
0.3 0.14 7749.98
0.3 0.145 5054.61
0.3 0.15 3266.33
0.3 0.155 2106.49
0.3 0.16 1365.75
0.3 0.165 897.609
0.3 0.17 603.975
0.3 0.175 420.987
0.3 0.18 307.883
0.3 0.185 239.077
0.3 0.19 198.859
0.3 0.195 178.018
0.3 0.2 167.247
0.305 0 6.74494e+06
0.305 0 1.08681e+06
0.305 0.005 850771
0.305 0.01 532125
0.305 0.015 397540
0.305 0.02 325786
0.305 0.025 282287
0.305 0.03 253387
0.305 0.035 232610
0.305 0.04 216521
0.305 0.045 203164
0.305 0.05 191375
0.305 0.055 180447
0.305 0.06 169939
0.305 0.065 159584
0.305 0.07 149216
0.305 0.075 138739
0.305 0.08 128101
0.305 0.085 117277
0.305 0.09 106262
0.305 0.095 95061.7
0.305 0.1 83696.5
0.305 0.105 72208.7
0.305 0.11 60697.7
0.305 0.115 49378.4
0.305 0.12 38629.3
0.305 0.125 28948.5
0.305 0.13 20789.2
0.305 0.135 14375.6
0.305 0.14 9645.54
0.305 0.145 6333.76
0.305 0.15 4103.95
0.305 0.155 2643.76
0.305 0.16 1705.67
0.305 0.165 1110.81
0.305 0.17 737.088
0.305 0.175 504.079
0.305 0.18 360.103
0.305 0.185 272.588
0.305 0.19 221.494
0.305 0.195 195.055
0.305 0.2 181.58
0.31 0 6.69718e+06
0.31 0 1.10507e+06
0.31 0.005 867505
0.31 0.01 545083
0.31 0.015 407278
0.31 0.02 333475
0.31 0.025 288742
0.31 0.03 259147
0.31 0.035 238028
0.31 0.04 221826
0.31 0.045 208498
0.31 0.05 196820
0.31 0.055 186041
0.31 0.06 175696
0.31 0.065 165496
0.31 0.07 155269
0.31 0.075 144913
0.31 0.08 134373
0.31 0.085 123626
0.31 0.09 112667
0.31 0.095 101505
0.31 0.1 90158.1
0.31 0.105 78658.1
0.31 0.11 67071.5
0.31 0.115 55545.6
0.31 0.12 44371.8
0.31 0.125 34001.8
0.31 0.13 24942.6
0.31 0.135 17560.4
0.31 0.14 11942
0.31 0.145 7910.55
0.31 0.15 5148.2
0.31 0.155 3318.06
0.31 0.16 2133.72
0.31 0.165 1379.56
0.31 0.17 904.762
0.31 0.175 608.529
0.31 0.18 425.524
0.31 0.185 314.373
0.31 0.19 249.55
0.31 0.195 216.048
0.31 0.2 199.199
0.315 0 6.6471e+06
0.315 0 1.12275e+06
0.315 0.005 884000
0.315 0.01 558156
0.315 0.015 417237
0.315 0.02 341436
0.315 0.025 295506
0.315 0.03 265245
0.315 0.035 243811
0.315 0.04 227515
0.315 0.045 214229
0.315 0.05 202666
0.315 0.055 192034
0.315 0.06 181841
0.315 0.065 171783
0.315 0.07 161677
0.315 0.075 151418
0.315 0.08 140949
0.315 0.085 130251
0.315 0.09 119319
0.315 0.095 108166
0.315 0.1 96810
0.315 0.105 85280.6
0.315 0.11 73624.6
0.315 0.115 61940.7
0.315 0.12 50439.1
0.315 0.125 39494.2
0.315 0.13 29610.6
0.315 0.135 21258.9
0.315 0.14 14683.3
0.315 0.145 9831.92
0.315 0.15 6438.5
0.315 0.155 4158.41
0.315 0.16 2669.64
0.315 0.165 1716.67
0.315 0.17 1115.07
0.315 0.175 739.329
0.315 0.18 507.215
0.315 0.185 366.333
0.315 0.19 284.255
0.315 0.195 241.883
0.315 0.2 220.844
0.32 0 6.59459e+06
0.32 0 1.13965e+06
0.32 0.005 900109
0.32 0.01 571260
0.32 0.015 427378
0.32 0.02 349664
0.32 0.025 302599
0.32 0.03 271724
0.32 0.035 250013
0.32 0.04 233653
0.32 0.045 220425
0.32 0.05 208982
0.32 0.055 198493
0.32 0.06 188438
0.32 0.065 178499
0.32 0.07 168487
0.32 0.075 158293
0.32 0.08 147864
0.32 0.085 137179
0.32 0.09 126240
0.32 0.095 115061
0.32 0.1 103665
0.32 0.105 92080.1
0.32 0.11 80344.1
0.32 0.115 68524.8
0.32 0.12 56766.8
0.32 0.125 45357.6
0.32 0.13 34751.8
0.32 0.135 25470.9
0.32 0.14 17901.1
0.32 0.145 12141.7
0.32 0.15 8016.01
0.32 0.155 5196.96
0.32 0.16 3336.08
0.32 0.165 2137.08
0.32 0.17 1377.5
0.32 0.175 902.378
0.32 0.18 608.805
0.32 0.185 430.717
0.32 0.19 327.057
0.32 0.195 273.596
0.32 0.2 247.384
0.325 0 6.53953e+06
0.325 0 1.15552e+06
0.325 0.005 915645
0.325 0.01 584280
0.325 0.015 437641
0.325 0.02 358141
0.325 0.025 310038
0.325 0.03 278627
0.325 0.035 256700
0.325 0.04 240316
0.325 0.045 227167
0.325 0.05 215850
0.325 0.055 205492
0.325 0.06 195554
0.325 0.065 185706
0.325 0.07 175751
0.325 0.075 165584
0.325 0.08 155152
0.325 0.085 144440
0.325 0.09 133452
0.325 0.095 122209
0.325 0.1 110736
0.325 0.105 99063.1
0.325 0.11 87224.7
0.325 0.115 75271.2
0.325 0.12 63300.5
0.325 0.125 51519.7
0.325 0.13 40304.7
0.325 0.135 30171.4
0.325 0.14 21609
0.325 0.145 14875.9
0.325 0.15 9921
0.325 0.155 6467.93
0.325 0.16 4158.22
0.325 0.165 2657.87
0.325 0.17 1703.06
0.325 0.175 1104.55
0.325 0.18 734.532
0.325 0.185 510.147
0.325 0.19 379.643
0.325 0.195 312.392
0.325 0.2 279.831
0.33 0 6.48183e+06
0.33 0 1.17006e+06
0.33 0.005 930365
0.33 0.01 597052
0.33 0.015 447935
0.33 0.02 366836
0.33 0.025 317840
0.33 0.03 286007
0.33 0.035 263948
0.33 0.04 247595
0.33 0.045 234554
0.33 0.05 223364
0.33 0.055 213123
0.33 0.06 203271
0.33 0.065 193471
0.33 0.07 183527
0.33 0.075 173337
0.33 0.08 162851
0.33 0.085 152062
0.33 0.09 140979
0.33 0.095 129627
0.33 0.1 118035
0.33 0.105 106236
0.33 0.11 94264.9
0.33 0.115 82163
0.33 0.12 69998
0.33 0.125 57912.8
0.33 0.13 46196
0.33 0.135 35311.6
0.33 0.14 25798.4
0.33 0.145 18057.4
0.33 0.15 12189.3
0.33 0.155 8005.91
0.33 0.16 5163.21
0.33 0.165 3298.07
0.33 0.17 2104.23
0.33 0.175 1353.74
0.33 0.18 889.277
0.33 0.185 607.645
0.33 0.19 443.949
0.33 0.195 359.652
0.33 0.2 319.345
0.335 0 6.42139e+06
0.335 0 1.18288e+06
0.335 0.005 943943
0.335 0.01 609344
0.335 0.015 458124
0.335 0.02 375695
0.335 0.025 326020
0.335 0.03 293929
0.335 0.035 271856
0.335 0.04 255606
0.335 0.045 242704
0.335 0.05 231641
0.335 0.055 221488
0.335 0.06 211677
0.335 0.065 201870
0.335 0.07 191876
0.335 0.075 181599
0.335 0.08 170999
0.335 0.085 160073
0.335 0.09 148840
0.335 0.095 137328
0.335 0.1 125570
0.335 0.105 113604
0.335 0.11 101464
0.335 0.115 89189
0.335 0.12 76828.7
0.335 0.125 64479.7
0.335 0.13 52350.4
0.335 0.135 40825.2
0.335 0.14 30437
0.335 0.145 21691.3
0.335 0.15 14848.3
0.335 0.155 9843.38
0.335 0.16 6379.01
0.335 0.165 4078.25
0.335 0.17 2594.89
0.335 0.175 1658.81
0.335 0.18 1078.57
0.335 0.185 726.641
0.335 0.19 522.172
0.335 0.195 416.934
0.335 0.2 367.244
0.34 0 6.35814e+06
0.34 0 1.19346e+06
0.34 0.005 955940
0.34 0.01 620829
0.34 0.015 468012
0.34 0.02 384639
0.34 0.025 334590
0.34 0.03 302477
0.34 0.035 280550
0.34 0.04 264494
0.34 0.045 251764
0.34 0.05 240815
0.34 0.055 230706
0.34 0.06 220872
0.34 0.065 210982
0.34 0.07 200859
0.34 0.075 190417
0.34 0.08 179628
0.34 0.085 168497
0.34 0.09 157050
0.34 0.095 145320
0.34 0.1 133346
0.34 0.105 121167
0.34 0.11 108820
0.34 0.115 96340.8
0.34 0.12 83770.2
0.34 0.125 71174.8
0.34 0.13 58698
0.34 0.135 46636.4
0.34 0.14 35471.9
0.34 0.145 25762.2
0.34 0.15 17912.6
0.34 0.155 12007.7
0.34 0.16 7832.84
0.34 0.165 5019.88
0.34 0.17 3190.01
0.34 0.175 2029.54
0.34 0.18 1308.55
0.34 0.185 870.963
0.34 0.19 616.763
0.34 0.195 485.973
0.34 0.2 424.996
0.345 0 6.29205e+06
0.345 0 1.20107e+06
0.345 0.005 965744
0.345 0.01 631034
0.345 0.015 477312
0.345 0.02 393553
0.345 0.025 343578
0.345 0.03 311769
0.345 0.035 290200
0.345 0.04 274448
0.345 0.045 261917
0.345 0.05 251049
0.345 0.055 240914
0.345 0.06 230964
0.345 0.065 220892
0.345 0.07 210538
0.345 0.075 199835
0.345 0.08 188767
0.345 0.085 177350
0.345 0.09 165617
0.345 0.095 153608
0.345 0.1 141363
0.345 0.105 128923
0.345 0.11 116327
0.345 0.115 103609
0.345 0.12 90805
0.345 0.125 77963.1
0.345 0.13 65179.2
0.345 0.135 52668.8
0.345 0.14 40835
0.345 0.145 30234
0.345 0.15 21380.3
0.345 0.155 14518
0.345 0.16 9549.15
0.345 0.165 6144.27
0.345 0.17 3905.27
0.345 0.175 2476.44
0.345 0.18 1585.93
0.345 0.185 1044.8
0.345 0.19 730.409
0.345 0.195 568.668
0.345 0.2 494.217
0.35 0 6.22312e+06
0.35 0 1.20468e+06
0.35 0.005 972476
0.35 0.01 639275
0.35 0.015 485623
0.35 0.02 402299
0.35 0.025 353041
0.35 0.03 321990
0.35 0.035 301049
0.35 0.04 285718
0.35 0.045 273390
0.35 0.05 262536
0.35 0.055 252263
0.35 0.06 242068
0.35 0.065 231679
0.35 0.07 220967
0.35 0.075 209885
0.35 0.08 198434
0.35 0.085 186641
0.35 0.09 174544
0.35 0.095 162186
0.35 0.1 149611
0.35 0.105 136861
0.35 0.11 123973
0.35 0.115 110981
0.35 0.12 97916.6
0.35 0.125 84816.8
0.35 0.13 71745.7
0.35 0.135 58851.9
0.35 0.14 46450.8
0.35 0.145 35052.5
0.35 0.15 25231.9
0.35 0.155 17381.5
0.35 0.16 11547.2
0.35 0.165 7471.3
0.35 0.17 4756.4
0.35 0.175 3010.44
0.35 0.18 1917.81
0.35 0.185 1252.66
0.35 0.19 866.001
0.35 0.195 667.057
0.35 0.2 576.647
0.355 0 6.15141e+06
0.355 0 1.20275e+06
0.355 0.005 974838
0.355 0.01 644552
0.355 0.015 492403
0.355 0.02 410738
0.355 0.025 363126
0.355 0.03 333440
0.355 0.035 313447
0.355 0.04 298638
0.355 0.045 286468
0.355 0.05 275495
0.355 0.055 264915
0.355 0.06 254294
0.355 0.065 243415
0.355 0.07 232187
0.355 0.075 220589
0.355 0.08 208636
0.355 0.085 196364
0.355 0.09 183818
0.355 0.095 171040
0.355 0.1 158076
0.355 0.105 144965
0.355 0.11 131742
0.355 0.115 118440
0.355 0.12 105087
0.355 0.125 91712
0.355 0.13 78358.4
0.355 0.135 65124.9
0.355 0.14 52244
0.355 0.145 40151
0.355 0.15 29430.2
0.355 0.155 20592
0.355 0.16 13838.8
0.355 0.165 9017.86
0.355 0.17 5758.37
0.355 0.175 3642.55
0.355 0.18 2311.54
0.355 0.185 1499.25
0.355 0.19 1026.58
0.355 0.195 783.281
0.355 0.2 674.127
0.36 0 6.07701e+06
0.36 0 1.19284e+06
0.36 0.005 970847
0.36 0.01 645417
0.36 0.015 496966
0.36 0.02 418821
0.36 0.025 374177
0.36 0.03 346629
0.36 0.035 327913
0.36 0.04 313653
0.36 0.045 301492
0.36 0.05 290171
0.36 0.055 279029
0.36 0.06 267738
0.36 0.065 256150
0.36 0.07 244218
0.36 0.075 231944
0.36 0.08 219357
0.36 0.085 206499
0.36 0.09 193414
0.36 0.095 180144
0.36 0.1 166730
0.36 0.105 153208
0.36 0.11 139610
0.36 0.115 125964
0.36 0.12 112295
0.36 0.125 98625.5
0.36 0.13 84984.9
0.36 0.135 71437.2
0.36 0.14 58145
0.36 0.145 45457.3
0.36 0.15 33923.3
0.36 0.155 24128.2
0.36 0.16 16425.9
0.36 0.165 10796.2
0.36 0.17 6924.41
0.36 0.175 4383.31
0.36 0.18 2774.46
0.36 0.185 1789.34
0.36 0.19 1215.25
0.36 0.195 919.536
0.36 0.2 788.555
0.365 0 5.99997e+06
0.365 0 1.17095e+06
0.365 0.005 957409
0.365 0.01 639820
0.365 0.015 498593
0.365 0.02 426808
0.365 0.025 386949
0.365 0.03 362421
0.365 0.035 345207
0.365 0.04 331339
0.365 0.045 318856
0.365 0.05 306806
0.365 0.055 294739
0.365 0.06 282460
0.365 0.065 269897
0.365 0.07 257042
0.365 0.075 243918
0.365 0.08 230559
0.365 0.085 217003
0.365 0.09 203291
0.365 0.095 189457
0.365 0.1 175537
0.365 0.105 161558
0.365 0.11 147548
0.365 0.115 133527
0.365 0.12 119517
0.365 0.125 105533
0.365 0.13 91596.9
0.365 0.135 77747.4
0.365 0.14 64093.4
0.365 0.145 50899.5
0.365 0.15 38649.1
0.365 0.155 27954.7
0.365 0.16 19299.4
0.365 0.165 12812.1
0.365 0.17 8264.93
0.365 0.175 5242.18
0.365 0.18 3313.53
0.365 0.185 2127.63
0.365 0.19 1435.12
0.365 0.195 1078
0.365 0.2 921.838
0.37 0 5.92002e+06
0.37 0 1.13014e+06
0.37 0.005 929625
0.37 0.01 625048
0.37 0.015 496924
0.37 0.02 435778
0.37 0.025 402993
0.37 0.03 382244
0.37 0.035 366398
0.37 0.04 352396
0.37 0.045 338966
0.37 0.05 325602
0.37 0.055 312118
0.37 0.06 298456
0.37 0.065 284610
0.37 0.07 270597
0.37 0.075 256442
0.37 0.08 242170
0.37 0.085 227810
0.37 0.09 213387
0.37 0.095 198926
0.37 0.1 184448
0.37 0.105 169972
0.37 0.11 155516
0.37 0.115 141095
0.37 0.12 126722
0.37 0.125 112409
0.37 0.13 98167.1
0.37 0.135 84020.5
0.37 0.14 70038
0.37 0.145 56410.8
0.37 0.15 43540.9
0.37 0.155 32024.5
0.37 0.16 22438.8
0.37 0.165 15064
0.37 0.17 9786.4
0.37 0.175 6226.9
0.37 0.18 3935.04
0.37 0.185 2518.52
0.37 0.19 1689.12
0.37 0.195 1260.78
0.37 0.2 1075.82
0.375 0 5.83545e+06
0.375 0 1.05806e+06
0.375 0.005 879867
0.375 0.01 598187
0.375 0.015 493131
0.375 0.02 448712
0.375 0.025 425307
0.375 0.03 408333
0.375 0.035 392878
0.375 0.04 377564
0.375 0.045 362140
0.375 0.05 346636
0.375 0.055 331116
0.375 0.06 315619
0.375 0.065 300164
0.375 0.07 284756
0.375 0.075 269396
0.375 0.08 254086
0.375 0.085 238827
0.375 0.09 223623
0.375 0.095 208480
0.375 0.1 193403
0.375 0.105 178398
0.375 0.11 163473
0.375 0.115 148631
0.375 0.12 133880
0.375 0.125 119224
0.375 0.13 104668
0.375 0.135 90225.7
0.375 0.14 75936.7
0.375 0.145 61932.9
0.375 0.15 48532.5
0.375 0.155 36282.6
0.375 0.16 25812.5
0.375 0.165 17541.6
0.375 0.17 11490.4
0.375 0.175 7342.77
0.375 0.18 4644.11
0.375 0.185 2965.87
0.375 0.19 1979.93
0.375 0.195 1469.77
0.375 0.2 1252.23
0.38 0 5.7396e+06
0.38 0 932204
0.38 0.005 797326
0.38 0.01 558521
0.38 0.015 493013
0.38 0.02 472661
0.38 0.025 459259
0.38 0.03 443857
0.38 0.035 426166
0.38 0.04 407389
0.38 0.045 388429
0.38 0.05 369741
0.38 0.055 351492
0.38 0.06 333702
0.38 0.065 316331
0.38 0.07 299320
0.38 0.075 282614
0.38 0.08 266165
0.38 0.085 249936
0.38 0.09 233900
0.38 0.095 218037
0.38 0.1 202334
0.38 0.105 186779
0.38 0.11 171367
0.38 0.115 156093
0.38 0.12 140954
0.38 0.125 125947
0.38 0.13 111074
0.38 0.135 96335.1
0.38 0.14 81753.9
0.38 0.145 67415.8
0.38 0.15 53562.3
0.38 0.155 40670.1
0.38 0.16 29380.3
0.38 0.165 20226.4
0.38 0.17 13372.8
0.38 0.175 8592
0.38 0.18 5444.36
0.38 0.185 3472.77
0.38 0.19 2309.8
0.38 0.195 1706.6
0.38 0.2 1452.54
0.385 0 5.60762e+06
0.385 0 717482
0.385 0.005 669437
0.385 0.01 513184
0.385 0.015 512763
0.385 0.02 521953
0.385 0.025 513255
0.385 0.03 492422
0.385 0.035 467254
0.385 0.04 441739
0.385 0.045 417330
0.385 0.05 394358
0.385 0.055 372743
0.385 0.06 352285
0.385 0.065 332772
0.385 0.07 314019
0.385 0.075 295878
0.385 0.08 278233
0.385 0.085 260997
0.385 0.09 244105
0.385 0.095 227505
0.385 0.1 211163
0.385 0.105 195050
0.385 0.11 179146
0.385 0.115 163435
0.385 0.12 147905
0.385 0.125 132547
0.385 0.13 117354
0.385 0.135 102322
0.385 0.14 87459.1
0.385 0.145 72818.3
0.385 0.15 58575.2
0.385 0.155 45128.4
0.385 0.16 33095.6
0.385 0.165 23092
0.385 0.17 15423.6
0.385 0.175 9973.21
0.385 0.18 6337.42
0.385 0.185 4041.28
0.385 0.19 2680.39
0.385 0.195 1972.52
0.385 0.2 1677.97
0.39 0 5.36967e+06
0.39 0 420903
0.39 0.005 479468
0.39 0.01 464471
0.39 0.015 569875
0.39 0.02 613456
0.39 0.025 595221
0.39 0.03 555473
0.39 0.035 515057
0.39 0.04 479055
0.39 0.045 447474
0.39 0.05 419427
0.39 0.055 394081
0.39 0.06 370784
0.39 0.065 349050
0.39 0.07 328523
0.39 0.075 308936
0.39 0.08 290095
0.39 0.085 271857
0.39 0.09 254113
0.39 0.095 236784
0.39 0.1 219810
0.39 0.105 203145
0.39 0.11 186755
0.39 0.115 170612
0.39 0.12 154696
0.39 0.125 138990
0.39 0.13 123482
0.39 0.135 108161
0.39 0.14 93025.7
0.39 0.145 78105.9
0.39 0.15 63524.4
0.39 0.155 49602.4
0.39 0.16 36908.9
0.39 0.165 26105.3
0.39 0.17 17626.8
0.39 0.175 11481
0.39 0.18 7322.67
0.39 0.185 4672.2
0.39 0.19 3092.63
0.39 0.195 2268.28
0.39 0.2 1929.3
0.395 0 4.96826e+06
0.395 0 153360
0.395 0.005 262458
0.395 0.01 368122
0.395 0.015 605309
0.395 0.02 719854
0.395 0.025 692060
0.395 0.03 624425
0.395 0.035 563792
0.395 0.04 515618
0.395 0.045 476505
0.395 0.05 443431
0.395 0.055 414494
0.395 0.06 388504
0.395 0.065 364675
0.395 0.07 342473
0.395 0.075 321520
0.395 0.08 301547
0.395 0.085 282355
0.395 0.09 263800
0.395 0.095 245774
0.395 0.1 228194
0.395 0.105 210998
0.395 0.11 194138
0.395 0.115 177578
0.395 0.12 161288
0.395 0.125 145244
0.395 0.13 129429
0.395 0.135 113827
0.395 0.14 98429.5
0.395 0.145 83250.1
0.395 0.15 68370.7
0.395 0.155 54042.5
0.395 0.16 40770.5
0.395 0.165 29228.9
0.395 0.17 19961
0.395 0.175 13106.1
0.395 0.18 8396.93
0.395 0.185 5364.82
0.395 0.19 3546.56
0.395 0.195 2594.03
0.395 0.2 2206.84
0.4 0 4.46613e+06
0.4 0 24490
0.4 0.005 107321
0.4 0.01 243165
0.4 0.015 524422
0.4 0.02 741048
0.4 0.025 749972
0.4 0.03 674752
0.4 0.035 602440
0.4 0.04 546123
0.4 0.045 501606
0.4 0.05 464728
0.4 0.055 432956
0.4 0.06 404762
0.4 0.065 379170
0.4 0.07 355526
0.4 0.075 333376
0.4 0.08 312393
0.4 0.085 292342
0.4 0.09 273048
0.4 0.095 254379
0.4 0.1 236237
0.4 0.105 218545
0.4 0.11 201244
0.4 0.115 184289
0.4 0.12 167643
0.4 0.125 151277
0.4 0.13 135168
0.4 0.135 119297
0.4 0.14 103649
0.4 0.145 88226.6
0.4 0.15 73081.9
0.4 0.155 58405.6
0.4 0.16 44633
0.4 0.165 32423
0.4 0.17 22400.3
0.4 0.175 14835
0.4 0.18 9554.38
0.4 0.185 6116.86
0.4 0.19 4041.25
0.4 0.195 2949.25
0.4 0.2 2510.34
0.405 0 3.71923e+06
0.405 0 22763.6
0.405 0.005 60127.7
0.405 0.01 174002
0.405 0.015 415784
0.405 0.02 679982
0.405 0.025 748218
0.405 0.03 692798
0.405 0.035 624130
0.405 0.04 567076
0.405 0.045 520832
0.405 0.05 482135
0.405 0.055 448692
0.405 0.06 419025
0.405 0.065 392154
0.405 0.07 367402
0.405 0.075 344290
0.405 0.08 322471
0.405 0.085 301689
0.405 0.09 281752
0.405 0.095 262517
0.405 0.1 243871
0.405 0.105 225729
0.405 0.11 208025
0.405 0.115 190706
0.405 0.12 173729
0.405 0.125 157061
0.405 0.13 140676
0.405 0.135 124549
0.405 0.14 108664
0.405 0.145 93015
0.405 0.15 77631.6
0.405 0.155 62655.7
0.405 0.16 48453.3
0.405 0.165 35647.1
0.405 0.17 24915.8
0.405 0.175 16650.9
0.405 0.18 10786.5
0.405 0.185 6924.28
0.405 0.19 4574.66
0.405 0.195 3332.67
0.405 0.2 2838.92
0.41 0 2.85009e+06
0.41 0 23742.4
0.41 0.005 52415.6
0.41 0.01 139284
0.41 0.015 342647
0.41 0.02 610421
0.41 0.025 720340
0.41 0.03 689668
0.41 0.035 631764
0.41 0.04 578887
0.41 0.045 533938
0.41 0.05 495288
0.41 0.055 461363
0.41 0.06 431009
0.41 0.065 403394
0.41 0.07 377911
0.41 0.075 354111
0.41 0.08 331657
0.41 0.085 310295
0.41 0.09 289832
0.41 0.095 270119
0.41 0.1 251039
0.41 0.105 232504
0.41 0.11 214441
0.41 0.115 196793
0.41 0.12 179515
0.41 0.125 162571
0.41 0.13 145929
0.41 0.135 129565
0.41 0.14 113458
0.41 0.145 97597.9
0.41 0.15 81998.6
0.41 0.155 66763.2
0.41 0.16 52193.4
0.41 0.165 38862.4
0.41 0.17 27476.5
0.41 0.175 18534.1
0.41 0.18 12082.5
0.41 0.185 7781.36
0.41 0.19 5143.66
0.41 0.195 3742.24
0.41 0.2 3191.02
0.415 0 2.07171e+06
0.415 0 23815.5
0.415 0.005 47783.5
0.415 0.01 116512
0.415 0.015 291737
0.415 0.02 555208
0.415 0.025 690108
0.415 0.03 678278
0.415 0.035 631105
0.415 0.04 583944
0.415 0.045 541863
0.415 0.05 504514
0.415 0.055 471040
0.415 0.06 440680
0.415 0.065 412821
0.415 0.07 386975
0.415 0.075 362760
0.415 0.08 339879
0.415 0.085 318096
0.415 0.09 297230
0.415 0.095 277136
0.415 0.1 257700
0.415 0.105 238832
0.415 0.11 220459
0.415 0.115 202524
0.415 0.12 184978
0.415 0.125 167784
0.415 0.13 150909
0.415 0.135 134327
0.415 0.14 118016
0.415 0.145 101961
0.415 0.15 86165.7
0.415 0.155 70704
0.415 0.16 55820.8
0.415 0.165 42032.9
0.415 0.17 30051.1
0.415 0.175 20462.7
0.415 0.18 13429.1
0.415 0.185 8680.72
0.415 0.19 5743.95
0.415 0.195 4175.11
0.415 0.2 3564.4
0.42 0 1.45976e+06
0.42 0 23332.6
0.42 0.005 44331.7
0.42 0.01 100260
0.42 0.015 252572
0.42 0.02 511336
0.42 0.025 663401
0.42 0.03 664805
0.42 0.035 626296
0.42 0.04 584634
0.42 0.045 545897
0.42 0.05 510487
0.42 0.055 478061
0.42 0.06 448198
0.42 0.065 420497
0.42 0.07 394606
0.42 0.075 370227
0.42 0.08 347113
0.42 0.085 325064
0.42 0.09 303917
0.42 0.095 283539
0.42 0.1 263825
0.42 0.105 244687
0.42 0.11 226057
0.42 0.115 207876
0.42 0.12 190098
0.42 0.125 172684
0.42 0.13 155601
0.42 0.135 138822
0.42 0.14 122324
0.42 0.145 106091
0.42 0.15 90119.1
0.42 0.155 74459.4
0.42 0.16 59308.7
0.42 0.165 45126.1
0.42 0.17 32609.2
0.42 0.175 22413.6
0.42 0.18 14811.5
0.42 0.185 9613.48
0.42 0.19 6370.21
0.42 0.195 4627.63
0.42 0.2 3956.12
0.425 0 1.01076e+06
0.425 0 22660.1
0.425 0.005 41693.6
0.425 0.01 88472
0.425 0.015 221268
0.425 0.02 475291
0.425 0.025 640743
0.425 0.03 651609
0.425 0.035 619686
0.425 0.04 582719
0.425 0.045 547216
0.425 0.05 513945
0.425 0.055 482877
0.425 0.06 453830
0.425 0.065 426578
0.425 0.07 400891
0.425 0.075 376554
0.425 0.08 353379
0.425 0.085 331203
0.425 0.09 309887
0.425 0.095 289319
0.425 0.1 269402
0.425 0.105 250058
0.425 0.11 231221
0.425 0.115 212838
0.425 0.12 194863
0.425 0.125 177258
0.425 0.13 159993
0.425 0.135 143039
0.425 0.14 126374
0.425 0.145 109979
0.425 0.15 93848
0.425 0.155 78014.3
0.425 0.16 62635.3
0.425 0.165 48114.1
0.425 0.17 35121.7
0.425 0.175 24363.3
0.425 0.18 16213.6
0.425 0.185 10569.5
0.425 0.19 7016.1
0.425 0.195 5095.44
0.425 0.2 4362.58
0.43 0 693230
0.43 0 21986.9
0.43 0.005 39684.7
0.43 0.01 79900.1
0.43 0.015 195972
0.43 0.02 445097
0.43 0.025 621563
0.43 0.03 639431
0.43 0.035 612478
0.43 0.04 579346
0.43 0.045 546729
0.43 0.05 515551
0.43 0.055 485946
0.43 0.06 457884
0.43 0.065 431266
0.43 0.07 405960
0.43 0.075 381826
0.43 0.08 358728
0.43 0.085 336542
0.43 0.09 315158
0.43 0.095 294482
0.43 0.1 274432
0.43 0.105 254939
0.43 0.11 235945
0.43 0.115 217401
0.43 0.12 199264
0.43 0.125 181499
0.43 0.13 164077
0.43 0.135 146969
0.43 0.14 130156
0.43 0.145 113617
0.43 0.15 97343.9
0.43 0.155 81357.4
0.43 0.16 65783.3
0.43 0.165 50972.8
0.43 0.17 37562.4
0.43 0.175 26288.7
0.43 0.18 17618.4
0.43 0.185 11537.7
0.43 0.19 7674.45
0.43 0.195 5573.5
0.43 0.2 4779.59
0.435 0 473032
0.435 0 21389.9
0.435 0.005 38167
0.435 0.01 73682.3
0.435 0.015 175536
0.435 0.02 419640
0.435 0.025 605229
0.435 0.03 628417
0.435 0.035 605258
0.435 0.04 575221
0.435 0.045 545090
0.435 0.05 515840
0.435 0.055 487678
0.435 0.06 460663
0.435 0.065 434779
0.435 0.07 409968
0.435 0.075 386149
0.435 0.08 363233
0.435 0.085 341131
0.435 0.09 319761
0.435 0.095 299049
0.435 0.1 278928
0.435 0.105 259339
0.435 0.11 240233
0.435 0.115 221566
0.435 0.12 203300
0.435 0.125 185404
0.435 0.13 167848
0.435 0.135 150610
0.435 0.14 133666
0.435 0.145 117001
0.435 0.15 100601
0.435 0.155 84480.2
0.435 0.16 68739.2
0.435 0.165 53682.7
0.435 0.17 39907.8
0.435 0.175 28167.7
0.435 0.18 19008.7
0.435 0.185 12506.3
0.435 0.19 8337.41
0.435 0.195 6056.24
0.435 0.2 5202.43
0.44 0 321912
0.44 0 20890.4
0.44 0.005 37028.8
0.44 0.01 69194.7
0.44 0.015 159132
0.44 0.02 398207
0.44 0.025 591228
0.44 0.03 618524
0.44 0.035 598309
0.44 0.04 570776
0.44 0.045 542754
0.44 0.05 515223
0.44 0.055 488417
0.44 0.06 462439
0.44 0.065 437327
0.44 0.07 413073
0.44 0.075 389641
0.44 0.08 366980
0.44 0.085 345033
0.44 0.09 323742
0.44 0.095 303052
0.44 0.1 282910
0.44 0.105 263271
0.44 0.11 244092
0.44 0.115 225337
0.44 0.12 206973
0.44 0.125 188971
0.44 0.13 171307
0.44 0.135 153957
0.44 0.14 136902
0.44 0.145 120125
0.44 0.15 103614
0.44 0.155 87376.6
0.44 0.16 71492.8
0.44 0.165 56227.6
0.44 0.17 42137.4
0.44 0.175 29979.7
0.44 0.18 20367.7
0.44 0.185 13463
0.44 0.19 8996.67
0.44 0.195 6537.67
0.44 0.2 5625.96
0.445 0 218768
0.445 0 20486.2
0.445 0.005 36180.4
0.445 0.01 65975.4
0.445 0.015 146109
0.445 0.02 380268
0.445 0.025 579159
0.445 0.03 609659
0.445 0.035 591770
0.445 0.04 566275
0.445 0.045 540034
0.445 0.05 514011
0.445 0.055 488441
0.445 0.06 463449
0.445 0.065 439102
0.445 0.07 415426
0.445 0.075 392419
0.445 0.08 370059
0.445 0.085 348316
0.445 0.09 327152
0.445 0.095 306528
0.445 0.1 286408
0.445 0.105 266756
0.445 0.11 247538
0.445 0.115 228725
0.445 0.12 210289
0.445 0.125 192206
0.445 0.13 174453
0.445 0.135 157011
0.445 0.14 139861
0.445 0.145 122989
0.445 0.15 106381
0.445 0.155 90042.3
0.445 0.16 74036.5
0.445 0.165 58594.8
0.445 0.17 44233.7
0.445 0.175 31705.9
0.445 0.18 21679.1
0.445 0.185 14395.6
0.445 0.19 9643.62
0.445 0.195 7011.48
0.445 0.2 6044.73
0.45 0 148573
0.45 0 20166.2
0.45 0.005 35552
0.45 0.01 63680.5
0.45 0.015 135914
0.45 0.02 365389
0.45 0.025 568717
0.45 0.03 601735
0.45 0.035 585711
0.45 0.04 561891
0.45 0.045 537151
0.45 0.05 512435
0.45 0.055 487971
0.45 0.06 463889
0.45 0.065 440272
0.45 0.07 417168
0.45 0.075 394597
0.45 0.08 372562
0.45 0.085 351051
0.45 0.09 330045
0.45 0.095 309521
0.45 0.1 289453
0.45 0.105 269818
0.45 0.11 250588
0.45 0.115 231743
0.45 0.12 213258
0.45 0.125 195114
0.45 0.13 177292
0.45 0.135 159774
0.45 0.14 142546
0.45 0.145 125592
0.45 0.15 108901
0.45 0.155 92474.7
0.45 0.16 76365.1
0.45 0.165 60774.6
0.45 0.17 46182.3
0.45 0.175 33329.6
0.45 0.18 22927.4
0.45 0.185 15292.1
0.45 0.19 10269.6
0.45 0.195 7471.26
0.45 0.2 6453.13
0.455 0 100879
0.455 0 19917.7
0.455 0.005 35089.3
0.455 0.01 62054.2
0.455 0.015 128062
0.455 0.02 353184
0.455 0.025 559673
0.455 0.03 594685
0.455 0.035 580172
0.455 0.04 557737
0.455 0.045 534261
0.455 0.05 510670
0.455 0.055 487180
0.455 0.06 463919
0.455 0.065 440979
0.455 0.07 418420
0.455 0.075 396278
0.455 0.08 374572
0.455 0.085 353306
0.455 0.09 332477
0.455 0.095 312073
0.455 0.1 292080
0.455 0.105 272482
0.455 0.11 253263
0.455 0.115 234404
0.455 0.12 215890
0.455 0.125 197703
0.455 0.13 179828
0.455 0.135 162251
0.455 0.14 144957
0.455 0.145 127935
0.455 0.15 111174
0.455 0.155 94672.3
0.455 0.16 78474.7
0.455 0.165 62759.4
0.455 0.17 47971.2
0.455 0.175 34836.4
0.455 0.18 24098.6
0.455 0.185 16141.1
0.455 0.19 10866
0.455 0.195 7910.6
0.455 0.2 6845.5
0.46 0 68508
0.46 0 19728
0.46 0.005 34750.6
0.46 0.01 60907.6
0.46 0.015 122116
0.46 0.02 343297
0.46 0.025 551860
0.46 0.03 588460
0.46 0.035 575181
0.46 0.04 553891
0.46 0.045 531478
0.46 0.05 508847
0.46 0.055 486204
0.46 0.06 463672
0.46 0.065 441344
0.46 0.07 419289
0.46 0.075 397553
0.46 0.08 376167
0.46 0.085 355147
0.46 0.09 334500
0.46 0.095 314227
0.46 0.1 294322
0.46 0.105 274778
0.46 0.11 255583
0.46 0.115 236727
0.46 0.12 218198
0.46 0.125 199982
0.46 0.13 182069
0.46 0.135 164445
0.46 0.14 147099
0.46 0.145 130020
0.46 0.15 113199
0.46 0.155 96634.9
0.46 0.16 80363.3
0.46 0.165 64543.7
0.46 0.17 49590.9
0.46 0.175 36213.5
0.46 0.18 25179.9
0.46 0.185 16931.7
0.46 0.19 11424.7
0.46 0.195 8323.24
0.46 0.2 7216.24
0.465 0 46560.9
0.465 0 19585.5
0.465 0.005 34504.3
0.465 0.01 60103.1
0.465 0.015 117685
0.465 0.02 335396
0.465 0.025 545166
0.465 0.03 583029
0.465 0.035 570756
0.465 0.04 550412
0.465 0.045 528885
0.465 0.05 507067
0.465 0.055 485150
0.465 0.06 463253
0.465 0.065 441468
0.465 0.07 419867
0.465 0.075 398504
0.465 0.08 377417
0.465 0.085 356632
0.465 0.09 336165
0.465 0.095 316025
0.465 0.1 296214
0.465 0.105 276731
0.465 0.11 257571
0.465 0.115 238728
0.465 0.12 220195
0.465 0.125 201963
0.465 0.13 184022
0.465 0.135 166362
0.465 0.14 148975
0.465 0.145 131850
0.465 0.15 114980
0.465 0.155 98362.6
0.465 0.16 82029.3
0.465 0.165 66123.6
0.465 0.17 51033.7
0.465 0.175 37450.5
0.465 0.18 26160
0.465 0.185 17653.9
0.465 0.19 11938
0.465 0.195 8703.23
0.465 0.2 7559.98
0.47 0 31705.7
0.47 0 19480.3
0.47 0.005 34326.9
0.47 0.01 59540.8
0.47 0.015 114431
0.47 0.02 329176
0.47 0.025 539510
0.47 0.03 578373
0.47 0.035 566912
0.47 0.04 547341
0.47 0.045 526545
0.47 0.05 505404
0.47 0.055 484101
0.47 0.06 462746
0.47 0.065 441430
0.47 0.07 420228
0.47 0.075 399197
0.47 0.08 378382
0.47 0.085 357814
0.47 0.09 337516
0.47 0.095 317503
0.47 0.1 297785
0.47 0.105 278366
0.47 0.11 259246
0.47 0.115 240424
0.47 0.12 221895
0.47 0.125 203654
0.47 0.13 185694
0.47 0.135 168009
0.47 0.14 150589
0.47 0.145 133428
0.47 0.15 116518
0.47 0.155 99856.5
0.47 0.16 83472.4
0.47 0.165 67496.2
0.47 0.17 52293.7
0.47 0.175 38538.7
0.47 0.18 27029.2
0.47 0.185 18299
0.47 0.19 12398.6
0.47 0.195 9045.02
0.47 0.2 7871.68
0.475 0 21683.9
0.475 0 19404.2
0.475 0.005 34200.6
0.475 0.01 59150.4
0.475 0.015 112077
0.475 0.02 324366
0.475 0.025 534836
0.475 0.03 574474
0.475 0.035 563659
0.475 0.04 544708
0.475 0.045 524505
0.475 0.05 503918
0.475 0.055 483120
0.475 0.06 462217
0.475 0.065 441298
0.475 0.07 420437
0.475 0.075 399692
0.475 0.08 379114
0.475 0.085 358737
0.475 0.09 338591
0.475 0.095 318696
0.475 0.1 299065
0.475 0.105 279708
0.475 0.11 260629
0.475 0.115 241830
0.475 0.12 223310
0.475 0.125 205066
0.475 0.13 187095
0.475 0.135 169390
0.475 0.14 151946
0.475 0.145 134756
0.475 0.15 117814
0.475 0.155 101118
0.475 0.16 84692.5
0.475 0.165 68659.6
0.475 0.17 53366.3
0.475 0.175 39470.9
0.475 0.18 27779
0.475 0.185 18859
0.475 0.19 12800.3
0.475 0.195 9343.6
0.475 0.2 8146.7
0.48 0 14970.6
0.48 0 19350.4
0.48 0.005 34112.3
0.48 0.01 58882.7
0.48 0.015 110406
0.48 0.02 320736
0.48 0.025 531091
0.48 0.03 571317
0.48 0.035 561001
0.48 0.04 542534
0.48 0.045 522797
0.48 0.05 502650
0.48 0.055 482257
0.48 0.06 461720
0.48 0.065 441123
0.48 0.07 420541
0.48 0.075 400035
0.48 0.08 379655
0.48 0.085 359441
0.48 0.09 339425
0.48 0.095 319631
0.48 0.1 300077
0.48 0.105 280776
0.48 0.11 261735
0.48 0.115 242959
0.48 0.12 224451
0.48 0.125 206208
0.48 0.13 188230
0.48 0.135 170512
0.48 0.14 153050
0.48 0.145 135838
0.48 0.15 118871
0.48 0.155 102147
0.48 0.16 85690
0.48 0.165 69612.8
0.48 0.17 54248.3
0.48 0.175 40241.4
0.48 0.18 28402.5
0.48 0.185 19327.3
0.48 0.19 13137.5
0.48 0.195 9594.59
0.48 0.2 8380.94
0.485 0 10543.8
0.485 0 19314
0.485 0.005 34052.3
0.485 0.01 58704.1
0.485 0.015 109261
0.485 0.02 318103
0.485 0.025 528231
0.485 0.03 568885
0.485 0.035 558936
0.485 0.04 540831
0.485 0.045 521446
0.485 0.05 501632
0.485 0.055 481549
0.485 0.06 461293
0.485 0.065 440946
0.485 0.07 420582
0.485 0.075 400262
0.485 0.08 380039
0.485 0.085 359955
0.485 0.09 340044
0.485 0.095 320333
0.485 0.1 300843
0.485 0.105 281588
0.485 0.11 262580
0.485 0.115 243825
0.485 0.12 225327
0.485 0.125 207088
0.485 0.13 189106
0.485 0.135 171379
0.485 0.14 153904
0.485 0.145 136676
0.485 0.15 119691
0.485 0.155 102947
0.485 0.16 86465.4
0.485 0.165 70355
0.485 0.17 54937.2
0.485 0.175 40846
0.485 0.18 28894.4
0.485 0.185 19698.5
0.485 0.19 13405.6
0.485 0.195 9794.26
0.485 0.2 8570.88
0.49 0 7729.54
0.49 0 19291.2
0.49 0.005 34014.2
0.49 0.01 58592.2
0.49 0.015 108532
0.49 0.02 316331
0.49 0.025 526215
0.49 0.03 567159
0.49 0.035 557462
0.49 0.04 539607
0.49 0.045 520467
0.49 0.05 500887
0.49 0.055 481022
0.49 0.06 460964
0.49 0.065 440796
0.49 0.07 420588
0.49 0.075 400403
0.49 0.08 380294
0.49 0.085 360304
0.49 0.09 340470
0.49 0.095 320820
0.49 0.1 301377
0.49 0.105 282157
0.49 0.11 263174
0.49 0.115 244436
0.49 0.12 225947
0.49 0.125 207711
0.49 0.13 189728
0.49 0.135 171996
0.49 0.14 154512
0.49 0.145 137274
0.49 0.15 120276
0.49 0.155 103517
0.49 0.16 87019
0.49 0.165 70885.7
0.49 0.17 55431.2
0.49 0.175 41281.3
0.49 0.18 29250.3
0.49 0.185 19968.2
0.49 0.19 13600.9
0.49 0.195 9939.69
0.49 0.2 8713.67
0.495 0 6099.12
0.495 0 19279.6
0.495 0.005 33993.5
0.495 0.01 58533.1
0.495 0.015 108150
0.495 0.02 315325
0.495 0.025 525012
0.495 0.03 566124
0.495 0.035 556574
0.495 0.04 538866
0.495 0.045 519870
0.495 0.05 500429
0.495 0.055 480694
0.495 0.06 460755
0.495 0.065 440693
0.495 0.07 420580
0.495 0.075 400476
0.495 0.08 380436
0.495 0.085 360504
0.495 0.09 340717
0.495 0.095 321105
0.495 0.1 301691
0.495 0.105 282494
0.495 0.11 263527
0.495 0.115 244799
0.495 0.12 226317
0.495 0.125 208083
0.495 0.13 190099
0.495 0.135 172365
0.495 0.14 154877
0.495 0.145 137632
0.495 0.15 120626
0.495 0.155 103859
0.495 0.16 87351.5
0.495 0.165 71205
0.495 0.17 55729.2
0.495 0.175 41545.2
0.495 0.18 29467.3
0.495 0.185 20133.5
0.495 0.19 13720.9
0.495 0.195 10028.7
0.495 0.2 8807.15
0.5 0 5471.69
0.5 0 19276.4
0.5 0.005 29084.1
0.5 0.01 55242.9
0.5 0.015 94806
0.5 0.02 259274
0.5 0.025 510490
0.5 0.03 566168
0.5 0.035 559047
0.5 0.04 541725
0.5 0.045 522869
0.5 0.05 503531
0.5 0.055 483881
0.5 0.06 464010
0.5 0.065 443999
0.5 0.07 423921
0.5 0.075 403840
0.5 0.08 383809
0.5 0.085 363876
0.5 0.09 344079
0.5 0.095 324449
0.5 0.1 305011
0.5 0.105 285785
0.5 0.11 266784
0.5 0.115 248020
0.5 0.12 229499
0.5 0.125 211225
0.5 0.13 193200
0.5 0.135 175423
0.5 0.14 157892
0.5 0.145 140606
0.5 0.15 123558
0.5 0.155 106749
0.5 0.16 90191.4
0.5 0.165 73966.8
0.5 0.17 58335.5
0.5 0.175 43860.5
0.5 0.18 31347.2
0.5 0.185 21502.3
0.5 0.19 14593.7
0.5 0.195 10462.7
0.5 0.2 8845.64
