0.0000000000e+00 3.0000000000e+02
9.0000000000e-04 3.0016268009e+02
1.0000000000e-03 3.0017982553e+02
1.0000000000e-03 3.0017982553e+02
1.9000000000e-03 3.0047650034e+02
2.0000000000e-03 3.0050776791e+02
2.9000000000e-03 3.0080453319e+02
3.0000000000e-03 3.0083581021e+02
3.9000000000e-03 3.0113266505e+02
4.0000000000e-03 3.0116395121e+02
4.9000000000e-03 3.0146089381e+02
5.0000000000e-03 3.0149218903e+02
5.9000000000e-03 3.0178921847e+02
6.0000000000e-03 3.0182052265e+02
6.9000000000e-03 3.0211763804e+02
7.0000000000e-03 3.0214895089e+02
7.9000000000e-03 3.0244615132e+02
8.0000000000e-03 3.0247747285e+02
8.9000000000e-03 3.0277475741e+02
9.0000000000e-03 3.0280608743e+02
9.9000000000e-03 3.0310345612e+02
1.0000000000e-02 3.0313479453e+02
1.0900000000e-02 3.0343224464e+02
1.1000000000e-02 3.0346359134e+02
1.1900000000e-02 3.0376112378e+02
1.2000000000e-02 3.0379247858e+02
1.2900000000e-02 3.0409009154e+02
1.3000000000e-02 3.0412145444e+02
1.3900000000e-02 3.0441914701e+02
1.4000000000e-02 3.0445051792e+02
1.4900000000e-02 3.0474828919e+02
1.5000000000e-02 3.0477966792e+02
1.5900000000e-02 3.0507751700e+02
1.6000000000e-02 3.0510890354e+02
1.6900000000e-02 3.0540682951e+02
1.7000000000e-02 3.0543822378e+02
1.7900000000e-02 3.0573622484e+02
1.8000000000e-02 3.0576762664e+02
1.8900000000e-02 3.0606570279e+02
1.9000000000e-02 3.0609711211e+02
1.9900000000e-02 3.0639526064e+02
2.0000000000e-02 3.0642667740e+02
2.0900000000e-02 3.0672489920e+02
2.1000000000e-02 3.0675632330e+02
2.1900000000e-02 3.0705461567e+02
2.2000000000e-02 3.0708604702e+02
2.2900000000e-02 3.0738440904e+02
2.3000000000e-02 3.0741584745e+02
2.3900000000e-02 3.0771427913e+02
2.4000000000e-02 3.0774572468e+02
2.4900000000e-02 3.0804422422e+02
2.5000000000e-02 3.0807567664e+02
2.5900000000e-02 3.0837424221e+02
2.6000000000e-02 3.0840570159e+02
2.6900000000e-02 3.0870433411e+02
2.7000000000e-02 3.0873580016e+02
2.7900000000e-02 3.0903449601e+02
2.8000000000e-02 3.0906596873e+02
2.8900000000e-02 3.0936472881e+02
2.9000000000e-02 3.0939620820e+02
2.9900000000e-02 3.0969503071e+02
3.0000000000e-02 3.0972651658e+02
3.0900000000e-02 3.1002540060e+02
3.1000000000e-02 3.1005689277e+02
3.1900000000e-02 3.1035583650e+02
3.2000000000e-02 3.1038733505e+02
3.2900000000e-02 3.1068633940e+02
3.3000000000e-02 3.1071784424e+02
3.3900000000e-02 3.1101690649e+02
3.4000000000e-02 3.1104841743e+02
3.4900000000e-02 3.1134753757e+02
3.5000000000e-02 3.1137905453e+02
3.5900000000e-02 3.1167823166e+02
3.6000000000e-02 3.1170975462e+02
3.6900000000e-02 3.1200898694e+02
3.7000000000e-02 3.1204051581e+02
3.7900000000e-02 3.1233980422e+02
3.8000000000e-02 3.1237133881e+02
3.8900000000e-02 3.1267068059e+02
3.9000000000e-02 3.1270222099e+02
3.9900000000e-02 3.1300161525e+02
4.0000000000e-02 3.1303316128e+02
4.0900000000e-02 3.1333260891e+02
4.1000000000e-02 3.1336416047e+02
4.1900000000e-02 3.1366365967e+02
4.2000000000e-02 3.1369521666e+02
4.2900000000e-02 3.1399476652e+02
4.3000000000e-02 3.1402632894e+02
4.3900000000e-02 3.1432592946e+02
4.4000000000e-02 3.1435749722e+02
4.4900000000e-02 3.1465714660e+02
4.5000000000e-02 3.1468871960e+02
4.5900000000e-02 3.1498841783e+02
4.6000000000e-02 3.1501999598e+02
4.6900000000e-02 3.1531974125e+02
4.7000000000e-02 3.1535132455e+02
4.7900000000e-02 3.1565111777e+02
4.8000000000e-02 3.1568270603e+02
4.8900000000e-02 3.1598254539e+02
4.9000000000e-02 3.1601413850e+02
4.9900000000e-02 3.1631402309e+02
5.0000000000e-02 3.1634562117e+02
5.0900000000e-02 3.1664555099e+02
5.1000000000e-02 3.1667715383e+02
5.1900000000e-02 3.1697712708e+02
5.2000000000e-02 3.1700873459e+02
5.2900000000e-02 3.1730875127e+02
5.3000000000e-02 3.1734036336e+02
5.3900000000e-02 3.1764042345e+02
5.4000000000e-02 3.1767204012e+02
5.4900000000e-02 3.1797214092e+02
5.5000000000e-02 3.1800376197e+02
5.5900000000e-02 3.1830390439e+02
5.6000000000e-02 3.1833552992e+02
5.6900000000e-02 3.1863571215e+02
5.7000000000e-02 3.1866734187e+02
5.7900000000e-02 3.1896756300e+02
5.8000000000e-02 3.1899919692e+02
5.8900000000e-02 3.1929945695e+02
5.9000000000e-02 3.1933109497e+02
5.9900000000e-02 3.1963139209e+02
6.0000000000e-02 3.1966303411e+02
6.0900000000e-02 3.1996336832e+02
6.1000000000e-02 3.1999501416e+02
6.1900000000e-02 3.2029538365e+02
6.2000000000e-02 3.2032703330e+02
6.2900000000e-02 3.2062743717e+02
6.3000000000e-02 3.2065909054e+02
6.3900000000e-02 3.2095952788e+02
6.4000000000e-02 3.2099118477e+02
6.4900000000e-02 3.2129165378e+02
6.5000000000e-02 3.2132331420e+02
6.5900000000e-02 3.2162381487e+02
6.6000000000e-02 3.2165547844e+02
6.6900000000e-02 3.2195600897e+02
6.7000000000e-02 3.2198767577e+02
6.7900000000e-02 3.2228823434e+02
6.8000000000e-02 3.2231990420e+02
6.8900000000e-02 3.2262048901e+02
6.9000000000e-02 3.2265216172e+02
6.9900000000e-02 3.2295277277e+02
7.0000000000e-02 3.2298444815e+02
7.0900000000e-02 3.2328508272e+02
7.1000000000e-02 3.2331676067e+02
7.1900000000e-02 3.2361741786e+02
7.2000000000e-02 3.2364909810e+02
7.2900000000e-02 3.2394977428e+02
7.3000000000e-02 3.2398145672e+02
7.3900000000e-02 3.2428215099e+02
7.4000000000e-02 3.2431383524e+02
7.4900000000e-02 3.2461454580e+02
7.5000000000e-02 3.2464623186e+02
7.5900000000e-02 3.2494695599e+02
7.6000000000e-02 3.2497864348e+02
7.6900000000e-02 3.2527937847e+02
7.7000000000e-02 3.2531106710e+02
7.7900000000e-02 3.2561181023e+02
7.8000000000e-02 3.2564349972e+02
7.8900000000e-02 3.2594424827e+02
7.9000000000e-02 3.2597593834e+02
7.9900000000e-02 3.2627668870e+02
8.0000000000e-02 3.2630837915e+02
8.0900000000e-02 3.2660912861e+02
8.1000000000e-02 3.2664081886e+02
8.1900000000e-02 3.2694156380e+02
8.2000000000e-02 3.2697325348e+02
8.2900000000e-02 3.2727398937e+02
8.3000000000e-02 3.2730567829e+02
8.3900000000e-02 3.2760640061e+02
8.4000000000e-02 3.2763808810e+02
8.4900000000e-02 3.2793879413e+02
8.5000000000e-02 3.2797047972e+02
8.5900000000e-02 3.2827116223e+02
8.6000000000e-02 3.2830284553e+02
8.6900000000e-02 3.2860349999e+02
8.7000000000e-02 3.2863518034e+02
8.7900000000e-02 3.2893580133e+02
8.8000000000e-02 3.2896747824e+02
8.8900000000e-02 3.2926806033e+02
8.9000000000e-02 3.2929973296e+02
8.9900000000e-02 3.2960026801e+02
9.0000000000e-02 3.2963193576e+02
9.0900000000e-02 3.2993241744e+02
9.1000000000e-02 3.2996407957e+02
9.1900000000e-02 3.3026450064e+02
9.2000000000e-02 3.3029615648e+02
9.2900000000e-02 3.3059650879e+02
9.3000000000e-02 3.3062815738e+02
9.3900000000e-02 3.3092843551e+02
9.4000000000e-02 3.3096007619e+02
9.4900000000e-02 3.3126027109e+02
9.5000000000e-02 3.3129190310e+02
9.5900000000e-02 3.3159201114e+02
9.6000000000e-02 3.3162363400e+02
9.6900000000e-02 3.3192365429e+02
9.7000000000e-02 3.3195526781e+02
9.7900000000e-02 3.3225520487e+02
9.8000000000e-02 3.3228680972e+02
9.8900000000e-02 3.3258668074e+02
9.9000000000e-02 3.3261827862e+02
9.9900000000e-02 3.3291811074e+02
1.0000000000e-01 3.3294970453e+02
1.0090000000e-01 3.3324954931e+02
1.0100000000e-01 3.3328114443e+02
1.0190000000e-01 3.3358102631e+02
1.0200000000e-01 3.3361262543e+02
1.0290000000e-01 3.3391255616e+02
1.0300000000e-01 3.3394416024e+02
1.0390000000e-01 3.3424414253e+02
1.0400000000e-01 3.3427575224e+02
1.0490000000e-01 3.3457578972e+02
1.0500000000e-01 3.3460740514e+02
1.0590000000e-01 3.3490749690e+02
1.0600000000e-01 3.3493911805e+02
1.0690000000e-01 3.3523926228e+02
1.0700000000e-01 3.3527088905e+02
1.0790000000e-01 3.3557108394e+02
1.0800000000e-01 3.3560271595e+02
1.0890000000e-01 3.3590295699e+02
1.0900000000e-01 3.3593459386e+02
1.0990000000e-01 3.3623487831e+02
1.1000000000e-01 3.3626651986e+02
1.1090000000e-01 3.3656684412e+02
1.1100000000e-01 3.3659848976e+02
1.1190000000e-01 3.3689884840e+02
1.1200000000e-01 3.3693049776e+02
1.1290000000e-01 3.3723088716e+02
1.1300000000e-01 3.3726253967e+02
1.1390000000e-01 3.3756295259e+02
1.1400000000e-01 3.3759460767e+02
1.1490000000e-01 3.3789504139e+02
1.1500000000e-01 3.3792669857e+02
1.1590000000e-01 3.3822714496e+02
1.1600000000e-01 3.3825880357e+02
1.1690000000e-01 3.3855925720e+02
1.1700000000e-01 3.3859091657e+02
1.1790000000e-01 3.3889137201e+02
1.1800000000e-01 3.3892303148e+02
1.1890000000e-01 3.3922348058e+02
1.1900000000e-01 3.3925513948e+02
1.1990000000e-01 3.3955557682e+02
1.2000000000e-01 3.3958723438e+02
1.2090000000e-01 3.3988765092e+02
1.2100000000e-01 3.3991930648e+02
1.2190000000e-01 3.4021969587e+02
1.2200000000e-01 3.4025134838e+02
1.2290000000e-01 3.4055170250e+02
1.2300000000e-01 3.4058335138e+02
1.2390000000e-01 3.4088366117e+02
1.2400000000e-01 3.4091530538e+02
1.2490000000e-01 3.4121556360e+02
1.2500000000e-01 3.4124720238e+02
1.2590000000e-01 3.4154739908e+02
1.2600000000e-01 3.4157903129e+02
1.2690000000e-01 3.4187915742e+02
1.2700000000e-01 3.4191078229e+02
1.2790000000e-01 3.4221082881e+02
1.2800000000e-01 3.4224244529e+02
1.2890000000e-01 3.4254240135e+02
1.2900000000e-01 3.4257400829e+02
1.2990000000e-01 3.4287386483e+02
1.3000000000e-01 3.4290546129e+02
1.3090000000e-01 3.4320520746e+02
1.3100000000e-01 3.4323679229e+02
1.3190000000e-01 3.4353641724e+02
1.3200000000e-01 3.4356798919e+02
1.3290000000e-01 3.4386748115e+02
1.3300000000e-01 3.4389903919e+02
1.3390000000e-01 3.4419838731e+02
1.3400000000e-01 3.4422993019e+02
1.3490000000e-01 3.4452912271e+02
1.3500000000e-01 3.4456064919e+02
1.3590000000e-01 3.4485967434e+02
1.3600000000e-01 3.4489118319e+02
1.3690000000e-01 3.4519002831e+02
1.3700000000e-01 3.4522151810e+02
1.3790000000e-01 3.4552016962e+02
1.3800000000e-01 3.4555163910e+02
1.3890000000e-01 3.4585008435e+02
1.3900000000e-01 3.4588153219e+02
1.3990000000e-01 3.4617975942e+02
1.4000000000e-01 3.4621118410e+02
1.4090000000e-01 3.4650917701e+02
1.4100000000e-01 3.4654057719e+02
1.4190000000e-01 3.4683832404e+02
1.4200000000e-01 3.4686969810e+02
1.4290000000e-01 3.4716718349e+02
1.4300000000e-01 3.4719853010e+02
1.4390000000e-01 3.4749573957e+02
1.4400000000e-01 3.4752705710e+02
1.4490000000e-01 3.4782397526e+02
1.4500000000e-01 3.4785526210e+02
1.4590000000e-01 3.4815187539e+02
1.4600000000e-01 3.4818313010e+02
1.4690000000e-01 3.4847942133e+02
1.4700000000e-01 3.4851064210e+02
1.4790000000e-01 3.4880659679e+02
1.4800000000e-01 3.4883778210e+02
1.4890000000e-01 3.4913338306e+02
1.4900000000e-01 3.4916453110e+02
1.4990000000e-01 3.4945976295e+02
1.5000000000e-01 3.4949087210e+02
1.5090000000e-01 3.4978571766e+02
1.5100000000e-01 3.4981678610e+02
1.5190000000e-01 3.5011122908e+02
1.5200000000e-01 3.5014225510e+02
1.5290000000e-01 3.5043627741e+02
1.5300000000e-01 3.5046725900e+02
1.5390000000e-01 3.5076084345e+02
1.5400000000e-01 3.5079177900e+02
1.5490000000e-01 3.5108490840e+02
1.5500000000e-01 3.5111579600e+02
1.5590000000e-01 3.5140845135e+02
1.5600000000e-01 3.5143928900e+02
1.5690000000e-01 3.5173145221e+02
1.5700000000e-01 3.5176223810e+02
1.5790000000e-01 3.5205389197e+02
1.5800000000e-01 3.5208462410e+02
1.5890000000e-01 3.5237574874e+02
1.5900000000e-01 3.5240642500e+02
1.5990000000e-01 3.5269700141e+02
1.6000000000e-01 3.5272762000e+02
1.6090000000e-01 3.5301762918e+02
1.6100000000e-01 3.5304818800e+02
1.6190000000e-01 3.5333761005e+02
1.6200000000e-01 3.5336810700e+02
1.6290000000e-01 3.5365692201e+02
1.6300000000e-01 3.5368735510e+02
1.6390000000e-01 3.5397554407e+02
1.6400000000e-01 3.5400591100e+02
1.6490000000e-01 3.5429345314e+02
1.6500000000e-01 3.5432375200e+02
1.6590000000e-01 3.5461062649e+02
1.6600000000e-01 3.5464085500e+02
1.6690000000e-01 3.5492704103e+02
1.6700000000e-01 3.5495719700e+02
1.6790000000e-01 3.5524267467e+02
1.6800000000e-01 3.5527275600e+02
1.6890000000e-01 3.5555750270e+02
1.6900000000e-01 3.5558750700e+02
1.6990000000e-01 3.5587150282e+02
1.7000000000e-01 3.5590142800e+02
1.7090000000e-01 3.5618465123e+02
1.7100000000e-01 3.5621449500e+02
1.7190000000e-01 3.5649692302e+02
1.7200000000e-01 3.5652668300e+02
1.7290000000e-01 3.5680829410e+02
1.7300000000e-01 3.5683796800e+02
1.7390000000e-01 3.5711874138e+02
1.7400000000e-01 3.5714832700e+02
1.7490000000e-01 3.5742823822e+02
1.7500000000e-01 3.5745773300e+02
1.7590000000e-01 3.5773676217e+02
1.7600000000e-01 3.5776616400e+02
1.7690000000e-01 3.5804428578e+02
1.7700000000e-01 3.5807359200e+02
1.7790000000e-01 3.5835078559e+02
1.7800000000e-01 3.5837999400e+02
1.7890000000e-01 3.5865623587e+02
1.7900000000e-01 3.5868534400e+02
1.7990000000e-01 3.5896061063e+02
1.8000000000e-01 3.5898961610e+02
1.8090000000e-01 3.5926388578e+02
1.8100000000e-01 3.5929278600e+02
1.8190000000e-01 3.5956603340e+02
1.8200000000e-01 3.5959482600e+02
1.8290000000e-01 3.5986702850e+02
1.8300000000e-01 3.5989571100e+02
1.8390000000e-01 3.6016684509e+02
1.8400000000e-01 3.6019541500e+02
1.8490000000e-01 3.6046545624e+02
1.8500000000e-01 3.6049391100e+02
1.8590000000e-01 3.6076283678e+02
1.8600000000e-01 3.6079117400e+02
1.8690000000e-01 3.6105895989e+02
1.8700000000e-01 3.6108717700e+02
1.8790000000e-01 3.6135379948e+02
1.8800000000e-01 3.6138189400e+02
1.8890000000e-01 3.6164732774e+02
1.8900000000e-01 3.6167529700e+02
1.8990000000e-01 3.6193951848e+02
1.9000000000e-01 3.6196736000e+02
1.9090000000e-01 3.6223034479e+02
1.9100000000e-01 3.6225805600e+02
1.9190000000e-01 3.6251978058e+02
1.9200000000e-01 3.6254735900e+02
1.9290000000e-01 3.6280779804e+02
1.9300000000e-01 3.6283524100e+02
1.9390000000e-01 3.6309437098e+02
1.9400000000e-01 3.6312167600e+02
1.9490000000e-01 3.6337947249e+02
1.9500000000e-01 3.6340663700e+02
1.9590000000e-01 3.6366307467e+02
1.9600000000e-01 3.6369009600e+02
1.9690000000e-01 3.6394515133e+02
1.9700000000e-01 3.6397202700e+02
1.9790000000e-01 3.6422567557e+02
1.9800000000e-01 3.6425240310e+02
1.9890000000e-01 3.6450462047e+02
1.9900000000e-01 3.6453119700e+02
1.9990000000e-01 3.6478195876e+02
2.0000000000e-01 3.6480838200e+02
2.0090000000e-01 3.6505766462e+02
2.0100000000e-01 3.6508393200e+02
2.0190000000e-01 3.6533170924e+02
2.0200000000e-01 3.6535781800e+02
2.0290000000e-01 3.6560406725e+02
2.0300000000e-01 3.6563001500e+02
2.0390000000e-01 3.6587471183e+02
2.0400000000e-01 3.6590049600e+02
2.0490000000e-01 3.6614361599e+02
2.0500000000e-01 3.6616923400e+02
2.0590000000e-01 3.6641075452e+02
2.0600000000e-01 3.6643620400e+02
2.0690000000e-01 3.6667609973e+02
2.0700000000e-01 3.6670137800e+02
2.0790000000e-01 3.6693962632e+02
2.0800000000e-01 3.6696473100e+02
2.0890000000e-01 3.6720130749e+02
2.0900000000e-01 3.6722623600e+02
2.0990000000e-01 3.6746111803e+02
2.1000000000e-01 3.6748586800e+02
2.1090000000e-01 3.6771903206e+02
2.1100000000e-01 3.6774360100e+02
2.1190000000e-01 3.6797502356e+02
2.1200000000e-01 3.6799940900e+02
2.1290000000e-01 3.6822906926e+02
2.1300000000e-01 3.6825326900e+02
2.1390000000e-01 3.6848114163e+02
2.1400000000e-01 3.6850515300e+02
2.1490000000e-01 3.6873121809e+02
2.1500000000e-01 3.6875503900e+02
2.1590000000e-01 3.6897927303e+02
2.1600000000e-01 3.6900290100e+02
2.1690000000e-01 3.6922528226e+02
2.1700000000e-01 3.6924871500e+02
2.1790000000e-01 3.6946922269e+02
2.1800000000e-01 3.6949245800e+02
2.1890000000e-01 3.6971107040e+02
2.1900000000e-01 3.6973410600e+02
2.1990000000e-01 3.6995080230e+02
2.2000000000e-01 3.6997363600e+02
2.2090000000e-01 3.7018839630e+02
2.2100000000e-01 3.7021102600e+02
2.2190000000e-01 3.7042382859e+02
2.2200000000e-01 3.7044625200e+02
2.2290000000e-01 3.7065707878e+02
2.2300000000e-01 3.7067929400e+02
2.2390000000e-01 3.7088812417e+02
2.2400000000e-01 3.7091012900e+02
2.2490000000e-01 3.7111694537e+02
2.2500000000e-01 3.7113873800e+02
2.2590000000e-01 3.7134351976e+02
2.2600000000e-01 3.7136509800e+02
2.2690000000e-01 3.7156782886e+02
2.2700000000e-01 3.7158919100e+02
2.2790000000e-01 3.7178985288e+02
2.2800000000e-01 3.7181099700e+02
2.2890000000e-01 3.7200957270e+02
2.2900000000e-01 3.7203049700e+02
2.2990000000e-01 3.7222697024e+02
2.3000000000e-01 3.7224767300e+02
2.3090000000e-01 3.7244202750e+02
2.3100000000e-01 3.7246250700e+02
2.3190000000e-01 3.7265472737e+02
2.3200000000e-01 3.7267498200e+02
2.3290000000e-01 3.7286505378e+02
2.3300000000e-01 3.7288508200e+02
2.3390000000e-01 3.7307299070e+02
2.3400000000e-01 3.7309279100e+02
2.3490000000e-01 3.7327852396e+02
2.3500000000e-01 3.7329809500e+02
2.3590000000e-01 3.7348163775e+02
2.3600000000e-01 3.7350097800e+02
2.3690000000e-01 3.7368231968e+02
2.3700000000e-01 3.7370142800e+02
2.3790000000e-01 3.7388055685e+02
2.3800000000e-01 3.7389943200e+02
2.3890000000e-01 3.7407633807e+02
2.3900000000e-01 3.7409497900e+02
2.3990000000e-01 3.7426965053e+02
2.4000000000e-01 3.7428805600e+02
2.4090000000e-01 3.7446048575e+02
2.4100000000e-01 3.7447865500e+02
2.4190000000e-01 3.7464883302e+02
2.4200000000e-01 3.7466676500e+02
2.4290000000e-01 3.7483468586e+02
2.4300000000e-01 3.7485238000e+02
2.4390000000e-01 3.7501803465e+02
2.4400000000e-01 3.7503549000e+02
2.4490000000e-01 3.7519887483e+02
2.4500000000e-01 3.7521609100e+02
2.4590000000e-01 3.7537720058e+02
2.4600000000e-01 3.7539417700e+02
2.4690000000e-01 3.7555300771e+02
2.4700000000e-01 3.7556974400e+02
2.4790000000e-01 3.7572629222e+02
2.4800000000e-01 3.7574278800e+02
2.4890000000e-01 3.7589705282e+02
2.4900000000e-01 3.7591330800e+02
2.4990000000e-01 3.7606528762e+02
2.5000000000e-01 3.7608130200e+02
2.5010000000e-01 3.7609707568e+02
2.5100000000e-01 3.7624677100e+02
2.5110000000e-01 3.7626230407e+02
2.5200000000e-01 3.7640971600e+02
2.5210000000e-01 3.7642500876e+02
2.5300000000e-01 3.7657014000e+02
2.5310000000e-01 3.7658519272e+02
2.5400000000e-01 3.7672804600e+02
2.5410000000e-01 3.7674285916e+02
2.5500000000e-01 3.7688343900e+02
2.5510000000e-01 3.7689801337e+02
2.5600000000e-01 3.7703632700e+02
2.5610000000e-01 3.7705066305e+02
2.5700000000e-01 3.7718671500e+02
2.5710000000e-01 3.7720081369e+02
2.5800000000e-01 3.7733461300e+02
2.5810000000e-01 3.7734847528e+02
2.5900000000e-01 3.7748003100e+02
2.5910000000e-01 3.7749365801e+02
2.6000000000e-01 3.7762298100e+02
2.6010000000e-01 3.7763637379e+02
2.6100000000e-01 3.7776347400e+02
2.6110000000e-01 3.7777663400e+02
2.6200000000e-01 3.7790152500e+02
2.6210000000e-01 3.7791445355e+02
2.6300000000e-01 3.7803714800e+02
2.6310000000e-01 3.7804984681e+02
2.6400000000e-01 3.7817036100e+02
2.6410000000e-01 3.7818283160e+02
2.6500000000e-01 3.7830118000e+02
2.6510000000e-01 3.7831342429e+02
2.6600000000e-01 3.7842962500e+02
2.6610000000e-01 3.7844164479e+02
2.6700000000e-01 3.7855571590e+02
2.6710000000e-01 3.7856751340e+02
2.6800000000e-01 3.7867947300e+02
2.6810000000e-01 3.7869105000e+02
2.6900000000e-01 3.7880091800e+02
2.6910000000e-01 3.7881227699e+02
2.7000000000e-01 3.7892007600e+02
2.7010000000e-01 3.7893121917e+02
2.7100000000e-01 3.7903697000e+02
2.7110000000e-01 3.7904789973e+02
2.7200000000e-01 3.7915162500e+02
2.7210000000e-01 3.7916234358e+02
2.7300000000e-01 3.7926406500e+02
2.7310000000e-01 3.7927457510e+02
2.7400000000e-01 3.7937431800e+02
2.7410000000e-01 3.7938462210e+02
2.7500000000e-01 3.7948241000e+02
2.7510000000e-01 3.7949251057e+02
2.7600000000e-01 3.7958836700e+02
2.7610000000e-01 3.7959826653e+02
2.7700000000e-01 3.7969221500e+02
2.7710000000e-01 3.7970191606e+02
2.7800000000e-01 3.7979398100e+02
2.7810000000e-01 3.7980348587e+02
2.7900000000e-01 3.7989368900e+02
2.7910000000e-01 3.7990300007e+02
2.8000000000e-01 3.7999136400e+02
2.8010000000e-01 3.8000048337e+02
2.8100000000e-01 3.8008702800e+02
2.8110000000e-01 3.8009595748e+02
2.8200000000e-01 3.8018070000e+02
2.8210000000e-01 3.8018944140e+02
2.8300000000e-01 3.8027239900e+02
2.8310000000e-01 3.8028095346e+02
2.8400000000e-01 3.8036213700e+02
2.8410000000e-01 3.8037050529e+02
2.8500000000e-01 3.8044992200e+02
2.8510000000e-01 3.8045810450e+02
2.8600000000e-01 3.8053575800e+02
2.8610000000e-01 3.8054375404e+02
2.8700000000e-01 3.8061963800e+02
2.8710000000e-01 3.8062744624e+02
2.8800000000e-01 3.8070154800e+02
2.8810000000e-01 3.8070916587e+02
2.8900000000e-01 3.8078146100e+02
2.8910000000e-01 3.8078888450e+02
2.9000000000e-01 3.8085933500e+02
2.9010000000e-01 3.8086655860e+02
2.9100000000e-01 3.8093511200e+02
2.9110000000e-01 3.8094212750e+02
2.9200000000e-01 3.8100870600e+02
2.9210000000e-01 3.8101550292e+02
2.9300000000e-01 3.8108000700e+02
2.9310000000e-01 3.8108657094e+02
2.9400000000e-01 3.8114886400e+02
2.9410000000e-01 3.8115517627e+02
2.9500000000e-01 3.8121508100e+02
2.9510000000e-01 3.8122111683e+02
2.9600000000e-01 3.8127839800e+02
2.9610000000e-01 3.8128412506e+02
2.9700000000e-01 3.8133847600e+02
2.9710000000e-01 3.8134385216e+02
2.9800000000e-01 3.8139487300e+02
2.9810000000e-01 3.8139984212e+02
2.9900000000e-01 3.8144700000e+02
2.9910000000e-01 3.8145148810e+02
3.0000000000e-01 3.8149408100e+02
3.0010000000e-01 3.8149799056e+02
3.0100000000e-01 3.8153509300e+02
3.0110000000e-01 3.8153833689e+02
3.0200000000e-01 3.8156912200e+02
3.0210000000e-01 3.8157160975e+02
3.0300000000e-01 3.8159521900e+02
3.0310000000e-01 3.8159686091e+02
3.0400000000e-01 3.8161244300e+02
3.0410000000e-01 3.8161315281e+02
3.0500000000e-01 3.8161988900e+02
3.0510000000e-01 3.8161958767e+02
3.0600000000e-01 3.8161672800e+02
3.0610000000e-01 3.8161534566e+02
3.0700000000e-01 3.8160222700e+02
3.0710000000e-01 3.8159970484e+02
3.0800000000e-01 3.8157576900e+02
3.0810000000e-01 3.8157206001e+02
3.0900000000e-01 3.8153686100e+02
3.0910000000e-01 3.8153193001e+02
3.1000000000e-01 3.8148513400e+02
3.1010000000e-01 3.8147895709e+02
3.1100000000e-01 3.8142033700e+02
3.1110000000e-01 3.8141290034e+02
3.1200000000e-01 3.8134232500e+02
3.1210000000e-01 3.8133362402e+02
3.1300000000e-01 3.8125105000e+02
3.1310000000e-01 3.8124108765e+02
3.1400000000e-01 3.8114654300e+02
3.1410000000e-01 3.8113532891e+02
3.1500000000e-01 3.8102890500e+02
3.1510000000e-01 3.8101645385e+02
3.1600000000e-01 3.8089829000e+02
3.1610000000e-01 3.8088462076e+02
3.1700000000e-01 3.8075489700e+02
3.1710000000e-01 3.8074003198e+02
3.1800000000e-01 3.8059896000e+02
3.1810000000e-01 3.8058292388e+02
3.1900000000e-01 3.8043073800e+02
3.1910000000e-01 3.8041355739e+02
3.2000000000e-01 3.8025051000e+02
3.2010000000e-01 3.8023221282e+02
3.2100000000e-01 3.8005856900e+02
3.2110000000e-01 3.8003918385e+02
3.2200000000e-01 3.7985521500e+02
3.2210000000e-01 3.7983477134e+02
3.2300000000e-01 3.7964075610e+02
3.2310000000e-01 3.7961928338e+02
3.2400000000e-01 3.7941550400e+02
3.2410000000e-01 3.7939303197e+02
3.2500000000e-01 3.7917976800e+02
3.2510000000e-01 3.7915632611e+02
3.2600000000e-01 3.7893385800e+02
3.2610000000e-01 3.7890947571e+02
3.2700000000e-01 3.7867808300e+02
3.2710000000e-01 3.7865278919e+02
3.2800000000e-01 3.7841274600e+02
3.2810000000e-01 3.7838656937e+02
3.2900000000e-01 3.7813814800e+02
3.2910000000e-01 3.7811111667e+02
3.3000000000e-01 3.7785458400e+02
3.3010000000e-01 3.7782672580e+02
3.3100000000e-01 3.7756234510e+02
3.3110000000e-01 3.7753368710e+02
3.3200000000e-01 3.7726171710e+02
3.3210000000e-01 3.7723228600e+02
3.3300000000e-01 3.7695298000e+02
3.3310000000e-01 3.7692280201e+02
3.3400000000e-01 3.7663640610e+02
3.3410000000e-01 3.7660550667e+02
3.3500000000e-01 3.7631226600e+02
3.3510000000e-01 3.7628067031e+02
3.3600000000e-01 3.7598082100e+02
3.3610000000e-01 3.7594855344e+02
3.3700000000e-01 3.7564232800e+02
3.3710000000e-01 3.7560941250e+02
3.3800000000e-01 3.7529703800e+02
3.3810000000e-01 3.7526349792e+02
3.3900000000e-01 3.7494519600e+02
3.3910000000e-01 3.7491105412e+02
3.4000000000e-01 3.7458704100e+02
3.4010000000e-01 3.7455231963e+02
3.4100000000e-01 3.7422280700e+02
3.4110000000e-01 3.7418752787e+02
3.4200000000e-01 3.7385272110e+02
3.4210000000e-01 3.7381690527e+02
3.4300000000e-01 3.7347700610e+02
3.4310000000e-01 3.7344067417e+02
3.4400000000e-01 3.7309587800e+02
3.4410000000e-01 3.7305905028e+02
3.4500000000e-01 3.7270954710e+02
3.4510000000e-01 3.7267224293e+02
3.4600000000e-01 3.7231821910e+02
3.4610000000e-01 3.7228045765e+02
3.4700000000e-01 3.7192209410e+02
3.4710000000e-01 3.7188389386e+02
3.4800000000e-01 3.7152136610e+02
3.4810000000e-01 3.7148274499e+02
3.4900000000e-01 3.7111622310e+02
3.4910000000e-01 3.7107719885e+02
3.5000000000e-01 3.7070685110e+02
3.5010000000e-01 3.7066744049e+02
3.5100000000e-01 3.7029342610e+02
3.5110000000e-01 3.7025364571e+02
3.5200000000e-01 3.6987612210e+02
3.5210000000e-01 3.6983598805e+02
3.5300000000e-01 3.6945510810e+02
3.5310000000e-01 3.6941463583e+02
3.5400000000e-01 3.6903054519e+02
3.5410000000e-01 3.6898974977e+02
3.5500000000e-01 3.6860259319e+02
3.5510000000e-01 3.6856148919e+02
3.5600000000e-01 3.6817140510e+02
3.5610000000e-01 3.6813000673e+02
3.5700000000e-01 3.6773712810e+02
3.5710000000e-01 3.6769544908e+02
3.5800000000e-01 3.6729990619e+02
3.5810000000e-01 3.6725795960e+02
3.5900000000e-01 3.6685987819e+02
3.5910000000e-01 3.6681767688e+02
3.6000000000e-01 3.6641717819e+02
3.6010000000e-01 3.6637473456e+02
3.6100000000e-01 3.6597193619e+02
3.6110000000e-01 3.6592926206e+02
3.6200000000e-01 3.6552427619e+02
3.6210000000e-01 3.6548138319e+02
3.6300000000e-01 3.6507432019e+02
3.6310000000e-01 3.6503121938e+02
3.6400000000e-01 3.6462218419e+02
3.6410000000e-01 3.6457888624e+02
3.6500000000e-01 3.6416797929e+02
3.6510000000e-01 3.6412449449e+02
3.6600000000e-01 3.6371181529e+02
3.6610000000e-01 3.6366815357e+02
3.6700000000e-01 3.6325379529e+02
3.6710000000e-01 3.6320996608e+02
3.6800000000e-01 3.6279401829e+02
3.6810000000e-01 3.6275003093e+02
3.6900000000e-01 3.6233258229e+02
3.6910000000e-01 3.6228844546e+02
3.7000000000e-01 3.6186957829e+02
3.7010000000e-01 3.6182530056e+02
3.7100000000e-01 3.6140509538e+02
3.7110000000e-01 3.6136068468e+02
3.7200000000e-01 3.6093921748e+02
3.7210000000e-01 3.6089468161e+02
3.7300000000e-01 3.6047202748e+02
3.7310000000e-01 3.6042737388e+02
3.7400000000e-01 3.6000360338e+02
3.7410000000e-01 3.5995883930e+02
3.7500000000e-01 3.5953401848e+02
3.7510000000e-01 3.5948915058e+02
3.7600000000e-01 3.5906334548e+02
3.7610000000e-01 3.5901838035e+02
3.7700000000e-01 3.5859165157e+02
3.7710000000e-01 3.5854659531e+02
3.7800000000e-01 3.5811900257e+02
3.7810000000e-01 3.5807386119e+02
3.7900000000e-01 3.5764546057e+02
3.7910000000e-01 3.5760023968e+02
3.8000000000e-01 3.5717108457e+02
3.8010000000e-01 3.5712578961e+02
3.8100000000e-01 3.5669593067e+02
3.8110000000e-01 3.5665056679e+02
3.8200000000e-01 3.5622005376e+02
3.8210000000e-01 3.5617462563e+02
3.8300000000e-01 3.5574350376e+02
3.8310000000e-01 3.5569801624e+02
3.8400000000e-01 3.5526632986e+02
3.8410000000e-01 3.5522078714e+02
3.8500000000e-01 3.5478857786e+02
3.8510000000e-01 3.5474298433e+02
3.8600000000e-01 3.5431029195e+02
3.8610000000e-01 3.5426465134e+02
3.8700000000e-01 3.5383151295e+02
3.8710000000e-01 3.5378582916e+02
3.8800000000e-01 3.5335228005e+02
3.8810000000e-01 3.5330655650e+02
3.8900000000e-01 3.5287263014e+02
3.8910000000e-01 3.5282687018e+02
3.9000000000e-01 3.5239259914e+02
3.9010000000e-01 3.5234680601e+02
3.9100000000e-01 3.5191221924e+02
3.9110000000e-01 3.5186639588e+02
3.9200000000e-01 3.5143152233e+02
3.9210000000e-01 3.5138567152e+02
3.9300000000e-01 3.5095053743e+02
3.9310000000e-01 3.5090466183e+02
3.9400000000e-01 3.5046929253e+02
3.9410000000e-01 3.5042339453e+02
3.9500000000e-01 3.4998781262e+02
3.9510000000e-01 3.4994189479e+02
3.9600000000e-01 3.4950612381e+02
3.9610000000e-01 3.4946018806e+02
3.9700000000e-01 3.4902424881e+02
3.9710000000e-01 3.4897829743e+02
3.9800000000e-01 3.4854220891e+02
3.9810000000e-01 3.4849624370e+02
3.9900000000e-01 3.4806002400e+02
3.9910000000e-01 3.4801404688e+02
4.0000000000e-01 3.4757771319e+02
4.0010000000e-01 3.4753172578e+02
4.0100000000e-01 3.4709529529e+02
4.0110000000e-01 3.4704929920e+02
4.0200000000e-01 3.4661278548e+02
4.0210000000e-01 3.4656678224e+02
4.0300000000e-01 3.4613020067e+02
4.0310000000e-01 3.4608419161e+02
4.0400000000e-01 3.4564755576e+02
4.0410000000e-01 3.4560154233e+02
4.0500000000e-01 3.4516486305e+02
4.0510000000e-01 3.4511884627e+02
4.0600000000e-01 3.4468213624e+02
4.0610000000e-01 3.4463611727e+02
4.0700000000e-01 3.4419938734e+02
4.0710000000e-01 3.4415336741e+02
4.0800000000e-01 3.4371662662e+02
4.0810000000e-01 3.4367060661e+02
4.0900000000e-01 3.4323386581e+02
4.0910000000e-01 3.4318784665e+02
4.1000000000e-01 3.4275111400e+02
4.1010000000e-01 3.4270509666e+02
4.1100000000e-01 3.4226838029e+02
4.1110000000e-01 3.4222236542e+02
4.1200000000e-01 3.4178567258e+02
4.1210000000e-01 3.4173966104e+02
4.1300000000e-01 3.4130299986e+02
4.1310000000e-01 3.4125699224e+02
4.1400000000e-01 3.4082036905e+02
4.1410000000e-01 3.4077436619e+02
4.1500000000e-01 3.4033778643e+02
4.1510000000e-01 3.4029178882e+02
4.1600000000e-01 3.3985525881e+02
4.1610000000e-01 3.3980926701e+02
4.1700000000e-01 3.3937279310e+02
4.1710000000e-01 3.3932680769e+02
4.1800000000e-01 3.3889039348e+02
4.1810000000e-01 3.3884441503e+02
4.1900000000e-01 3.3840806596e+02
4.1910000000e-01 3.3836209475e+02
4.2000000000e-01 3.3792581534e+02
4.2010000000e-01 3.3787985195e+02
4.2100000000e-01 3.3744364672e+02
4.2110000000e-01 3.3739769153e+02
4.2200000000e-01 3.3696156320e+02
4.2210000000e-01 3.3691561658e+02
4.2300000000e-01 3.3647956877e+02
4.2310000000e-01 3.3643363112e+02
4.2400000000e-01 3.3599766834e+02
4.2410000000e-01 3.3595173993e+02
4.2500000000e-01 3.3551586491e+02
4.2510000000e-01 3.3546994604e+02
4.2600000000e-01 3.3503416149e+02
4.2610000000e-01 3.3498825253e+02
4.2700000000e-01 3.3455256206e+02
4.2710000000e-01 3.3450666320e+02
4.2800000000e-01 3.3407106773e+02
4.2810000000e-01 3.3402517936e+02
4.2900000000e-01 3.3358968249e+02
4.2910000000e-01 3.3354380470e+02
4.3000000000e-01 3.3310840916e+02
4.3010000000e-01 3.3306254233e+02
4.3100000000e-01 3.3262724901e+02
4.3110000000e-01 3.3258139324e+02
4.3200000000e-01 3.3214620578e+02
4.3210000000e-01 3.3210036126e+02
4.3300000000e-01 3.3166527963e+02
4.3310000000e-01 3.3161944674e+02
4.3400000000e-01 3.3118447459e+02
4.3410000000e-01 3.3113865333e+02
4.3500000000e-01 3.3070379154e+02
4.3510000000e-01 3.3065798210e+02
4.3600000000e-01 3.3022323249e+02
4.3610000000e-01 3.3017743516e+02
4.3700000000e-01 3.2974279954e+02
4.3710000000e-01 3.2969701441e+02
4.3800000000e-01 3.2926249369e+02
4.3810000000e-01 3.2921672085e+02
4.3900000000e-01 3.2878231683e+02
4.3910000000e-01 3.2873655658e+02
4.4000000000e-01 3.2830227016e+02
4.4010000000e-01 3.2825652250e+02
4.4100000000e-01 3.2782235640e+02
4.4110000000e-01 3.2777662151e+02
4.4200000000e-01 3.2734257574e+02
4.4210000000e-01 3.2729685381e+02
4.4300000000e-01 3.2686293017e+02
4.4310000000e-01 3.2681722130e+02
4.4400000000e-01 3.2638342069e+02
4.4410000000e-01 3.2633772498e+02
4.4500000000e-01 3.2590404922e+02
4.4510000000e-01 3.2585836676e+02
4.4600000000e-01 3.2542481584e+02
4.4610000000e-01 3.2537914682e+02
4.4700000000e-01 3.2494572256e+02
4.4710000000e-01 3.2490006707e+02
4.4800000000e-01 3.2446677127e+02
4.4810000000e-01 3.2442112942e+02
4.4900000000e-01 3.2398796118e+02
4.4910000000e-01 3.2394233315e+02
4.5000000000e-01 3.2350929608e+02
4.5010000000e-01 3.2346368187e+02
4.5100000000e-01 3.2303077509e+02
4.5110000000e-01 3.2298517489e+02
4.5200000000e-01 3.2255240018e+02
4.5210000000e-01 3.2250681410e+02
4.5300000000e-01 3.2207417328e+02
4.5310000000e-01 3.2202860140e+02
4.5400000000e-01 3.2159609447e+02
4.5410000000e-01 3.2155053689e+02
4.5500000000e-01 3.2111816476e+02
4.5510000000e-01 3.2107262167e+02
4.5600000000e-01 3.2064038614e+02
4.5610000000e-01 3.2059485754e+02
4.5700000000e-01 3.2016275953e+02
4.5710000000e-01 3.2011724570e+02
4.5800000000e-01 3.1968528610e+02
4.5810000000e-01 3.1963978695e+02
4.5900000000e-01 3.1920796758e+02
4.5910000000e-01 3.1916248330e+02
4.6000000000e-01 3.1873080415e+02
4.6010000000e-01 3.1868533484e+02
4.6100000000e-01 3.1825379773e+02
4.6110000000e-01 3.1820834357e+02
4.6200000000e-01 3.1777694940e+02
4.6210000000e-01 3.1773151049e+02
4.6300000000e-01 3.1730026107e+02
4.6310000000e-01 3.1725483751e+02
4.6400000000e-01 3.1682373283e+02
4.6410000000e-01 3.1677832472e+02
4.6500000000e-01 3.1634736750e+02
4.6510000000e-01 3.1630197493e+02
4.6600000000e-01 3.1587116517e+02
4.6610000000e-01 3.1582578832e+02
4.6700000000e-01 3.1539512784e+02
4.6710000000e-01 3.1534976682e+02
4.6800000000e-01 3.1491925741e+02
4.6810000000e-01 3.1487391231e+02
4.6900000000e-01 3.1444355399e+02
4.6910000000e-01 3.1439822490e+02
4.7000000000e-01 3.1396802037e+02
4.7010000000e-01 3.1392270758e+02
4.7100000000e-01 3.1349265685e+02
4.7110000000e-01 3.1344736027e+02
4.7200000000e-01 3.1301746604e+02
4.7210000000e-01 3.1297218586e+02
4.7300000000e-01 3.1254244814e+02
4.7310000000e-01 3.1249718454e+02
4.7400000000e-01 3.1206760695e+02
4.7410000000e-01 3.1202235994e+02
4.7500000000e-01 3.1159294157e+02
4.7510000000e-01 3.1154771134e+02
4.7600000000e-01 3.1111845400e+02
4.7610000000e-01 3.1107324073e+02
4.7700000000e-01 3.1064414714e+02
4.7710000000e-01 3.1059895085e+02
4.7800000000e-01 3.1017002100e+02
4.7810000000e-01 3.1012484186e+02
4.7900000000e-01 3.0969607848e+02
4.7910000000e-01 3.0965091650e+02
4.8000000000e-01 3.0922232048e+02
4.8010000000e-01 3.0917717585e+02
4.8100000000e-01 3.0874874810e+02
4.8110000000e-01 3.0870362101e+02
4.8200000000e-01 3.0827536243e+02
4.8210000000e-01 3.0823025288e+02
4.8300000000e-01 3.0780216709e+02
4.8310000000e-01 3.0775707518e+02
4.8400000000e-01 3.0732916128e+02
4.8410000000e-01 3.0728408720e+02
4.8500000000e-01 3.0685634699e+02
4.8510000000e-01 3.0681129073e+02
4.8600000000e-01 3.0638372604e+02
4.8610000000e-01 3.0633868780e+02
4.8700000000e-01 3.0591129951e+02
4.8710000000e-01 3.0586627929e+02
4.8800000000e-01 3.0543906741e+02
4.8810000000e-01 3.0539406549e+02
4.8900000000e-01 3.0496703274e+02
4.8910000000e-01 3.0492204893e+02
4.9000000000e-01 3.0449519531e+02
4.9010000000e-01 3.0445022999e+02
4.9100000000e-01 3.0402355640e+02
4.9110000000e-01 3.0397860957e+02
4.9200000000e-01 3.0355211692e+02
4.9210000000e-01 3.0350718859e+02
4.9300000000e-01 3.0308087777e+02
4.9310000000e-01 3.0303596821e+02
4.9400000000e-01 3.0260983924e+02
4.9410000000e-01 3.0256494856e+02
4.9500000000e-01 3.0213900323e+02
4.9510000000e-01 3.0209413152e+02
4.9600000000e-01 3.0166836984e+02
4.9610000000e-01 3.0162351720e+02
4.9700000000e-01 3.0119794007e+02
4.9710000000e-01 3.0115310687e+02
4.9800000000e-01 3.0072771520e+02
4.9810000000e-01 3.0068290136e+02
4.9900000000e-01 3.0025769696e+02
4.9900000000e-01 3.0025769696e+02
4.9910000000e-01 3.0023312697e+02
5.0000000000e-01 3.0000000000e+02
