0.001 0 1e+19
0.001 0.01 1e+19
0.001 0.02 1e+19
0.001 0.03 1e+19
0.001 0.04 1e+19
0.001 0.05 1e+19
0.001 0.06 1e+19
0.001 0.07 1e+19
0.001 0.08 1e+19
0.001 0.09 1e+19
0.001 0.1 1e+19
0.002 0 1e+19
0.002 0.01 1e+19
0.002 0.02 1e+19
0.002 0.03 1e+19
0.002 0.04 1e+19
0.002 0.05 1e+19
0.002 0.06 1e+19
0.002 0.07 1e+19
0.002 0.08 1e+19
0.002 0.09 1e+19
0.002 0.1 1e+19
0.003 0 1e+19
0.003 0.01 1e+19
0.003 0.02 1e+19
0.003 0.03 1e+19
0.003 0.04 1e+19
0.003 0.05 1e+19
0.003 0.06 1e+19
0.003 0.07 1e+19
0.003 0.08 1e+19
0.003 0.09 1e+19
0.003 0.1 1e+19
0.004 0 1e+19
0.004 0.01 1e+19
0.004 0.02 1e+19
0.004 0.03 1e+19
0.004 0.04 1e+19
0.004 0.05 1e+19
0.004 0.06 1e+19
0.004 0.07 1e+19
0.004 0.08 1e+19
0.004 0.09 1e+19
0.004 0.1 1e+19
0.005 0 1e+19
0.005 0.01 1e+19
0.005 0.02 1e+19
0.005 0.03 1e+19
0.005 0.04 1e+19
0.005 0.05 1e+19
0.005 0.06 1e+19
0.005 0.07 1e+19
0.005 0.08 1e+19
0.005 0.09 1e+19
0.005 0.1 1e+19
0.006 0 1e+19
0.006 0.01 1e+19
0.006 0.02 1e+19
0.006 0.03 1e+19
0.006 0.04 1e+19
0.006 0.05 1e+19
0.006 0.06 1e+19
0.006 0.07 1e+19
0.006 0.08 1e+19
0.006 0.09 1e+19
0.006 0.1 1e+19
0.007 0 1e+19
0.007 0.01 1e+19
0.007 0.02 1e+19
0.007 0.03 1e+19
0.007 0.04 1e+19
0.007 0.05 1e+19
0.007 0.06 1e+19
0.007 0.07 1e+19
0.007 0.08 1e+19
0.007 0.09 1e+19
0.007 0.1 1e+19
0.008 0 1e+19
0.008 0.01 1e+19
0.008 0.02 1e+19
0.008 0.03 1e+19
0.008 0.04 1e+19
0.008 0.05 1e+19
0.008 0.06 1e+19
0.008 0.07 1e+19
0.008 0.08 1e+19
0.008 0.09 1e+19
0.008 0.1 1e+19
0.009 0 1e+19
0.009 0.01 1e+19
0.009 0.02 1e+19
0.009 0.03 1e+19
0.009 0.04 1e+19
0.009 0.05 1e+19
0.009 0.06 1e+19
0.009 0.07 1e+19
0.009 0.08 1e+19
0.009 0.09 1e+19
0.009 0.1 1e+19
0.01 0 1e+19
0.01 0.01 1e+19
0.01 0.02 1e+19
0.01 0.03 1e+19
0.01 0.04 1e+19
0.01 0.05 1e+19
0.01 0.06 1e+19
0.01 0.07 1e+19
0.01 0.08 1e+19
0.01 0.09 1e+19
0.01 0.1 1e+19
0.011 0 1e+19
0.011 0.01 1e+19
0.011 0.02 1e+19
0.011 0.03 1e+19
0.011 0.04 1e+19
0.011 0.05 1e+19
0.011 0.06 1e+19
0.011 0.07 1e+19
0.011 0.08 1e+19
0.011 0.09 1e+19
0.011 0.1 1e+19
0.012 0 1e+19
0.012 0.01 1e+19
0.012 0.02 1e+19
0.012 0.03 1e+19
0.012 0.04 1e+19
0.012 0.05 1e+19
0.012 0.06 1e+19
0.012 0.07 1e+19
0.012 0.08 1e+19
0.012 0.09 1e+19
0.012 0.1 1e+19
0.013 0 1e+19
0.013 0.01 1e+19
0.013 0.02 1e+19
0.013 0.03 1e+19
0.013 0.04 1e+19
0.013 0.05 1e+19
0.013 0.06 1e+19
0.013 0.07 1e+19
0.013 0.08 1e+19
0.013 0.09 1e+19
0.013 0.1 1e+19
0.014 0 1e+19
0.014 0.01 1e+19
0.014 0.02 1e+19
0.014 0.03 1e+19
0.014 0.04 1e+19
0.014 0.05 1e+19
0.014 0.06 1e+19
0.014 0.07 1e+19
0.014 0.08 1e+19
0.014 0.09 1e+19
0.014 0.1 1e+19
0.015 0 1e+19
0.015 0.01 1e+19
0.015 0.02 1e+19
0.015 0.03 1e+19
0.015 0.04 1e+19
0.015 0.05 1e+19
0.015 0.06 1e+19
0.015 0.07 1e+19
0.015 0.08 1e+19
0.015 0.09 1e+19
0.015 0.1 1e+19
0.016 0 1e+19
0.016 0.01 1e+19
0.016 0.02 1e+19
0.016 0.03 1e+19
0.016 0.04 1e+19
0.016 0.05 1e+19
0.016 0.06 1e+19
0.016 0.07 1e+19
0.016 0.08 1e+19
0.016 0.09 1e+19
0.016 0.1 1e+19
0.017 0 1e+19
0.017 0.01 1e+19
0.017 0.02 1e+19
0.017 0.03 1e+19
0.017 0.04 1e+19
0.017 0.05 1e+19
0.017 0.06 1e+19
0.017 0.07 1e+19
0.017 0.08 1e+19
0.017 0.09 1e+19
0.017 0.1 1e+19
0.018 0 1e+19
0.018 0.01 1e+19
0.018 0.02 1e+19
0.018 0.03 1e+19
0.018 0.04 1e+19
0.018 0.05 1e+19
0.018 0.06 1e+19
0.018 0.07 1e+19
0.018 0.08 1e+19
0.018 0.09 1e+19
0.018 0.1 1e+19
0.019 0 1e+19
0.019 0.01 1e+19
0.019 0.02 1e+19
0.019 0.03 1e+19
0.019 0.04 1e+19
0.019 0.05 1e+19
0.019 0.06 1e+19
0.019 0.07 1e+19
0.019 0.08 1e+19
0.019 0.09 1e+19
0.019 0.1 1e+19
0.02 0 1e+19
0.02 0.01 1e+19
0.02 0.02 1e+19
0.02 0.03 1e+19
0.02 0.04 1e+19
0.02 0.05 1e+19
0.02 0.06 1e+19
0.02 0.07 1e+19
0.02 0.08 1e+19
0.02 0.09 1e+19
0.02 0.1 1e+19
0.021 0 1e+19
0.021 0.01 1e+19
0.021 0.02 1e+19
0.021 0.03 1e+19
0.021 0.04 1e+19
0.021 0.05 1e+19
0.021 0.06 1e+19
0.021 0.07 1e+19
0.021 0.08 1e+19
0.021 0.09 1e+19
0.021 0.1 1e+19
0.022 0 1e+19
0.022 0.01 1e+19
0.022 0.02 1e+19
0.022 0.03 1e+19
0.022 0.04 1e+19
0.022 0.05 1e+19
0.022 0.06 1e+19
0.022 0.07 1e+19
0.022 0.08 1e+19
0.022 0.09 1e+19
0.022 0.1 1e+19
0.023 0 1e+19
0.023 0.01 1e+19
0.023 0.02 1e+19
0.023 0.03 1e+19
0.023 0.04 1e+19
0.023 0.05 1e+19
0.023 0.06 1e+19
0.023 0.07 1e+19
0.023 0.08 1e+19
0.023 0.09 1e+19
0.023 0.1 1e+19
0.024 0 1e+19
0.024 0.01 1e+19
0.024 0.02 1e+19
0.024 0.03 1e+19
0.024 0.04 1e+19
0.024 0.05 1e+19
0.024 0.06 1e+19
0.024 0.07 1e+19
0.024 0.08 1e+19
0.024 0.09 1e+19
0.024 0.1 1e+19
0.025 0 1e+19
0.025 0.01 1e+19
0.025 0.02 1e+19
0.025 0.03 1e+19
0.025 0.04 1e+19
0.025 0.05 1e+19
0.025 0.06 1e+19
0.025 0.07 1e+19
0.025 0.08 1e+19
0.025 0.09 1e+19
0.025 0.1 1e+19
0.026 0 1e+19
0.026 0.01 1e+19
0.026 0.02 1e+19
0.026 0.03 1e+19
0.026 0.04 1e+19
0.026 0.05 1e+19
0.026 0.06 1e+19
0.026 0.07 1e+19
0.026 0.08 1e+19
0.026 0.09 1e+19
0.026 0.1 1e+19
0.027 0 1e+19
0.027 0.01 1e+19
0.027 0.02 1e+19
0.027 0.03 1e+19
0.027 0.04 1e+19
0.027 0.05 1e+19
0.027 0.06 1e+19
0.027 0.07 1e+19
0.027 0.08 1e+19
0.027 0.09 1e+19
0.027 0.1 1e+19
0.028 0 1e+19
0.028 0.01 1e+19
0.028 0.02 1e+19
0.028 0.03 1e+19
0.028 0.04 1e+19
0.028 0.05 1e+19
0.028 0.06 1e+19
0.028 0.07 1e+19
0.028 0.08 1e+19
0.028 0.09 1e+19
0.028 0.1 1e+19
0.029 0 1e+19
0.029 0.01 1e+19
0.029 0.02 1e+19
0.029 0.03 1e+19
0.029 0.04 1e+19
0.029 0.05 1e+19
0.029 0.06 1e+19
0.029 0.07 1e+19
0.029 0.08 1e+19
0.029 0.09 1e+19
0.029 0.1 1e+19
0.03 0 1e+19
0.03 0.01 1e+19
0.03 0.02 1e+19
0.03 0.03 1e+19
0.03 0.04 1e+19
0.03 0.05 1e+19
0.03 0.06 1e+19
0.03 0.07 1e+19
0.03 0.08 1e+19
0.03 0.09 1e+19
0.03 0.1 1e+19
0.031 0 1e+19
0.031 0.01 1e+19
0.031 0.02 1e+19
0.031 0.03 1e+19
0.031 0.04 1e+19
0.031 0.05 1e+19
0.031 0.06 1e+19
0.031 0.07 1e+19
0.031 0.08 1e+19
0.031 0.09 1e+19
0.031 0.1 1e+19
0.032 0 1e+19
0.032 0.01 1e+19
0.032 0.02 1e+19
0.032 0.03 1e+19
0.032 0.04 1e+19
0.032 0.05 1e+19
0.032 0.06 1e+19
0.032 0.07 1e+19
0.032 0.08 1e+19
0.032 0.09 1e+19
0.032 0.1 1e+19
0.033 0 1e+19
0.033 0.01 1e+19
0.033 0.02 1e+19
0.033 0.03 1e+19
0.033 0.04 1e+19
0.033 0.05 1e+19
0.033 0.06 1e+19
0.033 0.07 1e+19
0.033 0.08 1e+19
0.033 0.09 1e+19
0.033 0.1 1e+19
0.034 0 1e+19
0.034 0.01 1e+19
0.034 0.02 1e+19
0.034 0.03 1e+19
0.034 0.04 1e+19
0.034 0.05 1e+19
0.034 0.06 1e+19
0.034 0.07 1e+19
0.034 0.08 1e+19
0.034 0.09 1e+19
0.034 0.1 1e+19
0.035 0 1e+19
0.035 0.01 1e+19
0.035 0.02 1e+19
0.035 0.03 1e+19
0.035 0.04 1e+19
0.035 0.05 1e+19
0.035 0.06 1e+19
0.035 0.07 1e+19
0.035 0.08 1e+19
0.035 0.09 1e+19
0.035 0.1 1e+19
0.036 0 1e+19
0.036 0.01 1e+19
0.036 0.02 1e+19
0.036 0.03 1e+19
0.036 0.04 1e+19
0.036 0.05 1e+19
0.036 0.06 1e+19
0.036 0.07 1e+19
0.036 0.08 1e+19
0.036 0.09 1e+19
0.036 0.1 1e+19
0.037 0 1e+19
0.037 0.01 1e+19
0.037 0.02 1e+19
0.037 0.03 1e+19
0.037 0.04 1e+19
0.037 0.05 1e+19
0.037 0.06 1e+19
0.037 0.07 1e+19
0.037 0.08 1e+19
0.037 0.09 1e+19
0.037 0.1 1e+19
0.038 0 1e+19
0.038 0.01 1e+19
0.038 0.02 1e+19
0.038 0.03 1e+19
0.038 0.04 1e+19
0.038 0.05 1e+19
0.038 0.06 1e+19
0.038 0.07 1e+19
0.038 0.08 1e+19
0.038 0.09 1e+19
0.038 0.1 1e+19
0.039 0 1e+19
0.039 0.01 1e+19
0.039 0.02 1e+19
0.039 0.03 1e+19
0.039 0.04 1e+19
0.039 0.05 1e+19
0.039 0.06 1e+19
0.039 0.07 1e+19
0.039 0.08 1e+19
0.039 0.09 1e+19
0.039 0.1 1e+19
0.04 0 1e+19
0.04 0.01 1e+19
0.04 0.02 1e+19
0.04 0.03 1e+19
0.04 0.04 1e+19
0.04 0.05 1e+19
0.04 0.06 1e+19
0.04 0.07 1e+19
0.04 0.08 1e+19
0.04 0.09 1e+19
0.04 0.1 1e+19
0.041 0 1e+19
0.041 0.01 1e+19
0.041 0.02 1e+19
0.041 0.03 1e+19
0.041 0.04 1e+19
0.041 0.05 1e+19
0.041 0.06 1e+19
0.041 0.07 1e+19
0.041 0.08 1e+19
0.041 0.09 1e+19
0.041 0.1 1e+19
0.042 0 1e+19
0.042 0.01 1e+19
0.042 0.02 1e+19
0.042 0.03 1e+19
0.042 0.04 1e+19
0.042 0.05 1e+19
0.042 0.06 1e+19
0.042 0.07 1e+19
0.042 0.08 1e+19
0.042 0.09 1e+19
0.042 0.1 1e+19
0.043 0 1e+19
0.043 0.01 1e+19
0.043 0.02 1e+19
0.043 0.03 1e+19
0.043 0.04 1e+19
0.043 0.05 1e+19
0.043 0.06 1e+19
0.043 0.07 1e+19
0.043 0.08 1e+19
0.043 0.09 1e+19
0.043 0.1 1e+19
0.044 0 1e+19
0.044 0.01 1e+19
0.044 0.02 1e+19
0.044 0.03 1e+19
0.044 0.04 1e+19
0.044 0.05 1e+19
0.044 0.06 1e+19
0.044 0.07 1e+19
0.044 0.08 1e+19
0.044 0.09 1e+19
0.044 0.1 1e+19
0.045 0 1e+19
0.045 0.01 1e+19
0.045 0.02 1e+19
0.045 0.03 1e+19
0.045 0.04 1e+19
0.045 0.05 1e+19
0.045 0.06 1e+19
0.045 0.07 1e+19
0.045 0.08 1e+19
0.045 0.09 1e+19
0.045 0.1 1e+19
0.046 0 1e+19
0.046 0.01 1e+19
0.046 0.02 1e+19
0.046 0.03 1e+19
0.046 0.04 1e+19
0.046 0.05 1e+19
0.046 0.06 1e+19
0.046 0.07 1e+19
0.046 0.08 1e+19
0.046 0.09 1e+19
0.046 0.1 1e+19
0.047 0 1e+19
0.047 0.01 1e+19
0.047 0.02 1e+19
0.047 0.03 1e+19
0.047 0.04 1e+19
0.047 0.05 1e+19
0.047 0.06 1e+19
0.047 0.07 1e+19
0.047 0.08 1e+19
0.047 0.09 1e+19
0.047 0.1 1e+19
0.048 0 1e+19
0.048 0.01 1e+19
0.048 0.02 1e+19
0.048 0.03 1e+19
0.048 0.04 1e+19
0.048 0.05 1e+19
0.048 0.06 1e+19
0.048 0.07 1e+19
0.048 0.08 1e+19
0.048 0.09 1e+19
0.048 0.1 1e+19
0.049 0 1e+19
0.049 0.01 1e+19
0.049 0.02 1e+19
0.049 0.03 1e+19
0.049 0.04 1e+19
0.049 0.05 1e+19
0.049 0.06 1e+19
0.049 0.07 1e+19
0.049 0.08 1e+19
0.049 0.09 1e+19
0.049 0.1 1e+19
0.05 0 1e+19
0.05 0.01 1e+19
0.05 0.02 1e+19
0.05 0.03 1e+19
0.05 0.04 1e+19
0.05 0.05 1e+19
0.05 0.06 1e+19
0.05 0.07 1e+19
0.05 0.08 1e+19
0.05 0.09 1e+19
0.05 0.1 1e+19
0.051 0 1e+19
0.051 0.01 1e+19
0.051 0.02 1e+19
0.051 0.03 1e+19
0.051 0.04 1e+19
0.051 0.05 1e+19
0.051 0.06 1e+19
0.051 0.07 1e+19
0.051 0.08 1e+19
0.051 0.09 1e+19
0.051 0.1 1e+19
0.052 0 1e+19
0.052 0.01 1e+19
0.052 0.02 1e+19
0.052 0.03 1e+19
0.052 0.04 1e+19
0.052 0.05 1e+19
0.052 0.06 1e+19
0.052 0.07 1e+19
0.052 0.08 1e+19
0.052 0.09 1e+19
0.052 0.1 1e+19
0.053 0 1e+19
0.053 0.01 1e+19
0.053 0.02 1e+19
0.053 0.03 1e+19
0.053 0.04 1e+19
0.053 0.05 1e+19
0.053 0.06 1e+19
0.053 0.07 1e+19
0.053 0.08 1e+19
0.053 0.09 1e+19
0.053 0.1 1e+19
0.054 0 1e+19
0.054 0.01 1e+19
0.054 0.02 1e+19
0.054 0.03 1e+19
0.054 0.04 1e+19
0.054 0.05 1e+19
0.054 0.06 1e+19
0.054 0.07 1e+19
0.054 0.08 1e+19
0.054 0.09 1e+19
0.054 0.1 1e+19
0.055 0 1e+19
0.055 0.01 1e+19
0.055 0.02 1e+19
0.055 0.03 1e+19
0.055 0.04 1e+19
0.055 0.05 1e+19
0.055 0.06 1e+19
0.055 0.07 1e+19
0.055 0.08 1e+19
0.055 0.09 1e+19
0.055 0.1 1e+19
0.056 0 1e+19
0.056 0.01 1e+19
0.056 0.02 1e+19
0.056 0.03 1e+19
0.056 0.04 1e+19
0.056 0.05 1e+19
0.056 0.06 1e+19
0.056 0.07 1e+19
0.056 0.08 1e+19
0.056 0.09 1e+19
0.056 0.1 1e+19
0.057 0 1e+19
0.057 0.01 1e+19
0.057 0.02 1e+19
0.057 0.03 1e+19
0.057 0.04 1e+19
0.057 0.05 1e+19
0.057 0.06 1e+19
0.057 0.07 1e+19
0.057 0.08 1e+19
0.057 0.09 1e+19
0.057 0.1 1e+19
0.058 0 1e+19
0.058 0.01 1e+19
0.058 0.02 1e+19
0.058 0.03 1e+19
0.058 0.04 1e+19
0.058 0.05 1e+19
0.058 0.06 1e+19
0.058 0.07 1e+19
0.058 0.08 1e+19
0.058 0.09 1e+19
0.058 0.1 1e+19
0.059 0 1e+19
0.059 0.01 1e+19
0.059 0.02 1e+19
0.059 0.03 1e+19
0.059 0.04 1e+19
0.059 0.05 1e+19
0.059 0.06 1e+19
0.059 0.07 1e+19
0.059 0.08 1e+19
0.059 0.09 1e+19
0.059 0.1 1e+19
0.06 0 1e+19
0.06 0.01 1e+19
0.06 0.02 1e+19
0.06 0.03 1e+19
0.06 0.04 1e+19
0.06 0.05 1e+19
0.06 0.06 1e+19
0.06 0.07 1e+19
0.06 0.08 1e+19
0.06 0.09 1e+19
0.06 0.1 1e+19
0.061 0 1e+19
0.061 0.01 1e+19
0.061 0.02 1e+19
0.061 0.03 1e+19
0.061 0.04 1e+19
0.061 0.05 1e+19
0.061 0.06 1e+19
0.061 0.07 1e+19
0.061 0.08 1e+19
0.061 0.09 1e+19
0.061 0.1 1e+19
0.062 0 1e+19
0.062 0.01 1e+19
0.062 0.02 1e+19
0.062 0.03 1e+19
0.062 0.04 1e+19
0.062 0.05 1e+19
0.062 0.06 1e+19
0.062 0.07 1e+19
0.062 0.08 1e+19
0.062 0.09 1e+19
0.062 0.1 1e+19
0.063 0 1e+19
0.063 0.01 1e+19
0.063 0.02 1e+19
0.063 0.03 1e+19
0.063 0.04 1e+19
0.063 0.05 1e+19
0.063 0.06 1e+19
0.063 0.07 1e+19
0.063 0.08 1e+19
0.063 0.09 1e+19
0.063 0.1 1e+19
0.064 0 1e+19
0.064 0.01 1e+19
0.064 0.02 1e+19
0.064 0.03 1e+19
0.064 0.04 1e+19
0.064 0.05 1e+19
0.064 0.06 1e+19
0.064 0.07 1e+19
0.064 0.08 1e+19
0.064 0.09 1e+19
0.064 0.1 1e+19
0.065 0 1e+19
0.065 0.01 1e+19
0.065 0.02 1e+19
0.065 0.03 1e+19
0.065 0.04 1e+19
0.065 0.05 1e+19
0.065 0.06 1e+19
0.065 0.07 1e+19
0.065 0.08 1e+19
0.065 0.09 1e+19
0.065 0.1 1e+19
0.066 0 1e+19
0.066 0.01 1e+19
0.066 0.02 1e+19
0.066 0.03 1e+19
0.066 0.04 1e+19
0.066 0.05 1e+19
0.066 0.06 1e+19
0.066 0.07 1e+19
0.066 0.08 1e+19
0.066 0.09 1e+19
0.066 0.1 1e+19
0.067 0 1e+19
0.067 0.01 1e+19
0.067 0.02 1e+19
0.067 0.03 1e+19
0.067 0.04 1e+19
0.067 0.05 1e+19
0.067 0.06 1e+19
0.067 0.07 1e+19
0.067 0.08 1e+19
0.067 0.09 1e+19
0.067 0.1 1e+19
0.068 0 1e+19
0.068 0.01 1e+19
0.068 0.02 1e+19
0.068 0.03 1e+19
0.068 0.04 1e+19
0.068 0.05 1e+19
0.068 0.06 1e+19
0.068 0.07 1e+19
0.068 0.08 1e+19
0.068 0.09 1e+19
0.068 0.1 1e+19
0.069 0 1e+19
0.069 0.01 1e+19
0.069 0.02 1e+19
0.069 0.03 1e+19
0.069 0.04 1e+19
0.069 0.05 1e+19
0.069 0.06 1e+19
0.069 0.07 1e+19
0.069 0.08 1e+19
0.069 0.09 1e+19
0.069 0.1 1e+19
0.07 0 1e+19
0.07 0.01 1e+19
0.07 0.02 1e+19
0.07 0.03 1e+19
0.07 0.04 1e+19
0.07 0.05 1e+19
0.07 0.06 1e+19
0.07 0.07 1e+19
0.07 0.08 1e+19
0.07 0.09 1e+19
0.07 0.1 1e+19
0.071 0 1e+19
0.071 0.01 1e+19
0.071 0.02 1e+19
0.071 0.03 1e+19
0.071 0.04 1e+19
0.071 0.05 1e+19
0.071 0.06 1e+19
0.071 0.07 1e+19
0.071 0.08 1e+19
0.071 0.09 1e+19
0.071 0.1 1e+19
0.072 0 1e+19
0.072 0.01 1e+19
0.072 0.02 1e+19
0.072 0.03 1e+19
0.072 0.04 1e+19
0.072 0.05 1e+19
0.072 0.06 1e+19
0.072 0.07 1e+19
0.072 0.08 1e+19
0.072 0.09 1e+19
0.072 0.1 1e+19
0.073 0 1e+19
0.073 0.01 1e+19
0.073 0.02 1e+19
0.073 0.03 1e+19
0.073 0.04 1e+19
0.073 0.05 1e+19
0.073 0.06 1e+19
0.073 0.07 1e+19
0.073 0.08 1e+19
0.073 0.09 1e+19
0.073 0.1 1e+19
0.074 0 1e+19
0.074 0.01 1e+19
0.074 0.02 1e+19
0.074 0.03 1e+19
0.074 0.04 1e+19
0.074 0.05 1e+19
0.074 0.06 1e+19
0.074 0.07 1e+19
0.074 0.08 1e+19
0.074 0.09 1e+19
0.074 0.1 1e+19
0.075 0 1e+19
0.075 0.01 1e+19
0.075 0.02 1e+19
0.075 0.03 1e+19
0.075 0.04 1e+19
0.075 0.05 1e+19
0.075 0.06 1e+19
0.075 0.07 1e+19
0.075 0.08 1e+19
0.075 0.09 1e+19
0.075 0.1 1e+19
0.076 0 1e+19
0.076 0.01 1e+19
0.076 0.02 1e+19
0.076 0.03 1e+19
0.076 0.04 1e+19
0.076 0.05 1e+19
0.076 0.06 1e+19
0.076 0.07 1e+19
0.076 0.08 1e+19
0.076 0.09 1e+19
0.076 0.1 1e+19
0.077 0 1e+19
0.077 0.01 1e+19
0.077 0.02 1e+19
0.077 0.03 1e+19
0.077 0.04 1e+19
0.077 0.05 1e+19
0.077 0.06 1e+19
0.077 0.07 1e+19
0.077 0.08 1e+19
0.077 0.09 1e+19
0.077 0.1 1e+19
0.078 0 1e+19
0.078 0.01 1e+19
0.078 0.02 1e+19
0.078 0.03 1e+19
0.078 0.04 1e+19
0.078 0.05 1e+19
0.078 0.06 1e+19
0.078 0.07 1e+19
0.078 0.08 1e+19
0.078 0.09 1e+19
0.078 0.1 1e+19
0.079 0 1e+19
0.079 0.01 1e+19
0.079 0.02 1e+19
0.079 0.03 1e+19
0.079 0.04 1e+19
0.079 0.05 1e+19
0.079 0.06 1e+19
0.079 0.07 1e+19
0.079 0.08 1e+19
0.079 0.09 1e+19
0.079 0.1 1e+19
0.08 0 1e+19
0.08 0.01 1e+19
0.08 0.02 1e+19
0.08 0.03 1e+19
0.08 0.04 1e+19
0.08 0.05 1e+19
0.08 0.06 1e+19
0.08 0.07 1e+19
0.08 0.08 1e+19
0.08 0.09 1e+19
0.08 0.1 1e+19
0.081 0 1e+19
0.081 0.01 1e+19
0.081 0.02 1e+19
0.081 0.03 1e+19
0.081 0.04 1e+19
0.081 0.05 1e+19
0.081 0.06 1e+19
0.081 0.07 1e+19
0.081 0.08 1e+19
0.081 0.09 1e+19
0.081 0.1 1e+19
0.082 0 1e+19
0.082 0.01 1e+19
0.082 0.02 1e+19
0.082 0.03 1e+19
0.082 0.04 1e+19
0.082 0.05 1e+19
0.082 0.06 1e+19
0.082 0.07 1e+19
0.082 0.08 1e+19
0.082 0.09 1e+19
0.082 0.1 1e+19
0.083 0 1e+19
0.083 0.01 1e+19
0.083 0.02 1e+19
0.083 0.03 1e+19
0.083 0.04 1e+19
0.083 0.05 1e+19
0.083 0.06 1e+19
0.083 0.07 1e+19
0.083 0.08 1e+19
0.083 0.09 1e+19
0.083 0.1 1e+19
0.084 0 1e+19
0.084 0.01 1e+19
0.084 0.02 1e+19
0.084 0.03 1e+19
0.084 0.04 1e+19
0.084 0.05 1e+19
0.084 0.06 1e+19
0.084 0.07 1e+19
0.084 0.08 1e+19
0.084 0.09 1e+19
0.084 0.1 1e+19
0.085 0 1e+19
0.085 0.01 1e+19
0.085 0.02 1e+19
0.085 0.03 1e+19
0.085 0.04 1e+19
0.085 0.05 1e+19
0.085 0.06 1e+19
0.085 0.07 1e+19
0.085 0.08 1e+19
0.085 0.09 1e+19
0.085 0.1 1e+19
0.086 0 1e+19
0.086 0.01 1e+19
0.086 0.02 1e+19
0.086 0.03 1e+19
0.086 0.04 1e+19
0.086 0.05 1e+19
0.086 0.06 1e+19
0.086 0.07 1e+19
0.086 0.08 1e+19
0.086 0.09 1e+19
0.086 0.1 1e+19
0.087 0 1e+19
0.087 0.01 1e+19
0.087 0.02 1e+19
0.087 0.03 1e+19
0.087 0.04 1e+19
0.087 0.05 1e+19
0.087 0.06 1e+19
0.087 0.07 1e+19
0.087 0.08 1e+19
0.087 0.09 1e+19
0.087 0.1 1e+19
0.088 0 1e+19
0.088 0.01 1e+19
0.088 0.02 1e+19
0.088 0.03 1e+19
0.088 0.04 1e+19
0.088 0.05 1e+19
0.088 0.06 1e+19
0.088 0.07 1e+19
0.088 0.08 1e+19
0.088 0.09 1e+19
0.088 0.1 1e+19
0.089 0 1e+19
0.089 0.01 1e+19
0.089 0.02 1e+19
0.089 0.03 1e+19
0.089 0.04 1e+19
0.089 0.05 1e+19
0.089 0.06 1e+19
0.089 0.07 1e+19
0.089 0.08 1e+19
0.089 0.09 1e+19
0.089 0.1 1e+19
0.09 0 1e+19
0.09 0.01 1e+19
0.09 0.02 1e+19
0.09 0.03 1e+19
0.09 0.04 1e+19
0.09 0.05 1e+19
0.09 0.06 1e+19
0.09 0.07 1e+19
0.09 0.08 1e+19
0.09 0.09 1e+19
0.09 0.1 1e+19
0.091 0 1e+19
0.091 0.01 1e+19
0.091 0.02 1e+19
0.091 0.03 1e+19
0.091 0.04 1e+19
0.091 0.05 1e+19
0.091 0.06 1e+19
0.091 0.07 1e+19
0.091 0.08 1e+19
0.091 0.09 1e+19
0.091 0.1 1e+19
0.092 0 1e+19
0.092 0.01 1e+19
0.092 0.02 1e+19
0.092 0.03 1e+19
0.092 0.04 1e+19
0.092 0.05 1e+19
0.092 0.06 1e+19
0.092 0.07 1e+19
0.092 0.08 1e+19
0.092 0.09 1e+19
0.092 0.1 1e+19
0.093 0 1e+19
0.093 0.01 1e+19
0.093 0.02 1e+19
0.093 0.03 1e+19
0.093 0.04 1e+19
0.093 0.05 1e+19
0.093 0.06 1e+19
0.093 0.07 1e+19
0.093 0.08 1e+19
0.093 0.09 1e+19
0.093 0.1 1e+19
0.094 0 1e+19
0.094 0.01 1e+19
0.094 0.02 1e+19
0.094 0.03 1e+19
0.094 0.04 1e+19
0.094 0.05 1e+19
0.094 0.06 1e+19
0.094 0.07 1e+19
0.094 0.08 1e+19
0.094 0.09 1e+19
0.094 0.1 1e+19
0.095 0 1e+19
0.095 0.01 1e+19
0.095 0.02 1e+19
0.095 0.03 1e+19
0.095 0.04 1e+19
0.095 0.05 1e+19
0.095 0.06 1e+19
0.095 0.07 1e+19
0.095 0.08 1e+19
0.095 0.09 1e+19
0.095 0.1 1e+19
0.096 0 1e+19
0.096 0.01 1e+19
0.096 0.02 1e+19
0.096 0.03 1e+19
0.096 0.04 1e+19
0.096 0.05 1e+19
0.096 0.06 1e+19
0.096 0.07 1e+19
0.096 0.08 1e+19
0.096 0.09 1e+19
0.096 0.1 1e+19
0.097 0 1e+19
0.097 0.01 1e+19
0.097 0.02 1e+19
0.097 0.03 1e+19
0.097 0.04 1e+19
0.097 0.05 1e+19
0.097 0.06 1e+19
0.097 0.07 1e+19
0.097 0.08 1e+19
0.097 0.09 1e+19
0.097 0.1 1e+19
0.098 0 1e+19
0.098 0.01 1e+19
0.098 0.02 1e+19
0.098 0.03 1e+19
0.098 0.04 1e+19
0.098 0.05 1e+19
0.098 0.06 1e+19
0.098 0.07 1e+19
0.098 0.08 1e+19
0.098 0.09 1e+19
0.098 0.1 1e+19
0.099 0 1e+19
0.099 0.01 1e+19
0.099 0.02 1e+19
0.099 0.03 1e+19
0.099 0.04 1e+19
0.099 0.05 1e+19
0.099 0.06 1e+19
0.099 0.07 1e+19
0.099 0.08 1e+19
0.099 0.09 1e+19
0.099 0.1 1e+19
0.1 0 1e+19
0.1 0 1e+16
0.1 0.01 1e+19
0.1 0.01 1e+16
0.1 0.02 1e+19
0.1 0.02 1e+16
0.1 0.03 1e+19
0.1 0.03 1e+16
0.1 0.04 1e+19
0.1 0.04 1e+16
0.1 0.05 1e+19
0.1 0.05 1e+16
0.1 0.06 1e+19
0.1 0.06 1e+16
0.1 0.07 1e+19
0.1 0.07 1e+16
0.1 0.08 1e+19
0.1 0.08 1e+16
0.1 0.09 1e+19
0.1 0.09 1e+16
0.1 0.1 1e+19
0.1 0.1 1e+16
0.101 0 1e+16
0.101 0.01 1e+16
0.101 0.02 1e+16
0.101 0.03 1e+16
0.101 0.04 1e+16
0.101 0.05 1e+16
0.101 0.06 1e+16
0.101 0.07 1e+16
0.101 0.08 1e+16
0.101 0.09 1e+16
0.101 0.1 1e+16
0.102 0 1e+16
0.102 0.01 1e+16
0.102 0.02 1e+16
0.102 0.03 1e+16
0.102 0.04 1e+16
0.102 0.05 1e+16
0.102 0.06 1e+16
0.102 0.07 1e+16
0.102 0.08 1e+16
0.102 0.09 1e+16
0.102 0.1 1e+16
0.103 0 1e+16
0.103 0.01 1e+16
0.103 0.02 1e+16
0.103 0.03 1e+16
0.103 0.04 1e+16
0.103 0.05 1e+16
0.103 0.06 1e+16
0.103 0.07 1e+16
0.103 0.08 1e+16
0.103 0.09 1e+16
0.103 0.1 1e+16
0.104 0 1e+16
0.104 0.01 1e+16
0.104 0.02 1e+16
0.104 0.03 1e+16
0.104 0.04 1e+16
0.104 0.05 1e+16
0.104 0.06 1e+16
0.104 0.07 1e+16
0.104 0.08 1e+16
0.104 0.09 1e+16
0.104 0.1 1e+16
0.105 0 1e+16
0.105 0.01 1e+16
0.105 0.02 1e+16
0.105 0.03 1e+16
0.105 0.04 1e+16
0.105 0.05 1e+16
0.105 0.06 1e+16
0.105 0.07 1e+16
0.105 0.08 1e+16
0.105 0.09 1e+16
0.105 0.1 1e+16
0.106 0 1e+16
0.106 0.01 1e+16
0.106 0.02 1e+16
0.106 0.03 1e+16
0.106 0.04 1e+16
0.106 0.05 1e+16
0.106 0.06 1e+16
0.106 0.07 1e+16
0.106 0.08 1e+16
0.106 0.09 1e+16
0.106 0.1 1e+16
0.107 0 1e+16
0.107 0.01 1e+16
0.107 0.02 1e+16
0.107 0.03 1e+16
0.107 0.04 1e+16
0.107 0.05 1e+16
0.107 0.06 1e+16
0.107 0.07 1e+16
0.107 0.08 1e+16
0.107 0.09 1e+16
0.107 0.1 1e+16
0.108 0 1e+16
0.108 0.01 1e+16
0.108 0.02 1e+16
0.108 0.03 1e+16
0.108 0.04 1e+16
0.108 0.05 1e+16
0.108 0.06 1e+16
0.108 0.07 1e+16
0.108 0.08 1e+16
0.108 0.09 1e+16
0.108 0.1 1e+16
0.109 0 1e+16
0.109 0.01 1e+16
0.109 0.02 1e+16
0.109 0.03 1e+16
0.109 0.04 1e+16
0.109 0.05 1e+16
0.109 0.06 1e+16
0.109 0.07 1e+16
0.109 0.08 1e+16
0.109 0.09 1e+16
0.109 0.1 1e+16
0.11 0 1e+16
0.11 0.01 1e+16
0.11 0.02 1e+16
0.11 0.03 1e+16
0.11 0.04 1e+16
0.11 0.05 1e+16
0.11 0.06 1e+16
0.11 0.07 1e+16
0.11 0.08 1e+16
0.11 0.09 1e+16
0.11 0.1 1e+16
0.111 0 1e+16
0.111 0.01 1e+16
0.111 0.02 1e+16
0.111 0.03 1e+16
0.111 0.04 1e+16
0.111 0.05 1e+16
0.111 0.06 1e+16
0.111 0.07 1e+16
0.111 0.08 1e+16
0.111 0.09 1e+16
0.111 0.1 1e+16
0.112 0 1e+16
0.112 0.01 1e+16
0.112 0.02 1e+16
0.112 0.03 1e+16
0.112 0.04 1e+16
0.112 0.05 1e+16
0.112 0.06 1e+16
0.112 0.07 1e+16
0.112 0.08 1e+16
0.112 0.09 1e+16
0.112 0.1 1e+16
0.113 0 1e+16
0.113 0.01 1e+16
0.113 0.02 1e+16
0.113 0.03 1e+16
0.113 0.04 1e+16
0.113 0.05 1e+16
0.113 0.06 1e+16
0.113 0.07 1e+16
0.113 0.08 1e+16
0.113 0.09 1e+16
0.113 0.1 1e+16
0.114 0 1e+16
0.114 0.01 1e+16
0.114 0.02 1e+16
0.114 0.03 1e+16
0.114 0.04 1e+16
0.114 0.05 1e+16
0.114 0.06 1e+16
0.114 0.07 1e+16
0.114 0.08 1e+16
0.114 0.09 1e+16
0.114 0.1 1e+16
0.115 0 1e+16
0.115 0.01 1e+16
0.115 0.02 1e+16
0.115 0.03 1e+16
0.115 0.04 1e+16
0.115 0.05 1e+16
0.115 0.06 1e+16
0.115 0.07 1e+16
0.115 0.08 1e+16
0.115 0.09 1e+16
0.115 0.1 1e+16
0.116 0 1e+16
0.116 0.01 1e+16
0.116 0.02 1e+16
0.116 0.03 1e+16
0.116 0.04 1e+16
0.116 0.05 1e+16
0.116 0.06 1e+16
0.116 0.07 1e+16
0.116 0.08 1e+16
0.116 0.09 1e+16
0.116 0.1 1e+16
0.117 0 1e+16
0.117 0.01 1e+16
0.117 0.02 1e+16
0.117 0.03 1e+16
0.117 0.04 1e+16
0.117 0.05 1e+16
0.117 0.06 1e+16
0.117 0.07 1e+16
0.117 0.08 1e+16
0.117 0.09 1e+16
0.117 0.1 1e+16
0.118 0 1e+16
0.118 0.01 1e+16
0.118 0.02 1e+16
0.118 0.03 1e+16
0.118 0.04 1e+16
0.118 0.05 1e+16
0.118 0.06 1e+16
0.118 0.07 1e+16
0.118 0.08 1e+16
0.118 0.09 1e+16
0.118 0.1 1e+16
0.119 0 1e+16
0.119 0.01 1e+16
0.119 0.02 1e+16
0.119 0.03 1e+16
0.119 0.04 1e+16
0.119 0.05 1e+16
0.119 0.06 1e+16
0.119 0.07 1e+16
0.119 0.08 1e+16
0.119 0.09 1e+16
0.119 0.1 1e+16
0.12 0 1e+16
0.12 0.01 1e+16
0.12 0.02 1e+16
0.12 0.03 1e+16
0.12 0.04 1e+16
0.12 0.05 1e+16
0.12 0.06 1e+16
0.12 0.07 1e+16
0.12 0.08 1e+16
0.12 0.09 1e+16
0.12 0.1 1e+16
0.121 0 1e+16
0.121 0.01 1e+16
0.121 0.02 1e+16
0.121 0.03 1e+16
0.121 0.04 1e+16
0.121 0.05 1e+16
0.121 0.06 1e+16
0.121 0.07 1e+16
0.121 0.08 1e+16
0.121 0.09 1e+16
0.121 0.1 1e+16
0.122 0 1e+16
0.122 0.01 1e+16
0.122 0.02 1e+16
0.122 0.03 1e+16
0.122 0.04 1e+16
0.122 0.05 1e+16
0.122 0.06 1e+16
0.122 0.07 1e+16
0.122 0.08 1e+16
0.122 0.09 1e+16
0.122 0.1 1e+16
0.123 0 1e+16
0.123 0.01 1e+16
0.123 0.02 1e+16
0.123 0.03 1e+16
0.123 0.04 1e+16
0.123 0.05 1e+16
0.123 0.06 1e+16
0.123 0.07 1e+16
0.123 0.08 1e+16
0.123 0.09 1e+16
0.123 0.1 1e+16
0.124 0 1e+16
0.124 0.01 1e+16
0.124 0.02 1e+16
0.124 0.03 1e+16
0.124 0.04 1e+16
0.124 0.05 1e+16
0.124 0.06 1e+16
0.124 0.07 1e+16
0.124 0.08 1e+16
0.124 0.09 1e+16
0.124 0.1 1e+16
0.125 0 1e+16
0.125 0.01 1e+16
0.125 0.02 1e+16
0.125 0.03 1e+16
0.125 0.04 1e+16
0.125 0.05 1e+16
0.125 0.06 1e+16
0.125 0.07 1e+16
0.125 0.08 1e+16
0.125 0.09 1e+16
0.125 0.1 1e+16
0.126 0 1e+16
0.126 0.01 1e+16
0.126 0.02 1e+16
0.126 0.03 1e+16
0.126 0.04 1e+16
0.126 0.05 1e+16
0.126 0.06 1e+16
0.126 0.07 1e+16
0.126 0.08 1e+16
0.126 0.09 1e+16
0.126 0.1 1e+16
0.127 0 1e+16
0.127 0.01 1e+16
0.127 0.02 1e+16
0.127 0.03 1e+16
0.127 0.04 1e+16
0.127 0.05 1e+16
0.127 0.06 1e+16
0.127 0.07 1e+16
0.127 0.08 1e+16
0.127 0.09 1e+16
0.127 0.1 1e+16
0.128 0 1e+16
0.128 0.01 1e+16
0.128 0.02 1e+16
0.128 0.03 1e+16
0.128 0.04 1e+16
0.128 0.05 1e+16
0.128 0.06 1e+16
0.128 0.07 1e+16
0.128 0.08 1e+16
0.128 0.09 1e+16
0.128 0.1 1e+16
0.129 0 1e+16
0.129 0.01 1e+16
0.129 0.02 1e+16
0.129 0.03 1e+16
0.129 0.04 1e+16
0.129 0.05 1e+16
0.129 0.06 1e+16
0.129 0.07 1e+16
0.129 0.08 1e+16
0.129 0.09 1e+16
0.129 0.1 1e+16
0.13 0 1e+16
0.13 0.01 1e+16
0.13 0.02 1e+16
0.13 0.03 1e+16
0.13 0.04 1e+16
0.13 0.05 1e+16
0.13 0.06 1e+16
0.13 0.07 1e+16
0.13 0.08 1e+16
0.13 0.09 1e+16
0.13 0.1 1e+16
0.131 0 1e+16
0.131 0.01 1e+16
0.131 0.02 1e+16
0.131 0.03 1e+16
0.131 0.04 1e+16
0.131 0.05 1e+16
0.131 0.06 1e+16
0.131 0.07 1e+16
0.131 0.08 1e+16
0.131 0.09 1e+16
0.131 0.1 1e+16
0.132 0 1e+16
0.132 0.01 1e+16
0.132 0.02 1e+16
0.132 0.03 1e+16
0.132 0.04 1e+16
0.132 0.05 1e+16
0.132 0.06 1e+16
0.132 0.07 1e+16
0.132 0.08 1e+16
0.132 0.09 1e+16
0.132 0.1 1e+16
0.133 0 1e+16
0.133 0.01 1e+16
0.133 0.02 1e+16
0.133 0.03 1e+16
0.133 0.04 1e+16
0.133 0.05 1e+16
0.133 0.06 1e+16
0.133 0.07 1e+16
0.133 0.08 1e+16
0.133 0.09 1e+16
0.133 0.1 1e+16
0.134 0 1e+16
0.134 0.01 1e+16
0.134 0.02 1e+16
0.134 0.03 1e+16
0.134 0.04 1e+16
0.134 0.05 1e+16
0.134 0.06 1e+16
0.134 0.07 1e+16
0.134 0.08 1e+16
0.134 0.09 1e+16
0.134 0.1 1e+16
0.135 0 1e+16
0.135 0.01 1e+16
0.135 0.02 1e+16
0.135 0.03 1e+16
0.135 0.04 1e+16
0.135 0.05 1e+16
0.135 0.06 1e+16
0.135 0.07 1e+16
0.135 0.08 1e+16
0.135 0.09 1e+16
0.135 0.1 1e+16
0.136 0 1e+16
0.136 0.01 1e+16
0.136 0.02 1e+16
0.136 0.03 1e+16
0.136 0.04 1e+16
0.136 0.05 1e+16
0.136 0.06 1e+16
0.136 0.07 1e+16
0.136 0.08 1e+16
0.136 0.09 1e+16
0.136 0.1 1e+16
0.137 0 1e+16
0.137 0.01 1e+16
0.137 0.02 1e+16
0.137 0.03 1e+16
0.137 0.04 1e+16
0.137 0.05 1e+16
0.137 0.06 1e+16
0.137 0.07 1e+16
0.137 0.08 1e+16
0.137 0.09 1e+16
0.137 0.1 1e+16
0.138 0 1e+16
0.138 0.01 1e+16
0.138 0.02 1e+16
0.138 0.03 1e+16
0.138 0.04 1e+16
0.138 0.05 1e+16
0.138 0.06 1e+16
0.138 0.07 1e+16
0.138 0.08 1e+16
0.138 0.09 1e+16
0.138 0.1 1e+16
0.139 0 1e+16
0.139 0.01 1e+16
0.139 0.02 1e+16
0.139 0.03 1e+16
0.139 0.04 1e+16
0.139 0.05 1e+16
0.139 0.06 1e+16
0.139 0.07 1e+16
0.139 0.08 1e+16
0.139 0.09 1e+16
0.139 0.1 1e+16
0.14 0 1e+16
0.14 0.01 1e+16
0.14 0.02 1e+16
0.14 0.03 1e+16
0.14 0.04 1e+16
0.14 0.05 1e+16
0.14 0.06 1e+16
0.14 0.07 1e+16
0.14 0.08 1e+16
0.14 0.09 1e+16
0.14 0.1 1e+16
0.141 0 1e+16
0.141 0.01 1e+16
0.141 0.02 1e+16
0.141 0.03 1e+16
0.141 0.04 1e+16
0.141 0.05 1e+16
0.141 0.06 1e+16
0.141 0.07 1e+16
0.141 0.08 1e+16
0.141 0.09 1e+16
0.141 0.1 1e+16
0.142 0 1e+16
0.142 0.01 1e+16
0.142 0.02 1e+16
0.142 0.03 1e+16
0.142 0.04 1e+16
0.142 0.05 1e+16
0.142 0.06 1e+16
0.142 0.07 1e+16
0.142 0.08 1e+16
0.142 0.09 1e+16
0.142 0.1 1e+16
0.143 0 1e+16
0.143 0.01 1e+16
0.143 0.02 1e+16
0.143 0.03 1e+16
0.143 0.04 1e+16
0.143 0.05 1e+16
0.143 0.06 1e+16
0.143 0.07 1e+16
0.143 0.08 1e+16
0.143 0.09 1e+16
0.143 0.1 1e+16
0.144 0 1e+16
0.144 0.01 1e+16
0.144 0.02 1e+16
0.144 0.03 1e+16
0.144 0.04 1e+16
0.144 0.05 1e+16
0.144 0.06 1e+16
0.144 0.07 1e+16
0.144 0.08 1e+16
0.144 0.09 1e+16
0.144 0.1 1e+16
0.145 0 1e+16
0.145 0.01 1e+16
0.145 0.02 1e+16
0.145 0.03 1e+16
0.145 0.04 1e+16
0.145 0.05 1e+16
0.145 0.06 1e+16
0.145 0.07 1e+16
0.145 0.08 1e+16
0.145 0.09 1e+16
0.145 0.1 1e+16
0.146 0 1e+16
0.146 0.01 1e+16
0.146 0.02 1e+16
0.146 0.03 1e+16
0.146 0.04 1e+16
0.146 0.05 1e+16
0.146 0.06 1e+16
0.146 0.07 1e+16
0.146 0.08 1e+16
0.146 0.09 1e+16
0.146 0.1 1e+16
0.147 0 1e+16
0.147 0.01 1e+16
0.147 0.02 1e+16
0.147 0.03 1e+16
0.147 0.04 1e+16
0.147 0.05 1e+16
0.147 0.06 1e+16
0.147 0.07 1e+16
0.147 0.08 1e+16
0.147 0.09 1e+16
0.147 0.1 1e+16
0.148 0 1e+16
0.148 0.01 1e+16
0.148 0.02 1e+16
0.148 0.03 1e+16
0.148 0.04 1e+16
0.148 0.05 1e+16
0.148 0.06 1e+16
0.148 0.07 1e+16
0.148 0.08 1e+16
0.148 0.09 1e+16
0.148 0.1 1e+16
0.149 0 1e+16
0.149 0.01 1e+16
0.149 0.02 1e+16
0.149 0.03 1e+16
0.149 0.04 1e+16
0.149 0.05 1e+16
0.149 0.06 1e+16
0.149 0.07 1e+16
0.149 0.08 1e+16
0.149 0.09 1e+16
0.149 0.1 1e+16
0.15 0 1e+16
0.15 0.01 1e+16
0.15 0.02 1e+16
0.15 0.03 1e+16
0.15 0.04 1e+16
0.15 0.05 1e+16
0.15 0.06 1e+16
0.15 0.07 1e+16
0.15 0.08 1e+16
0.15 0.09 1e+16
0.15 0.1 1e+16
0.151 0 1e+16
0.151 0.01 1e+16
0.151 0.02 1e+16
0.151 0.03 1e+16
0.151 0.04 1e+16
0.151 0.05 1e+16
0.151 0.06 1e+16
0.151 0.07 1e+16
0.151 0.08 1e+16
0.151 0.09 1e+16
0.151 0.1 1e+16
0.152 0 1e+16
0.152 0.01 1e+16
0.152 0.02 1e+16
0.152 0.03 1e+16
0.152 0.04 1e+16
0.152 0.05 1e+16
0.152 0.06 1e+16
0.152 0.07 1e+16
0.152 0.08 1e+16
0.152 0.09 1e+16
0.152 0.1 1e+16
0.153 0 1e+16
0.153 0.01 1e+16
0.153 0.02 1e+16
0.153 0.03 1e+16
0.153 0.04 1e+16
0.153 0.05 1e+16
0.153 0.06 1e+16
0.153 0.07 1e+16
0.153 0.08 1e+16
0.153 0.09 1e+16
0.153 0.1 1e+16
0.154 0 1e+16
0.154 0.01 1e+16
0.154 0.02 1e+16
0.154 0.03 1e+16
0.154 0.04 1e+16
0.154 0.05 1e+16
0.154 0.06 1e+16
0.154 0.07 1e+16
0.154 0.08 1e+16
0.154 0.09 1e+16
0.154 0.1 1e+16
0.155 0 1e+16
0.155 0.01 1e+16
0.155 0.02 1e+16
0.155 0.03 1e+16
0.155 0.04 1e+16
0.155 0.05 1e+16
0.155 0.06 1e+16
0.155 0.07 1e+16
0.155 0.08 1e+16
0.155 0.09 1e+16
0.155 0.1 1e+16
0.156 0 1e+16
0.156 0.01 1e+16
0.156 0.02 1e+16
0.156 0.03 1e+16
0.156 0.04 1e+16
0.156 0.05 1e+16
0.156 0.06 1e+16
0.156 0.07 1e+16
0.156 0.08 1e+16
0.156 0.09 1e+16
0.156 0.1 1e+16
0.157 0 1e+16
0.157 0.01 1e+16
0.157 0.02 1e+16
0.157 0.03 1e+16
0.157 0.04 1e+16
0.157 0.05 1e+16
0.157 0.06 1e+16
0.157 0.07 1e+16
0.157 0.08 1e+16
0.157 0.09 1e+16
0.157 0.1 1e+16
0.158 0 1e+16
0.158 0.01 1e+16
0.158 0.02 1e+16
0.158 0.03 1e+16
0.158 0.04 1e+16
0.158 0.05 1e+16
0.158 0.06 1e+16
0.158 0.07 1e+16
0.158 0.08 1e+16
0.158 0.09 1e+16
0.158 0.1 1e+16
0.159 0 1e+16
0.159 0.01 1e+16
0.159 0.02 1e+16
0.159 0.03 1e+16
0.159 0.04 1e+16
0.159 0.05 1e+16
0.159 0.06 1e+16
0.159 0.07 1e+16
0.159 0.08 1e+16
0.159 0.09 1e+16
0.159 0.1 1e+16
0.16 0 1e+16
0.16 0.01 1e+16
0.16 0.02 1e+16
0.16 0.03 1e+16
0.16 0.04 1e+16
0.16 0.05 1e+16
0.16 0.06 1e+16
0.16 0.07 1e+16
0.16 0.08 1e+16
0.16 0.09 1e+16
0.16 0.1 1e+16
0.161 0 1e+16
0.161 0.01 1e+16
0.161 0.02 1e+16
0.161 0.03 1e+16
0.161 0.04 1e+16
0.161 0.05 1e+16
0.161 0.06 1e+16
0.161 0.07 1e+16
0.161 0.08 1e+16
0.161 0.09 1e+16
0.161 0.1 1e+16
0.162 0 1e+16
0.162 0.01 1e+16
0.162 0.02 1e+16
0.162 0.03 1e+16
0.162 0.04 1e+16
0.162 0.05 1e+16
0.162 0.06 1e+16
0.162 0.07 1e+16
0.162 0.08 1e+16
0.162 0.09 1e+16
0.162 0.1 1e+16
0.163 0 1e+16
0.163 0.01 1e+16
0.163 0.02 1e+16
0.163 0.03 1e+16
0.163 0.04 1e+16
0.163 0.05 1e+16
0.163 0.06 1e+16
0.163 0.07 1e+16
0.163 0.08 1e+16
0.163 0.09 1e+16
0.163 0.1 1e+16
0.164 0 1e+16
0.164 0.01 1e+16
0.164 0.02 1e+16
0.164 0.03 1e+16
0.164 0.04 1e+16
0.164 0.05 1e+16
0.164 0.06 1e+16
0.164 0.07 1e+16
0.164 0.08 1e+16
0.164 0.09 1e+16
0.164 0.1 1e+16
0.165 0 1e+16
0.165 0.01 1e+16
0.165 0.02 1e+16
0.165 0.03 1e+16
0.165 0.04 1e+16
0.165 0.05 1e+16
0.165 0.06 1e+16
0.165 0.07 1e+16
0.165 0.08 1e+16
0.165 0.09 1e+16
0.165 0.1 1e+16
0.166 0 1e+16
0.166 0.01 1e+16
0.166 0.02 1e+16
0.166 0.03 1e+16
0.166 0.04 1e+16
0.166 0.05 1e+16
0.166 0.06 1e+16
0.166 0.07 1e+16
0.166 0.08 1e+16
0.166 0.09 1e+16
0.166 0.1 1e+16
0.167 0 1e+16
0.167 0.01 1e+16
0.167 0.02 1e+16
0.167 0.03 1e+16
0.167 0.04 1e+16
0.167 0.05 1e+16
0.167 0.06 1e+16
0.167 0.07 1e+16
0.167 0.08 1e+16
0.167 0.09 1e+16
0.167 0.1 1e+16
0.168 0 1e+16
0.168 0.01 1e+16
0.168 0.02 1e+16
0.168 0.03 1e+16
0.168 0.04 1e+16
0.168 0.05 1e+16
0.168 0.06 1e+16
0.168 0.07 1e+16
0.168 0.08 1e+16
0.168 0.09 1e+16
0.168 0.1 1e+16
0.169 0 1e+16
0.169 0.01 1e+16
0.169 0.02 1e+16
0.169 0.03 1e+16
0.169 0.04 1e+16
0.169 0.05 1e+16
0.169 0.06 1e+16
0.169 0.07 1e+16
0.169 0.08 1e+16
0.169 0.09 1e+16
0.169 0.1 1e+16
0.17 0 1e+16
0.17 0.01 1e+16
0.17 0.02 1e+16
0.17 0.03 1e+16
0.17 0.04 1e+16
0.17 0.05 1e+16
0.17 0.06 1e+16
0.17 0.07 1e+16
0.17 0.08 1e+16
0.17 0.09 1e+16
0.17 0.1 1e+16
0.171 0 1e+16
0.171 0.01 1e+16
0.171 0.02 1e+16
0.171 0.03 1e+16
0.171 0.04 1e+16
0.171 0.05 1e+16
0.171 0.06 1e+16
0.171 0.07 1e+16
0.171 0.08 1e+16
0.171 0.09 1e+16
0.171 0.1 1e+16
0.172 0 1e+16
0.172 0.01 1e+16
0.172 0.02 1e+16
0.172 0.03 1e+16
0.172 0.04 1e+16
0.172 0.05 1e+16
0.172 0.06 1e+16
0.172 0.07 1e+16
0.172 0.08 1e+16
0.172 0.09 1e+16
0.172 0.1 1e+16
0.173 0 1e+16
0.173 0.01 1e+16
0.173 0.02 1e+16
0.173 0.03 1e+16
0.173 0.04 1e+16
0.173 0.05 1e+16
0.173 0.06 1e+16
0.173 0.07 1e+16
0.173 0.08 1e+16
0.173 0.09 1e+16
0.173 0.1 1e+16
0.174 0 1e+16
0.174 0.01 1e+16
0.174 0.02 1e+16
0.174 0.03 1e+16
0.174 0.04 1e+16
0.174 0.05 1e+16
0.174 0.06 1e+16
0.174 0.07 1e+16
0.174 0.08 1e+16
0.174 0.09 1e+16
0.174 0.1 1e+16
0.175 0 1e+16
0.175 0.01 1e+16
0.175 0.02 1e+16
0.175 0.03 1e+16
0.175 0.04 1e+16
0.175 0.05 1e+16
0.175 0.06 1e+16
0.175 0.07 1e+16
0.175 0.08 1e+16
0.175 0.09 1e+16
0.175 0.1 1e+16
0.176 0 1e+16
0.176 0.01 1e+16
0.176 0.02 1e+16
0.176 0.03 1e+16
0.176 0.04 1e+16
0.176 0.05 1e+16
0.176 0.06 1e+16
0.176 0.07 1e+16
0.176 0.08 1e+16
0.176 0.09 1e+16
0.176 0.1 1e+16
0.177 0 1e+16
0.177 0.01 1e+16
0.177 0.02 1e+16
0.177 0.03 1e+16
0.177 0.04 1e+16
0.177 0.05 1e+16
0.177 0.06 1e+16
0.177 0.07 1e+16
0.177 0.08 1e+16
0.177 0.09 1e+16
0.177 0.1 1e+16
0.178 0 1e+16
0.178 0.01 1e+16
0.178 0.02 1e+16
0.178 0.03 1e+16
0.178 0.04 1e+16
0.178 0.05 1e+16
0.178 0.06 1e+16
0.178 0.07 1e+16
0.178 0.08 1e+16
0.178 0.09 1e+16
0.178 0.1 1e+16
0.179 0 1e+16
0.179 0.01 1e+16
0.179 0.02 1e+16
0.179 0.03 1e+16
0.179 0.04 1e+16
0.179 0.05 1e+16
0.179 0.06 1e+16
0.179 0.07 1e+16
0.179 0.08 1e+16
0.179 0.09 1e+16
0.179 0.1 1e+16
0.18 0 1e+16
0.18 0.01 1e+16
0.18 0.02 1e+16
0.18 0.03 1e+16
0.18 0.04 1e+16
0.18 0.05 1e+16
0.18 0.06 1e+16
0.18 0.07 1e+16
0.18 0.08 1e+16
0.18 0.09 1e+16
0.18 0.1 1e+16
0.181 0 1e+16
0.181 0.01 1e+16
0.181 0.02 1e+16
0.181 0.03 1e+16
0.181 0.04 1e+16
0.181 0.05 1e+16
0.181 0.06 1e+16
0.181 0.07 1e+16
0.181 0.08 1e+16
0.181 0.09 1e+16
0.181 0.1 1e+16
0.182 0 1e+16
0.182 0.01 1e+16
0.182 0.02 1e+16
0.182 0.03 1e+16
0.182 0.04 1e+16
0.182 0.05 1e+16
0.182 0.06 1e+16
0.182 0.07 1e+16
0.182 0.08 1e+16
0.182 0.09 1e+16
0.182 0.1 1e+16
0.183 0 1e+16
0.183 0.01 1e+16
0.183 0.02 1e+16
0.183 0.03 1e+16
0.183 0.04 1e+16
0.183 0.05 1e+16
0.183 0.06 1e+16
0.183 0.07 1e+16
0.183 0.08 1e+16
0.183 0.09 1e+16
0.183 0.1 1e+16
0.184 0 1e+16
0.184 0.01 1e+16
0.184 0.02 1e+16
0.184 0.03 1e+16
0.184 0.04 1e+16
0.184 0.05 1e+16
0.184 0.06 1e+16
0.184 0.07 1e+16
0.184 0.08 1e+16
0.184 0.09 1e+16
0.184 0.1 1e+16
0.185 0 1e+16
0.185 0.01 1e+16
0.185 0.02 1e+16
0.185 0.03 1e+16
0.185 0.04 1e+16
0.185 0.05 1e+16
0.185 0.06 1e+16
0.185 0.07 1e+16
0.185 0.08 1e+16
0.185 0.09 1e+16
0.185 0.1 1e+16
0.186 0 1e+16
0.186 0.01 1e+16
0.186 0.02 1e+16
0.186 0.03 1e+16
0.186 0.04 1e+16
0.186 0.05 1e+16
0.186 0.06 1e+16
0.186 0.07 1e+16
0.186 0.08 1e+16
0.186 0.09 1e+16
0.186 0.1 1e+16
0.187 0 1e+16
0.187 0.01 1e+16
0.187 0.02 1e+16
0.187 0.03 1e+16
0.187 0.04 1e+16
0.187 0.05 1e+16
0.187 0.06 1e+16
0.187 0.07 1e+16
0.187 0.08 1e+16
0.187 0.09 1e+16
0.187 0.1 1e+16
0.188 0 1e+16
0.188 0.01 1e+16
0.188 0.02 1e+16
0.188 0.03 1e+16
0.188 0.04 1e+16
0.188 0.05 1e+16
0.188 0.06 1e+16
0.188 0.07 1e+16
0.188 0.08 1e+16
0.188 0.09 1e+16
0.188 0.1 1e+16
0.189 0 1e+16
0.189 0.01 1e+16
0.189 0.02 1e+16
0.189 0.03 1e+16
0.189 0.04 1e+16
0.189 0.05 1e+16
0.189 0.06 1e+16
0.189 0.07 1e+16
0.189 0.08 1e+16
0.189 0.09 1e+16
0.189 0.1 1e+16
0.19 0 1e+16
0.19 0.01 1e+16
0.19 0.02 1e+16
0.19 0.03 1e+16
0.19 0.04 1e+16
0.19 0.05 1e+16
0.19 0.06 1e+16
0.19 0.07 1e+16
0.19 0.08 1e+16
0.19 0.09 1e+16
0.19 0.1 1e+16
0.191 0 1e+16
0.191 0.01 1e+16
0.191 0.02 1e+16
0.191 0.03 1e+16
0.191 0.04 1e+16
0.191 0.05 1e+16
0.191 0.06 1e+16
0.191 0.07 1e+16
0.191 0.08 1e+16
0.191 0.09 1e+16
0.191 0.1 1e+16
0.192 0 1e+16
0.192 0.01 1e+16
0.192 0.02 1e+16
0.192 0.03 1e+16
0.192 0.04 1e+16
0.192 0.05 1e+16
0.192 0.06 1e+16
0.192 0.07 1e+16
0.192 0.08 1e+16
0.192 0.09 1e+16
0.192 0.1 1e+16
0.193 0 1e+16
0.193 0.01 1e+16
0.193 0.02 1e+16
0.193 0.03 1e+16
0.193 0.04 1e+16
0.193 0.05 1e+16
0.193 0.06 1e+16
0.193 0.07 1e+16
0.193 0.08 1e+16
0.193 0.09 1e+16
0.193 0.1 1e+16
0.194 0 1e+16
0.194 0.01 1e+16
0.194 0.02 1e+16
0.194 0.03 1e+16
0.194 0.04 1e+16
0.194 0.05 1e+16
0.194 0.06 1e+16
0.194 0.07 1e+16
0.194 0.08 1e+16
0.194 0.09 1e+16
0.194 0.1 1e+16
0.195 0 1e+16
0.195 0.01 1e+16
0.195 0.02 1e+16
0.195 0.03 1e+16
0.195 0.04 1e+16
0.195 0.05 1e+16
0.195 0.06 1e+16
0.195 0.07 1e+16
0.195 0.08 1e+16
0.195 0.09 1e+16
0.195 0.1 1e+16
0.196 0 1e+16
0.196 0.01 1e+16
0.196 0.02 1e+16
0.196 0.03 1e+16
0.196 0.04 1e+16
0.196 0.05 1e+16
0.196 0.06 1e+16
0.196 0.07 1e+16
0.196 0.08 1e+16
0.196 0.09 1e+16
0.196 0.1 1e+16
0.197 0 1e+16
0.197 0.01 1e+16
0.197 0.02 1e+16
0.197 0.03 1e+16
0.197 0.04 1e+16
0.197 0.05 1e+16
0.197 0.06 1e+16
0.197 0.07 1e+16
0.197 0.08 1e+16
0.197 0.09 1e+16
0.197 0.1 1e+16
0.198 0 1e+16
0.198 0.01 1e+16
0.198 0.02 1e+16
0.198 0.03 1e+16
0.198 0.04 1e+16
0.198 0.05 1e+16
0.198 0.06 1e+16
0.198 0.07 1e+16
0.198 0.08 1e+16
0.198 0.09 1e+16
0.198 0.1 1e+16
0.199 0 1e+16
0.199 0.01 1e+16
0.199 0.02 1e+16
0.199 0.03 1e+16
0.199 0.04 1e+16
0.199 0.05 1e+16
0.199 0.06 1e+16
0.199 0.07 1e+16
0.199 0.08 1e+16
0.199 0.09 1e+16
0.199 0.1 1e+16
0.2 0 1e+16
0.2 0.01 1e+16
0.2 0.02 1e+16
0.2 0.03 1e+16
0.2 0.04 1e+16
0.2 0.05 1e+16
0.2 0.06 1e+16
0.2 0.07 1e+16
0.2 0.08 1e+16
0.2 0.09 1e+16
0.2 0.1 1e+16
0.201 0 1e+16
0.201 0.01 1e+16
0.201 0.02 1e+16
0.201 0.03 1e+16
0.201 0.04 1e+16
0.201 0.05 1e+16
0.201 0.06 1e+16
0.201 0.07 1e+16
0.201 0.08 1e+16
0.201 0.09 1e+16
0.201 0.1 1e+16
0.202 0 1e+16
0.202 0.01 1e+16
0.202 0.02 1e+16
0.202 0.03 1e+16
0.202 0.04 1e+16
0.202 0.05 1e+16
0.202 0.06 1e+16
0.202 0.07 1e+16
0.202 0.08 1e+16
0.202 0.09 1e+16
0.202 0.1 1e+16
0.203 0 1e+16
0.203 0.01 1e+16
0.203 0.02 1e+16
0.203 0.03 1e+16
0.203 0.04 1e+16
0.203 0.05 1e+16
0.203 0.06 1e+16
0.203 0.07 1e+16
0.203 0.08 1e+16
0.203 0.09 1e+16
0.203 0.1 1e+16
0.204 0 1e+16
0.204 0.01 1e+16
0.204 0.02 1e+16
0.204 0.03 1e+16
0.204 0.04 1e+16
0.204 0.05 1e+16
0.204 0.06 1e+16
0.204 0.07 1e+16
0.204 0.08 1e+16
0.204 0.09 1e+16
0.204 0.1 1e+16
0.205 0 1e+16
0.205 0.01 1e+16
0.205 0.02 1e+16
0.205 0.03 1e+16
0.205 0.04 1e+16
0.205 0.05 1e+16
0.205 0.06 1e+16
0.205 0.07 1e+16
0.205 0.08 1e+16
0.205 0.09 1e+16
0.205 0.1 1e+16
0.206 0 1e+16
0.206 0.01 1e+16
0.206 0.02 1e+16
0.206 0.03 1e+16
0.206 0.04 1e+16
0.206 0.05 1e+16
0.206 0.06 1e+16
0.206 0.07 1e+16
0.206 0.08 1e+16
0.206 0.09 1e+16
0.206 0.1 1e+16
0.207 0 1e+16
0.207 0.01 1e+16
0.207 0.02 1e+16
0.207 0.03 1e+16
0.207 0.04 1e+16
0.207 0.05 1e+16
0.207 0.06 1e+16
0.207 0.07 1e+16
0.207 0.08 1e+16
0.207 0.09 1e+16
0.207 0.1 1e+16
0.208 0 1e+16
0.208 0.01 1e+16
0.208 0.02 1e+16
0.208 0.03 1e+16
0.208 0.04 1e+16
0.208 0.05 1e+16
0.208 0.06 1e+16
0.208 0.07 1e+16
0.208 0.08 1e+16
0.208 0.09 1e+16
0.208 0.1 1e+16
0.209 0 1e+16
0.209 0.01 1e+16
0.209 0.02 1e+16
0.209 0.03 1e+16
0.209 0.04 1e+16
0.209 0.05 1e+16
0.209 0.06 1e+16
0.209 0.07 1e+16
0.209 0.08 1e+16
0.209 0.09 1e+16
0.209 0.1 1e+16
0.21 0 1e+16
0.21 0.01 1e+16
0.21 0.02 1e+16
0.21 0.03 1e+16
0.21 0.04 1e+16
0.21 0.05 1e+16
0.21 0.06 1e+16
0.21 0.07 1e+16
0.21 0.08 1e+16
0.21 0.09 1e+16
0.21 0.1 1e+16
0.211 0 1e+16
0.211 0.01 1e+16
0.211 0.02 1e+16
0.211 0.03 1e+16
0.211 0.04 1e+16
0.211 0.05 1e+16
0.211 0.06 1e+16
0.211 0.07 1e+16
0.211 0.08 1e+16
0.211 0.09 1e+16
0.211 0.1 1e+16
0.212 0 1e+16
0.212 0.01 1e+16
0.212 0.02 1e+16
0.212 0.03 1e+16
0.212 0.04 1e+16
0.212 0.05 1e+16
0.212 0.06 1e+16
0.212 0.07 1e+16
0.212 0.08 1e+16
0.212 0.09 1e+16
0.212 0.1 1e+16
0.213 0 1e+16
0.213 0.01 1e+16
0.213 0.02 1e+16
0.213 0.03 1e+16
0.213 0.04 1e+16
0.213 0.05 1e+16
0.213 0.06 1e+16
0.213 0.07 1e+16
0.213 0.08 1e+16
0.213 0.09 1e+16
0.213 0.1 1e+16
0.214 0 1e+16
0.214 0.01 1e+16
0.214 0.02 1e+16
0.214 0.03 1e+16
0.214 0.04 1e+16
0.214 0.05 1e+16
0.214 0.06 1e+16
0.214 0.07 1e+16
0.214 0.08 1e+16
0.214 0.09 1e+16
0.214 0.1 1e+16
0.215 0 1e+16
0.215 0.01 1e+16
0.215 0.02 1e+16
0.215 0.03 1e+16
0.215 0.04 1e+16
0.215 0.05 1e+16
0.215 0.06 1e+16
0.215 0.07 1e+16
0.215 0.08 1e+16
0.215 0.09 1e+16
0.215 0.1 1e+16
0.216 0 1e+16
0.216 0.01 1e+16
0.216 0.02 1e+16
0.216 0.03 1e+16
0.216 0.04 1e+16
0.216 0.05 1e+16
0.216 0.06 1e+16
0.216 0.07 1e+16
0.216 0.08 1e+16
0.216 0.09 1e+16
0.216 0.1 1e+16
0.217 0 1e+16
0.217 0.01 1e+16
0.217 0.02 1e+16
0.217 0.03 1e+16
0.217 0.04 1e+16
0.217 0.05 1e+16
0.217 0.06 1e+16
0.217 0.07 1e+16
0.217 0.08 1e+16
0.217 0.09 1e+16
0.217 0.1 1e+16
0.218 0 1e+16
0.218 0.01 1e+16
0.218 0.02 1e+16
0.218 0.03 1e+16
0.218 0.04 1e+16
0.218 0.05 1e+16
0.218 0.06 1e+16
0.218 0.07 1e+16
0.218 0.08 1e+16
0.218 0.09 1e+16
0.218 0.1 1e+16
0.219 0 1e+16
0.219 0.01 1e+16
0.219 0.02 1e+16
0.219 0.03 1e+16
0.219 0.04 1e+16
0.219 0.05 1e+16
0.219 0.06 1e+16
0.219 0.07 1e+16
0.219 0.08 1e+16
0.219 0.09 1e+16
0.219 0.1 1e+16
0.22 0 1e+16
0.22 0.01 1e+16
0.22 0.02 1e+16
0.22 0.03 1e+16
0.22 0.04 1e+16
0.22 0.05 1e+16
0.22 0.06 1e+16
0.22 0.07 1e+16
0.22 0.08 1e+16
0.22 0.09 1e+16
0.22 0.1 1e+16
0.221 0 1e+16
0.221 0.01 1e+16
0.221 0.02 1e+16
0.221 0.03 1e+16
0.221 0.04 1e+16
0.221 0.05 1e+16
0.221 0.06 1e+16
0.221 0.07 1e+16
0.221 0.08 1e+16
0.221 0.09 1e+16
0.221 0.1 1e+16
0.222 0 1e+16
0.222 0.01 1e+16
0.222 0.02 1e+16
0.222 0.03 1e+16
0.222 0.04 1e+16
0.222 0.05 1e+16
0.222 0.06 1e+16
0.222 0.07 1e+16
0.222 0.08 1e+16
0.222 0.09 1e+16
0.222 0.1 1e+16
0.223 0 1e+16
0.223 0.01 1e+16
0.223 0.02 1e+16
0.223 0.03 1e+16
0.223 0.04 1e+16
0.223 0.05 1e+16
0.223 0.06 1e+16
0.223 0.07 1e+16
0.223 0.08 1e+16
0.223 0.09 1e+16
0.223 0.1 1e+16
0.224 0 1e+16
0.224 0.01 1e+16
0.224 0.02 1e+16
0.224 0.03 1e+16
0.224 0.04 1e+16
0.224 0.05 1e+16
0.224 0.06 1e+16
0.224 0.07 1e+16
0.224 0.08 1e+16
0.224 0.09 1e+16
0.224 0.1 1e+16
0.225 0 1e+16
0.225 0.01 1e+16
0.225 0.02 1e+16
0.225 0.03 1e+16
0.225 0.04 1e+16
0.225 0.05 1e+16
0.225 0.06 1e+16
0.225 0.07 1e+16
0.225 0.08 1e+16
0.225 0.09 1e+16
0.225 0.1 1e+16
0.226 0 1e+16
0.226 0.01 1e+16
0.226 0.02 1e+16
0.226 0.03 1e+16
0.226 0.04 1e+16
0.226 0.05 1e+16
0.226 0.06 1e+16
0.226 0.07 1e+16
0.226 0.08 1e+16
0.226 0.09 1e+16
0.226 0.1 1e+16
0.227 0 1e+16
0.227 0.01 1e+16
0.227 0.02 1e+16
0.227 0.03 1e+16
0.227 0.04 1e+16
0.227 0.05 1e+16
0.227 0.06 1e+16
0.227 0.07 1e+16
0.227 0.08 1e+16
0.227 0.09 1e+16
0.227 0.1 1e+16
0.228 0 1e+16
0.228 0.01 1e+16
0.228 0.02 1e+16
0.228 0.03 1e+16
0.228 0.04 1e+16
0.228 0.05 1e+16
0.228 0.06 1e+16
0.228 0.07 1e+16
0.228 0.08 1e+16
0.228 0.09 1e+16
0.228 0.1 1e+16
0.229 0 1e+16
0.229 0.01 1e+16
0.229 0.02 1e+16
0.229 0.03 1e+16
0.229 0.04 1e+16
0.229 0.05 1e+16
0.229 0.06 1e+16
0.229 0.07 1e+16
0.229 0.08 1e+16
0.229 0.09 1e+16
0.229 0.1 1e+16
0.23 0 1e+16
0.23 0.01 1e+16
0.23 0.02 1e+16
0.23 0.03 1e+16
0.23 0.04 1e+16
0.23 0.05 1e+16
0.23 0.06 1e+16
0.23 0.07 1e+16
0.23 0.08 1e+16
0.23 0.09 1e+16
0.23 0.1 1e+16
0.231 0 1e+16
0.231 0.01 1e+16
0.231 0.02 1e+16
0.231 0.03 1e+16
0.231 0.04 1e+16
0.231 0.05 1e+16
0.231 0.06 1e+16
0.231 0.07 1e+16
0.231 0.08 1e+16
0.231 0.09 1e+16
0.231 0.1 1e+16
0.232 0 1e+16
0.232 0.01 1e+16
0.232 0.02 1e+16
0.232 0.03 1e+16
0.232 0.04 1e+16
0.232 0.05 1e+16
0.232 0.06 1e+16
0.232 0.07 1e+16
0.232 0.08 1e+16
0.232 0.09 1e+16
0.232 0.1 1e+16
0.233 0 1e+16
0.233 0.01 1e+16
0.233 0.02 1e+16
0.233 0.03 1e+16
0.233 0.04 1e+16
0.233 0.05 1e+16
0.233 0.06 1e+16
0.233 0.07 1e+16
0.233 0.08 1e+16
0.233 0.09 1e+16
0.233 0.1 1e+16
0.234 0 1e+16
0.234 0.01 1e+16
0.234 0.02 1e+16
0.234 0.03 1e+16
0.234 0.04 1e+16
0.234 0.05 1e+16
0.234 0.06 1e+16
0.234 0.07 1e+16
0.234 0.08 1e+16
0.234 0.09 1e+16
0.234 0.1 1e+16
0.235 0 1e+16
0.235 0.01 1e+16
0.235 0.02 1e+16
0.235 0.03 1e+16
0.235 0.04 1e+16
0.235 0.05 1e+16
0.235 0.06 1e+16
0.235 0.07 1e+16
0.235 0.08 1e+16
0.235 0.09 1e+16
0.235 0.1 1e+16
0.236 0 1e+16
0.236 0.01 1e+16
0.236 0.02 1e+16
0.236 0.03 1e+16
0.236 0.04 1e+16
0.236 0.05 1e+16
0.236 0.06 1e+16
0.236 0.07 1e+16
0.236 0.08 1e+16
0.236 0.09 1e+16
0.236 0.1 1e+16
0.237 0 1e+16
0.237 0.01 1e+16
0.237 0.02 1e+16
0.237 0.03 1e+16
0.237 0.04 1e+16
0.237 0.05 1e+16
0.237 0.06 1e+16
0.237 0.07 1e+16
0.237 0.08 1e+16
0.237 0.09 1e+16
0.237 0.1 1e+16
0.238 0 1e+16
0.238 0.01 1e+16
0.238 0.02 1e+16
0.238 0.03 1e+16
0.238 0.04 1e+16
0.238 0.05 1e+16
0.238 0.06 1e+16
0.238 0.07 1e+16
0.238 0.08 1e+16
0.238 0.09 1e+16
0.238 0.1 1e+16
0.239 0 1e+16
0.239 0.01 1e+16
0.239 0.02 1e+16
0.239 0.03 1e+16
0.239 0.04 1e+16
0.239 0.05 1e+16
0.239 0.06 1e+16
0.239 0.07 1e+16
0.239 0.08 1e+16
0.239 0.09 1e+16
0.239 0.1 1e+16
0.24 0 1e+16
0.24 0.01 1e+16
0.24 0.02 1e+16
0.24 0.03 1e+16
0.24 0.04 1e+16
0.24 0.05 1e+16
0.24 0.06 1e+16
0.24 0.07 1e+16
0.24 0.08 1e+16
0.24 0.09 1e+16
0.24 0.1 1e+16
0.241 0 1e+16
0.241 0.01 1e+16
0.241 0.02 1e+16
0.241 0.03 1e+16
0.241 0.04 1e+16
0.241 0.05 1e+16
0.241 0.06 1e+16
0.241 0.07 1e+16
0.241 0.08 1e+16
0.241 0.09 1e+16
0.241 0.1 1e+16
0.242 0 1e+16
0.242 0.01 1e+16
0.242 0.02 1e+16
0.242 0.03 1e+16
0.242 0.04 1e+16
0.242 0.05 1e+16
0.242 0.06 1e+16
0.242 0.07 1e+16
0.242 0.08 1e+16
0.242 0.09 1e+16
0.242 0.1 1e+16
0.243 0 1e+16
0.243 0.01 1e+16
0.243 0.02 1e+16
0.243 0.03 1e+16
0.243 0.04 1e+16
0.243 0.05 1e+16
0.243 0.06 1e+16
0.243 0.07 1e+16
0.243 0.08 1e+16
0.243 0.09 1e+16
0.243 0.1 1e+16
0.244 0 1e+16
0.244 0.01 1e+16
0.244 0.02 1e+16
0.244 0.03 1e+16
0.244 0.04 1e+16
0.244 0.05 1e+16
0.244 0.06 1e+16
0.244 0.07 1e+16
0.244 0.08 1e+16
0.244 0.09 1e+16
0.244 0.1 1e+16
0.245 0 1e+16
0.245 0.01 1e+16
0.245 0.02 1e+16
0.245 0.03 1e+16
0.245 0.04 1e+16
0.245 0.05 1e+16
0.245 0.06 1e+16
0.245 0.07 1e+16
0.245 0.08 1e+16
0.245 0.09 1e+16
0.245 0.1 1e+16
0.246 0 1e+16
0.246 0.01 1e+16
0.246 0.02 1e+16
0.246 0.03 1e+16
0.246 0.04 1e+16
0.246 0.05 1e+16
0.246 0.06 1e+16
0.246 0.07 1e+16
0.246 0.08 1e+16
0.246 0.09 1e+16
0.246 0.1 1e+16
0.247 0 1e+16
0.247 0.01 1e+16
0.247 0.02 1e+16
0.247 0.03 1e+16
0.247 0.04 1e+16
0.247 0.05 1e+16
0.247 0.06 1e+16
0.247 0.07 1e+16
0.247 0.08 1e+16
0.247 0.09 1e+16
0.247 0.1 1e+16
0.248 0 1e+16
0.248 0.01 1e+16
0.248 0.02 1e+16
0.248 0.03 1e+16
0.248 0.04 1e+16
0.248 0.05 1e+16
0.248 0.06 1e+16
0.248 0.07 1e+16
0.248 0.08 1e+16
0.248 0.09 1e+16
0.248 0.1 1e+16
0.249 0 1e+16
0.249 0.01 1e+16
0.249 0.02 1e+16
0.249 0.03 1e+16
0.249 0.04 1e+16
0.249 0.05 1e+16
0.249 0.06 1e+16
0.249 0.07 1e+16
0.249 0.08 1e+16
0.249 0.09 1e+16
0.249 0.1 1e+16
0.25 0 1e+16
0.25 0.01 1e+16
0.25 0.02 1e+16
0.25 0.03 1e+16
0.25 0.04 1e+16
0.25 0.05 1e+16
0.25 0.06 1e+16
0.25 0.07 1e+16
0.25 0.08 1e+16
0.25 0.09 1e+16
0.25 0.1 1e+16
0.251 0 1e+16
0.251 0.01 1e+16
0.251 0.02 1e+16
0.251 0.03 1e+16
0.251 0.04 1e+16
0.251 0.05 1e+16
0.251 0.06 1e+16
0.251 0.07 1e+16
0.251 0.08 1e+16
0.251 0.09 1e+16
0.251 0.1 1e+16
0.252 0 1e+16
0.252 0.01 1e+16
0.252 0.02 1e+16
0.252 0.03 1e+16
0.252 0.04 1e+16
0.252 0.05 1e+16
0.252 0.06 1e+16
0.252 0.07 1e+16
0.252 0.08 1e+16
0.252 0.09 1e+16
0.252 0.1 1e+16
0.253 0 1e+16
0.253 0.01 1e+16
0.253 0.02 1e+16
0.253 0.03 1e+16
0.253 0.04 1e+16
0.253 0.05 1e+16
0.253 0.06 1e+16
0.253 0.07 1e+16
0.253 0.08 1e+16
0.253 0.09 1e+16
0.253 0.1 1e+16
0.254 0 1e+16
0.254 0.01 1e+16
0.254 0.02 1e+16
0.254 0.03 1e+16
0.254 0.04 1e+16
0.254 0.05 1e+16
0.254 0.06 1e+16
0.254 0.07 1e+16
0.254 0.08 1e+16
0.254 0.09 1e+16
0.254 0.1 1e+16
0.255 0 1e+16
0.255 0.01 1e+16
0.255 0.02 1e+16
0.255 0.03 1e+16
0.255 0.04 1e+16
0.255 0.05 1e+16
0.255 0.06 1e+16
0.255 0.07 1e+16
0.255 0.08 1e+16
0.255 0.09 1e+16
0.255 0.1 1e+16
0.256 0 1e+16
0.256 0.01 1e+16
0.256 0.02 1e+16
0.256 0.03 1e+16
0.256 0.04 1e+16
0.256 0.05 1e+16
0.256 0.06 1e+16
0.256 0.07 1e+16
0.256 0.08 1e+16
0.256 0.09 1e+16
0.256 0.1 1e+16
0.257 0 1e+16
0.257 0.01 1e+16
0.257 0.02 1e+16
0.257 0.03 1e+16
0.257 0.04 1e+16
0.257 0.05 1e+16
0.257 0.06 1e+16
0.257 0.07 1e+16
0.257 0.08 1e+16
0.257 0.09 1e+16
0.257 0.1 1e+16
0.258 0 1e+16
0.258 0.01 1e+16
0.258 0.02 1e+16
0.258 0.03 1e+16
0.258 0.04 1e+16
0.258 0.05 1e+16
0.258 0.06 1e+16
0.258 0.07 1e+16
0.258 0.08 1e+16
0.258 0.09 1e+16
0.258 0.1 1e+16
0.259 0 1e+16
0.259 0.01 1e+16
0.259 0.02 1e+16
0.259 0.03 1e+16
0.259 0.04 1e+16
0.259 0.05 1e+16
0.259 0.06 1e+16
0.259 0.07 1e+16
0.259 0.08 1e+16
0.259 0.09 1e+16
0.259 0.1 1e+16
0.26 0 1e+16
0.26 0.01 1e+16
0.26 0.02 1e+16
0.26 0.03 1e+16
0.26 0.04 1e+16
0.26 0.05 1e+16
0.26 0.06 1e+16
0.26 0.07 1e+16
0.26 0.08 1e+16
0.26 0.09 1e+16
0.26 0.1 1e+16
0.261 0 1e+16
0.261 0.01 1e+16
0.261 0.02 1e+16
0.261 0.03 1e+16
0.261 0.04 1e+16
0.261 0.05 1e+16
0.261 0.06 1e+16
0.261 0.07 1e+16
0.261 0.08 1e+16
0.261 0.09 1e+16
0.261 0.1 1e+16
0.262 0 1e+16
0.262 0.01 1e+16
0.262 0.02 1e+16
0.262 0.03 1e+16
0.262 0.04 1e+16
0.262 0.05 1e+16
0.262 0.06 1e+16
0.262 0.07 1e+16
0.262 0.08 1e+16
0.262 0.09 1e+16
0.262 0.1 1e+16
0.263 0 1e+16
0.263 0.01 1e+16
0.263 0.02 1e+16
0.263 0.03 1e+16
0.263 0.04 1e+16
0.263 0.05 1e+16
0.263 0.06 1e+16
0.263 0.07 1e+16
0.263 0.08 1e+16
0.263 0.09 1e+16
0.263 0.1 1e+16
0.264 0 1e+16
0.264 0.01 1e+16
0.264 0.02 1e+16
0.264 0.03 1e+16
0.264 0.04 1e+16
0.264 0.05 1e+16
0.264 0.06 1e+16
0.264 0.07 1e+16
0.264 0.08 1e+16
0.264 0.09 1e+16
0.264 0.1 1e+16
0.265 0 1e+16
0.265 0.01 1e+16
0.265 0.02 1e+16
0.265 0.03 1e+16
0.265 0.04 1e+16
0.265 0.05 1e+16
0.265 0.06 1e+16
0.265 0.07 1e+16
0.265 0.08 1e+16
0.265 0.09 1e+16
0.265 0.1 1e+16
0.266 0 1e+16
0.266 0.01 1e+16
0.266 0.02 1e+16
0.266 0.03 1e+16
0.266 0.04 1e+16
0.266 0.05 1e+16
0.266 0.06 1e+16
0.266 0.07 1e+16
0.266 0.08 1e+16
0.266 0.09 1e+16
0.266 0.1 1e+16
0.267 0 1e+16
0.267 0.01 1e+16
0.267 0.02 1e+16
0.267 0.03 1e+16
0.267 0.04 1e+16
0.267 0.05 1e+16
0.267 0.06 1e+16
0.267 0.07 1e+16
0.267 0.08 1e+16
0.267 0.09 1e+16
0.267 0.1 1e+16
0.268 0 1e+16
0.268 0.01 1e+16
0.268 0.02 1e+16
0.268 0.03 1e+16
0.268 0.04 1e+16
0.268 0.05 1e+16
0.268 0.06 1e+16
0.268 0.07 1e+16
0.268 0.08 1e+16
0.268 0.09 1e+16
0.268 0.1 1e+16
0.269 0 1e+16
0.269 0.01 1e+16
0.269 0.02 1e+16
0.269 0.03 1e+16
0.269 0.04 1e+16
0.269 0.05 1e+16
0.269 0.06 1e+16
0.269 0.07 1e+16
0.269 0.08 1e+16
0.269 0.09 1e+16
0.269 0.1 1e+16
0.27 0 1e+16
0.27 0.01 1e+16
0.27 0.02 1e+16
0.27 0.03 1e+16
0.27 0.04 1e+16
0.27 0.05 1e+16
0.27 0.06 1e+16
0.27 0.07 1e+16
0.27 0.08 1e+16
0.27 0.09 1e+16
0.27 0.1 1e+16
0.271 0 1e+16
0.271 0.01 1e+16
0.271 0.02 1e+16
0.271 0.03 1e+16
0.271 0.04 1e+16
0.271 0.05 1e+16
0.271 0.06 1e+16
0.271 0.07 1e+16
0.271 0.08 1e+16
0.271 0.09 1e+16
0.271 0.1 1e+16
0.272 0 1e+16
0.272 0.01 1e+16
0.272 0.02 1e+16
0.272 0.03 1e+16
0.272 0.04 1e+16
0.272 0.05 1e+16
0.272 0.06 1e+16
0.272 0.07 1e+16
0.272 0.08 1e+16
0.272 0.09 1e+16
0.272 0.1 1e+16
0.273 0 1e+16
0.273 0.01 1e+16
0.273 0.02 1e+16
0.273 0.03 1e+16
0.273 0.04 1e+16
0.273 0.05 1e+16
0.273 0.06 1e+16
0.273 0.07 1e+16
0.273 0.08 1e+16
0.273 0.09 1e+16
0.273 0.1 1e+16
0.274 0 1e+16
0.274 0.01 1e+16
0.274 0.02 1e+16
0.274 0.03 1e+16
0.274 0.04 1e+16
0.274 0.05 1e+16
0.274 0.06 1e+16
0.274 0.07 1e+16
0.274 0.08 1e+16
0.274 0.09 1e+16
0.274 0.1 1e+16
0.275 0 1e+16
0.275 0.01 1e+16
0.275 0.02 1e+16
0.275 0.03 1e+16
0.275 0.04 1e+16
0.275 0.05 1e+16
0.275 0.06 1e+16
0.275 0.07 1e+16
0.275 0.08 1e+16
0.275 0.09 1e+16
0.275 0.1 1e+16
0.276 0 1e+16
0.276 0.01 1e+16
0.276 0.02 1e+16
0.276 0.03 1e+16
0.276 0.04 1e+16
0.276 0.05 1e+16
0.276 0.06 1e+16
0.276 0.07 1e+16
0.276 0.08 1e+16
0.276 0.09 1e+16
0.276 0.1 1e+16
0.277 0 1e+16
0.277 0.01 1e+16
0.277 0.02 1e+16
0.277 0.03 1e+16
0.277 0.04 1e+16
0.277 0.05 1e+16
0.277 0.06 1e+16
0.277 0.07 1e+16
0.277 0.08 1e+16
0.277 0.09 1e+16
0.277 0.1 1e+16
0.278 0 1e+16
0.278 0.01 1e+16
0.278 0.02 1e+16
0.278 0.03 1e+16
0.278 0.04 1e+16
0.278 0.05 1e+16
0.278 0.06 1e+16
0.278 0.07 1e+16
0.278 0.08 1e+16
0.278 0.09 1e+16
0.278 0.1 1e+16
0.279 0 1e+16
0.279 0.01 1e+16
0.279 0.02 1e+16
0.279 0.03 1e+16
0.279 0.04 1e+16
0.279 0.05 1e+16
0.279 0.06 1e+16
0.279 0.07 1e+16
0.279 0.08 1e+16
0.279 0.09 1e+16
0.279 0.1 1e+16
0.28 0 1e+16
0.28 0.01 1e+16
0.28 0.02 1e+16
0.28 0.03 1e+16
0.28 0.04 1e+16
0.28 0.05 1e+16
0.28 0.06 1e+16
0.28 0.07 1e+16
0.28 0.08 1e+16
0.28 0.09 1e+16
0.28 0.1 1e+16
0.281 0 1e+16
0.281 0.01 1e+16
0.281 0.02 1e+16
0.281 0.03 1e+16
0.281 0.04 1e+16
0.281 0.05 1e+16
0.281 0.06 1e+16
0.281 0.07 1e+16
0.281 0.08 1e+16
0.281 0.09 1e+16
0.281 0.1 1e+16
0.282 0 1e+16
0.282 0.01 1e+16
0.282 0.02 1e+16
0.282 0.03 1e+16
0.282 0.04 1e+16
0.282 0.05 1e+16
0.282 0.06 1e+16
0.282 0.07 1e+16
0.282 0.08 1e+16
0.282 0.09 1e+16
0.282 0.1 1e+16
0.283 0 1e+16
0.283 0.01 1e+16
0.283 0.02 1e+16
0.283 0.03 1e+16
0.283 0.04 1e+16
0.283 0.05 1e+16
0.283 0.06 1e+16
0.283 0.07 1e+16
0.283 0.08 1e+16
0.283 0.09 1e+16
0.283 0.1 1e+16
0.284 0 1e+16
0.284 0.01 1e+16
0.284 0.02 1e+16
0.284 0.03 1e+16
0.284 0.04 1e+16
0.284 0.05 1e+16
0.284 0.06 1e+16
0.284 0.07 1e+16
0.284 0.08 1e+16
0.284 0.09 1e+16
0.284 0.1 1e+16
0.285 0 1e+16
0.285 0.01 1e+16
0.285 0.02 1e+16
0.285 0.03 1e+16
0.285 0.04 1e+16
0.285 0.05 1e+16
0.285 0.06 1e+16
0.285 0.07 1e+16
0.285 0.08 1e+16
0.285 0.09 1e+16
0.285 0.1 1e+16
0.286 0 1e+16
0.286 0.01 1e+16
0.286 0.02 1e+16
0.286 0.03 1e+16
0.286 0.04 1e+16
0.286 0.05 1e+16
0.286 0.06 1e+16
0.286 0.07 1e+16
0.286 0.08 1e+16
0.286 0.09 1e+16
0.286 0.1 1e+16
0.287 0 1e+16
0.287 0.01 1e+16
0.287 0.02 1e+16
0.287 0.03 1e+16
0.287 0.04 1e+16
0.287 0.05 1e+16
0.287 0.06 1e+16
0.287 0.07 1e+16
0.287 0.08 1e+16
0.287 0.09 1e+16
0.287 0.1 1e+16
0.288 0 1e+16
0.288 0.01 1e+16
0.288 0.02 1e+16
0.288 0.03 1e+16
0.288 0.04 1e+16
0.288 0.05 1e+16
0.288 0.06 1e+16
0.288 0.07 1e+16
0.288 0.08 1e+16
0.288 0.09 1e+16
0.288 0.1 1e+16
0.289 0 1e+16
0.289 0.01 1e+16
0.289 0.02 1e+16
0.289 0.03 1e+16
0.289 0.04 1e+16
0.289 0.05 1e+16
0.289 0.06 1e+16
0.289 0.07 1e+16
0.289 0.08 1e+16
0.289 0.09 1e+16
0.289 0.1 1e+16
0.29 0 1e+16
0.29 0.01 1e+16
0.29 0.02 1e+16
0.29 0.03 1e+16
0.29 0.04 1e+16
0.29 0.05 1e+16
0.29 0.06 1e+16
0.29 0.07 1e+16
0.29 0.08 1e+16
0.29 0.09 1e+16
0.29 0.1 1e+16
0.291 0 1e+16
0.291 0.01 1e+16
0.291 0.02 1e+16
0.291 0.03 1e+16
0.291 0.04 1e+16
0.291 0.05 1e+16
0.291 0.06 1e+16
0.291 0.07 1e+16
0.291 0.08 1e+16
0.291 0.09 1e+16
0.291 0.1 1e+16
0.292 0 1e+16
0.292 0.01 1e+16
0.292 0.02 1e+16
0.292 0.03 1e+16
0.292 0.04 1e+16
0.292 0.05 1e+16
0.292 0.06 1e+16
0.292 0.07 1e+16
0.292 0.08 1e+16
0.292 0.09 1e+16
0.292 0.1 1e+16
0.293 0 1e+16
0.293 0.01 1e+16
0.293 0.02 1e+16
0.293 0.03 1e+16
0.293 0.04 1e+16
0.293 0.05 1e+16
0.293 0.06 1e+16
0.293 0.07 1e+16
0.293 0.08 1e+16
0.293 0.09 1e+16
0.293 0.1 1e+16
0.294 0 1e+16
0.294 0.01 1e+16
0.294 0.02 1e+16
0.294 0.03 1e+16
0.294 0.04 1e+16
0.294 0.05 1e+16
0.294 0.06 1e+16
0.294 0.07 1e+16
0.294 0.08 1e+16
0.294 0.09 1e+16
0.294 0.1 1e+16
0.295 0 1e+16
0.295 0.01 1e+16
0.295 0.02 1e+16
0.295 0.03 1e+16
0.295 0.04 1e+16
0.295 0.05 1e+16
0.295 0.06 1e+16
0.295 0.07 1e+16
0.295 0.08 1e+16
0.295 0.09 1e+16
0.295 0.1 1e+16
0.296 0 1e+16
0.296 0.01 1e+16
0.296 0.02 1e+16
0.296 0.03 1e+16
0.296 0.04 1e+16
0.296 0.05 1e+16
0.296 0.06 1e+16
0.296 0.07 1e+16
0.296 0.08 1e+16
0.296 0.09 1e+16
0.296 0.1 1e+16
0.297 0 1e+16
0.297 0.01 1e+16
0.297 0.02 1e+16
0.297 0.03 1e+16
0.297 0.04 1e+16
0.297 0.05 1e+16
0.297 0.06 1e+16
0.297 0.07 1e+16
0.297 0.08 1e+16
0.297 0.09 1e+16
0.297 0.1 1e+16
0.298 0 1e+16
0.298 0.01 1e+16
0.298 0.02 1e+16
0.298 0.03 1e+16
0.298 0.04 1e+16
0.298 0.05 1e+16
0.298 0.06 1e+16
0.298 0.07 1e+16
0.298 0.08 1e+16
0.298 0.09 1e+16
0.298 0.1 1e+16
0.299 0 1e+16
0.299 0.01 1e+16
0.299 0.02 1e+16
0.299 0.03 1e+16
0.299 0.04 1e+16
0.299 0.05 1e+16
0.299 0.06 1e+16
0.299 0.07 1e+16
0.299 0.08 1e+16
0.299 0.09 1e+16
0.299 0.1 1e+16
0.3 0 1e+16
0.3 0 1e+19
0.3 0.01 1e+16
0.3 0.01 1e+19
0.3 0.02 1e+16
0.3 0.02 1e+19
0.3 0.03 1e+16
0.3 0.03 1e+19
0.3 0.04 1e+16
0.3 0.04 1e+19
0.3 0.05 1e+16
0.3 0.05 1e+19
0.3 0.06 1e+16
0.3 0.06 1e+19
0.3 0.07 1e+16
0.3 0.07 1e+19
0.3 0.08 1e+16
0.3 0.08 1e+19
0.3 0.09 1e+16
0.3 0.09 1e+19
0.3 0.1 1e+16
0.3 0.1 1e+19
0.301 0 1e+19
0.301 0.01 1e+19
0.301 0.02 1e+19
0.301 0.03 1e+19
0.301 0.04 1e+19
0.301 0.05 1e+19
0.301 0.06 1e+19
0.301 0.07 1e+19
0.301 0.08 1e+19
0.301 0.09 1e+19
0.301 0.1 1e+19
0.302 0 1e+19
0.302 0.01 1e+19
0.302 0.02 1e+19
0.302 0.03 1e+19
0.302 0.04 1e+19
0.302 0.05 1e+19
0.302 0.06 1e+19
0.302 0.07 1e+19
0.302 0.08 1e+19
0.302 0.09 1e+19
0.302 0.1 1e+19
0.303 0 1e+19
0.303 0.01 1e+19
0.303 0.02 1e+19
0.303 0.03 1e+19
0.303 0.04 1e+19
0.303 0.05 1e+19
0.303 0.06 1e+19
0.303 0.07 1e+19
0.303 0.08 1e+19
0.303 0.09 1e+19
0.303 0.1 1e+19
0.304 0 1e+19
0.304 0.01 1e+19
0.304 0.02 1e+19
0.304 0.03 1e+19
0.304 0.04 1e+19
0.304 0.05 1e+19
0.304 0.06 1e+19
0.304 0.07 1e+19
0.304 0.08 1e+19
0.304 0.09 1e+19
0.304 0.1 1e+19
0.305 0 1e+19
0.305 0.01 1e+19
0.305 0.02 1e+19
0.305 0.03 1e+19
0.305 0.04 1e+19
0.305 0.05 1e+19
0.305 0.06 1e+19
0.305 0.07 1e+19
0.305 0.08 1e+19
0.305 0.09 1e+19
0.305 0.1 1e+19
0.306 0 1e+19
0.306 0.01 1e+19
0.306 0.02 1e+19
0.306 0.03 1e+19
0.306 0.04 1e+19
0.306 0.05 1e+19
0.306 0.06 1e+19
0.306 0.07 1e+19
0.306 0.08 1e+19
0.306 0.09 1e+19
0.306 0.1 1e+19
0.307 0 1e+19
0.307 0.01 1e+19
0.307 0.02 1e+19
0.307 0.03 1e+19
0.307 0.04 1e+19
0.307 0.05 1e+19
0.307 0.06 1e+19
0.307 0.07 1e+19
0.307 0.08 1e+19
0.307 0.09 1e+19
0.307 0.1 1e+19
0.308 0 1e+19
0.308 0.01 1e+19
0.308 0.02 1e+19
0.308 0.03 1e+19
0.308 0.04 1e+19
0.308 0.05 1e+19
0.308 0.06 1e+19
0.308 0.07 1e+19
0.308 0.08 1e+19
0.308 0.09 1e+19
0.308 0.1 1e+19
0.309 0 1e+19
0.309 0.01 1e+19
0.309 0.02 1e+19
0.309 0.03 1e+19
0.309 0.04 1e+19
0.309 0.05 1e+19
0.309 0.06 1e+19
0.309 0.07 1e+19
0.309 0.08 1e+19
0.309 0.09 1e+19
0.309 0.1 1e+19
0.31 0 1e+19
0.31 0.01 1e+19
0.31 0.02 1e+19
0.31 0.03 1e+19
0.31 0.04 1e+19
0.31 0.05 1e+19
0.31 0.06 1e+19
0.31 0.07 1e+19
0.31 0.08 1e+19
0.31 0.09 1e+19
0.31 0.1 1e+19
0.311 0 1e+19
0.311 0.01 1e+19
0.311 0.02 1e+19
0.311 0.03 1e+19
0.311 0.04 1e+19
0.311 0.05 1e+19
0.311 0.06 1e+19
0.311 0.07 1e+19
0.311 0.08 1e+19
0.311 0.09 1e+19
0.311 0.1 1e+19
0.312 0 1e+19
0.312 0.01 1e+19
0.312 0.02 1e+19
0.312 0.03 1e+19
0.312 0.04 1e+19
0.312 0.05 1e+19
0.312 0.06 1e+19
0.312 0.07 1e+19
0.312 0.08 1e+19
0.312 0.09 1e+19
0.312 0.1 1e+19
0.313 0 1e+19
0.313 0.01 1e+19
0.313 0.02 1e+19
0.313 0.03 1e+19
0.313 0.04 1e+19
0.313 0.05 1e+19
0.313 0.06 1e+19
0.313 0.07 1e+19
0.313 0.08 1e+19
0.313 0.09 1e+19
0.313 0.1 1e+19
0.314 0 1e+19
0.314 0.01 1e+19
0.314 0.02 1e+19
0.314 0.03 1e+19
0.314 0.04 1e+19
0.314 0.05 1e+19
0.314 0.06 1e+19
0.314 0.07 1e+19
0.314 0.08 1e+19
0.314 0.09 1e+19
0.314 0.1 1e+19
0.315 0 1e+19
0.315 0.01 1e+19
0.315 0.02 1e+19
0.315 0.03 1e+19
0.315 0.04 1e+19
0.315 0.05 1e+19
0.315 0.06 1e+19
0.315 0.07 1e+19
0.315 0.08 1e+19
0.315 0.09 1e+19
0.315 0.1 1e+19
0.316 0 1e+19
0.316 0.01 1e+19
0.316 0.02 1e+19
0.316 0.03 1e+19
0.316 0.04 1e+19
0.316 0.05 1e+19
0.316 0.06 1e+19
0.316 0.07 1e+19
0.316 0.08 1e+19
0.316 0.09 1e+19
0.316 0.1 1e+19
0.317 0 1e+19
0.317 0.01 1e+19
0.317 0.02 1e+19
0.317 0.03 1e+19
0.317 0.04 1e+19
0.317 0.05 1e+19
0.317 0.06 1e+19
0.317 0.07 1e+19
0.317 0.08 1e+19
0.317 0.09 1e+19
0.317 0.1 1e+19
0.318 0 1e+19
0.318 0.01 1e+19
0.318 0.02 1e+19
0.318 0.03 1e+19
0.318 0.04 1e+19
0.318 0.05 1e+19
0.318 0.06 1e+19
0.318 0.07 1e+19
0.318 0.08 1e+19
0.318 0.09 1e+19
0.318 0.1 1e+19
0.319 0 1e+19
0.319 0.01 1e+19
0.319 0.02 1e+19
0.319 0.03 1e+19
0.319 0.04 1e+19
0.319 0.05 1e+19
0.319 0.06 1e+19
0.319 0.07 1e+19
0.319 0.08 1e+19
0.319 0.09 1e+19
0.319 0.1 1e+19
0.32 0 1e+19
0.32 0.01 1e+19
0.32 0.02 1e+19
0.32 0.03 1e+19
0.32 0.04 1e+19
0.32 0.05 1e+19
0.32 0.06 1e+19
0.32 0.07 1e+19
0.32 0.08 1e+19
0.32 0.09 1e+19
0.32 0.1 1e+19
0.321 0 1e+19
0.321 0.01 1e+19
0.321 0.02 1e+19
0.321 0.03 1e+19
0.321 0.04 1e+19
0.321 0.05 1e+19
0.321 0.06 1e+19
0.321 0.07 1e+19
0.321 0.08 1e+19
0.321 0.09 1e+19
0.321 0.1 1e+19
0.322 0 1e+19
0.322 0.01 1e+19
0.322 0.02 1e+19
0.322 0.03 1e+19
0.322 0.04 1e+19
0.322 0.05 1e+19
0.322 0.06 1e+19
0.322 0.07 1e+19
0.322 0.08 1e+19
0.322 0.09 1e+19
0.322 0.1 1e+19
0.323 0 1e+19
0.323 0.01 1e+19
0.323 0.02 1e+19
0.323 0.03 1e+19
0.323 0.04 1e+19
0.323 0.05 1e+19
0.323 0.06 1e+19
0.323 0.07 1e+19
0.323 0.08 1e+19
0.323 0.09 1e+19
0.323 0.1 1e+19
0.324 0 1e+19
0.324 0.01 1e+19
0.324 0.02 1e+19
0.324 0.03 1e+19
0.324 0.04 1e+19
0.324 0.05 1e+19
0.324 0.06 1e+19
0.324 0.07 1e+19
0.324 0.08 1e+19
0.324 0.09 1e+19
0.324 0.1 1e+19
0.325 0 1e+19
0.325 0.01 1e+19
0.325 0.02 1e+19
0.325 0.03 1e+19
0.325 0.04 1e+19
0.325 0.05 1e+19
0.325 0.06 1e+19
0.325 0.07 1e+19
0.325 0.08 1e+19
0.325 0.09 1e+19
0.325 0.1 1e+19
0.326 0 1e+19
0.326 0.01 1e+19
0.326 0.02 1e+19
0.326 0.03 1e+19
0.326 0.04 1e+19
0.326 0.05 1e+19
0.326 0.06 1e+19
0.326 0.07 1e+19
0.326 0.08 1e+19
0.326 0.09 1e+19
0.326 0.1 1e+19
0.327 0 1e+19
0.327 0.01 1e+19
0.327 0.02 1e+19
0.327 0.03 1e+19
0.327 0.04 1e+19
0.327 0.05 1e+19
0.327 0.06 1e+19
0.327 0.07 1e+19
0.327 0.08 1e+19
0.327 0.09 1e+19
0.327 0.1 1e+19
0.328 0 1e+19
0.328 0.01 1e+19
0.328 0.02 1e+19
0.328 0.03 1e+19
0.328 0.04 1e+19
0.328 0.05 1e+19
0.328 0.06 1e+19
0.328 0.07 1e+19
0.328 0.08 1e+19
0.328 0.09 1e+19
0.328 0.1 1e+19
0.329 0 1e+19
0.329 0.01 1e+19
0.329 0.02 1e+19
0.329 0.03 1e+19
0.329 0.04 1e+19
0.329 0.05 1e+19
0.329 0.06 1e+19
0.329 0.07 1e+19
0.329 0.08 1e+19
0.329 0.09 1e+19
0.329 0.1 1e+19
0.33 0 1e+19
0.33 0.01 1e+19
0.33 0.02 1e+19
0.33 0.03 1e+19
0.33 0.04 1e+19
0.33 0.05 1e+19
0.33 0.06 1e+19
0.33 0.07 1e+19
0.33 0.08 1e+19
0.33 0.09 1e+19
0.33 0.1 1e+19
0.331 0 1e+19
0.331 0.01 1e+19
0.331 0.02 1e+19
0.331 0.03 1e+19
0.331 0.04 1e+19
0.331 0.05 1e+19
0.331 0.06 1e+19
0.331 0.07 1e+19
0.331 0.08 1e+19
0.331 0.09 1e+19
0.331 0.1 1e+19
0.332 0 1e+19
0.332 0.01 1e+19
0.332 0.02 1e+19
0.332 0.03 1e+19
0.332 0.04 1e+19
0.332 0.05 1e+19
0.332 0.06 1e+19
0.332 0.07 1e+19
0.332 0.08 1e+19
0.332 0.09 1e+19
0.332 0.1 1e+19
0.333 0 1e+19
0.333 0.01 1e+19
0.333 0.02 1e+19
0.333 0.03 1e+19
0.333 0.04 1e+19
0.333 0.05 1e+19
0.333 0.06 1e+19
0.333 0.07 1e+19
0.333 0.08 1e+19
0.333 0.09 1e+19
0.333 0.1 1e+19
0.334 0 1e+19
0.334 0.01 1e+19
0.334 0.02 1e+19
0.334 0.03 1e+19
0.334 0.04 1e+19
0.334 0.05 1e+19
0.334 0.06 1e+19
0.334 0.07 1e+19
0.334 0.08 1e+19
0.334 0.09 1e+19
0.334 0.1 1e+19
0.335 0 1e+19
0.335 0.01 1e+19
0.335 0.02 1e+19
0.335 0.03 1e+19
0.335 0.04 1e+19
0.335 0.05 1e+19
0.335 0.06 1e+19
0.335 0.07 1e+19
0.335 0.08 1e+19
0.335 0.09 1e+19
0.335 0.1 1e+19
0.336 0 1e+19
0.336 0.01 1e+19
0.336 0.02 1e+19
0.336 0.03 1e+19
0.336 0.04 1e+19
0.336 0.05 1e+19
0.336 0.06 1e+19
0.336 0.07 1e+19
0.336 0.08 1e+19
0.336 0.09 1e+19
0.336 0.1 1e+19
0.337 0 1e+19
0.337 0.01 1e+19
0.337 0.02 1e+19
0.337 0.03 1e+19
0.337 0.04 1e+19
0.337 0.05 1e+19
0.337 0.06 1e+19
0.337 0.07 1e+19
0.337 0.08 1e+19
0.337 0.09 1e+19
0.337 0.1 1e+19
0.338 0 1e+19
0.338 0.01 1e+19
0.338 0.02 1e+19
0.338 0.03 1e+19
0.338 0.04 1e+19
0.338 0.05 1e+19
0.338 0.06 1e+19
0.338 0.07 1e+19
0.338 0.08 1e+19
0.338 0.09 1e+19
0.338 0.1 1e+19
0.339 0 1e+19
0.339 0.01 1e+19
0.339 0.02 1e+19
0.339 0.03 1e+19
0.339 0.04 1e+19
0.339 0.05 1e+19
0.339 0.06 1e+19
0.339 0.07 1e+19
0.339 0.08 1e+19
0.339 0.09 1e+19
0.339 0.1 1e+19
0.34 0 1e+19
0.34 0.01 1e+19
0.34 0.02 1e+19
0.34 0.03 1e+19
0.34 0.04 1e+19
0.34 0.05 1e+19
0.34 0.06 1e+19
0.34 0.07 1e+19
0.34 0.08 1e+19
0.34 0.09 1e+19
0.34 0.1 1e+19
0.341 0 1e+19
0.341 0.01 1e+19
0.341 0.02 1e+19
0.341 0.03 1e+19
0.341 0.04 1e+19
0.341 0.05 1e+19
0.341 0.06 1e+19
0.341 0.07 1e+19
0.341 0.08 1e+19
0.341 0.09 1e+19
0.341 0.1 1e+19
0.342 0 1e+19
0.342 0.01 1e+19
0.342 0.02 1e+19
0.342 0.03 1e+19
0.342 0.04 1e+19
0.342 0.05 1e+19
0.342 0.06 1e+19
0.342 0.07 1e+19
0.342 0.08 1e+19
0.342 0.09 1e+19
0.342 0.1 1e+19
0.343 0 1e+19
0.343 0.01 1e+19
0.343 0.02 1e+19
0.343 0.03 1e+19
0.343 0.04 1e+19
0.343 0.05 1e+19
0.343 0.06 1e+19
0.343 0.07 1e+19
0.343 0.08 1e+19
0.343 0.09 1e+19
0.343 0.1 1e+19
0.344 0 1e+19
0.344 0.01 1e+19
0.344 0.02 1e+19
0.344 0.03 1e+19
0.344 0.04 1e+19
0.344 0.05 1e+19
0.344 0.06 1e+19
0.344 0.07 1e+19
0.344 0.08 1e+19
0.344 0.09 1e+19
0.344 0.1 1e+19
0.345 0 1e+19
0.345 0.01 1e+19
0.345 0.02 1e+19
0.345 0.03 1e+19
0.345 0.04 1e+19
0.345 0.05 1e+19
0.345 0.06 1e+19
0.345 0.07 1e+19
0.345 0.08 1e+19
0.345 0.09 1e+19
0.345 0.1 1e+19
0.346 0 1e+19
0.346 0.01 1e+19
0.346 0.02 1e+19
0.346 0.03 1e+19
0.346 0.04 1e+19
0.346 0.05 1e+19
0.346 0.06 1e+19
0.346 0.07 1e+19
0.346 0.08 1e+19
0.346 0.09 1e+19
0.346 0.1 1e+19
0.347 0 1e+19
0.347 0.01 1e+19
0.347 0.02 1e+19
0.347 0.03 1e+19
0.347 0.04 1e+19
0.347 0.05 1e+19
0.347 0.06 1e+19
0.347 0.07 1e+19
0.347 0.08 1e+19
0.347 0.09 1e+19
0.347 0.1 1e+19
0.348 0 1e+19
0.348 0.01 1e+19
0.348 0.02 1e+19
0.348 0.03 1e+19
0.348 0.04 1e+19
0.348 0.05 1e+19
0.348 0.06 1e+19
0.348 0.07 1e+19
0.348 0.08 1e+19
0.348 0.09 1e+19
0.348 0.1 1e+19
0.349 0 1e+19
0.349 0.01 1e+19
0.349 0.02 1e+19
0.349 0.03 1e+19
0.349 0.04 1e+19
0.349 0.05 1e+19
0.349 0.06 1e+19
0.349 0.07 1e+19
0.349 0.08 1e+19
0.349 0.09 1e+19
0.349 0.1 1e+19
0.35 0 1e+19
0.35 0.01 1e+19
0.35 0.02 1e+19
0.35 0.03 1e+19
0.35 0.04 1e+19
0.35 0.05 1e+19
0.35 0.06 1e+19
0.35 0.07 1e+19
0.35 0.08 1e+19
0.35 0.09 1e+19
0.35 0.1 1e+19
0.351 0 1e+19
0.351 0.01 1e+19
0.351 0.02 1e+19
0.351 0.03 1e+19
0.351 0.04 1e+19
0.351 0.05 1e+19
0.351 0.06 1e+19
0.351 0.07 1e+19
0.351 0.08 1e+19
0.351 0.09 1e+19
0.351 0.1 1e+19
0.352 0 1e+19
0.352 0.01 1e+19
0.352 0.02 1e+19
0.352 0.03 1e+19
0.352 0.04 1e+19
0.352 0.05 1e+19
0.352 0.06 1e+19
0.352 0.07 1e+19
0.352 0.08 1e+19
0.352 0.09 1e+19
0.352 0.1 1e+19
0.353 0 1e+19
0.353 0.01 1e+19
0.353 0.02 1e+19
0.353 0.03 1e+19
0.353 0.04 1e+19
0.353 0.05 1e+19
0.353 0.06 1e+19
0.353 0.07 1e+19
0.353 0.08 1e+19
0.353 0.09 1e+19
0.353 0.1 1e+19
0.354 0 1e+19
0.354 0.01 1e+19
0.354 0.02 1e+19
0.354 0.03 1e+19
0.354 0.04 1e+19
0.354 0.05 1e+19
0.354 0.06 1e+19
0.354 0.07 1e+19
0.354 0.08 1e+19
0.354 0.09 1e+19
0.354 0.1 1e+19
0.355 0 1e+19
0.355 0.01 1e+19
0.355 0.02 1e+19
0.355 0.03 1e+19
0.355 0.04 1e+19
0.355 0.05 1e+19
0.355 0.06 1e+19
0.355 0.07 1e+19
0.355 0.08 1e+19
0.355 0.09 1e+19
0.355 0.1 1e+19
0.356 0 1e+19
0.356 0.01 1e+19
0.356 0.02 1e+19
0.356 0.03 1e+19
0.356 0.04 1e+19
0.356 0.05 1e+19
0.356 0.06 1e+19
0.356 0.07 1e+19
0.356 0.08 1e+19
0.356 0.09 1e+19
0.356 0.1 1e+19
0.357 0 1e+19
0.357 0.01 1e+19
0.357 0.02 1e+19
0.357 0.03 1e+19
0.357 0.04 1e+19
0.357 0.05 1e+19
0.357 0.06 1e+19
0.357 0.07 1e+19
0.357 0.08 1e+19
0.357 0.09 1e+19
0.357 0.1 1e+19
0.358 0 1e+19
0.358 0.01 1e+19
0.358 0.02 1e+19
0.358 0.03 1e+19
0.358 0.04 1e+19
0.358 0.05 1e+19
0.358 0.06 1e+19
0.358 0.07 1e+19
0.358 0.08 1e+19
0.358 0.09 1e+19
0.358 0.1 1e+19
0.359 0 1e+19
0.359 0.01 1e+19
0.359 0.02 1e+19
0.359 0.03 1e+19
0.359 0.04 1e+19
0.359 0.05 1e+19
0.359 0.06 1e+19
0.359 0.07 1e+19
0.359 0.08 1e+19
0.359 0.09 1e+19
0.359 0.1 1e+19
0.36 0 1e+19
0.36 0.01 1e+19
0.36 0.02 1e+19
0.36 0.03 1e+19
0.36 0.04 1e+19
0.36 0.05 1e+19
0.36 0.06 1e+19
0.36 0.07 1e+19
0.36 0.08 1e+19
0.36 0.09 1e+19
0.36 0.1 1e+19
0.361 0 1e+19
0.361 0.01 1e+19
0.361 0.02 1e+19
0.361 0.03 1e+19
0.361 0.04 1e+19
0.361 0.05 1e+19
0.361 0.06 1e+19
0.361 0.07 1e+19
0.361 0.08 1e+19
0.361 0.09 1e+19
0.361 0.1 1e+19
0.362 0 1e+19
0.362 0.01 1e+19
0.362 0.02 1e+19
0.362 0.03 1e+19
0.362 0.04 1e+19
0.362 0.05 1e+19
0.362 0.06 1e+19
0.362 0.07 1e+19
0.362 0.08 1e+19
0.362 0.09 1e+19
0.362 0.1 1e+19
0.363 0 1e+19
0.363 0.01 1e+19
0.363 0.02 1e+19
0.363 0.03 1e+19
0.363 0.04 1e+19
0.363 0.05 1e+19
0.363 0.06 1e+19
0.363 0.07 1e+19
0.363 0.08 1e+19
0.363 0.09 1e+19
0.363 0.1 1e+19
0.364 0 1e+19
0.364 0.01 1e+19
0.364 0.02 1e+19
0.364 0.03 1e+19
0.364 0.04 1e+19
0.364 0.05 1e+19
0.364 0.06 1e+19
0.364 0.07 1e+19
0.364 0.08 1e+19
0.364 0.09 1e+19
0.364 0.1 1e+19
0.365 0 1e+19
0.365 0.01 1e+19
0.365 0.02 1e+19
0.365 0.03 1e+19
0.365 0.04 1e+19
0.365 0.05 1e+19
0.365 0.06 1e+19
0.365 0.07 1e+19
0.365 0.08 1e+19
0.365 0.09 1e+19
0.365 0.1 1e+19
0.366 0 1e+19
0.366 0.01 1e+19
0.366 0.02 1e+19
0.366 0.03 1e+19
0.366 0.04 1e+19
0.366 0.05 1e+19
0.366 0.06 1e+19
0.366 0.07 1e+19
0.366 0.08 1e+19
0.366 0.09 1e+19
0.366 0.1 1e+19
0.367 0 1e+19
0.367 0.01 1e+19
0.367 0.02 1e+19
0.367 0.03 1e+19
0.367 0.04 1e+19
0.367 0.05 1e+19
0.367 0.06 1e+19
0.367 0.07 1e+19
0.367 0.08 1e+19
0.367 0.09 1e+19
0.367 0.1 1e+19
0.368 0 1e+19
0.368 0.01 1e+19
0.368 0.02 1e+19
0.368 0.03 1e+19
0.368 0.04 1e+19
0.368 0.05 1e+19
0.368 0.06 1e+19
0.368 0.07 1e+19
0.368 0.08 1e+19
0.368 0.09 1e+19
0.368 0.1 1e+19
0.369 0 1e+19
0.369 0.01 1e+19
0.369 0.02 1e+19
0.369 0.03 1e+19
0.369 0.04 1e+19
0.369 0.05 1e+19
0.369 0.06 1e+19
0.369 0.07 1e+19
0.369 0.08 1e+19
0.369 0.09 1e+19
0.369 0.1 1e+19
0.37 0 1e+19
0.37 0.01 1e+19
0.37 0.02 1e+19
0.37 0.03 1e+19
0.37 0.04 1e+19
0.37 0.05 1e+19
0.37 0.06 1e+19
0.37 0.07 1e+19
0.37 0.08 1e+19
0.37 0.09 1e+19
0.37 0.1 1e+19
0.371 0 1e+19
0.371 0.01 1e+19
0.371 0.02 1e+19
0.371 0.03 1e+19
0.371 0.04 1e+19
0.371 0.05 1e+19
0.371 0.06 1e+19
0.371 0.07 1e+19
0.371 0.08 1e+19
0.371 0.09 1e+19
0.371 0.1 1e+19
0.372 0 1e+19
0.372 0.01 1e+19
0.372 0.02 1e+19
0.372 0.03 1e+19
0.372 0.04 1e+19
0.372 0.05 1e+19
0.372 0.06 1e+19
0.372 0.07 1e+19
0.372 0.08 1e+19
0.372 0.09 1e+19
0.372 0.1 1e+19
0.373 0 1e+19
0.373 0.01 1e+19
0.373 0.02 1e+19
0.373 0.03 1e+19
0.373 0.04 1e+19
0.373 0.05 1e+19
0.373 0.06 1e+19
0.373 0.07 1e+19
0.373 0.08 1e+19
0.373 0.09 1e+19
0.373 0.1 1e+19
0.374 0 1e+19
0.374 0.01 1e+19
0.374 0.02 1e+19
0.374 0.03 1e+19
0.374 0.04 1e+19
0.374 0.05 1e+19
0.374 0.06 1e+19
0.374 0.07 1e+19
0.374 0.08 1e+19
0.374 0.09 1e+19
0.374 0.1 1e+19
0.375 0 1e+19
0.375 0.01 1e+19
0.375 0.02 1e+19
0.375 0.03 1e+19
0.375 0.04 1e+19
0.375 0.05 1e+19
0.375 0.06 1e+19
0.375 0.07 1e+19
0.375 0.08 1e+19
0.375 0.09 1e+19
0.375 0.1 1e+19
0.376 0 1e+19
0.376 0.01 1e+19
0.376 0.02 1e+19
0.376 0.03 1e+19
0.376 0.04 1e+19
0.376 0.05 1e+19
0.376 0.06 1e+19
0.376 0.07 1e+19
0.376 0.08 1e+19
0.376 0.09 1e+19
0.376 0.1 1e+19
0.377 0 1e+19
0.377 0.01 1e+19
0.377 0.02 1e+19
0.377 0.03 1e+19
0.377 0.04 1e+19
0.377 0.05 1e+19
0.377 0.06 1e+19
0.377 0.07 1e+19
0.377 0.08 1e+19
0.377 0.09 1e+19
0.377 0.1 1e+19
0.378 0 1e+19
0.378 0.01 1e+19
0.378 0.02 1e+19
0.378 0.03 1e+19
0.378 0.04 1e+19
0.378 0.05 1e+19
0.378 0.06 1e+19
0.378 0.07 1e+19
0.378 0.08 1e+19
0.378 0.09 1e+19
0.378 0.1 1e+19
0.379 0 1e+19
0.379 0.01 1e+19
0.379 0.02 1e+19
0.379 0.03 1e+19
0.379 0.04 1e+19
0.379 0.05 1e+19
0.379 0.06 1e+19
0.379 0.07 1e+19
0.379 0.08 1e+19
0.379 0.09 1e+19
0.379 0.1 1e+19
0.38 0 1e+19
0.38 0.01 1e+19
0.38 0.02 1e+19
0.38 0.03 1e+19
0.38 0.04 1e+19
0.38 0.05 1e+19
0.38 0.06 1e+19
0.38 0.07 1e+19
0.38 0.08 1e+19
0.38 0.09 1e+19
0.38 0.1 1e+19
0.381 0 1e+19
0.381 0.01 1e+19
0.381 0.02 1e+19
0.381 0.03 1e+19
0.381 0.04 1e+19
0.381 0.05 1e+19
0.381 0.06 1e+19
0.381 0.07 1e+19
0.381 0.08 1e+19
0.381 0.09 1e+19
0.381 0.1 1e+19
0.382 0 1e+19
0.382 0.01 1e+19
0.382 0.02 1e+19
0.382 0.03 1e+19
0.382 0.04 1e+19
0.382 0.05 1e+19
0.382 0.06 1e+19
0.382 0.07 1e+19
0.382 0.08 1e+19
0.382 0.09 1e+19
0.382 0.1 1e+19
0.383 0 1e+19
0.383 0.01 1e+19
0.383 0.02 1e+19
0.383 0.03 1e+19
0.383 0.04 1e+19
0.383 0.05 1e+19
0.383 0.06 1e+19
0.383 0.07 1e+19
0.383 0.08 1e+19
0.383 0.09 1e+19
0.383 0.1 1e+19
0.384 0 1e+19
0.384 0.01 1e+19
0.384 0.02 1e+19
0.384 0.03 1e+19
0.384 0.04 1e+19
0.384 0.05 1e+19
0.384 0.06 1e+19
0.384 0.07 1e+19
0.384 0.08 1e+19
0.384 0.09 1e+19
0.384 0.1 1e+19
0.385 0 1e+19
0.385 0.01 1e+19
0.385 0.02 1e+19
0.385 0.03 1e+19
0.385 0.04 1e+19
0.385 0.05 1e+19
0.385 0.06 1e+19
0.385 0.07 1e+19
0.385 0.08 1e+19
0.385 0.09 1e+19
0.385 0.1 1e+19
0.386 0 1e+19
0.386 0.01 1e+19
0.386 0.02 1e+19
0.386 0.03 1e+19
0.386 0.04 1e+19
0.386 0.05 1e+19
0.386 0.06 1e+19
0.386 0.07 1e+19
0.386 0.08 1e+19
0.386 0.09 1e+19
0.386 0.1 1e+19
0.387 0 1e+19
0.387 0.01 1e+19
0.387 0.02 1e+19
0.387 0.03 1e+19
0.387 0.04 1e+19
0.387 0.05 1e+19
0.387 0.06 1e+19
0.387 0.07 1e+19
0.387 0.08 1e+19
0.387 0.09 1e+19
0.387 0.1 1e+19
0.388 0 1e+19
0.388 0.01 1e+19
0.388 0.02 1e+19
0.388 0.03 1e+19
0.388 0.04 1e+19
0.388 0.05 1e+19
0.388 0.06 1e+19
0.388 0.07 1e+19
0.388 0.08 1e+19
0.388 0.09 1e+19
0.388 0.1 1e+19
0.389 0 1e+19
0.389 0.01 1e+19
0.389 0.02 1e+19
0.389 0.03 1e+19
0.389 0.04 1e+19
0.389 0.05 1e+19
0.389 0.06 1e+19
0.389 0.07 1e+19
0.389 0.08 1e+19
0.389 0.09 1e+19
0.389 0.1 1e+19
0.39 0 1e+19
0.39 0.01 1e+19
0.39 0.02 1e+19
0.39 0.03 1e+19
0.39 0.04 1e+19
0.39 0.05 1e+19
0.39 0.06 1e+19
0.39 0.07 1e+19
0.39 0.08 1e+19
0.39 0.09 1e+19
0.39 0.1 1e+19
0.391 0 1e+19
0.391 0.01 1e+19
0.391 0.02 1e+19
0.391 0.03 1e+19
0.391 0.04 1e+19
0.391 0.05 1e+19
0.391 0.06 1e+19
0.391 0.07 1e+19
0.391 0.08 1e+19
0.391 0.09 1e+19
0.391 0.1 1e+19
0.392 0 1e+19
0.392 0.01 1e+19
0.392 0.02 1e+19
0.392 0.03 1e+19
0.392 0.04 1e+19
0.392 0.05 1e+19
0.392 0.06 1e+19
0.392 0.07 1e+19
0.392 0.08 1e+19
0.392 0.09 1e+19
0.392 0.1 1e+19
0.393 0 1e+19
0.393 0.01 1e+19
0.393 0.02 1e+19
0.393 0.03 1e+19
0.393 0.04 1e+19
0.393 0.05 1e+19
0.393 0.06 1e+19
0.393 0.07 1e+19
0.393 0.08 1e+19
0.393 0.09 1e+19
0.393 0.1 1e+19
0.394 0 1e+19
0.394 0.01 1e+19
0.394 0.02 1e+19
0.394 0.03 1e+19
0.394 0.04 1e+19
0.394 0.05 1e+19
0.394 0.06 1e+19
0.394 0.07 1e+19
0.394 0.08 1e+19
0.394 0.09 1e+19
0.394 0.1 1e+19
0.395 0 1e+19
0.395 0.01 1e+19
0.395 0.02 1e+19
0.395 0.03 1e+19
0.395 0.04 1e+19
0.395 0.05 1e+19
0.395 0.06 1e+19
0.395 0.07 1e+19
0.395 0.08 1e+19
0.395 0.09 1e+19
0.395 0.1 1e+19
0.396 0 1e+19
0.396 0.01 1e+19
0.396 0.02 1e+19
0.396 0.03 1e+19
0.396 0.04 1e+19
0.396 0.05 1e+19
0.396 0.06 1e+19
0.396 0.07 1e+19
0.396 0.08 1e+19
0.396 0.09 1e+19
0.396 0.1 1e+19
0.397 0 1e+19
0.397 0.01 1e+19
0.397 0.02 1e+19
0.397 0.03 1e+19
0.397 0.04 1e+19
0.397 0.05 1e+19
0.397 0.06 1e+19
0.397 0.07 1e+19
0.397 0.08 1e+19
0.397 0.09 1e+19
0.397 0.1 1e+19
0.398 0 1e+19
0.398 0.01 1e+19
0.398 0.02 1e+19
0.398 0.03 1e+19
0.398 0.04 1e+19
0.398 0.05 1e+19
0.398 0.06 1e+19
0.398 0.07 1e+19
0.398 0.08 1e+19
0.398 0.09 1e+19
0.398 0.1 1e+19
0.399 0 1e+19
0.399 0.01 1e+19
0.399 0.02 1e+19
0.399 0.03 1e+19
0.399 0.04 1e+19
0.399 0.05 1e+19
0.399 0.06 1e+19
0.399 0.07 1e+19
0.399 0.08 1e+19
0.399 0.09 1e+19
0.399 0.1 1e+19
0.4 0 1e+19
0.4 0.01 1e+19
0.4 0.02 1e+19
0.4 0.03 1e+19
0.4 0.04 1e+19
0.4 0.05 1e+19
0.4 0.06 1e+19
0.4 0.07 1e+19
0.4 0.08 1e+19
0.4 0.09 1e+19
0.4 0.1 1e+19
0.401 0 1e+19
0.401 0.01 1e+19
0.401 0.02 1e+19
0.401 0.03 1e+19
0.401 0.04 1e+19
0.401 0.05 1e+19
0.401 0.06 1e+19
0.401 0.07 1e+19
0.401 0.08 1e+19
0.401 0.09 1e+19
0.401 0.1 1e+19
0.402 0 1e+19
0.402 0.01 1e+19
0.402 0.02 1e+19
0.402 0.03 1e+19
0.402 0.04 1e+19
0.402 0.05 1e+19
0.402 0.06 1e+19
0.402 0.07 1e+19
0.402 0.08 1e+19
0.402 0.09 1e+19
0.402 0.1 1e+19
0.403 0 1e+19
0.403 0.01 1e+19
0.403 0.02 1e+19
0.403 0.03 1e+19
0.403 0.04 1e+19
0.403 0.05 1e+19
0.403 0.06 1e+19
0.403 0.07 1e+19
0.403 0.08 1e+19
0.403 0.09 1e+19
0.403 0.1 1e+19
0.404 0 1e+19
0.404 0.01 1e+19
0.404 0.02 1e+19
0.404 0.03 1e+19
0.404 0.04 1e+19
0.404 0.05 1e+19
0.404 0.06 1e+19
0.404 0.07 1e+19
0.404 0.08 1e+19
0.404 0.09 1e+19
0.404 0.1 1e+19
0.405 0 1e+19
0.405 0.01 1e+19
0.405 0.02 1e+19
0.405 0.03 1e+19
0.405 0.04 1e+19
0.405 0.05 1e+19
0.405 0.06 1e+19
0.405 0.07 1e+19
0.405 0.08 1e+19
0.405 0.09 1e+19
0.405 0.1 1e+19
0.406 0 1e+19
0.406 0.01 1e+19
0.406 0.02 1e+19
0.406 0.03 1e+19
0.406 0.04 1e+19
0.406 0.05 1e+19
0.406 0.06 1e+19
0.406 0.07 1e+19
0.406 0.08 1e+19
0.406 0.09 1e+19
0.406 0.1 1e+19
0.407 0 1e+19
0.407 0.01 1e+19
0.407 0.02 1e+19
0.407 0.03 1e+19
0.407 0.04 1e+19
0.407 0.05 1e+19
0.407 0.06 1e+19
0.407 0.07 1e+19
0.407 0.08 1e+19
0.407 0.09 1e+19
0.407 0.1 1e+19
0.408 0 1e+19
0.408 0.01 1e+19
0.408 0.02 1e+19
0.408 0.03 1e+19
0.408 0.04 1e+19
0.408 0.05 1e+19
0.408 0.06 1e+19
0.408 0.07 1e+19
0.408 0.08 1e+19
0.408 0.09 1e+19
0.408 0.1 1e+19
0.409 0 1e+19
0.409 0.01 1e+19
0.409 0.02 1e+19
0.409 0.03 1e+19
0.409 0.04 1e+19
0.409 0.05 1e+19
0.409 0.06 1e+19
0.409 0.07 1e+19
0.409 0.08 1e+19
0.409 0.09 1e+19
0.409 0.1 1e+19
0.41 0 1e+19
0.41 0.01 1e+19
0.41 0.02 1e+19
0.41 0.03 1e+19
0.41 0.04 1e+19
0.41 0.05 1e+19
0.41 0.06 1e+19
0.41 0.07 1e+19
0.41 0.08 1e+19
0.41 0.09 1e+19
0.41 0.1 1e+19
0.411 0 1e+19
0.411 0.01 1e+19
0.411 0.02 1e+19
0.411 0.03 1e+19
0.411 0.04 1e+19
0.411 0.05 1e+19
0.411 0.06 1e+19
0.411 0.07 1e+19
0.411 0.08 1e+19
0.411 0.09 1e+19
0.411 0.1 1e+19
0.412 0 1e+19
0.412 0.01 1e+19
0.412 0.02 1e+19
0.412 0.03 1e+19
0.412 0.04 1e+19
0.412 0.05 1e+19
0.412 0.06 1e+19
0.412 0.07 1e+19
0.412 0.08 1e+19
0.412 0.09 1e+19
0.412 0.1 1e+19
0.413 0 1e+19
0.413 0.01 1e+19
0.413 0.02 1e+19
0.413 0.03 1e+19
0.413 0.04 1e+19
0.413 0.05 1e+19
0.413 0.06 1e+19
0.413 0.07 1e+19
0.413 0.08 1e+19
0.413 0.09 1e+19
0.413 0.1 1e+19
0.414 0 1e+19
0.414 0.01 1e+19
0.414 0.02 1e+19
0.414 0.03 1e+19
0.414 0.04 1e+19
0.414 0.05 1e+19
0.414 0.06 1e+19
0.414 0.07 1e+19
0.414 0.08 1e+19
0.414 0.09 1e+19
0.414 0.1 1e+19
0.415 0 1e+19
0.415 0.01 1e+19
0.415 0.02 1e+19
0.415 0.03 1e+19
0.415 0.04 1e+19
0.415 0.05 1e+19
0.415 0.06 1e+19
0.415 0.07 1e+19
0.415 0.08 1e+19
0.415 0.09 1e+19
0.415 0.1 1e+19
0.416 0 1e+19
0.416 0.01 1e+19
0.416 0.02 1e+19
0.416 0.03 1e+19
0.416 0.04 1e+19
0.416 0.05 1e+19
0.416 0.06 1e+19
0.416 0.07 1e+19
0.416 0.08 1e+19
0.416 0.09 1e+19
0.416 0.1 1e+19
0.417 0 1e+19
0.417 0.01 1e+19
0.417 0.02 1e+19
0.417 0.03 1e+19
0.417 0.04 1e+19
0.417 0.05 1e+19
0.417 0.06 1e+19
0.417 0.07 1e+19
0.417 0.08 1e+19
0.417 0.09 1e+19
0.417 0.1 1e+19
0.418 0 1e+19
0.418 0.01 1e+19
0.418 0.02 1e+19
0.418 0.03 1e+19
0.418 0.04 1e+19
0.418 0.05 1e+19
0.418 0.06 1e+19
0.418 0.07 1e+19
0.418 0.08 1e+19
0.418 0.09 1e+19
0.418 0.1 1e+19
0.419 0 1e+19
0.419 0.01 1e+19
0.419 0.02 1e+19
0.419 0.03 1e+19
0.419 0.04 1e+19
0.419 0.05 1e+19
0.419 0.06 1e+19
0.419 0.07 1e+19
0.419 0.08 1e+19
0.419 0.09 1e+19
0.419 0.1 1e+19
0.42 0 1e+19
0.42 0.01 1e+19
0.42 0.02 1e+19
0.42 0.03 1e+19
0.42 0.04 1e+19
0.42 0.05 1e+19
0.42 0.06 1e+19
0.42 0.07 1e+19
0.42 0.08 1e+19
0.42 0.09 1e+19
0.42 0.1 1e+19
0.421 0 1e+19
0.421 0.01 1e+19
0.421 0.02 1e+19
0.421 0.03 1e+19
0.421 0.04 1e+19
0.421 0.05 1e+19
0.421 0.06 1e+19
0.421 0.07 1e+19
0.421 0.08 1e+19
0.421 0.09 1e+19
0.421 0.1 1e+19
0.422 0 1e+19
0.422 0.01 1e+19
0.422 0.02 1e+19
0.422 0.03 1e+19
0.422 0.04 1e+19
0.422 0.05 1e+19
0.422 0.06 1e+19
0.422 0.07 1e+19
0.422 0.08 1e+19
0.422 0.09 1e+19
0.422 0.1 1e+19
0.423 0 1e+19
0.423 0.01 1e+19
0.423 0.02 1e+19
0.423 0.03 1e+19
0.423 0.04 1e+19
0.423 0.05 1e+19
0.423 0.06 1e+19
0.423 0.07 1e+19
0.423 0.08 1e+19
0.423 0.09 1e+19
0.423 0.1 1e+19
0.424 0 1e+19
0.424 0.01 1e+19
0.424 0.02 1e+19
0.424 0.03 1e+19
0.424 0.04 1e+19
0.424 0.05 1e+19
0.424 0.06 1e+19
0.424 0.07 1e+19
0.424 0.08 1e+19
0.424 0.09 1e+19
0.424 0.1 1e+19
0.425 0 1e+19
0.425 0.01 1e+19
0.425 0.02 1e+19
0.425 0.03 1e+19
0.425 0.04 1e+19
0.425 0.05 1e+19
0.425 0.06 1e+19
0.425 0.07 1e+19
0.425 0.08 1e+19
0.425 0.09 1e+19
0.425 0.1 1e+19
0.426 0 1e+19
0.426 0.01 1e+19
0.426 0.02 1e+19
0.426 0.03 1e+19
0.426 0.04 1e+19
0.426 0.05 1e+19
0.426 0.06 1e+19
0.426 0.07 1e+19
0.426 0.08 1e+19
0.426 0.09 1e+19
0.426 0.1 1e+19
0.427 0 1e+19
0.427 0.01 1e+19
0.427 0.02 1e+19
0.427 0.03 1e+19
0.427 0.04 1e+19
0.427 0.05 1e+19
0.427 0.06 1e+19
0.427 0.07 1e+19
0.427 0.08 1e+19
0.427 0.09 1e+19
0.427 0.1 1e+19
0.428 0 1e+19
0.428 0.01 1e+19
0.428 0.02 1e+19
0.428 0.03 1e+19
0.428 0.04 1e+19
0.428 0.05 1e+19
0.428 0.06 1e+19
0.428 0.07 1e+19
0.428 0.08 1e+19
0.428 0.09 1e+19
0.428 0.1 1e+19
0.429 0 1e+19
0.429 0.01 1e+19
0.429 0.02 1e+19
0.429 0.03 1e+19
0.429 0.04 1e+19
0.429 0.05 1e+19
0.429 0.06 1e+19
0.429 0.07 1e+19
0.429 0.08 1e+19
0.429 0.09 1e+19
0.429 0.1 1e+19
0.43 0 1e+19
0.43 0.01 1e+19
0.43 0.02 1e+19
0.43 0.03 1e+19
0.43 0.04 1e+19
0.43 0.05 1e+19
0.43 0.06 1e+19
0.43 0.07 1e+19
0.43 0.08 1e+19
0.43 0.09 1e+19
0.43 0.1 1e+19
0.431 0 1e+19
0.431 0.01 1e+19
0.431 0.02 1e+19
0.431 0.03 1e+19
0.431 0.04 1e+19
0.431 0.05 1e+19
0.431 0.06 1e+19
0.431 0.07 1e+19
0.431 0.08 1e+19
0.431 0.09 1e+19
0.431 0.1 1e+19
0.432 0 1e+19
0.432 0.01 1e+19
0.432 0.02 1e+19
0.432 0.03 1e+19
0.432 0.04 1e+19
0.432 0.05 1e+19
0.432 0.06 1e+19
0.432 0.07 1e+19
0.432 0.08 1e+19
0.432 0.09 1e+19
0.432 0.1 1e+19
0.433 0 1e+19
0.433 0.01 1e+19
0.433 0.02 1e+19
0.433 0.03 1e+19
0.433 0.04 1e+19
0.433 0.05 1e+19
0.433 0.06 1e+19
0.433 0.07 1e+19
0.433 0.08 1e+19
0.433 0.09 1e+19
0.433 0.1 1e+19
0.434 0 1e+19
0.434 0.01 1e+19
0.434 0.02 1e+19
0.434 0.03 1e+19
0.434 0.04 1e+19
0.434 0.05 1e+19
0.434 0.06 1e+19
0.434 0.07 1e+19
0.434 0.08 1e+19
0.434 0.09 1e+19
0.434 0.1 1e+19
0.435 0 1e+19
0.435 0.01 1e+19
0.435 0.02 1e+19
0.435 0.03 1e+19
0.435 0.04 1e+19
0.435 0.05 1e+19
0.435 0.06 1e+19
0.435 0.07 1e+19
0.435 0.08 1e+19
0.435 0.09 1e+19
0.435 0.1 1e+19
0.436 0 1e+19
0.436 0.01 1e+19
0.436 0.02 1e+19
0.436 0.03 1e+19
0.436 0.04 1e+19
0.436 0.05 1e+19
0.436 0.06 1e+19
0.436 0.07 1e+19
0.436 0.08 1e+19
0.436 0.09 1e+19
0.436 0.1 1e+19
0.437 0 1e+19
0.437 0.01 1e+19
0.437 0.02 1e+19
0.437 0.03 1e+19
0.437 0.04 1e+19
0.437 0.05 1e+19
0.437 0.06 1e+19
0.437 0.07 1e+19
0.437 0.08 1e+19
0.437 0.09 1e+19
0.437 0.1 1e+19
0.438 0 1e+19
0.438 0.01 1e+19
0.438 0.02 1e+19
0.438 0.03 1e+19
0.438 0.04 1e+19
0.438 0.05 1e+19
0.438 0.06 1e+19
0.438 0.07 1e+19
0.438 0.08 1e+19
0.438 0.09 1e+19
0.438 0.1 1e+19
0.439 0 1e+19
0.439 0.01 1e+19
0.439 0.02 1e+19
0.439 0.03 1e+19
0.439 0.04 1e+19
0.439 0.05 1e+19
0.439 0.06 1e+19
0.439 0.07 1e+19
0.439 0.08 1e+19
0.439 0.09 1e+19
0.439 0.1 1e+19
0.44 0 1e+19
0.44 0.01 1e+19
0.44 0.02 1e+19
0.44 0.03 1e+19
0.44 0.04 1e+19
0.44 0.05 1e+19
0.44 0.06 1e+19
0.44 0.07 1e+19
0.44 0.08 1e+19
0.44 0.09 1e+19
0.44 0.1 1e+19
0.441 0 1e+19
0.441 0.01 1e+19
0.441 0.02 1e+19
0.441 0.03 1e+19
0.441 0.04 1e+19
0.441 0.05 1e+19
0.441 0.06 1e+19
0.441 0.07 1e+19
0.441 0.08 1e+19
0.441 0.09 1e+19
0.441 0.1 1e+19
0.442 0 1e+19
0.442 0.01 1e+19
0.442 0.02 1e+19
0.442 0.03 1e+19
0.442 0.04 1e+19
0.442 0.05 1e+19
0.442 0.06 1e+19
0.442 0.07 1e+19
0.442 0.08 1e+19
0.442 0.09 1e+19
0.442 0.1 1e+19
0.443 0 1e+19
0.443 0.01 1e+19
0.443 0.02 1e+19
0.443 0.03 1e+19
0.443 0.04 1e+19
0.443 0.05 1e+19
0.443 0.06 1e+19
0.443 0.07 1e+19
0.443 0.08 1e+19
0.443 0.09 1e+19
0.443 0.1 1e+19
0.444 0 1e+19
0.444 0.01 1e+19
0.444 0.02 1e+19
0.444 0.03 1e+19
0.444 0.04 1e+19
0.444 0.05 1e+19
0.444 0.06 1e+19
0.444 0.07 1e+19
0.444 0.08 1e+19
0.444 0.09 1e+19
0.444 0.1 1e+19
0.445 0 1e+19
0.445 0.01 1e+19
0.445 0.02 1e+19
0.445 0.03 1e+19
0.445 0.04 1e+19
0.445 0.05 1e+19
0.445 0.06 1e+19
0.445 0.07 1e+19
0.445 0.08 1e+19
0.445 0.09 1e+19
0.445 0.1 1e+19
0.446 0 1e+19
0.446 0.01 1e+19
0.446 0.02 1e+19
0.446 0.03 1e+19
0.446 0.04 1e+19
0.446 0.05 1e+19
0.446 0.06 1e+19
0.446 0.07 1e+19
0.446 0.08 1e+19
0.446 0.09 1e+19
0.446 0.1 1e+19
0.447 0 1e+19
0.447 0.01 1e+19
0.447 0.02 1e+19
0.447 0.03 1e+19
0.447 0.04 1e+19
0.447 0.05 1e+19
0.447 0.06 1e+19
0.447 0.07 1e+19
0.447 0.08 1e+19
0.447 0.09 1e+19
0.447 0.1 1e+19
0.448 0 1e+19
0.448 0.01 1e+19
0.448 0.02 1e+19
0.448 0.03 1e+19
0.448 0.04 1e+19
0.448 0.05 1e+19
0.448 0.06 1e+19
0.448 0.07 1e+19
0.448 0.08 1e+19
0.448 0.09 1e+19
0.448 0.1 1e+19
0.449 0 1e+19
0.449 0.01 1e+19
0.449 0.02 1e+19
0.449 0.03 1e+19
0.449 0.04 1e+19
0.449 0.05 1e+19
0.449 0.06 1e+19
0.449 0.07 1e+19
0.449 0.08 1e+19
0.449 0.09 1e+19
0.449 0.1 1e+19
0.45 0 1e+19
0.45 0.01 1e+19
0.45 0.02 1e+19
0.45 0.03 1e+19
0.45 0.04 1e+19
0.45 0.05 1e+19
0.45 0.06 1e+19
0.45 0.07 1e+19
0.45 0.08 1e+19
0.45 0.09 1e+19
0.45 0.1 1e+19
0.451 0 1e+19
0.451 0.01 1e+19
0.451 0.02 1e+19
0.451 0.03 1e+19
0.451 0.04 1e+19
0.451 0.05 1e+19
0.451 0.06 1e+19
0.451 0.07 1e+19
0.451 0.08 1e+19
0.451 0.09 1e+19
0.451 0.1 1e+19
0.452 0 1e+19
0.452 0.01 1e+19
0.452 0.02 1e+19
0.452 0.03 1e+19
0.452 0.04 1e+19
0.452 0.05 1e+19
0.452 0.06 1e+19
0.452 0.07 1e+19
0.452 0.08 1e+19
0.452 0.09 1e+19
0.452 0.1 1e+19
0.453 0 1e+19
0.453 0.01 1e+19
0.453 0.02 1e+19
0.453 0.03 1e+19
0.453 0.04 1e+19
0.453 0.05 1e+19
0.453 0.06 1e+19
0.453 0.07 1e+19
0.453 0.08 1e+19
0.453 0.09 1e+19
0.453 0.1 1e+19
0.454 0 1e+19
0.454 0.01 1e+19
0.454 0.02 1e+19
0.454 0.03 1e+19
0.454 0.04 1e+19
0.454 0.05 1e+19
0.454 0.06 1e+19
0.454 0.07 1e+19
0.454 0.08 1e+19
0.454 0.09 1e+19
0.454 0.1 1e+19
0.455 0 1e+19
0.455 0.01 1e+19
0.455 0.02 1e+19
0.455 0.03 1e+19
0.455 0.04 1e+19
0.455 0.05 1e+19
0.455 0.06 1e+19
0.455 0.07 1e+19
0.455 0.08 1e+19
0.455 0.09 1e+19
0.455 0.1 1e+19
0.456 0 1e+19
0.456 0.01 1e+19
0.456 0.02 1e+19
0.456 0.03 1e+19
0.456 0.04 1e+19
0.456 0.05 1e+19
0.456 0.06 1e+19
0.456 0.07 1e+19
0.456 0.08 1e+19
0.456 0.09 1e+19
0.456 0.1 1e+19
0.457 0 1e+19
0.457 0.01 1e+19
0.457 0.02 1e+19
0.457 0.03 1e+19
0.457 0.04 1e+19
0.457 0.05 1e+19
0.457 0.06 1e+19
0.457 0.07 1e+19
0.457 0.08 1e+19
0.457 0.09 1e+19
0.457 0.1 1e+19
0.458 0 1e+19
0.458 0.01 1e+19
0.458 0.02 1e+19
0.458 0.03 1e+19
0.458 0.04 1e+19
0.458 0.05 1e+19
0.458 0.06 1e+19
0.458 0.07 1e+19
0.458 0.08 1e+19
0.458 0.09 1e+19
0.458 0.1 1e+19
0.459 0 1e+19
0.459 0.01 1e+19
0.459 0.02 1e+19
0.459 0.03 1e+19
0.459 0.04 1e+19
0.459 0.05 1e+19
0.459 0.06 1e+19
0.459 0.07 1e+19
0.459 0.08 1e+19
0.459 0.09 1e+19
0.459 0.1 1e+19
0.46 0 1e+19
0.46 0.01 1e+19
0.46 0.02 1e+19
0.46 0.03 1e+19
0.46 0.04 1e+19
0.46 0.05 1e+19
0.46 0.06 1e+19
0.46 0.07 1e+19
0.46 0.08 1e+19
0.46 0.09 1e+19
0.46 0.1 1e+19
0.461 0 1e+19
0.461 0.01 1e+19
0.461 0.02 1e+19
0.461 0.03 1e+19
0.461 0.04 1e+19
0.461 0.05 1e+19
0.461 0.06 1e+19
0.461 0.07 1e+19
0.461 0.08 1e+19
0.461 0.09 1e+19
0.461 0.1 1e+19
0.462 0 1e+19
0.462 0.01 1e+19
0.462 0.02 1e+19
0.462 0.03 1e+19
0.462 0.04 1e+19
0.462 0.05 1e+19
0.462 0.06 1e+19
0.462 0.07 1e+19
0.462 0.08 1e+19
0.462 0.09 1e+19
0.462 0.1 1e+19
0.463 0 1e+19
0.463 0.01 1e+19
0.463 0.02 1e+19
0.463 0.03 1e+19
0.463 0.04 1e+19
0.463 0.05 1e+19
0.463 0.06 1e+19
0.463 0.07 1e+19
0.463 0.08 1e+19
0.463 0.09 1e+19
0.463 0.1 1e+19
0.464 0 1e+19
0.464 0.01 1e+19
0.464 0.02 1e+19
0.464 0.03 1e+19
0.464 0.04 1e+19
0.464 0.05 1e+19
0.464 0.06 1e+19
0.464 0.07 1e+19
0.464 0.08 1e+19
0.464 0.09 1e+19
0.464 0.1 1e+19
0.465 0 1e+19
0.465 0.01 1e+19
0.465 0.02 1e+19
0.465 0.03 1e+19
0.465 0.04 1e+19
0.465 0.05 1e+19
0.465 0.06 1e+19
0.465 0.07 1e+19
0.465 0.08 1e+19
0.465 0.09 1e+19
0.465 0.1 1e+19
0.466 0 1e+19
0.466 0.01 1e+19
0.466 0.02 1e+19
0.466 0.03 1e+19
0.466 0.04 1e+19
0.466 0.05 1e+19
0.466 0.06 1e+19
0.466 0.07 1e+19
0.466 0.08 1e+19
0.466 0.09 1e+19
0.466 0.1 1e+19
0.467 0 1e+19
0.467 0.01 1e+19
0.467 0.02 1e+19
0.467 0.03 1e+19
0.467 0.04 1e+19
0.467 0.05 1e+19
0.467 0.06 1e+19
0.467 0.07 1e+19
0.467 0.08 1e+19
0.467 0.09 1e+19
0.467 0.1 1e+19
0.468 0 1e+19
0.468 0.01 1e+19
0.468 0.02 1e+19
0.468 0.03 1e+19
0.468 0.04 1e+19
0.468 0.05 1e+19
0.468 0.06 1e+19
0.468 0.07 1e+19
0.468 0.08 1e+19
0.468 0.09 1e+19
0.468 0.1 1e+19
0.469 0 1e+19
0.469 0.01 1e+19
0.469 0.02 1e+19
0.469 0.03 1e+19
0.469 0.04 1e+19
0.469 0.05 1e+19
0.469 0.06 1e+19
0.469 0.07 1e+19
0.469 0.08 1e+19
0.469 0.09 1e+19
0.469 0.1 1e+19
0.47 0 1e+19
0.47 0.01 1e+19
0.47 0.02 1e+19
0.47 0.03 1e+19
0.47 0.04 1e+19
0.47 0.05 1e+19
0.47 0.06 1e+19
0.47 0.07 1e+19
0.47 0.08 1e+19
0.47 0.09 1e+19
0.47 0.1 1e+19
0.471 0 1e+19
0.471 0.01 1e+19
0.471 0.02 1e+19
0.471 0.03 1e+19
0.471 0.04 1e+19
0.471 0.05 1e+19
0.471 0.06 1e+19
0.471 0.07 1e+19
0.471 0.08 1e+19
0.471 0.09 1e+19
0.471 0.1 1e+19
0.472 0 1e+19
0.472 0.01 1e+19
0.472 0.02 1e+19
0.472 0.03 1e+19
0.472 0.04 1e+19
0.472 0.05 1e+19
0.472 0.06 1e+19
0.472 0.07 1e+19
0.472 0.08 1e+19
0.472 0.09 1e+19
0.472 0.1 1e+19
0.473 0 1e+19
0.473 0.01 1e+19
0.473 0.02 1e+19
0.473 0.03 1e+19
0.473 0.04 1e+19
0.473 0.05 1e+19
0.473 0.06 1e+19
0.473 0.07 1e+19
0.473 0.08 1e+19
0.473 0.09 1e+19
0.473 0.1 1e+19
0.474 0 1e+19
0.474 0.01 1e+19
0.474 0.02 1e+19
0.474 0.03 1e+19
0.474 0.04 1e+19
0.474 0.05 1e+19
0.474 0.06 1e+19
0.474 0.07 1e+19
0.474 0.08 1e+19
0.474 0.09 1e+19
0.474 0.1 1e+19
0.475 0 1e+19
0.475 0.01 1e+19
0.475 0.02 1e+19
0.475 0.03 1e+19
0.475 0.04 1e+19
0.475 0.05 1e+19
0.475 0.06 1e+19
0.475 0.07 1e+19
0.475 0.08 1e+19
0.475 0.09 1e+19
0.475 0.1 1e+19
0.476 0 1e+19
0.476 0.01 1e+19
0.476 0.02 1e+19
0.476 0.03 1e+19
0.476 0.04 1e+19
0.476 0.05 1e+19
0.476 0.06 1e+19
0.476 0.07 1e+19
0.476 0.08 1e+19
0.476 0.09 1e+19
0.476 0.1 1e+19
0.477 0 1e+19
0.477 0.01 1e+19
0.477 0.02 1e+19
0.477 0.03 1e+19
0.477 0.04 1e+19
0.477 0.05 1e+19
0.477 0.06 1e+19
0.477 0.07 1e+19
0.477 0.08 1e+19
0.477 0.09 1e+19
0.477 0.1 1e+19
0.478 0 1e+19
0.478 0.01 1e+19
0.478 0.02 1e+19
0.478 0.03 1e+19
0.478 0.04 1e+19
0.478 0.05 1e+19
0.478 0.06 1e+19
0.478 0.07 1e+19
0.478 0.08 1e+19
0.478 0.09 1e+19
0.478 0.1 1e+19
0.479 0 1e+19
0.479 0.01 1e+19
0.479 0.02 1e+19
0.479 0.03 1e+19
0.479 0.04 1e+19
0.479 0.05 1e+19
0.479 0.06 1e+19
0.479 0.07 1e+19
0.479 0.08 1e+19
0.479 0.09 1e+19
0.479 0.1 1e+19
0.48 0 1e+19
0.48 0.01 1e+19
0.48 0.02 1e+19
0.48 0.03 1e+19
0.48 0.04 1e+19
0.48 0.05 1e+19
0.48 0.06 1e+19
0.48 0.07 1e+19
0.48 0.08 1e+19
0.48 0.09 1e+19
0.48 0.1 1e+19
0.481 0 1e+19
0.481 0.01 1e+19
0.481 0.02 1e+19
0.481 0.03 1e+19
0.481 0.04 1e+19
0.481 0.05 1e+19
0.481 0.06 1e+19
0.481 0.07 1e+19
0.481 0.08 1e+19
0.481 0.09 1e+19
0.481 0.1 1e+19
0.482 0 1e+19
0.482 0.01 1e+19
0.482 0.02 1e+19
0.482 0.03 1e+19
0.482 0.04 1e+19
0.482 0.05 1e+19
0.482 0.06 1e+19
0.482 0.07 1e+19
0.482 0.08 1e+19
0.482 0.09 1e+19
0.482 0.1 1e+19
0.483 0 1e+19
0.483 0.01 1e+19
0.483 0.02 1e+19
0.483 0.03 1e+19
0.483 0.04 1e+19
0.483 0.05 1e+19
0.483 0.06 1e+19
0.483 0.07 1e+19
0.483 0.08 1e+19
0.483 0.09 1e+19
0.483 0.1 1e+19
0.484 0 1e+19
0.484 0.01 1e+19
0.484 0.02 1e+19
0.484 0.03 1e+19
0.484 0.04 1e+19
0.484 0.05 1e+19
0.484 0.06 1e+19
0.484 0.07 1e+19
0.484 0.08 1e+19
0.484 0.09 1e+19
0.484 0.1 1e+19
0.485 0 1e+19
0.485 0.01 1e+19
0.485 0.02 1e+19
0.485 0.03 1e+19
0.485 0.04 1e+19
0.485 0.05 1e+19
0.485 0.06 1e+19
0.485 0.07 1e+19
0.485 0.08 1e+19
0.485 0.09 1e+19
0.485 0.1 1e+19
0.486 0 1e+19
0.486 0.01 1e+19
0.486 0.02 1e+19
0.486 0.03 1e+19
0.486 0.04 1e+19
0.486 0.05 1e+19
0.486 0.06 1e+19
0.486 0.07 1e+19
0.486 0.08 1e+19
0.486 0.09 1e+19
0.486 0.1 1e+19
0.487 0 1e+19
0.487 0.01 1e+19
0.487 0.02 1e+19
0.487 0.03 1e+19
0.487 0.04 1e+19
0.487 0.05 1e+19
0.487 0.06 1e+19
0.487 0.07 1e+19
0.487 0.08 1e+19
0.487 0.09 1e+19
0.487 0.1 1e+19
0.488 0 1e+19
0.488 0.01 1e+19
0.488 0.02 1e+19
0.488 0.03 1e+19
0.488 0.04 1e+19
0.488 0.05 1e+19
0.488 0.06 1e+19
0.488 0.07 1e+19
0.488 0.08 1e+19
0.488 0.09 1e+19
0.488 0.1 1e+19
0.489 0 1e+19
0.489 0.01 1e+19
0.489 0.02 1e+19
0.489 0.03 1e+19
0.489 0.04 1e+19
0.489 0.05 1e+19
0.489 0.06 1e+19
0.489 0.07 1e+19
0.489 0.08 1e+19
0.489 0.09 1e+19
0.489 0.1 1e+19
0.49 0 1e+19
0.49 0.01 1e+19
0.49 0.02 1e+19
0.49 0.03 1e+19
0.49 0.04 1e+19
0.49 0.05 1e+19
0.49 0.06 1e+19
0.49 0.07 1e+19
0.49 0.08 1e+19
0.49 0.09 1e+19
0.49 0.1 1e+19
0.491 0 1e+19
0.491 0.01 1e+19
0.491 0.02 1e+19
0.491 0.03 1e+19
0.491 0.04 1e+19
0.491 0.05 1e+19
0.491 0.06 1e+19
0.491 0.07 1e+19
0.491 0.08 1e+19
0.491 0.09 1e+19
0.491 0.1 1e+19
0.492 0 1e+19
0.492 0.01 1e+19
0.492 0.02 1e+19
0.492 0.03 1e+19
0.492 0.04 1e+19
0.492 0.05 1e+19
0.492 0.06 1e+19
0.492 0.07 1e+19
0.492 0.08 1e+19
0.492 0.09 1e+19
0.492 0.1 1e+19
0.493 0 1e+19
0.493 0.01 1e+19
0.493 0.02 1e+19
0.493 0.03 1e+19
0.493 0.04 1e+19
0.493 0.05 1e+19
0.493 0.06 1e+19
0.493 0.07 1e+19
0.493 0.08 1e+19
0.493 0.09 1e+19
0.493 0.1 1e+19
0.494 0 1e+19
0.494 0.01 1e+19
0.494 0.02 1e+19
0.494 0.03 1e+19
0.494 0.04 1e+19
0.494 0.05 1e+19
0.494 0.06 1e+19
0.494 0.07 1e+19
0.494 0.08 1e+19
0.494 0.09 1e+19
0.494 0.1 1e+19
0.495 0 1e+19
0.495 0.01 1e+19
0.495 0.02 1e+19
0.495 0.03 1e+19
0.495 0.04 1e+19
0.495 0.05 1e+19
0.495 0.06 1e+19
0.495 0.07 1e+19
0.495 0.08 1e+19
0.495 0.09 1e+19
0.495 0.1 1e+19
0.496 0 1e+19
0.496 0.01 1e+19
0.496 0.02 1e+19
0.496 0.03 1e+19
0.496 0.04 1e+19
0.496 0.05 1e+19
0.496 0.06 1e+19
0.496 0.07 1e+19
0.496 0.08 1e+19
0.496 0.09 1e+19
0.496 0.1 1e+19
0.497 0 1e+19
0.497 0.01 1e+19
0.497 0.02 1e+19
0.497 0.03 1e+19
0.497 0.04 1e+19
0.497 0.05 1e+19
0.497 0.06 1e+19
0.497 0.07 1e+19
0.497 0.08 1e+19
0.497 0.09 1e+19
0.497 0.1 1e+19
0.498 0 1e+19
0.498 0.01 1e+19
0.498 0.02 1e+19
0.498 0.03 1e+19
0.498 0.04 1e+19
0.498 0.05 1e+19
0.498 0.06 1e+19
0.498 0.07 1e+19
0.498 0.08 1e+19
0.498 0.09 1e+19
0.498 0.1 1e+19
0.499 0 1e+19
0.499 0.01 1e+19
0.499 0.02 1e+19
0.499 0.03 1e+19
0.499 0.04 1e+19
0.499 0.05 1e+19
0.499 0.06 1e+19
0.499 0.07 1e+19
0.499 0.08 1e+19
0.499 0.09 1e+19
0.499 0.1 1e+19
