0.0000000000e+00 3.0000000000e+02
2.8000000000e-04 3.0006602032e+02
5.0000000000e-04 3.0011814412e+02
7.8000000000e-04 3.0018416443e+02
1.0000000000e-03 3.0023628867e+02
1.0000000000e-03 3.0023628867e+02
1.2800000000e-03 3.0035668787e+02
1.5000000000e-03 3.0045174426e+02
1.7800000000e-03 3.0057216637e+02
2.0000000000e-03 3.0066724128e+02
2.2800000000e-03 3.0078768575e+02
2.5000000000e-03 3.0088277787e+02
2.7800000000e-03 3.0100324357e+02
3.0000000000e-03 3.0109835157e+02
3.2800000000e-03 3.0121883684e+02
3.5000000000e-03 3.0131396027e+02
3.7800000000e-03 3.0143446398e+02
4.0000000000e-03 3.0152960154e+02
4.2800000000e-03 3.0165012369e+02
4.5000000000e-03 3.0174527492e+02
4.7800000000e-03 3.0186581327e+02
5.0000000000e-03 3.0196097730e+02
5.2800000000e-03 3.0208153186e+02
5.5000000000e-03 3.0217670735e+02
5.7800000000e-03 3.0229727645e+02
6.0000000000e-03 3.0239246297e+02
6.2800000000e-03 3.0251304659e+02
6.5000000000e-03 3.0260824370e+02
6.7800000000e-03 3.0272884074e+02
7.0000000000e-03 3.0282404711e+02
7.2800000000e-03 3.0294465588e+02
7.5000000000e-03 3.0303987152e+02
7.7800000000e-03 3.0316049259e+02
8.0000000000e-03 3.0325571616e+02
8.2800000000e-03 3.0337634785e+02
8.5000000000e-03 3.0347157937e+02
8.7800000000e-03 3.0359222112e+02
9.0000000000e-03 3.0368745925e+02
9.2800000000e-03 3.0380811050e+02
9.5000000000e-03 3.0390335524e+02
9.7800000000e-03 3.0402401488e+02
1.0000000000e-02 3.0411926536e+02
1.0280000000e-02 3.0423993282e+02
1.0500000000e-02 3.0433518815e+02
1.0780000000e-02 3.0445586288e+02
1.1000000000e-02 3.0455112350e+02
1.1280000000e-02 3.0467180438e+02
1.1500000000e-02 3.0476706853e+02
1.1780000000e-02 3.0488775555e+02
1.2000000000e-02 3.0498302368e+02
1.2280000000e-02 3.0510371573e+02
1.2500000000e-02 3.0519898650e+02
1.2780000000e-02 3.0531968302e+02
1.3000000000e-02 3.0541495644e+02
1.3280000000e-02 3.0553565687e+02
1.3500000000e-02 3.0563093250e+02
1.3780000000e-02 3.0575163573e+02
1.4000000000e-02 3.0584691312e+02
1.4280000000e-02 3.0596761970e+02
1.4500000000e-02 3.0606289797e+02
1.4780000000e-02 3.0618360567e+02
1.5000000000e-02 3.0627888482e+02
1.5280000000e-02 3.0639959475e+02
1.5500000000e-02 3.0649487435e+02
1.5780000000e-02 3.0661558428e+02
1.6000000000e-02 3.0671086344e+02
1.6280000000e-02 3.0683157393e+02
1.6500000000e-02 3.0692685220e+02
1.6780000000e-02 3.0704756269e+02
1.7000000000e-02 3.0714284008e+02
1.7280000000e-02 3.0726354946e+02
1.7500000000e-02 3.0735882597e+02
1.7780000000e-02 3.0747953366e+02
1.8000000000e-02 3.0757480797e+02
1.8280000000e-02 3.0769551399e+02
1.8500000000e-02 3.0779078608e+02
1.8780000000e-02 3.0791148931e+02
1.9000000000e-02 3.0800675876e+02
1.9280000000e-02 3.0812745919e+02
1.9500000000e-02 3.0822272556e+02
1.9780000000e-02 3.0834342263e+02
2.0000000000e-02 3.0843868635e+02
2.0280000000e-02 3.0855937952e+02
2.0500000000e-02 3.0865463882e+02
2.0780000000e-02 3.0877532696e+02
2.1000000000e-02 3.0887058273e+02
2.1280000000e-02 3.0899126640e+02
2.1500000000e-02 3.0908651776e+02
2.1780000000e-02 3.0920719584e+02
2.2000000000e-02 3.0930244279e+02
2.2280000000e-02 3.0942311528e+02
2.2500000000e-02 3.0951835694e+02
2.2780000000e-02 3.0963902328e+02
2.3000000000e-02 3.0973425965e+02
2.3280000000e-02 3.0985491928e+02
2.3500000000e-02 3.0995015035e+02
2.3780000000e-02 3.1007080272e+02
2.4000000000e-02 3.1016602762e+02
2.4280000000e-02 3.1028667272e+02
2.4500000000e-02 3.1038189188e+02
2.4780000000e-02 3.1050252860e+02
2.5000000000e-02 3.1059774071e+02
2.5280000000e-02 3.1071836960e+02
2.5500000000e-02 3.1081357509e+02
2.5780000000e-02 3.1093419504e+02
2.6000000000e-02 3.1102939392e+02
2.6280000000e-02 3.1115000493e+02
2.6500000000e-02 3.1124519630e+02
2.6780000000e-02 3.1136579781e+02
2.7000000000e-02 3.1146098124e+02
2.7280000000e-02 3.1158157325e+02
2.7500000000e-02 3.1167674918e+02
2.7780000000e-02 3.1179733113e+02
2.8000000000e-02 3.1189249913e+02
2.8280000000e-02 3.1201307046e+02
2.8500000000e-02 3.1210823007e+02
2.8780000000e-02 3.1222879078e+02
2.9000000000e-02 3.1232394201e+02
2.9280000000e-02 3.1244449154e+02
2.9500000000e-02 3.1253963351e+02
2.9780000000e-02 3.1266017187e+02
3.0000000000e-02 3.1275530501e+02
3.0280000000e-02 3.1287583163e+02
3.0500000000e-02 3.1297095551e+02
3.0780000000e-02 3.1309146984e+02
3.1000000000e-02 3.1318658445e+02
3.1280000000e-02 3.1330708704e+02
3.1500000000e-02 3.1340219196e+02
3.1780000000e-02 3.1352268169e+02
3.2000000000e-02 3.1361777646e+02
3.2280000000e-02 3.1373825334e+02
3.2500000000e-02 3.1383333840e+02
3.2780000000e-02 3.1395380187e+02
3.3000000000e-02 3.1404887590e+02
3.3280000000e-02 3.1416932651e+02
3.3500000000e-02 3.1426439084e+02
3.3780000000e-02 3.1438482748e+02
3.4000000000e-02 3.1447988034e+02
3.4280000000e-02 3.1460030301e+02
3.4500000000e-02 3.1469534528e+02
3.4780000000e-02 3.1481575398e+02
3.5000000000e-02 3.1491078523e+02
3.5280000000e-02 3.1503117995e+02
3.5500000000e-02 3.1512620017e+02
3.5780000000e-02 3.1524657980e+02
3.6000000000e-02 3.1534158811e+02
3.6280000000e-02 3.1546195266e+02
3.6500000000e-02 3.1555694949e+02
3.6780000000e-02 3.1567729895e+02
3.7000000000e-02 3.1577228388e+02
3.7280000000e-02 3.1589261824e+02
3.7500000000e-02 3.1598759082e+02
3.7780000000e-02 3.1610790954e+02
3.8000000000e-02 3.1620287020e+02
3.8280000000e-02 3.1632317327e+02
3.8500000000e-02 3.1641812203e+02
3.8780000000e-02 3.1653840889e+02
3.9000000000e-02 3.1663334441e+02
3.9280000000e-02 3.1675361506e+02
3.9500000000e-02 3.1684853823e+02
3.9780000000e-02 3.1696879268e+02
4.0000000000e-02 3.1706370306e+02
4.0280000000e-02 3.1718394074e+02
4.0500000000e-02 3.1727883788e+02
4.0780000000e-02 3.1739905880e+02
4.1000000000e-02 3.1749394315e+02
4.1280000000e-02 3.1761414730e+02
4.1500000000e-02 3.1770901797e+02
4.1780000000e-02 3.1782920424e+02
4.2000000000e-02 3.1792406124e+02
4.2280000000e-02 3.1804423073e+02
4.2500000000e-02 3.1813907450e+02
4.2780000000e-02 3.1825922612e+02
4.3000000000e-02 3.1835405577e+02
4.3280000000e-02 3.1847418950e+02
4.3500000000e-02 3.1856900547e+02
4.3780000000e-02 3.1868912076e+02
4.4000000000e-02 3.1878392262e+02
4.4280000000e-02 3.1890402058e+02
4.4500000000e-02 3.1899880789e+02
4.4780000000e-02 3.1911888685e+02
4.5000000000e-02 3.1921366004e+02
4.5280000000e-02 3.1933372055e+02
4.5500000000e-02 3.1942847874e+02
4.5780000000e-02 3.1954852026e+02
4.6000000000e-02 3.1964326433e+02
4.6280000000e-02 3.1976328740e+02
4.6500000000e-02 3.1985801648e+02
4.6780000000e-02 3.1997801999e+02
4.7000000000e-02 3.2007273363e+02
4.7280000000e-02 3.2019271813e+02
4.7500000000e-02 3.2028741721e+02
4.7780000000e-02 3.2040738216e+02
4.8000000000e-02 3.2050206580e+02
4.8280000000e-02 3.2062201119e+02
4.8500000000e-02 3.2071667939e+02
4.8780000000e-02 3.2083660466e+02
4.9000000000e-02 3.2093125698e+02
4.9280000000e-02 3.2105116213e+02
4.9500000000e-02 3.2114579901e+02
4.9780000000e-02 3.2126568404e+02
5.0000000000e-02 3.2136030504e+02
5.0280000000e-02 3.2148016995e+02
5.0500000000e-02 3.2157477507e+02
5.0780000000e-02 3.2169461930e+02
5.1000000000e-02 3.2178920810e+02
5.1280000000e-02 3.2190903109e+02
5.1500000000e-02 3.2200360357e+02
5.1780000000e-02 3.2212340589e+02
5.2000000000e-02 3.2221796204e+02
5.2280000000e-02 3.2233774368e+02
5.2500000000e-02 3.2243228307e+02
5.2780000000e-02 3.2255204291e+02
5.3000000000e-02 3.2264656554e+02
5.3280000000e-02 3.2276630359e+02
5.3500000000e-02 3.2286080946e+02
5.3780000000e-02 3.2298052626e+02
5.4000000000e-02 3.2307501493e+02
5.4280000000e-02 3.2319470938e+02
5.4500000000e-02 3.2328918084e+02
5.4780000000e-02 3.2340885349e+02
5.5000000000e-02 3.2350330731e+02
5.5280000000e-02 3.2362295761e+02
5.5500000000e-02 3.2371739422e+02
5.5780000000e-02 3.2383702161e+02
5.6000000000e-02 3.2393144058e+02
5.6280000000e-02 3.2405104561e+02
5.6500000000e-02 3.2414544693e+02
5.6780000000e-02 3.2426502904e+02
5.7000000000e-02 3.2435941184e+02
5.7280000000e-02 3.2447897104e+02
5.7500000000e-02 3.2457333619e+02
5.7780000000e-02 3.2469287136e+02
5.8000000000e-02 3.2478721755e+02
5.8280000000e-02 3.2490672980e+02
5.8500000000e-02 3.2500105790e+02
5.8780000000e-02 3.2512054613e+02
5.9000000000e-02 3.2521485525e+02
5.9280000000e-02 3.2533431945e+02
5.9500000000e-02 3.2542861005e+02
5.9780000000e-02 3.2554805021e+02
6.0000000000e-02 3.2564232140e+02
6.0280000000e-02 3.2576173697e+02
6.0500000000e-02 3.2585598920e+02
6.0780000000e-02 3.2597538018e+02
6.1000000000e-02 3.2606961299e+02
6.1280000000e-02 3.2618897882e+02
6.1500000000e-02 3.2628319179e+02
6.1780000000e-02 3.2640253247e+02
6.2000000000e-02 3.2649672558e+02
6.2280000000e-02 3.2661604055e+02
6.2500000000e-02 3.2671021381e+02
6.2780000000e-02 3.2682950364e+02
6.3000000000e-02 3.2692365617e+02
6.3280000000e-02 3.2704291916e+02
6.3500000000e-02 3.2713705184e+02
6.3780000000e-02 3.2725628913e+02
6.4000000000e-02 3.2735040108e+02
6.4280000000e-02 3.2746961210e+02
6.4500000000e-02 3.2756370287e+02
6.4780000000e-02 3.2768288651e+02
6.5000000000e-02 3.2777695611e+02
6.5280000000e-02 3.2789611292e+02
6.5500000000e-02 3.2799016135e+02
6.5780000000e-02 3.2810929077e+02
6.6000000000e-02 3.2820331758e+02
6.6280000000e-02 3.2832241962e+02
6.6500000000e-02 3.2841642482e+02
6.6780000000e-02 3.2853549835e+02
6.7000000000e-02 3.2862948105e+02
6.7280000000e-02 3.2874852609e+02
6.7500000000e-02 3.2884248673e+02
6.7780000000e-02 3.2896150326e+02
6.8000000000e-02 3.2905544141e+02
6.8280000000e-02 3.2917442887e+02
6.8500000000e-02 3.2926834364e+02
6.8780000000e-02 3.2938730149e+02
6.9000000000e-02 3.2948119332e+02
6.9280000000e-02 3.2960012155e+02
6.9500000000e-02 3.2969398999e+02
6.9780000000e-02 3.2981288748e+02
7.0000000000e-02 3.2990673211e+02
7.0280000000e-02 3.3002559998e+02
7.0500000000e-02 3.3011942035e+02
7.0780000000e-02 3.3023825636e+02
7.1000000000e-02 3.3033205247e+02
7.1280000000e-02 3.3045085774e+02
7.1500000000e-02 3.3054462870e+02
7.1780000000e-02 3.3066340156e+02
7.2000000000e-02 3.3075714782e+02
7.2280000000e-02 3.3087588882e+02
7.2500000000e-02 3.3096960950e+02
7.2780000000e-02 3.3108831753e+02
7.3000000000e-02 3.3118201261e+02
7.3280000000e-02 3.3130068767e+02
7.3500000000e-02 3.3139435629e+02
7.3780000000e-02 3.3151299725e+02
7.4000000000e-02 3.3160663941e+02
7.4280000000e-02 3.3172524628e+02
7.4500000000e-02 3.3181886108e+02
7.4780000000e-02 3.3193743331e+02
7.5000000000e-02 3.3203102120e+02
7.5280000000e-02 3.3214955766e+02
7.5500000000e-02 3.3224311732e+02
7.5780000000e-02 3.3236161856e+02
7.6000000000e-02 3.3245515044e+02
7.6280000000e-02 3.3257361480e+02
7.6500000000e-02 3.3266711756e+02
7.6780000000e-02 3.3278554503e+02
7.7000000000e-02 3.3287901867e+02
7.7280000000e-02 3.3299740870e+02
7.7500000000e-02 3.3309085235e+02
7.7780000000e-02 3.3320920381e+02
7.8000000000e-02 3.3330261791e+02
7.8280000000e-02 3.3342093025e+02
7.8500000000e-02 3.3351431303e+02
7.8780000000e-02 3.3363258569e+02
7.9000000000e-02 3.3372593714e+02
7.9280000000e-02 3.3384416957e+02
7.9500000000e-02 3.3393748926e+02
7.9780000000e-02 3.3405568033e+02
8.0000000000e-02 3.3414896782e+02
8.0280000000e-02 3.3426711697e+02
8.0500000000e-02 3.3436037138e+02
8.0780000000e-02 3.3447847806e+02
8.1000000000e-02 3.3457169850e+02
8.1280000000e-02 3.3468976158e+02
8.1500000000e-02 3.3478294761e+02
8.1780000000e-02 3.3490096655e+02
8.2000000000e-02 3.3499411773e+02
8.2280000000e-02 3.3511209084e+02
8.2500000000e-02 3.3520520673e+02
8.2780000000e-02 3.3532313401e+02
8.3000000000e-02 3.3541621285e+02
8.3280000000e-02 3.3553409318e+02
8.3500000000e-02 3.3562713497e+02
8.3780000000e-02 3.3574496724e+02
8.4000000000e-02 3.3583797153e+02
8.4280000000e-02 3.3595575405e+02
8.4500000000e-02 3.3604871909e+02
8.4780000000e-02 3.3616645187e+02
8.5000000000e-02 3.3625937764e+02
8.5280000000e-02 3.3637705901e+02
8.5500000000e-02 3.3646994420e+02
8.5780000000e-02 3.3658757360e+02
8.6000000000e-02 3.3668041732e+02
8.6280000000e-02 3.3679799306e+02
8.6500000000e-02 3.3689079488e+02
8.6780000000e-02 3.3700831529e+02
8.7000000000e-02 3.3710107344e+02
8.7280000000e-02 3.3721853852e+02
8.7500000000e-02 3.3731125300e+02
8.7780000000e-02 3.3742866052e+02
8.8000000000e-02 3.3752132956e+02
8.8280000000e-02 3.3763867895e+02
8.8500000000e-02 3.3773130212e+02
8.8780000000e-02 3.3784859115e+02
8.9000000000e-02 3.3794116667e+02
8.9280000000e-02 3.3805839479e+02
8.9500000000e-02 3.3815092223e+02
8.9780000000e-02 3.3826808720e+02
9.0000000000e-02 3.3836056479e+02
9.0280000000e-02 3.3847766605e+02
9.0500000000e-02 3.3857009335e+02
9.0780000000e-02 3.3868712866e+02
9.1000000000e-02 3.3877950435e+02
9.1280000000e-02 3.3889647315e+02
9.1500000000e-02 3.3898879547e+02
9.1780000000e-02 3.3910569497e+02
9.2000000000e-02 3.3919796347e+02
9.2280000000e-02 3.3931479367e+02
9.2500000000e-02 3.3940700703e+02
9.2780000000e-02 3.3952376569e+02
9.3000000000e-02 3.3961592259e+02
9.3280000000e-02 3.3973260859e+02
9.3500000000e-02 3.3982470815e+02
9.3780000000e-02 3.3994132038e+02
9.4000000000e-02 3.4003336215e+02
9.4280000000e-02 3.4014989949e+02
9.4500000000e-02 3.4024188170e+02
9.4780000000e-02 3.4035834360e+02
9.5000000000e-02 3.4045026670e+02
9.5280000000e-02 3.4056665315e+02
9.5500000000e-02 3.4065851626e+02
9.5780000000e-02 3.4077482726e+02
9.6000000000e-02 3.4086663082e+02
9.6280000000e-02 3.4098286637e+02
9.6500000000e-02 3.4107461082e+02
9.6780000000e-02 3.4119077372e+02
9.7000000000e-02 3.4128246038e+02
9.7280000000e-02 3.4139855286e+02
9.7500000000e-02 3.4149018394e+02
9.7780000000e-02 3.4160620991e+02
9.8000000000e-02 3.4169778850e+02
9.8280000000e-02 3.4181375299e+02
9.8500000000e-02 3.4190528350e+02
9.8780000000e-02 3.4202119378e+02
9.9000000000e-02 3.4211268150e+02
9.9280000000e-02 3.4222854540e+02
9.9500000000e-02 3.4231999606e+02
9.9780000000e-02 3.4243582307e+02
1.0000000000e-01 3.4252724506e+02
1.0028000000e-01 3.4264304692e+02
1.0050000000e-01 3.4273444862e+02
1.0078000000e-01 3.4285023315e+02
1.0100000000e-01 3.4294162118e+02
1.0128000000e-01 3.4305739453e+02
1.0150000000e-01 3.4314877418e+02
1.0178000000e-01 3.4326454027e+02
1.0200000000e-01 3.4335591418e+02
1.0228000000e-01 3.4347167636e+02
1.0250000000e-01 3.4356304673e+02
1.0278000000e-01 3.4367880668e+02
1.0300000000e-01 3.4377017573e+02
1.0328000000e-01 3.4388593568e+02
1.0350000000e-01 3.4397730473e+02
1.0378000000e-01 3.4409306524e+02
1.0400000000e-01 3.4418443429e+02
1.0428000000e-01 3.4430019536e+02
1.0450000000e-01 3.4439156529e+02
1.0478000000e-01 3.4450732859e+02
1.0500000000e-01 3.4459869985e+02
1.0528000000e-01 3.4471446427e+02
1.0550000000e-01 3.4480583685e+02
1.0578000000e-01 3.4492160295e+02
1.0600000000e-01 3.4501297685e+02
1.0628000000e-01 3.4512874462e+02
1.0650000000e-01 3.4522011941e+02
1.0678000000e-01 3.4533588830e+02
1.0700000000e-01 3.4542726441e+02
1.0728000000e-01 3.4554303330e+02
1.0750000000e-01 3.4563440941e+02
1.0778000000e-01 3.4575017886e+02
1.0800000000e-01 3.4584155541e+02
1.0828000000e-01 3.4595732430e+02
1.0850000000e-01 3.4604869997e+02
1.0878000000e-01 3.4616446718e+02
1.0900000000e-01 3.4625584197e+02
1.0928000000e-01 3.4637160750e+02
1.0950000000e-01 3.4646298097e+02
1.0978000000e-01 3.4657874315e+02
1.1000000000e-01 3.4667011397e+02
1.1028000000e-01 3.4678587280e+02
1.1050000000e-01 3.4687724053e+02
1.1078000000e-01 3.4699299377e+02
1.1100000000e-01 3.4708435753e+02
1.1128000000e-01 3.4720010518e+02
1.1150000000e-01 3.4729146409e+02
1.1178000000e-01 3.4740720447e+02
1.1200000000e-01 3.4749855809e+02
1.1228000000e-01 3.4761429009e+02
1.1250000000e-01 3.4770563753e+02
1.1278000000e-01 3.4782136059e+02
1.1300000000e-01 3.4791270009e+02
1.1328000000e-01 3.4802841197e+02
1.1350000000e-01 3.4811974309e+02
1.1378000000e-01 3.4823544379e+02
1.1400000000e-01 3.4832676565e+02
1.1428000000e-01 3.4844245238e+02
1.1450000000e-01 3.4853376365e+02
1.1478000000e-01 3.4864943585e+02
1.1500000000e-01 3.4874073565e+02
1.1528000000e-01 3.4885639164e+02
1.1550000000e-01 3.4894767865e+02
1.1578000000e-01 3.4906331732e+02
1.1600000000e-01 3.4915459065e+02
1.1628000000e-01 3.4927021031e+02
1.1650000000e-01 3.4936146865e+02
1.1678000000e-01 3.4947706708e+02
1.1700000000e-01 3.4956830865e+02
1.1728000000e-01 3.4968388528e+02
1.1750000000e-01 3.4977510965e+02
1.1778000000e-01 3.4989066225e+02
1.1800000000e-01 3.4998186721e+02
1.1828000000e-01 3.5009739410e+02
1.1850000000e-01 3.5018857921e+02
1.1878000000e-01 3.5030407871e+02
1.1900000000e-01 3.5039524221e+02
1.1928000000e-01 3.5051071265e+02
1.1950000000e-01 3.5060185321e+02
1.1978000000e-01 3.5071729291e+02
1.2000000000e-01 3.5080840876e+02
1.2028000000e-01 3.5092381494e+02
1.2050000000e-01 3.5101490521e+02
1.2078000000e-01 3.5113027729e+02
1.2100000000e-01 3.5122133976e+02
1.2128000000e-01 3.5133667496e+02
1.2150000000e-01 3.5142770876e+02
1.2178000000e-01 3.5154300540e+02
1.2200000000e-01 3.5163400876e+02
1.2228000000e-01 3.5174926516e+02
1.2250000000e-01 3.5184023632e+02
1.2278000000e-01 3.5195544913e+02
1.2300000000e-01 3.5204638676e+02
1.2328000000e-01 3.5216155542e+02
1.2350000000e-01 3.5225245776e+02
1.2378000000e-01 3.5236757947e+02
1.2400000000e-01 3.5245844432e+02
1.2428000000e-01 3.5257351685e+02
1.2450000000e-01 3.5266434332e+02
1.2478000000e-01 3.5277936443e+02
1.2500000000e-01 3.5287015032e+02
1.2528000000e-01 3.5298511778e+02
1.2550000000e-01 3.5307586176e+02
1.2578000000e-01 3.5319077389e+02
1.2600000000e-01 3.5328147332e+02
1.2628000000e-01 3.5339632733e+02
1.2650000000e-01 3.5348698132e+02
1.2678000000e-01 3.5360177441e+02
1.2700000000e-01 3.5369238032e+02
1.2728000000e-01 3.5380711081e+02
1.2750000000e-01 3.5389766732e+02
1.2778000000e-01 3.5401233243e+02
1.2800000000e-01 3.5410283732e+02
1.2828000000e-01 3.5421743480e+02
1.2850000000e-01 3.5430788632e+02
1.2878000000e-01 3.5442241394e+02
1.2900000000e-01 3.5451280988e+02
1.2928000000e-01 3.5462726429e+02
1.2950000000e-01 3.5471760332e+02
1.2978000000e-01 3.5483198284e+02
1.3000000000e-01 3.5492226232e+02
1.3028000000e-01 3.5503656416e+02
1.3050000000e-01 3.5512678232e+02
1.3078000000e-01 3.5524100368e+02
1.3100000000e-01 3.5533115788e+02
1.3128000000e-01 3.5544529652e+02
1.3150000000e-01 3.5553538588e+02
1.3178000000e-01 3.5564943845e+02
1.3200000000e-01 3.5573945988e+02
1.3228000000e-01 3.5585342415e+02
1.3250000000e-01 3.5594337588e+02
1.3278000000e-01 3.5605724905e+02
1.3300000000e-01 3.5614712888e+02
1.3328000000e-01 3.5626090872e+02
1.3350000000e-01 3.5635071488e+02
1.3378000000e-01 3.5646439748e+02
1.3400000000e-01 3.5655412688e+02
1.3428000000e-01 3.5666771056e+02
1.3450000000e-01 3.5675736188e+02
1.3478000000e-01 3.5687084384e+02
1.3500000000e-01 3.5696041444e+02
1.3528000000e-01 3.5707379077e+02
1.3550000000e-01 3.5716327888e+02
1.3578000000e-01 3.5727654791e+02
1.3600000000e-01 3.5736595044e+02
1.3628000000e-01 3.5747910825e+02
1.3650000000e-01 3.5756842388e+02
1.3678000000e-01 3.5768146824e+02
1.3700000000e-01 3.5777069388e+02
1.3728000000e-01 3.5788362199e+02
1.3750000000e-01 3.5797275588e+02
1.3778000000e-01 3.5808556439e+02
1.3800000000e-01 3.5817460388e+02
1.3828000000e-01 3.5828729056e+02
1.3850000000e-01 3.5837623344e+02
1.3878000000e-01 3.5848879381e+02
1.3900000000e-01 3.5857763788e+02
1.3928000000e-01 3.5869007082e+02
1.3950000000e-01 3.5877881344e+02
1.3978000000e-01 3.5889111449e+02
1.4000000000e-01 3.5897975344e+02
1.4028000000e-01 3.5909192036e+02
1.4050000000e-01 3.5918045344e+02
1.4078000000e-01 3.5929248343e+02
1.4100000000e-01 3.5938090844e+02
1.4128000000e-01 3.5949279759e+02
1.4150000000e-01 3.5958111144e+02
1.4178000000e-01 3.5969285696e+02
1.4200000000e-01 3.5978105744e+02
1.4228000000e-01 3.5989265654e+02
1.4250000000e-01 3.5998074188e+02
1.4278000000e-01 3.6009219176e+02
1.4300000000e-01 3.6018015844e+02
1.4328000000e-01 3.6029145574e+02
1.4350000000e-01 3.6037930244e+02
1.4378000000e-01 3.6049044381e+02
1.4400000000e-01 3.6057816744e+02
1.4428000000e-01 3.6068915009e+02
1.4450000000e-01 3.6077674844e+02
1.4478000000e-01 3.6088756958e+02
1.4500000000e-01 3.6097504000e+02
1.4528000000e-01 3.6108569571e+02
1.4550000000e-01 3.6117303644e+02
1.4578000000e-01 3.6128352393e+02
1.4600000000e-01 3.6137073144e+02
1.4628000000e-01 3.6148104791e+02
1.4650000000e-01 3.6156812044e+02
1.4678000000e-01 3.6167826310e+02
1.4700000000e-01 3.6176519844e+02
1.4728000000e-01 3.6187516338e+02
1.4750000000e-01 3.6196195800e+02
1.4778000000e-01 3.6207174242e+02
1.4800000000e-01 3.6215839500e+02
1.4828000000e-01 3.6226799555e+02
1.4850000000e-01 3.6235450344e+02
1.4878000000e-01 3.6246391788e+02
1.4900000000e-01 3.6255027844e+02
1.4928000000e-01 3.6265950286e+02
1.4950000000e-01 3.6274571344e+02
1.4978000000e-01 3.6285474505e+02
1.5000000000e-01 3.6294080300e+02
1.5028000000e-01 3.6304963844e+02
1.5050000000e-01 3.6313554244e+02
1.5078000000e-01 3.6324417948e+02
1.5100000000e-01 3.6332992600e+02
1.5128000000e-01 3.6343836017e+02
1.5150000000e-01 3.6352394744e+02
1.5178000000e-01 3.6363217706e+02
1.5200000000e-01 3.6371760244e+02
1.5228000000e-01 3.6382562416e+02
1.5250000000e-01 3.6391088500e+02
1.5278000000e-01 3.6401869490e+02
1.5300000000e-01 3.6410378944e+02
1.5328000000e-01 3.6421138529e+02
1.5350000000e-01 3.6429631044e+02
1.5378000000e-01 3.6440368944e+02
1.5400000000e-01 3.6448844344e+02
1.5428000000e-01 3.6459560225e+02
1.5450000000e-01 3.6468018200e+02
1.5478000000e-01 3.6478711725e+02
1.5500000000e-01 3.6487152144e+02
1.5528000000e-01 3.6497823091e+02
1.5550000000e-01 3.6506245600e+02
1.5578000000e-01 3.6516893633e+02
1.5600000000e-01 3.6525298100e+02
1.5628000000e-01 3.6535922939e+02
1.5650000000e-01 3.6544309100e+02
1.5678000000e-01 3.6554910466e+02
1.5700000000e-01 3.6563278100e+02
1.5728000000e-01 3.6573855658e+02
1.5750000000e-01 3.6582204500e+02
1.5778000000e-01 3.6592758026e+02
1.5800000000e-01 3.6601087900e+02
1.5828000000e-01 3.6611617059e+02
1.5850000000e-01 3.6619927744e+02
1.5878000000e-01 3.6630432313e+02
1.5900000000e-01 3.6638723500e+02
1.5928000000e-01 3.6649203143e+02
1.5950000000e-01 3.6657474744e+02
1.5978000000e-01 3.6667929237e+02
1.6000000000e-01 3.6676180900e+02
1.6028000000e-01 3.6686609908e+02
1.6050000000e-01 3.6694841544e+02
1.6078000000e-01 3.6705244900e+02
1.6100000000e-01 3.6713456200e+02
1.6128000000e-01 3.6723833512e+02
1.6150000000e-01 3.6732024300e+02
1.6178000000e-01 3.6742375345e+02
1.6200000000e-01 3.6750545400e+02
1.6228000000e-01 3.6760869954e+02
1.6250000000e-01 3.6769019100e+02
1.6278000000e-01 3.6779316884e+02
1.6300000000e-01 3.6787444900e+02
1.6328000000e-01 3.6797715634e+02
1.6350000000e-01 3.6805822344e+02
1.6378000000e-01 3.6816065805e+02
1.6400000000e-01 3.6824150944e+02
1.6428000000e-01 3.6834366908e+02
1.6450000000e-01 3.6842430300e+02
1.6478000000e-01 3.6852618432e+02
1.6500000000e-01 3.6860659900e+02
1.6528000000e-01 3.6870820032e+02
1.6550000000e-01 3.6878839400e+02
1.6578000000e-01 3.6888971253e+02
1.6600000000e-01 3.6896968300e+02
1.6628000000e-01 3.6907071594e+02
1.6650000000e-01 3.6915046144e+02
1.6678000000e-01 3.6925120767e+02
1.6700000000e-01 3.6933072600e+02
1.6728000000e-01 3.6943118218e+02
1.6750000000e-01 3.6951047200e+02
1.6778000000e-01 3.6961063644e+02
1.6800000000e-01 3.6968969600e+02
1.6828000000e-01 3.6978956535e+02
1.6850000000e-01 3.6986839244e+02
1.6878000000e-01 3.6996796559e+02
1.6900000000e-01 3.7004655844e+02
1.6928000000e-01 3.7014583315e+02
1.6950000000e-01 3.7022419000e+02
1.6978000000e-01 3.7032316347e+02
1.7000000000e-01 3.7040128300e+02
1.7028000000e-01 3.7049995300e+02
1.7050000000e-01 3.7057783300e+02
1.7078000000e-01 3.7067619785e+02
1.7100000000e-01 3.7075383744e+02
1.7128000000e-01 3.7085189491e+02
1.7150000000e-01 3.7092929144e+02
1.7178000000e-01 3.7102703929e+02
1.7200000000e-01 3.7110419144e+02
1.7228000000e-01 3.7120162800e+02
1.7250000000e-01 3.7127853400e+02
1.7278000000e-01 3.7137565647e+02
1.7300000000e-01 3.7145231500e+02
1.7328000000e-01 3.7154912114e+02
1.7350000000e-01 3.7162553044e+02
1.7378000000e-01 3.7172201914e+02
1.7400000000e-01 3.7179817700e+02
1.7428000000e-01 3.7189434602e+02
1.7450000000e-01 3.7197025200e+02
1.7478000000e-01 3.7206609855e+02
1.7500000000e-01 3.7214175000e+02
1.7528000000e-01 3.7223727240e+02
1.7550000000e-01 3.7231266800e+02
1.7578000000e-01 3.7240786401e+02
1.7600000000e-01 3.7248300200e+02
1.7628000000e-01 3.7257786939e+02
1.7650000000e-01 3.7265274844e+02
1.7678000000e-01 3.7274728609e+02
1.7700000000e-01 3.7282190400e+02
1.7728000000e-01 3.7291610856e+02
1.7750000000e-01 3.7299046400e+02
1.7778000000e-01 3.7308433323e+02
1.7800000000e-01 3.7315842444e+02
1.7828000000e-01 3.7325195723e+02
1.7850000000e-01 3.7332578200e+02
1.7878000000e-01 3.7341897499e+02
1.7900000000e-01 3.7349253200e+02
1.7928000000e-01 3.7358538296e+02
1.7950000000e-01 3.7365867000e+02
1.7978000000e-01 3.7375117669e+02
1.8000000000e-01 3.7382419244e+02
1.8028000000e-01 3.7391635262e+02
1.8050000000e-01 3.7398909400e+02
1.8078000000e-01 3.7408090433e+02
1.8100000000e-01 3.7415337000e+02
1.8128000000e-01 3.7424482823e+02
1.8150000000e-01 3.7431701600e+02
1.8178000000e-01 3.7440811879e+02
1.8200000000e-01 3.7448002600e+02
1.8228000000e-01 3.7457077054e+02
1.8250000000e-01 3.7464239500e+02
1.8278000000e-01 3.7473277851e+02
1.8300000000e-01 3.7480411800e+02
1.8328000000e-01 3.7489413600e+02
1.8350000000e-01 3.7496518700e+02
1.8378000000e-01 3.7505483670e+02
1.8400000000e-01 3.7512559700e+02
1.8428000000e-01 3.7521487393e+02
1.8450000000e-01 3.7528534044e+02
1.8478000000e-01 3.7537424124e+02
1.8500000000e-01 3.7544441000e+02
1.8528000000e-01 3.7553292965e+02
1.8550000000e-01 3.7560279800e+02
1.8578000000e-01 3.7569093202e+02
1.8600000000e-01 3.7576049600e+02
1.8628000000e-01 3.7584823881e+02
1.8650000000e-01 3.7591749400e+02
1.8678000000e-01 3.7600484056e+02
1.8700000000e-01 3.7607378300e+02
1.8728000000e-01 3.7616072661e+02
1.8750000000e-01 3.7622935144e+02
1.8778000000e-01 3.7631588651e+02
1.8800000000e-01 3.7638418800e+02
1.8828000000e-01 3.7647030671e+02
1.8850000000e-01 3.7653828000e+02
1.8878000000e-01 3.7662397452e+02
1.8900000000e-01 3.7669161300e+02
1.8928000000e-01 3.7677687550e+02
1.8950000000e-01 3.7684417300e+02
1.8978000000e-01 3.7692899399e+02
1.9000000000e-01 3.7699594300e+02
1.9028000000e-01 3.7708031186e+02
1.9050000000e-01 3.7714690400e+02
1.9078000000e-01 3.7723081011e+02
1.9100000000e-01 3.7729703744e+02
1.9128000000e-01 3.7738046906e+02
1.9150000000e-01 3.7744632100e+02
1.9178000000e-01 3.7752926416e+02
1.9200000000e-01 3.7759473100e+02
1.9228000000e-01 3.7767717117e+02
1.9250000000e-01 3.7774224100e+02
1.9278000000e-01 3.7782416197e+02
1.9300000000e-01 3.7788882200e+02
1.9328000000e-01 3.7797020589e+02
1.9350000000e-01 3.7803444200e+02
1.9378000000e-01 3.7811526869e+02
1.9400000000e-01 3.7817906544e+02
1.9428000000e-01 3.7825931369e+02
1.9450000000e-01 3.7832265300e+02
1.9478000000e-01 3.7840229766e+02
1.9500000000e-01 3.7846516100e+02
1.9528000000e-01 3.7854417468e+02
1.9550000000e-01 3.7860654000e+02
1.9578000000e-01 3.7868489309e+02
1.9600000000e-01 3.7874673700e+02
1.9628000000e-01 3.7882439596e+02
1.9650000000e-01 3.7888569200e+02
1.9678000000e-01 3.7896261827e+02
1.9700000000e-01 3.7902333600e+02
1.9728000000e-01 3.7909948767e+02
1.9750000000e-01 3.7915959400e+02
1.9778000000e-01 3.7923492300e+02
1.9800000000e-01 3.7929438000e+02
1.9828000000e-01 3.7936883324e+02
1.9850000000e-01 3.7942759900e+02
1.9878000000e-01 3.7950111500e+02
1.9900000000e-01 3.7955914100e+02
1.9928000000e-01 3.7963165157e+02
1.9950000000e-01 3.7968888400e+02
1.9978000000e-01 3.7976031035e+02
2.0000000000e-01 3.7981668700e+02
2.0022000000e-01 3.7987213862e+02
2.0050000000e-01 3.7994239244e+02
2.0072000000e-01 3.7999685859e+02
2.0100000000e-01 3.8006586500e+02
2.0122000000e-01 3.8011928525e+02
2.0150000000e-01 3.8018696600e+02
2.0172000000e-01 3.8023927992e+02
2.0200000000e-01 3.8030555844e+02
2.0222000000e-01 3.8035670516e+02
2.0250000000e-01 3.8042150600e+02
2.0272000000e-01 3.8047142684e+02
2.0300000000e-01 3.8053467400e+02
2.0322000000e-01 3.8058331073e+02
2.0350000000e-01 3.8064493100e+02
2.0372000000e-01 3.8069222716e+02
2.0400000000e-01 3.8075214900e+02
2.0422000000e-01 3.8079805034e+02
2.0450000000e-01 3.8085620500e+02
2.0472000000e-01 3.8090065946e+02
2.0500000000e-01 3.8095698100e+02
2.0522000000e-01 3.8099993962e+02
2.0550000000e-01 3.8105436600e+02
2.0572000000e-01 3.8109578246e+02
2.0600000000e-01 3.8114825500e+02
2.0622000000e-01 3.8118808651e+02
2.0650000000e-01 3.8123855100e+02
2.0672000000e-01 3.8127675830e+02
2.0700000000e-01 3.8132516500e+02
2.0722000000e-01 3.8136171103e+02
2.0750000000e-01 3.8140801300e+02
2.0772000000e-01 3.8144286557e+02
2.0800000000e-01 3.8148702200e+02
2.0822000000e-01 3.8152015199e+02
2.0850000000e-01 3.8156212600e+02
2.0872000000e-01 3.8159350738e+02
2.0900000000e-01 3.8163326600e+02
2.0922000000e-01 3.8166287628e+02
2.0950000000e-01 3.8170039100e+02
2.0972000000e-01 3.8172821121e+02
2.1000000000e-01 3.8176345800e+02
2.1022000000e-01 3.8178947270e+02
2.1050000000e-01 3.8182243200e+02
2.1072000000e-01 3.8184662751e+02
2.1100000000e-01 3.8187728200e+02
2.1122000000e-01 3.8189964862e+02
2.1150000000e-01 3.8192798600e+02
2.1172000000e-01 3.8194851668e+02
2.1200000000e-01 3.8197452800e+02
2.1222000000e-01 3.8199321832e+02
2.1250000000e-01 3.8201689800e+02
2.1272000000e-01 3.8203374531e+02
2.1300000000e-01 3.8205508944e+02
2.1322000000e-01 3.8207009375e+02
2.1350000000e-01 3.8208910400e+02
2.1372000000e-01 3.8210226751e+02
2.1400000000e-01 3.8211894500e+02
2.1422000000e-01 3.8213027168e+02
2.1450000000e-01 3.8214462144e+02
2.1472000000e-01 3.8215411658e+02
2.1500000000e-01 3.8216614700e+02
2.1522000000e-01 3.8217381854e+02
2.1550000000e-01 3.8218353800e+02
2.1572000000e-01 3.8218939433e+02
2.1600000000e-01 3.8219681400e+02
2.1622000000e-01 3.8220086482e+02
2.1650000000e-01 3.8220599700e+02
2.1672000000e-01 3.8220825378e+02
2.1700000000e-01 3.8221111300e+02
2.1722000000e-01 3.8221158809e+02
2.1750000000e-01 3.8221219000e+02
2.1772000000e-01 3.8221089663e+02
2.1800000000e-01 3.8220925800e+02
2.1822000000e-01 3.8220620941e+02
2.1850000000e-01 3.8220234700e+02
2.1872000000e-01 3.8219755863e+02
2.1900000000e-01 3.8219149200e+02
2.1922000000e-01 3.8218497884e+02
2.1950000000e-01 3.8217672700e+02
2.1972000000e-01 3.8216850538e+02
2.2000000000e-01 3.8215808900e+02
2.2022000000e-01 3.8214817479e+02
2.2050000000e-01 3.8213561400e+02
2.2072000000e-01 3.8212402441e+02
2.2100000000e-01 3.8210934100e+02
2.2122000000e-01 3.8209609324e+02
2.2150000000e-01 3.8207930844e+02
2.2172000000e-01 3.8206441927e+02
2.2200000000e-01 3.8204555600e+02
2.2222000000e-01 3.8202904438e+02
2.2250000000e-01 3.8200812500e+02
2.2272000000e-01 3.8199000770e+02
2.2300000000e-01 3.8196705400e+02
2.2322000000e-01 3.8194734999e+02
2.2350000000e-01 3.8192238600e+02
2.2372000000e-01 3.8190111336e+02
2.2400000000e-01 3.8187416200e+02
2.2422000000e-01 3.8185133881e+02
2.2450000000e-01 3.8182242244e+02
2.2472000000e-01 3.8179806680e+02
2.2500000000e-01 3.8176721000e+02
2.2522000000e-01 3.8174134131e+02
2.2550000000e-01 3.8170856644e+02
2.2572000000e-01 3.8168120191e+02
2.2600000000e-01 3.8164653300e+02
2.2622000000e-01 3.8161769248e+02
2.2650000000e-01 3.8158115300e+02
2.2672000000e-01 3.8155085369e+02
2.2700000000e-01 3.8151246600e+02
2.2722000000e-01 3.8148072731e+02
2.2750000000e-01 3.8144051544e+02
2.2772000000e-01 3.8140735457e+02
2.2800000000e-01 3.8136534200e+02
2.2822000000e-01 3.8133077837e+02
2.2850000000e-01 3.8128698800e+02
2.2872000000e-01 3.8125103924e+02
2.2900000000e-01 3.8120549344e+02
2.2922000000e-01 3.8116817721e+02
2.2950000000e-01 3.8112090000e+02
2.2972000000e-01 3.8108223526e+02
2.3000000000e-01 3.8103324900e+02
2.3022000000e-01 3.8099325296e+02
2.3050000000e-01 3.8094258000e+02
2.3072000000e-01 3.8090127074e+02
2.3100000000e-01 3.8084893400e+02
2.3122000000e-01 3.8080632916e+02
2.3150000000e-01 3.8075235100e+02
2.3172000000e-01 3.8070846779e+02
2.3200000000e-01 3.8065287000e+02
2.3222000000e-01 3.8060772607e+02
2.3250000000e-01 3.8055053100e+02
2.3272000000e-01 3.8050414355e+02
2.3300000000e-01 3.8044537300e+02
2.3322000000e-01 3.8039775923e+02
2.3350000000e-01 3.8033743500e+02
2.3372000000e-01 3.8028861211e+02
2.3400000000e-01 3.8022675600e+02
2.3422000000e-01 3.8017674032e+02
2.3450000000e-01 3.8011337300e+02
2.3472000000e-01 3.8006218173e+02
2.3500000000e-01 3.7999732500e+02
2.3522000000e-01 3.7994497447e+02
2.3550000000e-01 3.7987864844e+02
2.3572000000e-01 3.7982515496e+02
2.3600000000e-01 3.7975738200e+02
2.3622000000e-01 3.7970276190e+02
2.3650000000e-01 3.7963356100e+02
2.3672000000e-01 3.7957783059e+02
2.3700000000e-01 3.7950722300e+02
2.3722000000e-01 3.7945039817e+02
2.3750000000e-01 3.7937840400e+02
2.3772000000e-01 3.7932050019e+02
2.3800000000e-01 3.7924713900e+02
2.3822000000e-01 3.7918817253e+02
2.3850000000e-01 3.7911346500e+02
2.3872000000e-01 3.7905345086e+02
2.3900000000e-01 3.7897741600e+02
2.3922000000e-01 3.7891636964e+02
2.3950000000e-01 3.7883902700e+02
2.3972000000e-01 3.7877696385e+02
2.4000000000e-01 3.7869833300e+02
2.4022000000e-01 3.7863526807e+02
2.4050000000e-01 3.7855536744e+02
2.4072000000e-01 3.7849131528e+02
2.4100000000e-01 3.7841016444e+02
2.4122000000e-01 3.7834514004e+02
2.4150000000e-01 3.7826275800e+02
2.4172000000e-01 3.7819677593e+02
2.4200000000e-01 3.7811318000e+02
2.4222000000e-01 3.7804625481e+02
2.4250000000e-01 3.7796146400e+02
2.4272000000e-01 3.7789361025e+02
2.4300000000e-01 3.7780764244e+02
2.4322000000e-01 3.7773887336e+02
2.4350000000e-01 3.7765174700e+02
2.4372000000e-01 3.7758207759e+02
2.4400000000e-01 3.7749381000e+02
2.4422000000e-01 3.7742325350e+02
2.4450000000e-01 3.7733386200e+02
2.4472000000e-01 3.7726243252e+02
2.4500000000e-01 3.7717193444e+02
2.4522000000e-01 3.7709964521e+02
2.4550000000e-01 3.7700805844e+02
2.4572000000e-01 3.7693492314e+02
2.4600000000e-01 3.7684226444e+02
2.4622000000e-01 3.7676829587e+02
2.4650000000e-01 3.7667458144e+02
2.4672000000e-01 3.7659979326e+02
2.4700000000e-01 3.7650504044e+02
2.4722000000e-01 3.7642944501e+02
2.4750000000e-01 3.7633366944e+02
2.4772000000e-01 3.7625728043e+02
2.4800000000e-01 3.7616049944e+02
2.4822000000e-01 3.7608332876e+02
2.4850000000e-01 3.7598555744e+02
2.4872000000e-01 3.7590761789e+02
2.4900000000e-01 3.7580887244e+02
2.4922000000e-01 3.7573017637e+02
2.4950000000e-01 3.7563047244e+02
2.4972000000e-01 3.7555103219e+02
2.5000000000e-01 3.7545038544e+02
2.5022000000e-01 3.7537021337e+02
2.5050000000e-01 3.7526863944e+02
2.5072000000e-01 3.7518774702e+02
2.5100000000e-01 3.7508526044e+02
2.5122000000e-01 3.7500365958e+02
2.5150000000e-01 3.7490027544e+02
2.5172000000e-01 3.7481797805e+02
2.5200000000e-01 3.7471371144e+02
2.5222000000e-01 3.7463072943e+02
2.5250000000e-01 3.7452559544e+02
2.5272000000e-01 3.7444193940e+02
2.5300000000e-01 3.7433595144e+02
2.5322000000e-01 3.7425163283e+02
2.5350000000e-01 3.7414480544e+02
2.5372000000e-01 3.7405983618e+02
2.5400000000e-01 3.7395218388e+02
2.5422000000e-01 3.7386657367e+02
2.5450000000e-01 3.7375811044e+02
2.5472000000e-01 3.7367187163e+02
2.5500000000e-01 3.7356261088e+02
2.5522000000e-01 3.7347575274e+02
2.5550000000e-01 3.7336570844e+02
2.5572000000e-01 3.7327824287e+02
2.5600000000e-01 3.7316742844e+02
2.5622000000e-01 3.7307936515e+02
2.5650000000e-01 3.7296779344e+02
2.5672000000e-01 3.7287914302e+02
2.5700000000e-01 3.7276682688e+02
2.5722000000e-01 3.7267759903e+02
2.5750000000e-01 3.7256455244e+02
2.5772000000e-01 3.7247475819e+02
2.5800000000e-01 3.7236099288e+02
2.5822000000e-01 3.7227064150e+02
2.5850000000e-01 3.7215617088e+02
2.5872000000e-01 3.7206527206e+02
2.5900000000e-01 3.7195010844e+02
2.5922000000e-01 3.7185867234e+02
2.5950000000e-01 3.7174282744e+02
2.5972000000e-01 3.7165086376e+02
2.6000000000e-01 3.7153434988e+02
2.6022000000e-01 3.7144186744e+02
2.6050000000e-01 3.7132469688e+02
2.6072000000e-01 3.7123170538e+02
2.6100000000e-01 3.7111388988e+02
2.6122000000e-01 3.7102039815e+02
2.6150000000e-01 3.7090194944e+02
2.6172000000e-01 3.7080796718e+02
2.6200000000e-01 3.7068889588e+02
2.6222000000e-01 3.7059443148e+02
2.6250000000e-01 3.7047475044e+02
2.6272000000e-01 3.7037981316e+02
2.6300000000e-01 3.7025953188e+02
2.6322000000e-01 3.7016413010e+02
2.6350000000e-01 3.7004326088e+02
2.6372000000e-01 3.6994740298e+02
2.6400000000e-01 3.6982595588e+02
2.6422000000e-01 3.6972965068e+02
2.6450000000e-01 3.6960763688e+02
2.6472000000e-01 3.6951089276e+02
2.6500000000e-01 3.6938832288e+02
2.6522000000e-01 3.6929114779e+02
2.6550000000e-01 3.6916803188e+02
2.6572000000e-01 3.6907043419e+02
2.6600000000e-01 3.6894678288e+02
2.6622000000e-01 3.6884877054e+02
2.6650000000e-01 3.6872459332e+02
2.6672000000e-01 3.6862617382e+02
2.6700000000e-01 3.6850148188e+02
2.6722000000e-01 3.6840266361e+02
2.6750000000e-01 3.6827746532e+02
2.6772000000e-01 3.6817825533e+02
2.6800000000e-01 3.6805256132e+02
2.6822000000e-01 3.6795296712e+02
2.6850000000e-01 3.6782678688e+02
2.6872000000e-01 3.6772681684e+02
2.6900000000e-01 3.6760015932e+02
2.6922000000e-01 3.6749981962e+02
2.6950000000e-01 3.6737269432e+02
2.6972000000e-01 3.6727199246e+02
2.7000000000e-01 3.6714440832e+02
2.7022000000e-01 3.6704335180e+02
2.7050000000e-01 3.6691531832e+02
2.7072000000e-01 3.6681391376e+02
2.7100000000e-01 3.6668543932e+02
2.7122000000e-01 3.6658369377e+02
2.7150000000e-01 3.6645478732e+02
2.7172000000e-01 3.6635270740e+02
2.7200000000e-01 3.6622337732e+02
2.7222000000e-01 3.6612097009e+02
2.7250000000e-01 3.6599122476e+02
2.7272000000e-01 3.6588849595e+02
2.7300000000e-01 3.6575834376e+02
2.7322000000e-01 3.6565530043e+02
2.7350000000e-01 3.6552474976e+02
2.7372000000e-01 3.6542139809e+02
2.7400000000e-01 3.6529045676e+02
2.7422000000e-01 3.6518680336e+02
2.7450000000e-01 3.6505547976e+02
2.7472000000e-01 3.6495152993e+02
2.7500000000e-01 3.6481983076e+02
2.7522000000e-01 3.6471559155e+02
2.7550000000e-01 3.6458352576e+02
2.7572000000e-01 3.6447900247e+02
2.7600000000e-01 3.6434657621e+02
2.7622000000e-01 3.6424177456e+02
2.7650000000e-01 3.6410899676e+02
2.7672000000e-01 3.6400392295e+02
2.7700000000e-01 3.6387079976e+02
2.7722000000e-01 3.6376545951e+02
2.7750000000e-01 3.6363199821e+02
2.7772000000e-01 3.6352639681e+02
2.7800000000e-01 3.6339260521e+02
2.7822000000e-01 3.6328674796e+02
2.7850000000e-01 3.6315263221e+02
2.7872000000e-01 3.6304652440e+02
2.7900000000e-01 3.6291209121e+02
2.7922000000e-01 3.6280573902e+02
2.7950000000e-01 3.6267099565e+02
2.7972000000e-01 3.6256440305e+02
2.8000000000e-01 3.6242935621e+02
2.8022000000e-01 3.6232252937e+02
2.8050000000e-01 3.6218718465e+02
2.8072000000e-01 3.6208012799e+02
2.8100000000e-01 3.6194449265e+02
2.8122000000e-01 3.6183721102e+02
2.8150000000e-01 3.6170129065e+02
2.8172000000e-01 3.6159378890e+02
2.8200000000e-01 3.6145758965e+02
2.8222000000e-01 3.6134987307e+02
2.8250000000e-01 3.6121340109e+02
2.8272000000e-01 3.6110547366e+02
2.8300000000e-01 3.6096873509e+02
2.8322000000e-01 3.6086060165e+02
2.8350000000e-01 3.6072360209e+02
2.8372000000e-01 3.6061526706e+02
2.8400000000e-01 3.6047801209e+02
2.8422000000e-01 3.6036947988e+02
2.8450000000e-01 3.6023197509e+02
2.8472000000e-01 3.6012325011e+02
2.8500000000e-01 3.5998550109e+02
2.8522000000e-01 3.5987658775e+02
2.8550000000e-01 3.5973859953e+02
2.8572000000e-01 3.5962950180e+02
2.8600000000e-01 3.5949128053e+02
2.8622000000e-01 3.5938200194e+02
2.8650000000e-01 3.5924355153e+02
2.8672000000e-01 3.5913409738e+02
2.8700000000e-01 3.5899542397e+02
2.8722000000e-01 3.5888579690e+02
2.8750000000e-01 3.5874690497e+02
2.8772000000e-01 3.5863710939e+02
2.8800000000e-01 3.5849800397e+02
2.8822000000e-01 3.5838804341e+02
2.8850000000e-01 3.5824872897e+02
2.8872000000e-01 3.5813860784e+02
2.8900000000e-01 3.5799908941e+02
2.8922000000e-01 3.5788881036e+02
2.8950000000e-01 3.5774909241e+02
2.8972000000e-01 3.5763865985e+02
2.9000000000e-01 3.5749874741e+02
2.9022000000e-01 3.5738816399e+02
2.9050000000e-01 3.5724806041e+02
2.9072000000e-01 3.5713733053e+02
2.9100000000e-01 3.5699704085e+02
2.9122000000e-01 3.5688616673e+02
2.9150000000e-01 3.5674569485e+02
2.9172000000e-01 3.5663468089e+02
2.9200000000e-01 3.5649403129e+02
2.9222000000e-01 3.5638287970e+02
2.9250000000e-01 3.5624205629e+02
2.9272000000e-01 3.5613077104e+02
2.9300000000e-01 3.5598977773e+02
2.9322000000e-01 3.5587836103e+02
2.9350000000e-01 3.5573720173e+02
2.9372000000e-01 3.5562565755e+02
2.9400000000e-01 3.5548433673e+02
2.9422000000e-01 3.5537266727e+02
2.9450000000e-01 3.5523118718e+02
2.9472000000e-01 3.5511939552e+02
2.9500000000e-01 3.5497776118e+02
2.9522000000e-01 3.5486585042e+02
2.9550000000e-01 3.5472406462e+02
2.9572000000e-01 3.5461203740e+02
2.9600000000e-01 3.5447010462e+02
2.9622000000e-01 3.5435796315e+02
2.9650000000e-01 3.5421588562e+02
2.9672000000e-01 3.5410363343e+02
2.9700000000e-01 3.5396141506e+02
2.9722000000e-01 3.5384905391e+02
2.9750000000e-01 3.5370669750e+02
2.9772000000e-01 3.5359423049e+02
2.9800000000e-01 3.5345174050e+02
2.9822000000e-01 3.5333916938e+02
2.9850000000e-01 3.5319654750e+02
2.9872000000e-01 3.5308387581e+02
2.9900000000e-01 3.5294112594e+02
2.9922000000e-01 3.5282835499e+02
2.9950000000e-01 3.5268547994e+02
2.9972000000e-01 3.5257261283e+02
3.0000000000e-01 3.5242961538e+02
3.0022000000e-01 3.5231665387e+02
3.0050000000e-01 3.5217353682e+02
3.0072000000e-01 3.5206048312e+02
3.0100000000e-01 3.5191724982e+02
3.0122000000e-01 3.5180410613e+02
3.0150000000e-01 3.5166075826e+02
3.0172000000e-01 3.5154752679e+02
3.0200000000e-01 3.5140406826e+02
3.0222000000e-01 3.5129075121e+02
3.0250000000e-01 3.5114718370e+02
3.0272000000e-01 3.5103378284e+02
3.0300000000e-01 3.5089010915e+02
3.0322000000e-01 3.5077662667e+02
3.0350000000e-01 3.5063284959e+02
3.0372000000e-01 3.5051928683e+02
3.0400000000e-01 3.5037540859e+02
3.0422000000e-01 3.5026176819e+02
3.0450000000e-01 3.5011779103e+02
3.0472000000e-01 3.5000407432e+02
3.0500000000e-01 3.4986000047e+02
3.0522000000e-01 3.4974620921e+02
3.0550000000e-01 3.4960204091e+02
3.0572000000e-01 3.4948817731e+02
3.0600000000e-01 3.4934391735e+02
3.0622000000e-01 3.4922998229e+02
3.0650000000e-01 3.4908563179e+02
3.0672000000e-01 3.4897162747e+02
3.0700000000e-01 3.4882718979e+02
3.0722000000e-01 3.4871311798e+02
3.0750000000e-01 3.4856859423e+02
3.0772000000e-01 3.4845445625e+02
3.0800000000e-01 3.4830984867e+02
3.0822000000e-01 3.4819564629e+02
3.0850000000e-01 3.4805095656e+02
3.0872000000e-01 3.4793669065e+02
3.0900000000e-01 3.4779192100e+02
3.0922000000e-01 3.4767759333e+02
3.0950000000e-01 3.4753274600e+02
3.0972000000e-01 3.4741835834e+02
3.1000000000e-01 3.4727343444e+02
3.1022000000e-01 3.4715898811e+02
3.1050000000e-01 3.4701398932e+02
3.1072000000e-01 3.4689948521e+02
3.1100000000e-01 3.4675441376e+02
3.1122000000e-01 3.4663985363e+02
3.1150000000e-01 3.4649471120e+02
3.1172000000e-01 3.4638009593e+02
3.1200000000e-01 3.4623488364e+02
3.1222000000e-01 3.4612021499e+02
3.1250000000e-01 3.4597493453e+02
3.1272000000e-01 3.4586021294e+02
3.1300000000e-01 3.4571486653e+02
3.1322000000e-01 3.4560009421e+02
3.1350000000e-01 3.4545468241e+02
3.1372000000e-01 3.4533985981e+02
3.1400000000e-01 3.4519438429e+02
3.1422000000e-01 3.4507951273e+02
3.1450000000e-01 3.4493397573e+02
3.1472000000e-01 3.4481905608e+02
3.1500000000e-01 3.4467345817e+02
3.1522000000e-01 3.4455849177e+02
3.1550000000e-01 3.4441283406e+02
3.1572000000e-01 3.4429782221e+02
3.1600000000e-01 3.4415210694e+02
3.1622000000e-01 3.4403705010e+02
3.1650000000e-01 3.4389127838e+02
3.1672000000e-01 3.4377617787e+02
3.1700000000e-01 3.4363035026e+02
3.1722000000e-01 3.4351520696e+02
3.1750000000e-01 3.4336932514e+02
3.1772000000e-01 3.4325413950e+02
3.1800000000e-01 3.4310820459e+02
3.1822000000e-01 3.4299297836e+02
3.1850000000e-01 3.4284699147e+02
3.1872000000e-01 3.4273172510e+02
3.1900000000e-01 3.4258568735e+02
3.1922000000e-01 3.4247038216e+02
3.1950000000e-01 3.4232429523e+02
3.1972000000e-01 3.4220895122e+02
3.2000000000e-01 3.4206281511e+02
3.2022000000e-01 3.4194743361e+02
3.2050000000e-01 3.4180125000e+02
3.2072000000e-01 3.4168583188e+02
3.2100000000e-01 3.4153960188e+02
3.2122000000e-01 3.4142414759e+02
3.2150000000e-01 3.4127787176e+02
3.2172000000e-01 3.4116238218e+02
3.2200000000e-01 3.4101606164e+02
3.2222000000e-01 3.4090053810e+02
3.2250000000e-01 3.4075417397e+02
3.2272000000e-01 3.4063861601e+02
3.2300000000e-01 3.4049220885e+02
3.2322000000e-01 3.4037661825e+02
3.2350000000e-01 3.4023016917e+02
3.2372000000e-01 3.4011454593e+02
3.2400000000e-01 3.3996805605e+02
3.2422000000e-01 3.3985240106e+02
3.2450000000e-01 3.3970587094e+02
3.2472000000e-01 3.3959018506e+02
3.2500000000e-01 3.3944361526e+02
3.2522000000e-01 3.3932789895e+02
3.2550000000e-01 3.3918129058e+02
3.2572000000e-01 3.3906554427e+02
3.2600000000e-01 3.3891889791e+02
3.2622000000e-01 3.3880312248e+02
3.2650000000e-01 3.3865643923e+02
3.2672000000e-01 3.3854063469e+02
3.2700000000e-01 3.3839391455e+02
3.2722000000e-01 3.3827808222e+02
3.2750000000e-01 3.3813132688e+02
3.2772000000e-01 3.3801546720e+02
3.2800000000e-01 3.3786867720e+02
3.2822000000e-01 3.3775279017e+02
3.2850000000e-01 3.3760596552e+02
3.2872000000e-01 3.3749005203e+02
3.2900000000e-01 3.3734319329e+02
3.2922000000e-01 3.3722725421e+02
3.2950000000e-01 3.3708036305e+02
3.2972000000e-01 3.3696439795e+02
3.3000000000e-01 3.3681747438e+02
3.3022000000e-01 3.3670148457e+02
3.3050000000e-01 3.3655452914e+02
3.3072000000e-01 3.3643851463e+02
3.3100000000e-01 3.3629152790e+02
3.3122000000e-01 3.3617548913e+02
3.3150000000e-01 3.3602847167e+02
3.3172000000e-01 3.3591240952e+02
3.3200000000e-01 3.3576536243e+02
3.3222000000e-01 3.3564927690e+02
3.3250000000e-01 3.3550220020e+02
3.3272000000e-01 3.3538609217e+02
3.3300000000e-01 3.3523898696e+02
3.3322000000e-01 3.3512285644e+02
3.3350000000e-01 3.3497572217e+02
3.3372000000e-01 3.3485956959e+02
3.3400000000e-01 3.3471240737e+02
3.3422000000e-01 3.3459623318e+02
3.3450000000e-01 3.3444904414e+02
3.3472000000e-01 3.3433284877e+02
3.3500000000e-01 3.3418563234e+02
3.3522000000e-01 3.3406941624e+02
3.3550000000e-01 3.3392217355e+02
3.3572000000e-01 3.3380593715e+02
3.3600000000e-01 3.3365866876e+02
3.3622000000e-01 3.3354241207e+02
3.3650000000e-01 3.3339511796e+02
3.3672000000e-01 3.3327884186e+02
3.3700000000e-01 3.3313152261e+02
3.3722000000e-01 3.3301522666e+02
3.3750000000e-01 3.3286788281e+02
3.3772000000e-01 3.3275156834e+02
3.3800000000e-01 3.3260420046e+02
3.3822000000e-01 3.3248786702e+02
3.3850000000e-01 3.3234047511e+02
3.3872000000e-01 3.3222412314e+02
3.3900000000e-01 3.3207670775e+02
3.3922000000e-01 3.3196033770e+02
3.3950000000e-01 3.3181289940e+02
3.3972000000e-01 3.3169651170e+02
3.4000000000e-01 3.3154905049e+02
3.4022000000e-01 3.3143264514e+02
3.4050000000e-01 3.3128516213e+02
3.4072000000e-01 3.3116874003e+02
3.4100000000e-01 3.3102123522e+02
3.4122000000e-01 3.3090479591e+02
3.4150000000e-01 3.3075726931e+02
3.4172000000e-01 3.3064081324e+02
3.4200000000e-01 3.3049326540e+02
3.4222000000e-01 3.3037679344e+02
3.4250000000e-01 3.3022922493e+02
3.4272000000e-01 3.3011273665e+02
3.4300000000e-01 3.2996514746e+02
3.4322000000e-01 3.2984864330e+02
3.4350000000e-01 3.2970103454e+02
3.4372000000e-01 3.2958451495e+02
3.4400000000e-01 3.2943688607e+02
3.4422000000e-01 3.2932035148e+02
3.4450000000e-01 3.2917270304e+02
3.4472000000e-01 3.2905615301e+02
3.4500000000e-01 3.2890848557e+02
3.4522000000e-01 3.2879192098e+02
3.4550000000e-01 3.2864423454e+02
3.4572000000e-01 3.2852765539e+02
3.4600000000e-01 3.2837995051e+02
3.4622000000e-01 3.2826335681e+02
3.4650000000e-01 3.2811563348e+02
3.4672000000e-01 3.2799902610e+02
3.4700000000e-01 3.2785128545e+02
3.4722000000e-01 3.2773466396e+02
3.4750000000e-01 3.2758690542e+02
3.4772000000e-01 3.2747027069e+02
3.4800000000e-01 3.2732249427e+02
3.4822000000e-01 3.2720584587e+02
3.4850000000e-01 3.2705805269e+02
3.4872000000e-01 3.2694139149e+02
3.4900000000e-01 3.2679358210e+02
3.4922000000e-01 3.2667690767e+02
3.4950000000e-01 3.2652908095e+02
3.4972000000e-01 3.2641239417e+02
3.5000000000e-01 3.2626455180e+02
3.5022000000e-01 3.2614785223e+02
3.5050000000e-01 3.2599999365e+02
3.5072000000e-01 3.2588328217e+02
3.5100000000e-01 3.2573540795e+02
3.5122000000e-01 3.2561868411e+02
3.5150000000e-01 3.2547079480e+02
3.5172000000e-01 3.2535405950e+02
3.5200000000e-01 3.2520615453e+02
3.5222000000e-01 3.2508940732e+02
3.5250000000e-01 3.2494148783e+02
3.5272000000e-01 3.2482472914e+02
3.5300000000e-01 3.2467679456e+02
3.5322000000e-01 3.2456002485e+02
3.5350000000e-01 3.2441207630e+02
3.5372000000e-01 3.2429529556e+02
3.5400000000e-01 3.2414733303e+02
3.5422000000e-01 3.2403054126e+02
3.5450000000e-01 3.2388256477e+02
3.5472000000e-01 3.2376576285e+02
3.5500000000e-01 3.2361777238e+02
3.5522000000e-01 3.2350095944e+02
3.5550000000e-01 3.2335295612e+02
3.5572000000e-01 3.2323613347e+02
3.5600000000e-01 3.2308811673e+02
3.5622000000e-01 3.2297128394e+02
3.5650000000e-01 3.2282325435e+02
3.5672000000e-01 3.2270641185e+02
3.5700000000e-01 3.2255836997e+02
3.5722000000e-01 3.2244151777e+02
3.5750000000e-01 3.2229346359e+02
3.5772000000e-01 3.2217660212e+02
3.5800000000e-01 3.2202853564e+02
3.5822000000e-01 3.2191166491e+02
3.5850000000e-01 3.2176358670e+02
3.5872000000e-01 3.2164670715e+02
3.5900000000e-01 3.2149861720e+02
3.5922000000e-01 3.2138172883e+02
3.5950000000e-01 3.2123362770e+02
3.5972000000e-01 3.2111673050e+02
3.6000000000e-01 3.2096861876e+02
3.6022000000e-01 3.2085171318e+02
3.6050000000e-01 3.2070359026e+02
3.6072000000e-01 3.2058667674e+02
3.6100000000e-01 3.2043854320e+02
3.6122000000e-01 3.2032162130e+02
3.6150000000e-01 3.2017347770e+02
3.6172000000e-01 3.2005654830e+02
3.6200000000e-01 3.1990839464e+02
3.6222000000e-01 3.1979145774e+02
3.6250000000e-01 3.1964329402e+02
3.6272000000e-01 3.1952634962e+02
3.6300000000e-01 3.1937817696e+02
3.6322000000e-01 3.1926122550e+02
3.6350000000e-01 3.1911304334e+02
3.6372000000e-01 3.1899608527e+02
3.6400000000e-01 3.1884789416e+02
3.6422000000e-01 3.1873092903e+02
3.6450000000e-01 3.1858272954e+02
3.6472000000e-01 3.1846575780e+02
3.6500000000e-01 3.1831754936e+02
3.6522000000e-01 3.1820057144e+02
3.6550000000e-01 3.1805235575e+02
3.6572000000e-01 3.1793537165e+02
3.6600000000e-01 3.1778714757e+02
3.6622000000e-01 3.1767015774e+02
3.6650000000e-01 3.1752192639e+02
3.6672000000e-01 3.1740493082e+02
3.6700000000e-01 3.1725669221e+02
3.6722000000e-01 3.1713969179e+02
3.6750000000e-01 3.1699144648e+02
3.6772000000e-01 3.1687444032e+02
3.6800000000e-01 3.1672618830e+02
3.6822000000e-01 3.1660917729e+02
3.6850000000e-01 3.1646091912e+02
3.6872000000e-01 3.1634390370e+02
3.6900000000e-01 3.1619563939e+02
3.6922000000e-01 3.1607861956e+02
3.6950000000e-01 3.1593034965e+02
3.6972000000e-01 3.1581332541e+02
3.7000000000e-01 3.1566505047e+02
3.7022000000e-01 3.1554802226e+02
3.7050000000e-01 3.1539974173e+02
3.7072000000e-01 3.1528271000e+02
3.7100000000e-01 3.1513442556e+02
3.7122000000e-01 3.1501739029e+02
3.7150000000e-01 3.1486910138e+02
3.7172000000e-01 3.1475206302e+02
3.7200000000e-01 3.1460377020e+02
3.7222000000e-01 3.1448672876e+02
3.7250000000e-01 3.1433843258e+02
3.7272000000e-01 3.1422138893e+02
3.7300000000e-01 3.1407308941e+02
3.7322000000e-01 3.1395604311e+02
3.7350000000e-01 3.1380774079e+02
3.7372000000e-01 3.1369069229e+02
3.7400000000e-01 3.1354238773e+02
3.7422000000e-01 3.1342533790e+02
3.7450000000e-01 3.1327703111e+02
3.7472000000e-01 3.1315997952e+02
3.7500000000e-01 3.1301167161e+02
3.7522000000e-01 3.1289461914e+02
3.7550000000e-01 3.1274630955e+02
3.7572000000e-01 3.1262925619e+02
3.7600000000e-01 3.1248094605e+02
3.7622000000e-01 3.1236389181e+02
3.7650000000e-01 3.1221558166e+02
3.7672000000e-01 3.1209852743e+02
3.7700000000e-01 3.1195021728e+02
3.7722000000e-01 3.1183316304e+02
3.7750000000e-01 3.1168485401e+02
3.7772000000e-01 3.1156780066e+02
3.7800000000e-01 3.1141949219e+02
3.7822000000e-01 3.1130243928e+02
3.7850000000e-01 3.1115413248e+02
3.7872000000e-01 3.1103708045e+02
3.7900000000e-01 3.1088877590e+02
3.7922000000e-01 3.1077172563e+02
3.7950000000e-01 3.1062342331e+02
3.7972000000e-01 3.1050637481e+02
3.8000000000e-01 3.1035807584e+02
3.8022000000e-01 3.1024102998e+02
3.8050000000e-01 3.1009273436e+02
3.8072000000e-01 3.0997569072e+02
3.8100000000e-01 3.0982739957e+02
3.8122000000e-01 3.0971035901e+02
3.8150000000e-01 3.0956207233e+02
3.8172000000e-01 3.0944503530e+02
3.8200000000e-01 3.0929675422e+02
3.8222000000e-01 3.0917972071e+02
3.8250000000e-01 3.0903144522e+02
3.8272000000e-01 3.0891441613e+02
3.8300000000e-01 3.0876614733e+02
3.8322000000e-01 3.0864912310e+02
3.8350000000e-01 3.0850086101e+02
3.8372000000e-01 3.0838384162e+02
3.8400000000e-01 3.0823558736e+02
3.8422000000e-01 3.0811857371e+02
3.8450000000e-01 3.0797032728e+02
3.8472000000e-01 3.0785331980e+02
3.8500000000e-01 3.0770508287e+02
3.8522000000e-01 3.0758808156e+02
3.8550000000e-01 3.0743985357e+02
3.8572000000e-01 3.0732285933e+02
3.8600000000e-01 3.0717464196e+02
3.8622000000e-01 3.0705765521e+02
3.8650000000e-01 3.0690944901e+02
3.8672000000e-01 3.0679247021e+02
3.8700000000e-01 3.0664427519e+02
3.8722000000e-01 3.0652730521e+02
3.8750000000e-01 3.0637912249e+02
3.8772000000e-01 3.0626216133e+02
3.8800000000e-01 3.0611399146e+02
3.8822000000e-01 3.0599704001e+02
3.8850000000e-01 3.0584888411e+02
3.8872000000e-01 3.0573194280e+02
3.8900000000e-01 3.0558380143e+02
3.8922000000e-01 3.0546687115e+02
3.8950000000e-01 3.0531874488e+02
3.8972000000e-01 3.0520182562e+02
3.9000000000e-01 3.0505371500e+02
3.9022000000e-01 3.0493680810e+02
3.9050000000e-01 3.0478871479e+02
3.9072000000e-01 3.0467182068e+02
3.9100000000e-01 3.0452374527e+02
3.9122000000e-01 3.0440686439e+02
3.9150000000e-01 3.0425880686e+02
3.9172000000e-01 3.0414194010e+02
3.9200000000e-01 3.0399390212e+02
3.9222000000e-01 3.0387704992e+02
3.9250000000e-01 3.0372903263e+02
3.9272000000e-01 3.0361219630e+02
3.9300000000e-01 3.0346419969e+02
3.9322000000e-01 3.0334737925e+02
3.9350000000e-01 3.0319940499e+02
3.9372000000e-01 3.0308260219e+02
3.9400000000e-01 3.0293465084e+02
3.9422000000e-01 3.0281786569e+02
3.9450000000e-01 3.0266993837e+02
3.9472000000e-01 3.0255317263e+02
3.9500000000e-01 3.0240527047e+02
3.9522000000e-01 3.0228852413e+02
3.9550000000e-01 3.0214064823e+02
3.9572000000e-01 3.0202392263e+02
3.9600000000e-01 3.0187607412e+02
3.9622000000e-01 3.0175937013e+02
3.9650000000e-01 3.0161154956e+02
3.9672000000e-01 3.0149486852e+02
3.9700000000e-01 3.0134707813e+02
3.9722000000e-01 3.0123042090e+02
3.9750000000e-01 3.0108266125e+02
3.9772000000e-01 3.0096602917e+02
3.9800000000e-01 3.0081830137e+02
3.9822000000e-01 3.0070169576e+02
3.9850000000e-01 3.0055400205e+02
3.9872000000e-01 3.0043742334e+02
3.9900000000e-01 3.0028976485e+02
3.9900000000e-01 3.0028976485e+02
3.9922000000e-01 3.0022584458e+02
3.9950000000e-01 3.0014488264e+02
3.9972000000e-01 3.0008096193e+02
4.0000000000e-01 3.0000000000e+02
