    0.000000   -0.000000   -0.000000    0.000000    4.353726    4.353726    9.469593   13.941895   17.765961   17.765961   17.974199   17.974199   19.506694
    0.002093    0.162628    0.087535    0.085115    4.354319    4.355816    9.468755   13.950561   17.766337   17.772329   17.974744   17.975794   19.506256
    0.004186    0.313531    0.175032    0.190845    4.356098    4.362075    9.466243   13.976357   17.767457   17.791360   17.976377   17.980617   19.504955
    0.006279    0.466496    0.262454    0.292117    4.359057    4.372476    9.462062   14.018681   17.769309   17.822800   17.979093   17.988819   19.502826
    0.008372    0.620198    0.349763    0.391784    4.363188    4.386969    9.456223   14.076554   17.771868   17.866021   17.982883   18.000852   19.499927
    0.010465    0.774253    0.436922    0.490395    4.368480    4.405489    9.448740   14.148657   17.775102   17.919249   17.987733   18.018244   19.496339
    0.012558    0.928516    0.523893    0.588059    4.374917    4.427949    9.439629   14.233377   17.778973   17.975873   17.993626   18.047278   19.492165
    0.014651    1.082915    0.610641    0.684760    4.382481    4.454250    9.428908   14.328866   17.783436   18.019169   18.000539   18.104269   19.487530
    0.016744    1.237402    0.697128    0.780437    4.391150    4.484273    9.416598   14.433101   17.788442   18.048535   18.008445   18.189317   19.482579
    0.018837    1.391938    0.783318    0.875013    4.400900    4.517887    9.402721   14.543955   17.793937   18.074778   18.017311   18.291010   19.477478
    0.020930    1.546484    0.869175    0.968411    4.411702    4.554947    9.387299   14.659262   17.799868   18.101440   18.027097   18.405086   19.472412
    0.023023    1.701001    0.954665    1.060558    4.423524    4.595298    9.370355   14.776881   17.806179   18.129367   18.037760   18.529859   19.467583
    0.025116    1.855449    1.039752    1.151388    4.436333    4.638772    9.351914   14.894761   17.812818   18.158719   18.049249   18.664193   19.463215
    0.027209    2.009785    1.124402    1.240844    4.450091    4.685194    9.332001   15.010983   17.819730   18.189422   18.061512   18.807044   19.459550
    0.029302    2.163964    1.208582    1.328880    4.464757    4.734384    9.310646   15.123806   17.826865   18.221302   18.074489   18.957324   19.456859
    0.031395    2.317941    1.292258    1.415461    4.480290    4.786154    9.287879   15.231691   17.834177   18.254121   18.088121   19.113831   19.455478
    0.033488    2.471669    1.375396    1.500561    4.496643    4.840313    9.263738   15.333314   17.841620   18.287598   18.102343   19.275014   19.456034
    0.035581    2.625104    1.457966    1.584169    4.513771    4.896666    9.238265   15.427575   17.849153   18.321417   18.117093   19.430900   19.467534
    0.037674    2.778198    1.539936    1.666279    4.531625    4.955016    9.211512   15.513589   17.856739   18.355235   18.132306   19.612962   19.457515
    0.039767    2.930905    1.621274    1.746898    4.550154    5.015165    9.183540   15.590675   17.864345   18.388684   18.147920   19.781938   19.464243
    0.041860    3.083178    1.701950    1.826040    4.569309    5.076914    9.154420   15.658341   17.871940   18.421382   18.163873   19.951735   19.472832
    0.043953    3.234971    1.781935    1.903727    4.589037    5.140062    9.124237   15.716268   17.879500   18.452939   18.180109   20.120650   19.484035
    0.046046    3.386239    1.861200    1.979987    4.609287    5.204406    9.093092   15.764294   17.887003   18.482974   18.196571   20.287461   19.498164
    0.048139    3.536933    1.939715    2.054853    4.630007    5.269744    9.061097   15.802398   17.894432   18.511124   18.213210   20.451094   19.515428
    0.050232    3.687009    2.017455    2.128360    4.651145    5.335871    9.028383   15.830690   17.901775   18.537060   18.229977   20.610592   19.535964
    0.052325    3.836419    2.094393    2.200546    4.672651    5.402578    8.995097   15.849398   17.909025   18.560497   18.246830   20.765110   19.559836
    0.054418    3.985117    2.170502    2.271449    4.694473    5.469654    8.961400   15.858860   17.916179   18.581210   18.263730   20.913913   19.587036
    0.056511    4.133055    2.245759    2.341105    4.716563    5.536881    8.927473   15.859519   17.923239   18.599032   18.280643   21.056376   19.617481
    0.058604    4.280185    2.320139    2.409549    4.738872    5.604037    8.893511   15.851911   17.930214   18.613860   18.297537   21.191982   19.651018
    0.060697    4.426460    2.393621    2.476813    4.761353    5.670891    8.859723   15.836663   17.937114   18.625645   18.314385   21.320312   19.687433
    0.062790    4.571831    2.466184    2.542923    4.783960    5.737202    8.826336   15.814483   17.943958   18.634384   18.331164   21.441047   19.726466
    0.064883    4.716250    2.537808    2.607901    4.806648    5.802720    8.793590   15.786154   17.950766   18.640111   18.347852   21.553955   19.767823
    0.066976    4.859669    2.608475    2.671766    4.829374    5.867181    8.761738   15.752522   17.957565   18.642885   18.364431   21.658885   19.811190
    0.069069    5.002040    2.678169    2.734529    4.852096    5.930307    8.731049   15.714489   17.964384   18.642781   18.380885   21.755762   19.856250
    0.071162    5.143313    2.746875    2.796199    4.874773    5.991807    8.701803   15.673000   17.971256   18.639882   18.397200   21.844577   19.902689
    0.073255    5.283442    2.814580    2.856782    4.897365    6.051374    8.674291   15.629029   17.978217   18.634277   18.413364   21.925383   19.950205
    0.075348    5.422376    2.881273    2.916278    4.919833    6.108688    8.648815   15.583567   17.985304   18.626055   18.429366   21.998282   19.998513
    0.077441    5.560067    2.946944    2.974687    4.942141    6.163416    8.625687   15.537607   17.992557   18.615310   18.445196   22.063426   20.047346
    0.079534    5.696463    3.011586    3.032009    4.964252    6.215221    8.605220   15.492126   18.000017   18.602134   18.460847   22.121006   20.096459
    0.081627    5.831503    3.075195    3.088246    4.986129    6.263765    8.587731   15.448072   18.007723   18.586622   18.476310   22.171247   20.145628
    0.083720    5.965108    3.137766    3.143398    5.007739    6.308737    8.573528   15.406348   18.015715   18.568874   18.491579   22.214404   20.194648
    0.085813    6.097137    3.199299    3.197472    5.029048    6.349894    8.562903   15.367792   18.024031   18.548994   18.506645   22.250755   20.243335
    0.087906    6.227194    3.259794    3.250476    5.050023    6.387273    8.556126   15.333171   18.032708   18.527090   18.521504   22.280597   20.291520
    0.089999    6.352817    3.319252    3.302425    5.070632    6.423012    8.553428   15.303160   18.041780   18.503279   18.536148   22.304244   20.339052
    0.092092    6.495740    3.377680    3.353336    5.090845    6.435101    8.554991   15.278336   18.051278   18.477682   18.550572   22.322019   20.385795
    0.094185    6.617072    3.435081    3.403232    5.110631    6.462212    8.560937   15.259167   18.061228   18.450427   18.564770   22.334255   20.431627
    0.096278    6.741002    3.491463    3.452136    5.129961    6.480011    8.571319   15.246008   18.071655   18.421645   18.578736   22.341288   20.476437
    0.098371    6.864027    3.546835    3.500078    5.148810    6.491928    8.586117   15.239096   18.082576   18.391476   18.592465   22.343456   20.520127
    0.100464    6.985675    3.601206    3.547085    5.167149    6.498441    8.605234   15.238551   18.094007   18.360058   18.605950   22.341095   20.562609
    0.102557    7.105796    3.654588    3.593186    5.184955    6.499776    8.628505   15.244377   18.105956   18.327534   18.619186   22.334540   20.603804
    0.104650    7.224311    3.706991    3.638407    5.202204    6.496154    8.655703   15.256468   18.118430   18.294047   18.632166   22.324118   20.643645
    0.106743    7.341168    3.758428    3.682774    5.218875    6.487824    8.686549   15.274618   18.131429   18.259736   18.644886   22.310150   20.682069
    0.108836    7.456321    3.808911    3.726305    5.234949    6.475065    8.720731   15.298525   18.144947   18.224739   18.657338   22.292949   20.719025
    0.110929    7.569728    3.858453    3.769018    5.250405    6.458182    8.757912   15.327809   18.158977   18.189189   18.669518   22.272817   20.754467
    0.113022    7.681349    3.907068    3.810922    5.265230    6.437495    8.797745   15.362019   18.173505   18.153212   18.681419   22.250048   20.788358
    0.115115    7.791141    3.954767    3.852023    5.279407    6.413326    8.839883   15.400652   18.188514   18.116927   18.693036   22.224919   20.820667
    0.117208    7.899063    4.001565    3.892321    5.292926    6.385998    8.883987   15.443162   18.203983   18.080442   18.704364   22.197701   20.851368
    0.119301    8.005070    4.047472    3.931814    5.305774    6.355822    8.929734   15.488975   18.219888   18.043859   18.715396   22.168648   20.880445
    0.121394    8.109120    4.092500    3.970493    5.317945    6.323100    8.976820   15.537503   18.236203   18.007265   18.726127   22.138003   20.907886
    0.123487    8.211166    4.136662    4.008349    5.329430    6.288117    9.024959   15.588158   18.252897   17.970738   18.736553   22.105996   20.933684
    0.125580    8.311165    4.179967    4.045370    5.340225    6.251144    9.073890   15.640360   18.269938   17.934345   18.746668   22.072845   20.957841
    0.127673    8.409070    4.222426    4.081541    5.350327    6.212435    9.123372   15.693548   18.287293   17.898141   18.756468   22.038755   20.980364
    0.129766    8.504838    4.264047    4.116851    5.359735    6.172229    9.173185   15.747192   18.304927   17.862170   18.765948   22.003919   21.001263
    0.131858    8.598423    4.304839    4.151286    5.368447    6.130751    9.223130   15.800797   18.322804   17.826465   18.775105   21.968518   21.020557
    0.133951    8.689783    4.344810    4.184834    5.376465    6.088209    9.273024   15.853912   18.340885   17.791050   18.783934   21.932722   21.038268
    0.136044    8.778875    4.383966    4.217486    5.383793    6.044802    9.322704   15.906133   18.359135   17.755939   18.792433   21.896691   21.054427
    0.138137    8.865658    4.422313    4.249233    5.390433    6.000715    9.372018   15.957104   18.377514   17.721141   18.800597   21.860573   21.069066
    0.140230    8.950093    4.459858    4.280070    5.396390    5.956121    9.420832   16.006526   18.395985   17.686655   18.808424   21.824507   21.082226
    0.142323    9.032141    4.496605    4.309992    5.401670    5.911183    9.469021   16.054149   18.414512   17.652478   18.815910   21.788623   21.093949
    0.144416    9.111768    4.532558    4.339000    5.406278    5.866054    9.516473   16.099779   18.433055   17.618602   18.823053   21.753042   21.104286
    0.146509    9.188938    4.567721    4.367092    5.410223    5.820878    9.563083   16.143271   18.451580   17.585018   18.829849   21.717877   21.113291
    0.148602    9.263622    4.602098    4.394274    5.413509    5.775791    9.608759   16.184530   18.470049   17.551714   18.836297   21.683232   21.121021
    0.150695    9.335788    4.635691    4.420549    5.416146    5.730918    9.653412   16.223507   18.488429   17.518682   18.842392   21.649203   21.127539
    0.152788    9.405411    4.668504    4.445924    5.418140    5.686379    9.696965   16.260194   18.506684   17.485914   18.848133   21.615879   21.132912
    0.154881    9.472466    4.700539    4.470409    5.419499    5.642284    9.739343   16.294621   18.524781   17.453406   18.853514   21.583341   21.137209
    0.156974    9.536930    4.731799    4.494014    5.420230    5.598737    9.780479   16.326851   18.542688   17.421156   18.858533   21.551665   21.140505
    0.159067    9.598784    4.762286    4.516752    5.420341    5.555835    9.820312   16.356975   18.560373   17.389170   18.863186   21.520918   21.142875
    0.161160    9.658011    4.792003    4.538638    5.419839    5.513669    9.858784   16.385107   18.577806   17.357457   18.867468   21.491160   21.144398
    0.163253    9.714597    4.820954    4.559687    5.418729    5.472324    9.895843   16.411380   18.594958   17.326033   18.871373   21.462445   21.145157
    0.165346    9.768530    4.849140    4.579921    5.417019    5.431879    9.931440   16.435939   18.611800   17.294918   18.874896   21.434820   21.145234
    0.167439    9.819801    4.876566    4.599359    5.414714    5.392409    9.965531   16.458939   18.628304   17.264140   18.878031   21.408327   21.144714
    0.169532    9.868403    4.903235    4.618028    5.411818    5.353983    9.998076   16.480542   18.644445   17.233728   18.880769   21.383000   21.143684
    0.171625    9.914333    4.929151    4.635956    5.408337    5.316665   10.029036   16.500908   18.660198   17.203720   18.883104   21.358867   21.142229
    0.173718    9.957589    4.954319    4.653174    5.404273    5.280515   10.058379   16.520199   18.675538   17.174153   18.885027   21.335951   21.140437
    0.175811    9.998171    4.978743    4.669718    5.399631    5.245586   10.086073   16.538572   18.690444   17.145068   18.886529   21.314267   21.138395
    0.177904   10.036081    5.002429    4.685631    5.394412    5.211928   10.112091   16.556177   18.704893   17.116507   18.887599   21.293826   21.136190
    0.179997   10.071324    5.025382    4.700959    5.388618    5.179584   10.136408   16.573158   18.718867   17.088513   18.888227   21.274634   21.133906
    0.182090   10.103907    5.047609    4.715754    5.382249    5.148589   10.159001   16.589651   18.732347   17.061124   18.888403   21.256690   21.131630
    0.184183   10.133835    5.069116    4.730076    5.375306    5.118971   10.179850   16.605782   18.745315   17.034379   18.888115   21.239991   21.129444
    0.186276   10.161118    5.089909    4.743990    5.367788    5.090750   10.198939   16.621670   18.757757   17.008310   18.887351   21.224525   21.127429
    0.188369   10.185764    5.109997    4.757572    5.359693    5.063933   10.216251   16.637423   18.769658   16.982946   18.886099   21.210279   21.125664
    0.190462   10.207783    5.129386    4.770902    5.351020    5.038518   10.231773   16.653144   18.781007   16.958308   18.884348   21.197235   21.124227
    0.192555   10.227184    5.148084    4.784072    5.341765    5.014490   10.245494   16.668925   18.791793   16.934413   18.882085   21.185372   21.123192
    0.194648   10.243976    5.166099    4.797179    5.331924    4.991820   10.257404   16.684854   18.802008   16.911268   18.879300   21.174663   21.122630
    0.196741   10.258169    5.183440    4.810329    5.321494    4.970463   10.267495   16.701010   18.811645   16.888873   18.875982   21.165079   21.122609
    0.198834   10.269769    5.200114    4.823637    5.310470    4.950362   10.275760   16.717469   18.820698   16.867221   18.872119   21.156590   21.123196
    0.200927   10.278784    5.216130    4.837221    5.298845    4.931445   10.282193   16.734299   18.829166   16.846297   18.867702   21.149158   21.124453
    0.203020   10.285221    5.231496    4.851204    5.286614    4.913624   10.286790   16.751564   18.837046   16.826078   18.862723   21.142747   21.126438
    0.205113   10.289084    5.246220    4.865712    5.273771    4.896803   10.289546   16.769324   18.844339   16.806535   18.857173   21.137315   21.129209
    0.207206   10.290418    5.260309    4.880871    5.260309    4.880871   10.290418   16.787631   18.851047   16.787631   18.851047   21.132818   21.132818
