0.0000000000e+00 0.0000000000e+00
3.0000000000e-05 0.0000000000e+00
5.0000000000e-04 0.0000000000e+00
5.3000000000e-04 0.0000000000e+00
1.0000000000e-03 0.0000000000e+00
1.0000000000e-03 -7.7020498079e-02
1.0300000000e-03 -7.7068330277e-02
1.5000000000e-03 -7.7751577847e-02
1.5300000000e-03 -7.7799423756e-02
2.0000000000e-03 -7.8482868522e-02
2.0300000000e-03 -7.8530736694e-02
2.5000000000e-03 -7.9214501180e-02
2.5300000000e-03 -7.9262398196e-02
3.0000000000e-03 -7.9946576888e-02
3.0300000000e-03 -7.9994507837e-02
3.5000000000e-03 -8.0679173912e-02
3.5300000000e-03 -8.0727142740e-02
4.0000000000e-03 -8.1412352834e-02
4.0300000000e-03 -8.1460362595e-02
4.5000000000e-03 -8.2146160633e-02
4.5300000000e-03 -8.2194213709e-02
5.0000000000e-03 -8.2880634083e-02
5.0300000000e-03 -8.2928732346e-02
5.5000000000e-03 -8.3615801879e-02
5.5300000000e-03 -8.3663946779e-02
6.0000000000e-03 -8.4351686406e-02
6.0300000000e-03 -8.4399879090e-02
6.5000000000e-03 -8.5088305258e-02
6.5300000000e-03 -8.5136546635e-02
7.0000000000e-03 -8.5825672242e-02
7.0300000000e-03 -8.5873963011e-02
7.5000000000e-03 -8.6563798058e-02
7.5300000000e-03 -8.6612138776e-02
8.0000000000e-03 -8.7302691299e-02
8.0300000000e-03 -8.7351082397e-02
8.5000000000e-03 -8.8042358472e-02
8.5300000000e-03 -8.8090800291e-02
9.0000000000e-03 -8.8782804590e-02
9.0300000000e-03 -8.8831297391e-02
9.5000000000e-03 -8.9524033465e-02
9.5300000000e-03 -8.9572577445e-02
1.0000000000e-02 -9.0266048099e-02
1.0030000000e-02 -9.0314643401e-02
1.0500000000e-02 -9.1008850410e-02
1.0530000000e-02 -9.1057497133e-02
1.1000000000e-02 -9.1752441806e-02
1.1030000000e-02 -9.1801140001e-02
1.1500000000e-02 -9.2496822992e-02
1.1530000000e-02 -9.2545572699e-02
1.2000000000e-02 -9.3241994101e-02
1.2030000000e-02 -9.3290795314e-02
1.2500000000e-02 -9.3987955034e-02
1.2530000000e-02 -9.4036807720e-02
1.3000000000e-02 -9.4734705103e-02
1.3030000000e-02 -9.4783609203e-02
1.3500000000e-02 -9.5482243128e-02
1.3530000000e-02 -9.5531198550e-02
1.4000000000e-02 -9.6230567709e-02
1.4030000000e-02 -9.6279574336e-02
1.4500000000e-02 -9.6979676766e-02
1.4530000000e-02 -9.7028734454e-02
1.5000000000e-02 -9.7729567725e-02
1.5030000000e-02 -9.7778676264e-02
1.5500000000e-02 -9.8480237573e-02
1.5530000000e-02 -9.8529396728e-02
1.6000000000e-02 -9.9231682336e-02
1.6030000000e-02 -9.9280891793e-02
1.6500000000e-02 -9.9983897120e-02
1.6530000000e-02 -1.0003315649e-01
1.7000000000e-02 -1.0073687555e-01
1.7030000000e-02 -1.0078618434e-01
1.7500000000e-02 -1.0149061050e-01
1.7530000000e-02 -1.0153996822e-01
1.8000000000e-02 -1.0224509439e-01
1.8030000000e-02 -1.0229450072e-01
1.8500000000e-02 -1.0300032128e-01
1.8530000000e-02 -1.0304977582e-01
1.9000000000e-02 -1.0375628610e-01
1.9030000000e-02 -1.0380578866e-01
1.9500000000e-02 -1.0451298493e-01
1.9530000000e-02 -1.0456253531e-01
2.0000000000e-02 -1.0527041568e-01
2.0030000000e-02 -1.0532001363e-01
2.0500000000e-02 -1.0602857344e-01
2.0530000000e-02 -1.0607821881e-01
2.1000000000e-02 -1.0678745620e-01
2.1030000000e-02 -1.0683714887e-01
2.1500000000e-02 -1.0754706195e-01
2.1530000000e-02 -1.0759680173e-01
2.2000000000e-02 -1.0830738771e-01
2.2030000000e-02 -1.0835717459e-01
2.2500000000e-02 -1.0906843347e-01
2.2530000000e-02 -1.0911826725e-01
2.3000000000e-02 -1.0983019622e-01
2.3030000000e-02 -1.0988007679e-01
2.3500000000e-02 -1.1059267398e-01
2.3530000000e-02 -1.1064260132e-01
2.4000000000e-02 -1.1135586674e-01
2.4030000000e-02 -1.1140584065e-01
2.4500000000e-02 -1.1211977150e-01
2.4530000000e-02 -1.1216979199e-01
2.5000000000e-02 -1.1288438732e-01
2.5030000000e-02 -1.1293445420e-01
2.5500000000e-02 -1.1364971214e-01
2.5530000000e-02 -1.1369982547e-01
2.6000000000e-02 -1.1441574603e-01
2.6030000000e-02 -1.1446590561e-01
2.6500000000e-02 -1.1518248785e-01
2.6530000000e-02 -1.1523269362e-01
2.7000000000e-02 -1.1594993474e-01
2.7030000000e-02 -1.1600018669e-01
2.7500000000e-02 -1.1671808763e-01
2.7530000000e-02 -1.1676838557e-01
2.8000000000e-02 -1.1748694351e-01
2.8030000000e-02 -1.1753728751e-01
2.8500000000e-02 -1.1825650153e-01
2.8530000000e-02 -1.1830689139e-01
2.9000000000e-02 -1.1902676149e-01
2.9030000000e-02 -1.1907719721e-01
2.9500000000e-02 -1.1979772150e-01
2.9530000000e-02 -1.1984820302e-01
3.0000000000e-02 -1.2056938152e-01
3.0030000000e-02 -1.2061990877e-01
3.0500000000e-02 -1.2134173961e-01
3.0530000000e-02 -1.2139231245e-01
3.1000000000e-02 -1.2211479469e-01
3.1030000000e-02 -1.2216541313e-01
3.1500000000e-02 -1.2288854678e-01
3.1530000000e-02 -1.2293921075e-01
3.2000000000e-02 -1.2366299393e-01
3.2030000000e-02 -1.2371370330e-01
3.2500000000e-02 -1.2443813601e-01
3.2530000000e-02 -1.2448889085e-01
3.3000000000e-02 -1.2521397029e-01
3.3030000000e-02 -1.2526477040e-01
3.3500000000e-02 -1.2599049844e-01
3.3530000000e-02 -1.2604134382e-01
3.4000000000e-02 -1.2676771765e-01
3.4030000000e-02 -1.2681860831e-01
3.4500000000e-02 -1.2754562793e-01
3.4530000000e-02 -1.2759656366e-01
3.5000000000e-02 -1.2832422815e-01
3.5030000000e-02 -1.2837520902e-01
3.5500000000e-02 -1.2910351743e-01
3.5530000000e-02 -1.2915454337e-01
3.6000000000e-02 -1.2988349478e-01
3.6030000000e-02 -1.2993456566e-01
3.6500000000e-02 -1.3066415912e-01
3.6530000000e-02 -1.3071527502e-01
3.7000000000e-02 -1.3144551053e-01
3.7030000000e-02 -1.3149667124e-01
3.7500000000e-02 -1.3222754788e-01
3.7530000000e-02 -1.3227875347e-01
3.8000000000e-02 -1.3301027029e-01
3.8030000000e-02 -1.3306152063e-01
3.8500000000e-02 -1.3379367670e-01
3.8530000000e-02 -1.3384497179e-01
3.9000000000e-02 -1.3457776711e-01
3.9030000000e-02 -1.3462910688e-01
3.9500000000e-02 -1.3536253959e-01
3.9530000000e-02 -1.3541392404e-01
4.0000000000e-02 -1.3614799507e-01
4.0030000000e-02 -1.3619942407e-01
4.0500000000e-02 -1.3693413061e-01
4.0530000000e-02 -1.3698560416e-01
4.1000000000e-02 -1.3772094808e-01
4.1030000000e-02 -1.3777246612e-01
4.1500000000e-02 -1.3850844463e-01
4.1530000000e-02 -1.3856000708e-01
4.2000000000e-02 -1.3929662017e-01
4.2030000000e-02 -1.3934822705e-01
4.2500000000e-02 -1.4008547471e-01
4.2530000000e-02 -1.4013712601e-01
4.3000000000e-02 -1.4087500732e-01
4.3030000000e-02 -1.4092670291e-01
4.3500000000e-02 -1.4166521693e-01
4.3530000000e-02 -1.4171695680e-01
4.4000000000e-02 -1.4245610353e-01
4.4030000000e-02 -1.4250788764e-01
4.4500000000e-02 -1.4324766614e-01
4.4530000000e-02 -1.4329949447e-01
4.5000000000e-02 -1.4403990475e-01
4.5030000000e-02 -1.4409177717e-01
4.5500000000e-02 -1.4483281736e-01
4.5530000000e-02 -1.4488473400e-01
4.6000000000e-02 -1.4562640409e-01
4.6030000000e-02 -1.4567836477e-01
4.6500000000e-02 -1.4642066477e-01
4.6530000000e-02 -1.4647266947e-01
4.7000000000e-02 -1.4721559937e-01
4.7030000000e-02 -1.4726764810e-01
4.7500000000e-02 -1.4801120605e-01
4.7530000000e-02 -1.4806329880e-01
4.8000000000e-02 -1.4880748479e-01
4.8030000000e-02 -1.4885962144e-01
4.8500000000e-02 -1.4960443452e-01
4.8530000000e-02 -1.4965661514e-01
4.9000000000e-02 -1.5040205626e-01
4.9030000000e-02 -1.5045428071e-01
4.9500000000e-02 -1.5120034800e-01
4.9530000000e-02 -1.5125261628e-01
5.0000000000e-02 -1.5199931067e-01
5.0030000000e-02 -1.5205162279e-01
5.0500000000e-02 -1.5279894241e-01
5.0530000000e-02 -1.5285129836e-01
5.1000000000e-02 -1.5359924321e-01
5.1030000000e-02 -1.5365164286e-01
5.1500000000e-02 -1.5440021295e-01
5.1530000000e-02 -1.5445265636e-01
5.2000000000e-02 -1.5520185076e-01
5.2030000000e-02 -1.5525433787e-01
5.2500000000e-02 -1.5600415656e-01
5.2530000000e-02 -1.5605668737e-01
5.3000000000e-02 -1.5680713036e-01
5.3030000000e-02 -1.5685970481e-01
5.3500000000e-02 -1.5761077117e-01
5.3530000000e-02 -1.5766338925e-01
5.4000000000e-02 -1.5841507897e-01
5.4030000000e-02 -1.5846774069e-01
5.4500000000e-02 -1.5922005378e-01
5.4530000000e-02 -1.5927275907e-01
5.5000000000e-02 -1.6002569364e-01
5.5030000000e-02 -1.6007844244e-01
5.5500000000e-02 -1.6083200038e-01
5.5530000000e-02 -1.6088479281e-01
5.6000000000e-02 -1.6163897225e-01
5.6030000000e-02 -1.6169180819e-01
5.6500000000e-02 -1.6244660912e-01
5.6530000000e-02 -1.6249948856e-01
5.7000000000e-02 -1.6325491193e-01
5.7030000000e-02 -1.6330783487e-01
5.7500000000e-02 -1.6406387879e-01
5.7530000000e-02 -1.6411684524e-01
5.8000000000e-02 -1.6487351066e-01
5.8030000000e-02 -1.6492652062e-01
5.8500000000e-02 -1.6568380753e-01
5.8530000000e-02 -1.6573686086e-01
5.9000000000e-02 -1.6649476740e-01
5.9030000000e-02 -1.6654786423e-01
5.9500000000e-02 -1.6730639227e-01
5.9530000000e-02 -1.6735953254e-01
6.0000000000e-02 -1.6811868114e-01
6.0030000000e-02 -1.6817186492e-01
6.0500000000e-02 -1.6893163407e-01
6.0530000000e-02 -1.6898486122e-01
6.1000000000e-02 -1.6974525094e-01
6.1030000000e-02 -1.6979852147e-01
6.1500000000e-02 -1.7055953175e-01
6.1530000000e-02 -1.7061284578e-01
6.2000000000e-02 -1.7137447568e-01
6.2030000000e-02 -1.7142783315e-01
6.2500000000e-02 -1.7219008362e-01
6.2530000000e-02 -1.7224348446e-01
6.3000000000e-02 -1.7300635549e-01
6.3030000000e-02 -1.7305979983e-01
6.3500000000e-02 -1.7382329142e-01
6.3530000000e-02 -1.7387677914e-01
6.4000000000e-02 -1.7464089129e-01
6.4030000000e-02 -1.7469442251e-01
6.4500000000e-02 -1.7545915522e-01
6.4530000000e-02 -1.7551272989e-01
6.5000000000e-02 -1.7627808316e-01
6.5030000000e-02 -1.7633170126e-01
6.5500000000e-02 -1.7709767603e-01
6.5530000000e-02 -1.7715133764e-01
6.6000000000e-02 -1.7791793296e-01
6.6030000000e-02 -1.7797163807e-01
6.6500000000e-02 -1.7873885490e-01
6.6530000000e-02 -1.7879260358e-01
6.7000000000e-02 -1.7956044283e-01
6.7030000000e-02 -1.7961423495e-01
6.7500000000e-02 -1.8038269477e-01
6.7530000000e-02 -1.8043653052e-01
6.8000000000e-02 -1.8120561370e-01
6.8030000000e-02 -1.8125949303e-01
6.8500000000e-02 -1.8202919864e-01
6.8530000000e-02 -1.8208312153e-01
6.9000000000e-02 -1.8285345050e-01
6.9030000000e-02 -1.8290741710e-01
6.9500000000e-02 -1.8367836850e-01
6.9530000000e-02 -1.8373237880e-01
7.0000000000e-02 -1.8450395544e-01
7.0030000000e-02 -1.8455800937e-01
7.0500000000e-02 -1.8533020937e-01
7.0530000000e-02 -1.8538430707e-01
7.1000000000e-02 -1.8615713231e-01
7.1030000000e-02 -1.8621127384e-01
7.1500000000e-02 -1.8698472431e-01
7.1530000000e-02 -1.8703890961e-01
7.2000000000e-02 -1.8781298624e-01
7.2030000000e-02 -1.8786721537e-01
7.2500000000e-02 -1.8864191818e-01
7.2530000000e-02 -1.8869619127e-01
7.3000000000e-02 -1.8947152118e-01
7.3030000000e-02 -1.8952583810e-01
7.3500000000e-02 -1.9030179605e-01
7.3530000000e-02 -1.9035615700e-01
7.4000000000e-02 -1.9113274205e-01
7.4030000000e-02 -1.9118714690e-01
7.4500000000e-02 -1.9196435998e-01
7.4530000000e-02 -1.9201880886e-01
7.5000000000e-02 -1.9279665092e-01
7.5030000000e-02 -1.9285114376e-01
7.5500000000e-02 -1.9362961292e-01
7.5530000000e-02 -1.9368414965e-01
7.6000000000e-02 -1.9446324685e-01
7.6030000000e-02 -1.9451782755e-01
7.6500000000e-02 -1.9529755185e-01
7.6530000000e-02 -1.9535217625e-01
7.7000000000e-02 -1.9613252485e-01
7.7030000000e-02 -1.9618719282e-01
7.7500000000e-02 -1.9696816572e-01
7.7530000000e-02 -1.9702287713e-01
7.8000000000e-02 -1.9780446872e-01
7.8030000000e-02 -1.9785922311e-01
7.8500000000e-02 -1.9864142965e-01
7.8530000000e-02 -1.9869622664e-01
7.9000000000e-02 -1.9947904065e-01
7.9030000000e-02 -1.9953387950e-01
7.9500000000e-02 -2.0031729165e-01
7.9530000000e-02 -2.0037217139e-01
8.0000000000e-02 -2.0115616859e-01
8.0030000000e-02 -2.0121108810e-01
8.0500000000e-02 -2.0199565259e-01
8.0530000000e-02 -2.0205061011e-01
8.1000000000e-02 -2.0283571759e-01
8.1030000000e-02 -2.0289071090e-01
8.1500000000e-02 -2.0367632959e-01
8.1530000000e-02 -2.0373135561e-01
8.2000000000e-02 -2.0451744252e-01
8.2030000000e-02 -2.0457249733e-01
8.2500000000e-02 -2.0535899452e-01
8.2530000000e-02 -2.0541407268e-01
8.3000000000e-02 -2.0620090352e-01
8.3030000000e-02 -2.0625599791e-01
8.3500000000e-02 -2.0704306146e-01
8.3530000000e-02 -2.0709816264e-01
8.4000000000e-02 -2.0788532339e-01
8.4030000000e-02 -2.0794041889e-01
8.4500000000e-02 -2.0872749739e-01
8.4530000000e-02 -2.0878257058e-01
8.5000000000e-02 -2.0956933039e-01
8.5030000000e-02 -2.0962435942e-01
8.5500000000e-02 -2.1041048839e-01
8.5530000000e-02 -2.1046544421e-01
8.6000000000e-02 -2.1125052833e-01
8.6030000000e-02 -2.1130537280e-01
8.6500000000e-02 -2.1208886533e-01
8.6530000000e-02 -2.1214354789e-01
8.7000000000e-02 -2.1292472733e-01
8.7030000000e-02 -2.1297918137e-01
8.7500000000e-02 -2.1375709633e-01
8.7530000000e-02 -2.1381123413e-01
8.8000000000e-02 -2.1458463133e-01
8.8030000000e-02 -2.1463833709e-01
8.8500000000e-02 -2.1540556326e-01
8.8530000000e-02 -2.1545868456e-01
8.9000000000e-02 -2.1621756026e-01
8.9030000000e-02 -2.1626989625e-01
8.9500000000e-02 -2.1701755420e-01
8.9530000000e-02 -2.1706884078e-01
9.0000000000e-02 -2.1780150620e-01
9.0030000000e-02 -2.1785139572e-01
9.0500000000e-02 -2.1856410320e-01
9.0530000000e-02 -2.1861213877e-01
9.1000000000e-02 -2.1929836120e-01
9.1030000000e-02 -2.1934394245e-01
9.1500000000e-02 -2.1999510320e-01
9.1530000000e-02 -2.2003744188e-01
9.2000000000e-02 -2.2064228020e-01
9.2030000000e-02 -2.2068034253e-01
9.2500000000e-02 -2.2122409020e-01
9.2530000000e-02 -2.2125652126e-01
9.3000000000e-02 -2.2171982220e-01
9.3030000000e-02 -2.2174484903e-01
9.3500000000e-02 -2.2210237520e-01
9.3530000000e-02 -2.2211768093e-01
9.4000000000e-02 -2.2233633420e-01
9.4030000000e-02 -2.2233889724e-01
9.4500000000e-02 -2.2237551313e-01
9.4530000000e-02 -2.2236140270e-01
9.5000000000e-02 -2.2215982513e-01
9.5030000000e-02 -2.2212394346e-01
9.5500000000e-02 -2.2161134813e-01
9.5530000000e-02 -2.2154711109e-01
9.6000000000e-02 -2.2062943913e-01
9.6030000000e-02 -2.2052838779e-01
9.6500000000e-02 -2.1908479713e-01
9.6530000000e-02 -2.1893614003e-01
9.7000000000e-02 -2.1681246713e-01
9.7030000000e-02 -2.1660256435e-01
9.7500000000e-02 -2.1360395313e-01
9.7530000000e-02 -2.1331577922e-01
9.8000000000e-02 -2.0919900820e-01
9.8030000000e-02 -2.0881166967e-01
9.8500000000e-02 -2.0327826313e-01
9.8530000000e-02 -2.0276671137e-01
9.9000000000e-02 -1.9545882913e-01
9.9030000000e-02 -1.9479399007e-01
9.9500000000e-02 -1.8529628913e-01
9.9530000000e-02 -1.8444590826e-01
1.0000000000e-01 -1.7229761013e-01
1.0003000000e-01 -1.7156327160e-01
1.0050000000e-01 -1.6107272113e-01
1.0053000000e-01 -1.6043284374e-01
1.0100000000e-01 -1.5129173813e-01
1.0103000000e-01 -1.5073031471e-01
1.0150000000e-01 -1.4270998107e-01
1.0153000000e-01 -1.4221490574e-01
1.0200000000e-01 -1.3514240013e-01
1.0203000000e-01 -1.3470435570e-01
1.0250000000e-01 -1.2844657813e-01
1.0253000000e-01 -1.2805828093e-01
1.0300000000e-01 -1.2251117813e-01
1.0303000000e-01 -1.2216685467e-01
1.0350000000e-01 -1.1724794813e-01
1.0353000000e-01 -1.1694296526e-01
1.0400000000e-01 -1.1258606713e-01
1.0403000000e-01 -1.1231666585e-01
1.0450000000e-01 -1.0846807613e-01
1.0453000000e-01 -1.0823117664e-01
1.0500000000e-01 -1.0484689813e-01
1.0503000000e-01 -1.0463995458e-01
1.0550000000e-01 -1.0168361813e-01
1.0553000000e-01 -1.0150450950e-01
1.0600000000e-01 -9.8945814824e-02
1.0603000000e-01 -9.8792761087e-02
1.0650000000e-01 -9.6606279124e-02
1.0653000000e-01 -9.6477776605e-02
1.0700000000e-01 -9.4642026324e-02
1.0703000000e-01 -9.4536797136e-02
1.0750000000e-01 -9.3033523118e-02
1.0753000000e-01 -9.2950475327e-02
1.0800000000e-01 -9.1764078318e-02
1.0803000000e-01 -9.1702274206e-02
1.0850000000e-01 -9.0819358411e-02
1.0853000000e-01 -9.0777989026e-02
1.0900000000e-01 -9.0186997811e-02
1.0903000000e-01 -9.0165362394e-02
1.0950000000e-01 -8.9856285011e-02
1.0953000000e-01 -8.9853774301e-02
1.1000000000e-01 -8.9817907105e-02
1.1003000000e-01 -8.9833989598e-02
1.1050000000e-01 -9.0063739505e-02
1.1053000000e-01 -9.0097950147e-02
1.1100000000e-01 -9.0586673698e-02
1.1103000000e-01 -9.0638604552e-02
1.1150000000e-01 -9.1380473898e-02
1.1153000000e-01 -9.1449766250e-02
1.1200000000e-01 -9.2439657092e-02
1.1203000000e-01 -9.2525994974e-02
1.1250000000e-01 -9.3759393292e-02
1.1253000000e-01 -9.3862497862e-02
1.1300000000e-01 -9.5335420385e-02
1.1303000000e-01 -9.5455045302e-02
1.1350000000e-01 -9.7163972779e-02
1.1353000000e-01 -9.7299900152e-02
1.1400000000e-01 -9.9241719779e-02
1.1403000000e-01 -9.9393756776e-02
1.1450000000e-01 -1.0156571407e-01
1.1453000000e-01 -1.0173368993e-01
1.1500000000e-01 -1.0413334507e-01
1.1503000000e-01 -1.0431710867e-01
1.1550000000e-01 -1.0694230307e-01
1.1553000000e-01 -1.0714172064e-01
1.1600000000e-01 -1.0999054307e-01
1.1603000000e-01 -1.1020549612e-01
1.1650000000e-01 -1.1327625407e-01
1.1653000000e-01 -1.1350663807e-01
1.1700000000e-01 -1.1679783807e-01
1.1703000000e-01 -1.1704356064e-01
1.1750000000e-01 -1.2055388307e-01
1.1753000000e-01 -1.2081486295e-01
1.1800000000e-01 -1.2454314800e-01
1.1803000000e-01 -1.2481931377e-01
1.1850000000e-01 -1.2876453807e-01
1.1853000000e-01 -1.2905582704e-01
1.1900000000e-01 -1.3321709807e-01
1.1903000000e-01 -1.3352345562e-01
1.1950000000e-01 -1.3789999300e-01
1.1953000000e-01 -1.3822137170e-01
1.2000000000e-01 -1.4281249507e-01
1.2003000000e-01 -1.4314885377e-01
1.2050000000e-01 -1.4795397900e-01
1.2053000000e-01 -1.4830528257e-01
1.2100000000e-01 -1.5332390500e-01
1.2103000000e-01 -1.5369012341e-01
1.2150000000e-01 -1.5892181500e-01
1.2153000000e-01 -1.5930292300e-01
1.2200000000e-01 -1.6474732300e-01
1.2203000000e-01 -1.6514329959e-01
1.2250000000e-01 -1.7080010800e-01
1.2253000000e-01 -1.7121093610e-01
1.2300000000e-01 -1.7707990900e-01
1.2303000000e-01 -1.7750557488e-01
1.2350000000e-01 -1.8358651600e-01
1.2353000000e-01 -1.8402700919e-01
1.2400000000e-01 -1.9031976900e-01
1.2403000000e-01 -1.9077508184e-01
1.2450000000e-01 -1.9727955193e-01
1.2453000000e-01 -1.9774967933e-01
1.2500000000e-01 -2.0446578400e-01
1.2503000000e-01 -2.0495072307e-01
1.2550000000e-01 -2.1187842400e-01
1.2553000000e-01 -2.1237817402e-01
1.2600000000e-01 -2.1951746000e-01
1.2603000000e-01 -2.2003202208e-01
1.2650000000e-01 -2.2738290900e-01
1.2653000000e-01 -2.2791228590e-01
1.2700000000e-01 -2.3547481300e-01
1.2703000000e-01 -2.3601900896e-01
1.2750000000e-01 -2.4379323793e-01
1.2753000000e-01 -2.4435225865e-01
1.2800000000e-01 -2.5233826800e-01
1.2803000000e-01 -2.5291212015e-01
1.2850000000e-01 -2.6111000800e-01
1.2853000000e-01 -2.6169869943e-01
1.2900000000e-01 -2.7010857700e-01
1.2903000000e-01 -2.7071211648e-01
1.2950000000e-01 -2.7933410900e-01
1.2953000000e-01 -2.7995250607e-01
1.3000000000e-01 -2.8878675093e-01
1.3003000000e-01 -2.8942001594e-01
1.3050000000e-01 -2.9846665800e-01
1.3053000000e-01 -2.9911480174e-01
1.3100000000e-01 -3.0837399800e-01
1.3103000000e-01 -3.0903703192e-01
1.3150000000e-01 -3.1850894500e-01
1.3153000000e-01 -3.1918688087e-01
1.3200000000e-01 -3.2887167993e-01
1.3203000000e-01 -3.2956453012e-01
1.3250000000e-01 -3.3946238993e-01
1.3253000000e-01 -3.4017016687e-01
1.3300000000e-01 -3.5028126593e-01
1.3303000000e-01 -3.5100398231e-01
1.3350000000e-01 -3.6132850193e-01
1.3353000000e-01 -3.6206617083e-01
1.3400000000e-01 -3.7260429793e-01
1.3403000000e-01 -3.7335693224e-01
1.3450000000e-01 -3.8410885093e-01
1.3453000000e-01 -3.8487646393e-01
1.3500000000e-01 -3.9584236393e-01
1.3503000000e-01 -3.9662496864e-01
1.3550000000e-01 -4.0780503687e-01
1.3553000000e-01 -4.0860264657e-01
1.3600000000e-01 -4.1999707087e-01
1.3603000000e-01 -4.2080969864e-01
1.3650000000e-01 -4.3241866593e-01
1.3653000000e-01 -4.3324632474e-01
1.3700000000e-01 -4.4507002193e-01
1.3703000000e-01 -4.4591272472e-01
1.3750000000e-01 -4.5795133593e-01
1.3753000000e-01 -4.5880909546e-01
1.3800000000e-01 -4.7106280387e-01
1.3803000000e-01 -4.7193563276e-01
1.3850000000e-01 -4.8440461687e-01
1.3853000000e-01 -4.8529252755e-01
1.3900000000e-01 -4.9797696493e-01
1.3903000000e-01 -4.9887996951e-01
1.3950000000e-01 -5.1178003493e-01
1.3953000000e-01 -5.1269814545e-01
1.4000000000e-01 -5.2581400993e-01
1.4003000000e-01 -5.2674723803e-01
1.4050000000e-01 -5.4007906887e-01
1.4053000000e-01 -5.4102742612e-01
1.4100000000e-01 -5.5457538687e-01
1.4103000000e-01 -5.5553888434e-01
1.4150000000e-01 -5.6930313387e-01
1.4153000000e-01 -5.7028178254e-01
1.4200000000e-01 -5.8426247787e-01
1.4203000000e-01 -5.8525628828e-01
1.4250000000e-01 -5.9945357987e-01
1.4253000000e-01 -6.0046256236e-01
1.4300000000e-01 -6.1487659787e-01
1.4303000000e-01 -6.1590076237e-01
1.4350000000e-01 -6.3053168387e-01
1.4353000000e-01 -6.3157104014e-01
1.4400000000e-01 -6.4641898687e-01
1.4403000000e-01 -6.4747354426e-01
1.4450000000e-01 -6.6253864987e-01
1.4453000000e-01 -6.6360841748e-01
1.4500000000e-01 -6.7889081187e-01
1.4503000000e-01 -6.7997579839e-01
1.4550000000e-01 -6.9547560587e-01
1.4553000000e-01 -6.9657581975e-01
1.4600000000e-01 -7.1229316087e-01
1.4603000000e-01 -7.1340861035e-01
1.4650000000e-01 -7.2934360287e-01
1.4653000000e-01 -7.3047429579e-01
1.4700000000e-01 -7.4662705187e-01
1.4703000000e-01 -7.4777299570e-01
1.4750000000e-01 -7.6414362280e-01
1.4753000000e-01 -7.6530482500e-01
1.4800000000e-01 -7.8189342687e-01
1.4803000000e-01 -7.8306989436e-01
1.4850000000e-01 -7.9987657380e-01
1.4853000000e-01 -8.0106831347e-01
1.4900000000e-01 -8.1809316487e-01
1.4903000000e-01 -8.1930018318e-01
1.4950000000e-01 -8.3654330187e-01
1.4953000000e-01 -8.3776560517e-01
1.5000000000e-01 -8.5522708180e-01
1.5003000000e-01 -8.5646467631e-01
1.5050000000e-01 -8.7414459780e-01
1.5053000000e-01 -8.7539748947e-01
1.5100000000e-01 -8.9329594180e-01
1.5103000000e-01 -8.9456413638e-01
1.5150000000e-01 -9.1268120180e-01
1.5153000000e-01 -9.1396470506e-01
1.5200000000e-01 -9.3230046580e-01
1.5203000000e-01 -9.3359928329e-01
1.5250000000e-01 -9.5215381880e-01
1.5253000000e-01 -9.5346795602e-01
1.5300000000e-01 -9.7224134480e-01
1.5303000000e-01 -9.7357080718e-01
1.5350000000e-01 -9.9256312774e-01
1.5353000000e-01 -9.9390792103e-01
1.5400000000e-01 -1.0131192500e+00
1.5403000000e-01 -1.0144793794e+00
1.5450000000e-01 -1.0339098000e+00
1.5453000000e-01 -1.0352852706e+00
1.5500000000e-01 -1.0549348593e+00
1.5503000000e-01 -1.0563256782e+00
1.5550000000e-01 -1.0761945100e+00
1.5553000000e-01 -1.0776006818e+00
1.5600000000e-01 -1.0976888500e+00
1.5603000000e-01 -1.0991103806e+00
1.5650000000e-01 -1.1194179693e+00
1.5653000000e-01 -1.1208548665e+00
1.5700000000e-01 -1.1413819600e+00
1.5703000000e-01 -1.1428342284e+00
1.5750000000e-01 -1.1635809293e+00
1.5753000000e-01 -1.1650485775e+00
1.5800000000e-01 -1.1860149793e+00
1.5803000000e-01 -1.1874980144e+00
1.5850000000e-01 -1.2086842200e+00
1.5853000000e-01 -1.2101826492e+00
1.5900000000e-01 -1.2315887800e+00
1.5903000000e-01 -1.2331026118e+00
1.5950000000e-01 -1.2547287800e+00
1.5953000000e-01 -1.2562580242e+00
1.6000000000e-01 -1.2781043700e+00
1.6003000000e-01 -1.2796490351e+00
1.6050000000e-01 -1.3017156893e+00
1.6053000000e-01 -1.3032757879e+00
1.6100000000e-01 -1.3255629000e+00
1.6103000000e-01 -1.3271384417e+00
1.6150000000e-01 -1.3496461893e+00
1.6153000000e-01 -1.3512371879e+00
1.6200000000e-01 -1.3739657300e+00
1.6203000000e-01 -1.3755721979e+00
1.6250000000e-01 -1.3985217400e+00
1.6253000000e-01 -1.4001436923e+00
1.6300000000e-01 -1.4233144493e+00
1.6303000000e-01 -1.4249519024e+00
1.6350000000e-01 -1.4483440800e+00
1.6353000000e-01 -1.4499970508e+00
1.6400000000e-01 -1.4736109200e+00
1.6403000000e-01 -1.4752794276e+00
1.6450000000e-01 -1.4991152593e+00
1.6453000000e-01 -1.5007993246e+00
1.6500000000e-01 -1.5248573900e+00
1.6503000000e-01 -1.5265570345e+00
1.6550000000e-01 -1.5508376793e+00
1.6553000000e-01 -1.5525529286e+00
1.6600000000e-01 -1.5770564800e+00
1.6603000000e-01 -1.5787873595e+00
1.6650000000e-01 -1.6035142193e+00
1.6653000000e-01 -1.6052607586e+00
1.6700000000e-01 -1.6302113100e+00
1.6703000000e-01 -1.6319735397e+00
1.6750000000e-01 -1.6571482500e+00
1.6753000000e-01 -1.6589262042e+00
1.6800000000e-01 -1.6843255500e+00
1.6803000000e-01 -1.6861192653e+00
1.6850000000e-01 -1.7117437700e+00
1.6853000000e-01 -1.7135532864e+00
1.6900000000e-01 -1.7394035200e+00
1.6903000000e-01 -1.7412288806e+00
1.6950000000e-01 -1.7673054693e+00
1.6953000000e-01 -1.7691467212e+00
1.7000000000e-01 -1.7954503193e+00
1.7003000000e-01 -1.7973075129e+00
1.7050000000e-01 -1.8238388400e+00
1.7053000000e-01 -1.8257120295e+00
1.7100000000e-01 -1.8524718800e+00
1.7103000000e-01 -1.8543611244e+00
1.7150000000e-01 -1.8813503393e+00
1.7153000000e-01 -1.8832557034e+00
1.7200000000e-01 -1.9104751893e+00
1.7203000000e-01 -1.9123967410e+00
1.7250000000e-01 -1.9398474793e+00
1.7253000000e-01 -1.9417852939e+00
1.7300000000e-01 -1.9694683500e+00
1.7303000000e-01 -1.9714225060e+00
1.7350000000e-01 -1.9993390293e+00
1.7353000000e-01 -2.0013096150e+00
1.7400000000e-01 -2.0294608300e+00
1.7403000000e-01 -2.0314479370e+00
1.7450000000e-01 -2.0598351893e+00
1.7453000000e-01 -2.0618389197e+00
1.7500000000e-01 -2.0904636300e+00
1.7503000000e-01 -2.0924840904e+00
1.7550000000e-01 -2.1213478100e+00
1.7553000000e-01 -2.1233851175e+00
1.7600000000e-01 -2.1524895100e+00
1.7603000000e-01 -2.1545437895e+00
1.7650000000e-01 -2.1838906400e+00
1.7653000000e-01 -2.1859620270e+00
1.7700000000e-01 -2.2155532700e+00
1.7703000000e-01 -2.2176419091e+00
1.7750000000e-01 -2.2474796193e+00
1.7753000000e-01 -2.2495856675e+00
1.7800000000e-01 -2.2796720693e+00
1.7803000000e-01 -2.2817956947e+00
1.7850000000e-01 -2.3121331900e+00
1.7853000000e-01 -2.3142745724e+00
1.7900000000e-01 -2.3448657593e+00
1.7903000000e-01 -2.3470250945e+00
1.7950000000e-01 -2.3778727393e+00
1.7953000000e-01 -2.3800502365e+00
1.8000000000e-01 -2.4111573300e+00
1.8003000000e-01 -2.4133532143e+00
1.8050000000e-01 -2.4447229993e+00
1.8053000000e-01 -2.4469375141e+00
1.8100000000e-01 -2.4785734300e+00
1.8103000000e-01 -2.4808068363e+00
1.8150000000e-01 -2.5127126400e+00
1.8153000000e-01 -2.5149652184e+00
1.8200000000e-01 -2.5471449193e+00
1.8203000000e-01 -2.5494169741e+00
1.8250000000e-01 -2.5818748900e+00
1.8253000000e-01 -2.5841667469e+00
1.8300000000e-01 -2.6169075600e+00
1.8303000000e-01 -2.6192195710e+00
1.8350000000e-01 -2.6522483000e+00
1.8353000000e-01 -2.6545808452e+00
1.8400000000e-01 -2.6879029200e+00
1.8403000000e-01 -2.6902564090e+00
1.8450000000e-01 -2.7238776800e+00
1.8453000000e-01 -2.7262525543e+00
1.8500000000e-01 -2.7601793300e+00
1.8503000000e-01 -2.7625760672e+00
1.8550000000e-01 -2.7968151700e+00
1.8553000000e-01 -2.7992342863e+00
1.8600000000e-01 -2.8337930900e+00
1.8603000000e-01 -2.8362351434e+00
1.8650000000e-01 -2.8711216200e+00
1.8653000000e-01 -2.8735872143e+00
1.8700000000e-01 -2.9088099993e+00
1.8703000000e-01 -2.9112997888e+00
1.8750000000e-01 -2.9468682093e+00
1.8753000000e-01 -2.9493829031e+00
1.8800000000e-01 -2.9853070993e+00
1.8803000000e-01 -2.9878474667e+00
1.8850000000e-01 -3.0241384293e+00
1.8853000000e-01 -3.0267053058e+00
1.8900000000e-01 -3.0633749600e+00
1.8903000000e-01 -3.0659692536e+00
1.8950000000e-01 -3.1030305993e+00
1.8953000000e-01 -3.1056532992e+00
1.9000000000e-01 -3.1431204300e+00
1.9003000000e-01 -3.1457726122e+00
1.9050000000e-01 -3.1836609393e+00
1.9053000000e-01 -3.1863437796e+00
1.9100000000e-01 -3.2246700693e+00
1.9103000000e-01 -3.2273848506e+00
1.9150000000e-01 -3.2661674300e+00
1.9153000000e-01 -3.2689155554e+00
1.9200000000e-01 -3.3081744993e+00
1.9203000000e-01 -3.3109575064e+00
1.9250000000e-01 -3.3507147493e+00
1.9253000000e-01 -3.3535343245e+00
1.9300000000e-01 -3.3938139600e+00
1.9303000000e-01 -3.3966719547e+00
1.9350000000e-01 -3.4375004500e+00
1.9353000000e-01 -3.4403989034e+00
1.9400000000e-01 -3.4818053800e+00
1.9403000000e-01 -3.4847465393e+00
1.9450000000e-01 -3.5267631000e+00
1.9453000000e-01 -3.5297494465e+00
1.9500000000e-01 -3.5724115493e+00
1.9503000000e-01 -3.5754458308e+00
1.9550000000e-01 -3.6187927000e+00
1.9553000000e-01 -3.6218779611e+00
1.9600000000e-01 -3.6659531293e+00
1.9603000000e-01 -3.6690927563e+00
1.9650000000e-01 -3.7139445600e+00
1.9653000000e-01 -3.7171423229e+00
1.9700000000e-01 -3.7628246500e+00
1.9703000000e-01 -3.7660847607e+00
1.9750000000e-01 -3.8126577700e+00
1.9753000000e-01 -3.8159849439e+00
1.9800000000e-01 -3.8635160000e+00
1.9803000000e-01 -3.8669155336e+00
1.9850000000e-01 -3.9154803000e+00
1.9853000000e-01 -3.9189581597e+00
1.9900000000e-01 -3.9686418700e+00
1.9903000000e-01 -3.9722047974e+00
1.9950000000e-01 -4.0231037600e+00
1.9953000000e-01 -4.0267594053e+00
2.0000000000e-01 -4.0789829100e+00
2.0047000000e-01 -4.1279091250e+00
2.0050000000e-01 -4.1313339600e+00
2.0097000000e-01 -4.1770867731e+00
2.0100000000e-01 -4.1802894707e+00
2.0147000000e-01 -4.2229968258e+00
2.0150000000e-01 -4.2259863400e+00
2.0197000000e-01 -4.2657794708e+00
2.0200000000e-01 -4.2685649907e+00
2.0247000000e-01 -4.3055776636e+00
2.0250000000e-01 -4.3081685500e+00
2.0297000000e-01 -4.3425361294e+00
2.0300000000e-01 -4.3449418600e+00
2.0347000000e-01 -4.3768005049e+00
2.0350000000e-01 -4.3790306100e+00
2.0397000000e-01 -4.4085163764e+00
2.0400000000e-01 -4.4105803800e+00
2.0447000000e-01 -4.4378283800e+00
2.0450000000e-01 -4.4397357400e+00
2.0497000000e-01 -4.4648793475e+00
2.0500000000e-01 -4.4666394000e+00
2.0547000000e-01 -4.4898094935e+00
2.0550000000e-01 -4.4914314000e+00
2.0597000000e-01 -4.5127557271e+00
2.0600000000e-01 -4.5142484300e+00
2.0647000000e-01 -4.5338509627e+00
2.0650000000e-01 -4.5352231400e+00
2.0697000000e-01 -4.5532236073e+00
2.0700000000e-01 -4.5544836400e+00
2.0747000000e-01 -4.5709970886e+00
2.0750000000e-01 -4.5721530300e+00
2.0797000000e-01 -4.5872894879e+00
2.0800000000e-01 -4.5883490400e+00
2.0847000000e-01 -4.6022132830e+00
2.0850000000e-01 -4.6031837800e+00
2.0897000000e-01 -4.6158751632e+00
2.0900000000e-01 -4.6167635600e+00
2.0947000000e-01 -4.6283759058e+00
2.0950000000e-01 -4.6291887700e+00
2.0997000000e-01 -4.6398103681e+00
2.1000000000e-01 -4.6405538807e+00
2.1047000000e-01 -4.6502675162e+00
2.1050000000e-01 -4.6509474700e+00
2.1097000000e-01 -4.6598304793e+00
2.1100000000e-01 -4.6604522900e+00
2.1147000000e-01 -4.6685767293e+00
2.1150000000e-01 -4.6691454407e+00
2.1197000000e-01 -4.6765782631e+00
2.1200000000e-01 -4.6770985600e+00
2.1247000000e-01 -4.6839017376e+00
2.1250000000e-01 -4.6843779600e+00
2.1297000000e-01 -4.6906087824e+00
2.1300000000e-01 -4.6910449407e+00
2.1347000000e-01 -4.6967562023e+00
2.1350000000e-01 -4.6971559900e+00
2.1397000000e-01 -4.7023962143e+00
2.1400000000e-01 -4.7027630300e+00
2.1447000000e-01 -4.7075767590e+00
2.1450000000e-01 -4.7079137200e+00
2.1497000000e-01 -4.7123417387e+00
2.1500000000e-01 -4.7126517000e+00
2.1547000000e-01 -4.7167312981e+00
2.1550000000e-01 -4.7170168700e+00
2.1597000000e-01 -4.7207820382e+00
2.1600000000e-01 -4.7210456000e+00
2.1647000000e-01 -4.7245273196e+00
2.1650000000e-01 -4.7247710400e+00
2.1697000000e-01 -4.7279974793e+00
2.1700000000e-01 -4.7282233300e+00
2.1747000000e-01 -4.7312200683e+00
2.1750000000e-01 -4.7314298400e+00
2.1797000000e-01 -4.7342200643e+00
2.1800000000e-01 -4.7344153800e+00
2.1847000000e-01 -4.7370200903e+00
2.1850000000e-01 -4.7372024200e+00
2.1897000000e-01 -4.7396406163e+00
2.1900000000e-01 -4.7398112900e+00
2.1947000000e-01 -4.7421001124e+00
2.1950000000e-01 -4.7422603300e+00
2.1997000000e-01 -4.7444152552e+00
2.2000000000e-01 -4.7445661000e+00
2.2047000000e-01 -4.7466010907e+00
2.2050000000e-01 -4.7467435400e+00
2.2097000000e-01 -4.7486711288e+00
2.2100000000e-01 -4.7488060600e+00
2.2147000000e-01 -4.7506375460e+00
2.2150000000e-01 -4.7507657500e+00
2.2197000000e-01 -4.7525112734e+00
2.2200000000e-01 -4.7526334600e+00
2.2247000000e-01 -4.7543021329e+00
2.2250000000e-01 -4.7544189400e+00
2.2297000000e-01 -4.7560189120e+00
2.2300000000e-01 -4.7561309100e+00
2.2347000000e-01 -4.7576695081e+00
2.2350000000e-01 -4.7577772100e+00
2.2397000000e-01 -4.7592609764e+00
2.2400000000e-01 -4.7593648400e+00
2.2447000000e-01 -4.7607996250e+00
2.2450000000e-01 -4.7609000600e+00
2.2497000000e-01 -4.7622911067e+00
2.2500000000e-01 -4.7623884800e+00
2.2547000000e-01 -4.7637404520e+00
2.2550000000e-01 -4.7638350900e+00
2.2597000000e-01 -4.7651521648e+00
2.2600000000e-01 -4.7652443600e+00
2.2647000000e-01 -4.7665302479e+00
2.2650000000e-01 -4.7666202600e+00
2.2697000000e-01 -4.7678782787e+00
2.2700000000e-01 -4.7679663400e+00
2.2747000000e-01 -4.7691994335e+00
2.2750000000e-01 -4.7692857500e+00
2.2797000000e-01 -4.7704965350e+00
2.2800000000e-01 -4.7705812900e+00
2.2847000000e-01 -4.7717721124e+00
2.2850000000e-01 -4.7718554700e+00
2.2897000000e-01 -4.7730283952e+00
2.2900000000e-01 -4.7731105000e+00
2.2947000000e-01 -4.7742673692e+00
2.2950000000e-01 -4.7743483500e+00
2.2997000000e-01 -4.7754907893e+00
2.3000000000e-01 -4.7755707600e+00
2.3047000000e-01 -4.7767002179e+00
2.3050000000e-01 -4.7767792800e+00
2.3097000000e-01 -4.7778970370e+00
2.3100000000e-01 -4.7779752807e+00
2.3147000000e-01 -4.7790824863e+00
2.3150000000e-01 -4.7791599900e+00
2.3197000000e-01 -4.7802576349e+00
2.3200000000e-01 -4.7803344700e+00
2.3247000000e-01 -4.7814234513e+00
2.3250000000e-01 -4.7814996800e+00
2.3297000000e-01 -4.7825807828e+00
2.3300000000e-01 -4.7826564600e+00
2.3347000000e-01 -4.7837303759e+00
2.3350000000e-01 -4.7838055500e+00
2.3397000000e-01 -4.7848728958e+00
2.3400000000e-01 -4.7849476100e+00
2.3447000000e-01 -4.7860089278e+00
2.3450000000e-01 -4.7860832200e+00
2.3497000000e-01 -4.7871389957e+00
2.3500000000e-01 -4.7872129000e+00
2.3547000000e-01 -4.7882635542e+00
2.3550000000e-01 -4.7883371000e+00
2.3597000000e-01 -4.7893829972e+00
2.3600000000e-01 -4.7894562100e+00
2.3647000000e-01 -4.7904976866e+00
2.3650000000e-01 -4.7905705900e+00
2.3697000000e-01 -4.7916079358e+00
2.3700000000e-01 -4.7916805500e+00
2.3747000000e-01 -4.7927140266e+00
2.3750000000e-01 -4.7927863700e+00
2.3797000000e-01 -4.7938162018e+00
2.3800000000e-01 -4.7938882900e+00
2.3847000000e-01 -4.7949146732e+00
2.3850000000e-01 -4.7949865200e+00
2.3897000000e-01 -4.7960096321e+00
2.3900000000e-01 -4.7960812500e+00
2.3947000000e-01 -4.7971012593e+00
2.3950000000e-01 -4.7971726600e+00
2.3997000000e-01 -4.7981896880e+00
2.4000000000e-01 -4.7982608800e+00
2.4047000000e-01 -4.7992750576e+00
2.4050000000e-01 -4.7993460500e+00
2.4097000000e-01 -4.8003574893e+00
2.4100000000e-01 -4.8004282900e+00
2.4147000000e-01 -4.8014370844e+00
2.4150000000e-01 -4.8015077000e+00
2.4197000000e-01 -4.8025139336e+00
2.4200000000e-01 -4.8025843700e+00
2.4247000000e-01 -4.8035881270e+00
2.4250000000e-01 -4.8036583900e+00
2.4297000000e-01 -4.8046597264e+00
2.4300000000e-01 -4.8047298200e+00
2.4347000000e-01 -4.8057288107e+00
2.4350000000e-01 -4.8057987400e+00
2.4397000000e-01 -4.8067954409e+00
2.4400000000e-01 -4.8068652100e+00
2.4447000000e-01 -4.8078596586e+00
2.4450000000e-01 -4.8079292700e+00
2.4497000000e-01 -4.8089215130e+00
2.4500000000e-01 -4.8089909707e+00
2.4547000000e-01 -4.8099810641e+00
2.4550000000e-01 -4.8100503700e+00
2.4597000000e-01 -4.8110383420e+00
2.4600000000e-01 -4.8111075000e+00
2.4647000000e-01 -4.8120933785e+00
2.4650000000e-01 -4.8121623900e+00
2.4697000000e-01 -4.8131462124e+00
2.4700000000e-01 -4.8132150800e+00
2.4747000000e-01 -4.8141968837e+00
2.4750000000e-01 -4.8142656100e+00
2.4797000000e-01 -4.8152454044e+00
2.4800000000e-01 -4.8153139900e+00
2.4847000000e-01 -4.8162918124e+00
2.4850000000e-01 -4.8163602600e+00
2.4897000000e-01 -4.8173361385e+00
2.4900000000e-01 -4.8174044500e+00
2.4947000000e-01 -4.8183783939e+00
2.4950000000e-01 -4.8184465700e+00
2.4997000000e-01 -4.8194186074e+00
2.5000000000e-01 -4.8194866500e+00
2.5047000000e-01 -4.8204567995e+00
2.5050000000e-01 -4.8205247100e+00
2.5097000000e-01 -4.8214929904e+00
2.5100000000e-01 -4.8215607700e+00
2.5147000000e-01 -4.8225272093e+00
2.5150000000e-01 -4.8225948600e+00
2.5197000000e-01 -4.8235594581e+00
2.5200000000e-01 -4.8236269800e+00
2.5247000000e-01 -4.8245897650e+00
2.5250000000e-01 -4.8246571600e+00
2.5297000000e-01 -4.8256181507e+00
2.5300000000e-01 -4.8256854200e+00
2.5347000000e-01 -4.8266446256e+00
2.5350000000e-01 -4.8267117700e+00
2.5397000000e-01 -4.8276692093e+00
2.5400000000e-01 -4.8277362300e+00
2.5447000000e-01 -4.8286919122e+00
2.5450000000e-01 -4.8287588107e+00
2.5497000000e-01 -4.8297127639e+00
2.5500000000e-01 -4.8297795400e+00
2.5547000000e-01 -4.8307317643e+00
2.5550000000e-01 -4.8307984200e+00
2.5597000000e-01 -4.8317489434e+00
2.5600000000e-01 -4.8318154800e+00
2.5647000000e-01 -4.8327643024e+00
2.5650000000e-01 -4.8328307200e+00
2.5697000000e-01 -4.8337778695e+00
2.5700000000e-01 -4.8338441700e+00
2.5747000000e-01 -4.8347896466e+00
2.5750000000e-01 -4.8348558300e+00
2.5797000000e-01 -4.8357996524e+00
2.5800000000e-01 -4.8358657200e+00
2.5847000000e-01 -4.8368079069e+00
2.5850000000e-01 -4.8368738600e+00
2.5897000000e-01 -4.8378144114e+00
2.5900000000e-01 -4.8378802507e+00
2.5947000000e-01 -4.8388191946e+00
2.5950000000e-01 -4.8388849200e+00
2.5997000000e-01 -4.8398222658e+00
2.6000000000e-01 -4.8398878800e+00
2.6047000000e-01 -4.8408236370e+00
2.6050000000e-01 -4.8408891400e+00
2.6097000000e-01 -4.8418233082e+00
2.6100000000e-01 -4.8418887007e+00
2.6147000000e-01 -4.8428213175e+00
2.6150000000e-01 -4.8428866000e+00
2.6197000000e-01 -4.8438176654e+00
2.6200000000e-01 -4.8438828400e+00
2.6247000000e-01 -4.8448123540e+00
2.6250000000e-01 -4.8448774207e+00
2.6297000000e-01 -4.8458054207e+00
2.6300000000e-01 -4.8458703800e+00
2.6347000000e-01 -4.8467968566e+00
2.6350000000e-01 -4.8468617100e+00
2.6397000000e-01 -4.8477866913e+00
2.6400000000e-01 -4.8478514400e+00
2.6447000000e-01 -4.8487749166e+00
2.6450000000e-01 -4.8488395607e+00
2.6497000000e-01 -4.8497615700e+00
2.6500000000e-01 -4.8498261100e+00
2.6547000000e-01 -4.8507466427e+00
2.6550000000e-01 -4.8508110800e+00
2.6597000000e-01 -4.8517301548e+00
2.6600000000e-01 -4.8517944900e+00
2.6647000000e-01 -4.8527121255e+00
2.6650000000e-01 -4.8527763600e+00
2.6697000000e-01 -4.8536925563e+00
2.6700000000e-01 -4.8537566900e+00
2.6747000000e-01 -4.8546714564e+00
2.6750000000e-01 -4.8547354907e+00
2.6797000000e-01 -4.8556488551e+00
2.6800000000e-01 -4.8557127900e+00
2.6847000000e-01 -4.8566247433e+00
2.6850000000e-01 -4.8566885807e+00
2.6897000000e-01 -4.8575991507e+00
2.6900000000e-01 -4.8576628900e+00
2.6947000000e-01 -4.8585720769e+00
2.6950000000e-01 -4.8586357200e+00
2.6997000000e-01 -4.8595435424e+00
2.7000000000e-01 -4.8596070900e+00
2.7047000000e-01 -4.8605135479e+00
2.7050000000e-01 -4.8605770000e+00
2.7097000000e-01 -4.8614821121e+00
2.7100000000e-01 -4.8615454700e+00
2.7147000000e-01 -4.8624492364e+00
2.7150000000e-01 -4.8625125000e+00
2.7197000000e-01 -4.8634149486e+00
2.7200000000e-01 -4.8634781200e+00
2.7247000000e-01 -4.8643792415e+00
2.7250000000e-01 -4.8644423200e+00
2.7297000000e-01 -4.8653421424e+00
2.7300000000e-01 -4.8654051300e+00
2.7347000000e-01 -4.8663036440e+00
2.7350000000e-01 -4.8663665407e+00
2.7397000000e-01 -4.8672637743e+00
2.7400000000e-01 -4.8673265807e+00
2.7447000000e-01 -4.8682225339e+00
2.7450000000e-01 -4.8682852507e+00
2.7497000000e-01 -4.8691799422e+00
2.7500000000e-01 -4.8692425700e+00
2.7547000000e-01 -4.8701359906e+00
2.7550000000e-01 -4.8701985307e+00
2.7597000000e-01 -4.8710907082e+00
2.7600000000e-01 -4.8711531607e+00
2.7647000000e-01 -4.8720441046e+00
2.7650000000e-01 -4.8721064700e+00
2.7697000000e-01 -4.8729961709e+00
2.7700000000e-01 -4.8730584507e+00
2.7747000000e-01 -4.8739469366e+00
2.7750000000e-01 -4.8740091307e+00
2.7797000000e-01 -4.8748964017e+00
2.7800000000e-01 -4.8749585107e+00
2.7847000000e-01 -4.8758445854e+00
2.7850000000e-01 -4.8759066100e+00
2.7897000000e-01 -4.8767914792e+00
2.7900000000e-01 -4.8768534207e+00
2.7947000000e-01 -4.8777371122e+00
2.7950000000e-01 -4.8777989700e+00
2.7997000000e-01 -4.8786814747e+00
2.8000000000e-01 -4.8787432507e+00
2.8047000000e-01 -4.8796245964e+00
2.8050000000e-01 -4.8796862907e+00
2.8097000000e-01 -4.8805664776e+00
2.8100000000e-01 -4.8806280900e+00
2.8147000000e-01 -4.8815071180e+00
2.8150000000e-01 -4.8815686500e+00
2.8197000000e-01 -4.8824465379e+00
2.8200000000e-01 -4.8825079900e+00
2.8247000000e-01 -4.8833847377e+00
2.8250000000e-01 -4.8834461107e+00
2.8297000000e-01 -4.8843217368e+00
2.8300000000e-01 -4.8843830300e+00
2.8347000000e-01 -4.8852575347e+00
2.8350000000e-01 -4.8853187507e+00
2.8397000000e-01 -4.8861921432e+00
2.8400000000e-01 -4.8862532807e+00
2.8447000000e-01 -4.8871255704e+00
2.8450000000e-01 -4.8871866307e+00
2.8497000000e-01 -4.8880578269e+00
2.8500000000e-01 -4.8881188107e+00
2.8547000000e-01 -4.8889889228e+00
2.8550000000e-01 -4.8890498300e+00
2.8597000000e-01 -4.8899188487e+00
2.8600000000e-01 -4.8899796807e+00
2.8647000000e-01 -4.8908476339e+00
2.8650000000e-01 -4.8909083907e+00
2.8697000000e-01 -4.8917752785e+00
2.8700000000e-01 -4.8918359607e+00
2.8747000000e-01 -4.8927017924e+00
2.8750000000e-01 -4.8927624000e+00
2.8797000000e-01 -4.8936271757e+00
2.8800000000e-01 -4.8936877107e+00
2.8847000000e-01 -4.8945514396e+00
2.8850000000e-01 -4.8946119007e+00
2.8897000000e-01 -4.8954745922e+00
2.8900000000e-01 -4.8955349807e+00
2.8947000000e-01 -4.8963966442e+00
2.8950000000e-01 -4.8964569607e+00
2.8997000000e-01 -4.8973176055e+00
2.9000000000e-01 -4.8973778500e+00
2.9047000000e-01 -4.8982374668e+00
2.9050000000e-01 -4.8982976407e+00
2.9097000000e-01 -4.8991562481e+00
2.9100000000e-01 -4.8992163507e+00
2.9147000000e-01 -4.9000739581e+00
2.9150000000e-01 -4.9001339907e+00
2.9197000000e-01 -4.9009905981e+00
2.9200000000e-01 -4.9010505607e+00
2.9247000000e-01 -4.9019061775e+00
2.9250000000e-01 -4.9019660707e+00
2.9297000000e-01 -4.9028206968e+00
2.9300000000e-01 -4.9028805207e+00
2.9347000000e-01 -4.9037341749e+00
2.9350000000e-01 -4.9037939307e+00
2.9397000000e-01 -4.9046466036e+00
2.9400000000e-01 -4.9047062907e+00
2.9447000000e-01 -4.9055580009e+00
2.9450000000e-01 -4.9056176207e+00
2.9497000000e-01 -4.9064683590e+00
2.9500000000e-01 -4.9065279107e+00
2.9547000000e-01 -4.9073777050e+00
2.9550000000e-01 -4.9074371907e+00
2.9597000000e-01 -4.9082860224e+00
2.9600000000e-01 -4.9083454407e+00
2.9647000000e-01 -4.9091933285e+00
2.9650000000e-01 -4.9092526813e+00
2.9697000000e-01 -4.9100996346e+00
2.9700000000e-01 -4.9101589207e+00
2.9747000000e-01 -4.9110049393e+00
2.9750000000e-01 -4.9110641607e+00
2.9797000000e-01 -4.9119092448e+00
2.9800000000e-01 -4.9119684007e+00
2.9847000000e-01 -4.9128125595e+00
2.9850000000e-01 -4.9128716513e+00
2.9897000000e-01 -4.9137148943e+00
2.9900000000e-01 -4.9137739207e+00
2.9947000000e-01 -4.9146162478e+00
2.9950000000e-01 -4.9146752107e+00
2.9997000000e-01 -4.9155166219e+00
3.0000000000e-01 -4.9155755213e+00
3.0047000000e-01 -4.9164160353e+00
3.0050000000e-01 -4.9164748713e+00
3.0097000000e-01 -4.9173144788e+00
3.0100000000e-01 -4.9173732513e+00
3.0147000000e-01 -4.9182119709e+00
3.0150000000e-01 -4.9182706807e+00
3.0197000000e-01 -4.9191085031e+00
3.0200000000e-01 -4.9191671507e+00
3.0247000000e-01 -4.9200040852e+00
3.0250000000e-01 -4.9200626707e+00
3.0297000000e-01 -4.9208987174e+00
3.0300000000e-01 -4.9209572413e+00
3.0347000000e-01 -4.9217924189e+00
3.0350000000e-01 -4.9218508807e+00
3.0397000000e-01 -4.9226851797e+00
3.0400000000e-01 -4.9227435807e+00
3.0447000000e-01 -4.9235770012e+00
3.0450000000e-01 -4.9236353413e+00
3.0497000000e-01 -4.9244679021e+00
3.0500000000e-01 -4.9245261813e+00
3.0547000000e-01 -4.9253578822e+00
3.0550000000e-01 -4.9254161013e+00
3.0597000000e-01 -4.9262469331e+00
3.0600000000e-01 -4.9263050920e+00
3.0647000000e-01 -4.9271350826e+00
3.0650000000e-01 -4.9271931813e+00
3.0697000000e-01 -4.9280223028e+00
3.0700000000e-01 -4.9280803420e+00
3.0747000000e-01 -4.9289086317e+00
3.0750000000e-01 -4.9289666113e+00
3.0797000000e-01 -4.9297940412e+00
3.0800000000e-01 -4.9298519620e+00
3.0847000000e-01 -4.9306785601e+00
3.0850000000e-01 -4.9307364213e+00
3.0897000000e-01 -4.9315621783e+00
3.0900000000e-01 -4.9316199813e+00
3.0947000000e-01 -4.9324448972e+00
3.0950000000e-01 -4.9325026420e+00
3.0997000000e-01 -4.9333267354e+00
3.1000000000e-01 -4.9333844213e+00
3.1047000000e-01 -4.9342076830e+00
3.1050000000e-01 -4.9342653113e+00
3.1097000000e-01 -4.9350877412e+00
3.1100000000e-01 -4.9351453120e+00
3.1147000000e-01 -4.9359669194e+00
3.1150000000e-01 -4.9360244320e+00
3.1197000000e-01 -4.9368452170e+00
3.1200000000e-01 -4.9369026720e+00
3.1247000000e-01 -4.9377226439e+00
3.1250000000e-01 -4.9377800420e+00
3.1297000000e-01 -4.9385992008e+00
3.1300000000e-01 -4.9386565420e+00
3.1347000000e-01 -4.9394748784e+00
3.1350000000e-01 -4.9395321620e+00
3.1397000000e-01 -4.9403496947e+00
3.1400000000e-01 -4.9404069220e+00
3.1447000000e-01 -4.9412236509e+00
3.1450000000e-01 -4.9412808220e+00
3.1497000000e-01 -4.9420967379e+00
3.1500000000e-01 -4.9421538520e+00
3.1547000000e-01 -4.9429689641e+00
3.1550000000e-01 -4.9430260226e+00
3.1597000000e-01 -4.9438403404e+00
3.1600000000e-01 -4.9438973420e+00
3.1647000000e-01 -4.9447108560e+00
3.1650000000e-01 -4.9447678020e+00
3.1697000000e-01 -4.9455805216e+00
3.1700000000e-01 -4.9456374120e+00
3.1747000000e-01 -4.9464493279e+00
3.1750000000e-01 -4.9465061626e+00
3.1797000000e-01 -4.9473172935e+00
3.1800000000e-01 -4.9473740726e+00
3.1847000000e-01 -4.9481844091e+00
3.1850000000e-01 -4.9482411326e+00
3.1897000000e-01 -4.9490506840e+00
3.1900000000e-01 -4.9491073526e+00
3.1947000000e-01 -4.9499161096e+00
3.1950000000e-01 -4.9499727233e+00
3.1997000000e-01 -4.9507806952e+00
3.2000000000e-01 -4.9508372533e+00
3.2047000000e-01 -4.9516444495e+00
3.2050000000e-01 -4.9517009526e+00
3.2097000000e-01 -4.9525073545e+00
3.2100000000e-01 -4.9525638033e+00
3.2147000000e-01 -4.9533694294e+00
3.2150000000e-01 -4.9534258233e+00
3.2197000000e-01 -4.9542306737e+00
3.2200000000e-01 -4.9542870133e+00
3.2247000000e-01 -4.9550910787e+00
3.2250000000e-01 -4.9551473633e+00
3.2297000000e-01 -4.9559506530e+00
3.2300000000e-01 -4.9560068833e+00
3.2347000000e-01 -4.9568093973e+00
3.2350000000e-01 -4.9568655733e+00
3.2397000000e-01 -4.9576673116e+00
3.2400000000e-01 -4.9577234333e+00
3.2447000000e-01 -4.9585243959e+00
3.2450000000e-01 -4.9585804639e+00
3.2497000000e-01 -4.9593806602e+00
3.2500000000e-01 -4.9594366739e+00
3.2547000000e-01 -4.9602360945e+00
3.2550000000e-01 -4.9602920539e+00
3.2597000000e-01 -4.9610906988e+00
3.2600000000e-01 -4.9611466046e+00
3.2647000000e-01 -4.9619444924e+00
3.2650000000e-01 -4.9620003439e+00
3.2697000000e-01 -4.9627974561e+00
3.2700000000e-01 -4.9628532539e+00
3.2747000000e-01 -4.9636495904e+00
3.2750000000e-01 -4.9637053346e+00
3.2797000000e-01 -4.9645009140e+00
3.2800000000e-01 -4.9645566046e+00
3.2847000000e-01 -4.9653514177e+00
3.2850000000e-01 -4.9654070546e+00
3.2897000000e-01 -4.9662011013e+00
3.2900000000e-01 -4.9662566846e+00
3.2947000000e-01 -4.9670499650e+00
3.2950000000e-01 -4.9671054952e+00
3.2997000000e-01 -4.9678980093e+00
3.3000000000e-01 -4.9679534852e+00
3.3047000000e-01 -4.9687452422e+00
3.3050000000e-01 -4.9688006652e+00
3.3097000000e-01 -4.9695916559e+00
3.3100000000e-01 -4.9696470252e+00
3.3147000000e-01 -4.9704372495e+00
3.3150000000e-01 -4.9704925659e+00
3.3197000000e-01 -4.9712820332e+00
3.3200000000e-01 -4.9713372959e+00
3.3247000000e-01 -4.9721260062e+00
3.3250000000e-01 -4.9721812159e+00
3.3297000000e-01 -4.9729691598e+00
3.3300000000e-01 -4.9730243159e+00
3.3347000000e-01 -4.9738114935e+00
3.3350000000e-01 -4.9738665965e+00
3.3397000000e-01 -4.9746530171e+00
3.3400000000e-01 -4.9747080665e+00
3.3447000000e-01 -4.9754937301e+00
3.3450000000e-01 -4.9755487272e+00
3.3497000000e-01 -4.9763336337e+00
3.3500000000e-01 -4.9763885772e+00
3.3547000000e-01 -4.9771727267e+00
3.3550000000e-01 -4.9772276165e+00
3.3597000000e-01 -4.9780109997e+00
3.3600000000e-01 -4.9780658372e+00
3.3647000000e-01 -4.9788484634e+00
3.3650000000e-01 -4.9789032472e+00
3.3697000000e-01 -4.9796851070e+00
3.3700000000e-01 -4.9797398379e+00
3.3747000000e-01 -4.9805209500e+00
3.3750000000e-01 -4.9805756279e+00
3.3797000000e-01 -4.9813559736e+00
3.3800000000e-01 -4.9814105985e+00
3.3847000000e-01 -4.9821901966e+00
3.3850000000e-01 -4.9822447685e+00
3.3897000000e-01 -4.9830236003e+00
3.3900000000e-01 -4.9830781185e+00
3.3947000000e-01 -4.9838561933e+00
3.3950000000e-01 -4.9839106585e+00
3.3997000000e-01 -4.9846879763e+00
3.4000000000e-01 -4.9847423892e+00
3.4047000000e-01 -4.9855189406e+00
3.4050000000e-01 -4.9855732998e+00
3.4097000000e-01 -4.9863491036e+00
3.4100000000e-01 -4.9864034098e+00
3.4147000000e-01 -4.9871784472e+00
3.4150000000e-01 -4.9872326998e+00
3.4197000000e-01 -4.9880069802e+00
3.4200000000e-01 -4.9880611805e+00
3.4247000000e-01 -4.9888347038e+00
3.4250000000e-01 -4.9888888505e+00
3.4297000000e-01 -4.9896616168e+00
3.4300000000e-01 -4.9897157111e+00
3.4347000000e-01 -4.9904877205e+00
3.4350000000e-01 -4.9905417611e+00
3.4397000000e-01 -4.9913130041e+00
3.4400000000e-01 -4.9913669911e+00
3.4447000000e-01 -4.9921374771e+00
3.4450000000e-01 -4.9921914118e+00
3.4497000000e-01 -4.9929611407e+00
3.4500000000e-01 -4.9930150218e+00
3.4547000000e-01 -4.9937839844e+00
3.4550000000e-01 -4.9938378124e+00
3.4597000000e-01 -4.9946060180e+00
3.4600000000e-01 -4.9946597931e+00
3.4647000000e-01 -4.9954272417e+00
3.4650000000e-01 -4.9954809631e+00
3.4697000000e-01 -4.9962476453e+00
3.4700000000e-01 -4.9963013137e+00
3.4747000000e-01 -4.9970672390e+00
3.4750000000e-01 -4.9971208544e+00
3.4797000000e-01 -4.9978860226e+00
3.4800000000e-01 -4.9979395844e+00
3.4847000000e-01 -4.9987039769e+00
3.4850000000e-01 -4.9987574850e+00
3.4897000000e-01 -4.9995211299e+00
3.4900000000e-01 -4.9995745850e+00
3.4947000000e-01 -5.0003374636e+00
3.4950000000e-01 -5.0003908650e+00
3.4997000000e-01 -5.0011529772e+00
3.5000000000e-01 -5.0012063257e+00
3.5047000000e-01 -5.0019676715e+00
3.5050000000e-01 -5.0020209664e+00
3.5097000000e-01 -5.0027815551e+00
3.5100000000e-01 -5.0028347970e+00
3.5147000000e-01 -5.0035946194e+00
3.5150000000e-01 -5.0036478070e+00
3.5197000000e-01 -5.0044068631e+00
3.5200000000e-01 -5.0044599977e+00
3.5247000000e-01 -5.0052182874e+00
3.5250000000e-01 -5.0052713683e+00
3.5297000000e-01 -5.0060288917e+00
3.5300000000e-01 -5.0060819190e+00
3.5347000000e-01 -5.0068386760e+00
3.5350000000e-01 -5.0068916496e+00
3.5397000000e-01 -5.0076476403e+00
3.5400000000e-01 -5.0077005603e+00
3.5447000000e-01 -5.0084557939e+00
3.5450000000e-01 -5.0085086603e+00
3.5497000000e-01 -5.0092631089e+00
3.5500000000e-01 -5.0093159216e+00
3.5547000000e-01 -5.0100696132e+00
3.5550000000e-01 -5.0101223716e+00
3.5597000000e-01 -5.0108752875e+00
3.5600000000e-01 -5.0109279929e+00
3.5647000000e-01 -5.0116801424e+00
3.5650000000e-01 -5.0117327936e+00
3.5697000000e-01 -5.0124841767e+00
3.5700000000e-01 -5.0125367736e+00
3.5747000000e-01 -5.0132873810e+00
3.5750000000e-01 -5.0133399242e+00
3.5797000000e-01 -5.0140897560e+00
3.5800000000e-01 -5.0141422455e+00
3.5847000000e-01 -5.0148913109e+00
3.5850000000e-01 -5.0149437455e+00
3.5897000000e-01 -5.0156920352e+00
3.5900000000e-01 -5.0157444168e+00
3.5947000000e-01 -5.0164919308e+00
3.5950000000e-01 -5.0165442575e+00
3.5997000000e-01 -5.0172909958e+00
3.6000000000e-01 -5.0173432681e+00
3.6047000000e-01 -5.0180892401e+00
3.6050000000e-01 -5.0181414588e+00
3.6097000000e-01 -5.0188866457e+00
3.6100000000e-01 -5.0189388094e+00
3.6147000000e-01 -5.0196832207e+00
3.6150000000e-01 -5.0197353307e+00
3.6197000000e-01 -5.0204789663e+00
3.6200000000e-01 -5.0205310214e+00
3.6247000000e-01 -5.0212738812e+00
3.6250000000e-01 -5.0213258821e+00
3.6297000000e-01 -5.0220679568e+00
3.6300000000e-01 -5.0221199034e+00
3.6347000000e-01 -5.0228612024e+00
3.6350000000e-01 -5.0229130940e+00
3.6397000000e-01 -5.0236536080e+00
3.6400000000e-01 -5.0237054447e+00
3.6447000000e-01 -5.0244451736e+00
3.6450000000e-01 -5.0244969560e+00
3.6497000000e-01 -5.0252359093e+00
3.6500000000e-01 -5.0252876373e+00
3.6547000000e-01 -5.0260258055e+00
3.6550000000e-01 -5.0260774779e+00
3.6597000000e-01 -5.0268148611e+00
3.6600000000e-01 -5.0268664786e+00
3.6647000000e-01 -5.0276030767e+00
3.6650000000e-01 -5.0276546399e+00
3.6697000000e-01 -5.0283904436e+00
3.6700000000e-01 -5.0284419512e+00
3.6747000000e-01 -5.0291769699e+00
3.6750000000e-01 -5.0292284225e+00
3.6797000000e-01 -5.0299626562e+00
3.6800000000e-01 -5.0300140532e+00
3.6847000000e-01 -5.0307475018e+00
3.6850000000e-01 -5.0307988438e+00
3.6897000000e-01 -5.0315314887e+00
3.6900000000e-01 -5.0315827758e+00
3.6947000000e-01 -5.0323146356e+00
3.6950000000e-01 -5.0323658671e+00
3.6997000000e-01 -5.0330969325e+00
3.7000000000e-01 -5.0331481078e+00
3.7047000000e-01 -5.0338783788e+00
3.7050000000e-01 -5.0339294991e+00
3.7097000000e-01 -5.0346589757e+00
3.7100000000e-01 -5.0347100404e+00
3.7147000000e-01 -5.0354387226e+00
3.7150000000e-01 -5.0354897317e+00
3.7197000000e-01 -5.0362176102e+00
3.7200000000e-01 -5.0362685630e+00
3.7247000000e-01 -5.0369956471e+00
3.7250000000e-01 -5.0370465436e+00
3.7297000000e-01 -5.0377728147e+00
3.7300000000e-01 -5.0378236556e+00
3.7347000000e-01 -5.0385491416e+00
3.7350000000e-01 -5.0385999263e+00
3.7397000000e-01 -5.0393245992e+00
3.7400000000e-01 -5.0393753282e+00
3.7447000000e-01 -5.0400991974e+00
3.7450000000e-01 -5.0401498695e+00
3.7497000000e-01 -5.0408729256e+00
3.7500000000e-01 -5.0409235408e+00
3.7547000000e-01 -5.0416458025e+00
3.7550000000e-01 -5.0416963621e+00
3.7597000000e-01 -5.0424178014e+00
3.7600000000e-01 -5.0424683035e+00
3.7647000000e-01 -5.0431889390e+00
3.7650000000e-01 -5.0432393848e+00
3.7697000000e-01 -5.0439592072e+00
3.7700000000e-01 -5.0440095961e+00
3.7747000000e-01 -5.0447286054e+00
3.7750000000e-01 -5.0447789374e+00
3.7797000000e-01 -5.0454971243e+00
3.7800000000e-01 -5.0455473987e+00
3.7847000000e-01 -5.0462647725e+00
3.7850000000e-01 -5.0463149900e+00
3.7897000000e-01 -5.0470315414e+00
3.7900000000e-01 -5.0470817013e+00
3.7947000000e-01 -5.0477974303e+00
3.7950000000e-01 -5.0478475326e+00
3.7997000000e-01 -5.0485624392e+00
3.8000000000e-01 -5.0486124839e+00
3.8047000000e-01 -5.0493265680e+00
3.8050000000e-01 -5.0493765546e+00
3.8097000000e-01 -5.0500898069e+00
3.8100000000e-01 -5.0501397359e+00
3.8147000000e-01 -5.0508521564e+00
3.8150000000e-01 -5.0509020272e+00
3.8197000000e-01 -5.0516136160e+00
3.8200000000e-01 -5.0516634279e+00
3.8247000000e-01 -5.0523741755e+00
3.8250000000e-01 -5.0524239292e+00
3.8297000000e-01 -5.0531338450e+00
3.8300000000e-01 -5.0531835398e+00
3.8347000000e-01 -5.0538926146e+00
3.8350000000e-01 -5.0539422511e+00
3.8397000000e-01 -5.0546504848e+00
3.8400000000e-01 -5.0547000611e+00
3.8447000000e-01 -5.0554074350e+00
3.8450000000e-01 -5.0554569524e+00
3.8497000000e-01 -5.0561634851e+00
3.8500000000e-01 -5.0562129424e+00
3.8547000000e-01 -5.0569186153e+00
3.8550000000e-01 -5.0569680124e+00
3.8597000000e-01 -5.0576728162e+00
3.8600000000e-01 -5.0577221531e+00
3.8647000000e-01 -5.0584260970e+00
3.8650000000e-01 -5.0584753724e+00
3.8697000000e-01 -5.0591784285e+00
3.8700000000e-01 -5.0592276431e+00
3.8747000000e-01 -5.0599298207e+00
3.8750000000e-01 -5.0599789724e+00
3.8797000000e-01 -5.0606802528e+00
3.8800000000e-01 -5.0607293418e+00
3.8847000000e-01 -5.0614297156e+00
3.8850000000e-01 -5.0614787411e+00
3.8897000000e-01 -5.0621782084e+00
3.8900000000e-01 -5.0622271698e+00
3.8947000000e-01 -5.0629257119e+00
3.8950000000e-01 -5.0629746092e+00
3.8997000000e-01 -5.0636722447e+00
3.9000000000e-01 -5.0637210772e+00
3.9047000000e-01 -5.0644177875e+00
3.9050000000e-01 -5.0644665559e+00
3.9097000000e-01 -5.0651623503e+00
3.9100000000e-01 -5.0652110539e+00
3.9147000000e-01 -5.0659059231e+00
3.9150000000e-01 -5.0659545620e+00
3.9197000000e-01 -5.0666485246e+00
3.9200000000e-01 -5.0666970993e+00
3.9247000000e-01 -5.0673901554e+00
3.9250000000e-01 -5.0674386661e+00
3.9297000000e-01 -5.0681308063e+00
3.9300000000e-01 -5.0681792535e+00
3.9347000000e-01 -5.0688705058e+00
3.9350000000e-01 -5.0689188902e+00
3.9397000000e-01 -5.0696092640e+00
3.9400000000e-01 -5.0696575863e+00
3.9447000000e-01 -5.0703470909e+00
3.9450000000e-01 -5.0703953517e+00
3.9497000000e-01 -5.0710840059e+00
3.9500000000e-01 -5.0711322084e+00
3.9547000000e-01 -5.0718200589e+00
3.9550000000e-01 -5.0718682032e+00
3.9597000000e-01 -5.0725552593e+00
3.9600000000e-01 -5.0726033493e+00
3.9647000000e-01 -5.0732896857e+00
3.9650000000e-01 -5.0733377240e+00
3.9697000000e-01 -5.0740233876e+00
3.9700000000e-01 -5.0740713781e+00
3.9747000000e-01 -5.0747564436e+00
3.9750000000e-01 -5.0748043929e+00
3.9797000000e-01 -5.0754889723e+00
3.9800000000e-01 -5.0755368877e+00
3.9847000000e-01 -5.0762211120e+00
3.9850000000e-01 -5.0762690024e+00
3.9897000000e-01 -5.0769530492e+00
3.9900000000e-01 -5.0770009265e+00
3.9900000000e-01 0.0000000000e+00
3.9947000000e-01 0.0000000000e+00
3.9950000000e-01 0.0000000000e+00
3.9997000000e-01 0.0000000000e+00
4.0000000000e-01 0.0000000000e+00
