0.0000000000e+00 0.0000000000e+00
4.1000000000e-04 0.0000000000e+00
5.0000000000e-04 0.0000000000e+00
9.1000000000e-04 0.0000000000e+00
1.0000000000e-03 0.0000000000e+00
1.0000000000e-03 0.0000000000e+00
1.4100000000e-03 1.1464229798e+09
1.5000000000e-03 1.3813853370e+09
1.9100000000e-03 2.4805831407e+09
2.0000000000e-03 2.7058668127e+09
2.4100000000e-03 3.7602803945e+09
2.5000000000e-03 3.9763856603e+09
2.9100000000e-03 4.9882954292e+09
3.0000000000e-03 5.1956896579e+09
3.4100000000e-03 6.1672280836e+09
3.5000000000e-03 6.3663483235e+09
3.9100000000e-03 7.2995116052e+09
4.0000000000e-03 7.4907669753e+09
4.4100000000e-03 8.3874258052e+09
4.5000000000e-03 8.5711997014e+09
4.9100000000e-03 9.4331091908e+09
5.0000000000e-03 9.6097613198e+09
5.4100000000e-03 1.0438569962e+10
5.5000000000e-03 1.0608438177e+10
5.9100000000e-03 1.1405696113e+10
6.0000000000e-03 1.1569098111e+10
6.4100000000e-03 1.2336264714e+10
6.5000000000e-03 1.2493499583e+10
6.9100000000e-03 1.3231949843e+10
7.0000000000e-03 1.3383299393e+10
7.4100000000e-03 1.4094330869e+10
7.5000000000e-03 1.4240060991e+10
7.9100000000e-03 1.4924898707e+10
8.0000000000e-03 1.5065260492e+10
8.4100000000e-03 1.5725062501e+10
8.5000000000e-03 1.5860293298e+10
8.9100000000e-03 1.6496155242e+10
9.0000000000e-03 1.6626479557e+10
9.4100000000e-03 1.7239439068e+10
9.5000000000e-03 1.7365069585e+10
9.9100000000e-03 1.7956110186e+10
1.0000000000e-02 1.8077248433e+10
1.0410000000e-02 1.8647302855e+10
1.0500000000e-02 1.8764140017e+10
1.0910000000e-02 1.9314093936e+10
1.1000000000e-02 1.9426811503e+10
1.1410000000e-02 1.9957506279e+10
1.1500000000e-02 2.0066276674e+10
1.1910000000e-02 2.0578512254e+10
1.2000000000e-02 2.0683499447e+10
1.2410000000e-02 2.1178036772e+10
1.2500000000e-02 2.1279396671e+10
1.2910000000e-02 2.1756960333e+10
1.3000000000e-02 2.1854841464e+10
1.3410000000e-02 2.2316121529e+10
1.3500000000e-02 2.2410665290e+10
1.3910000000e-02 2.2856319625e+10
1.4000000000e-02 2.2947660850e+10
1.4410000000e-02 2.3378316783e+10
1.4500000000e-02 2.3466584027e+10
1.4910000000e-02 2.3882840002e+10
1.5000000000e-02 2.3968155921e+10
1.5410000000e-02 2.4370583413e+10
1.5500000000e-02 2.4453065099e+10
1.5910000000e-02 2.4842209521e+10
1.6000000000e-02 2.4921968776e+10
1.6410000000e-02 2.5298351227e+10
1.6500000000e-02 2.5375494836e+10
1.6910000000e-02 2.5739613178e+10
1.7000000000e-02 2.5814243145e+10
1.7410000000e-02 2.6166566606e+10
1.7500000000e-02 2.6238779120e+10
1.7910000000e-02 2.6579763402e+10
1.8000000000e-02 2.6649651861e+10
1.8410000000e-02 2.6979737727e+10
1.8500000000e-02 2.7047392468e+10
1.8910000000e-02 2.7367003005e+10
1.9000000000e-02 2.7432510690e+10
1.9410000000e-02 2.7742051556e+10
1.9500000000e-02 2.7805495361e+10
1.9910000000e-02 2.8105356197e+10
2.0000000000e-02 2.8166815964e+10
2.0410000000e-02 2.8457370809e+10
2.0500000000e-02 2.8516923199e+10
2.0910000000e-02 2.8798531237e+10
2.1000000000e-02 2.8856249866e+10
2.1410000000e-02 2.9129256337e+10
2.1500000000e-02 2.9185211948e+10
2.1910000000e-02 2.9449948650e+10
2.2000000000e-02 2.9504209262e+10
2.2410000000e-02 2.9760995293e+10
2.2500000000e-02 2.9813626291e+10
2.2910000000e-02 3.0062768467e+10
2.3000000000e-02 3.0113832735e+10
2.3410000000e-02 3.0355626504e+10
2.3500000000e-02 3.0405184576e+10
2.3910000000e-02 3.0639914098e+10
2.4000000000e-02 3.0688024267e+10
2.4410000000e-02 3.0915963327e+10
2.4500000000e-02 3.0962681673e+10
2.4910000000e-02 3.1184094265e+10
2.5000000000e-02 3.1229474859e+10
2.5410000000e-02 3.1444615101e+10
2.5500000000e-02 3.1488710095e+10
2.5910000000e-02 3.1697823223e+10
2.6000000000e-02 3.1740682845e+10
2.6410000000e-02 3.1944005466e+10
2.6500000000e-02 3.1985678193e+10
2.6910000000e-02 3.2183438615e+10
2.7000000000e-02 3.2223971257e+10
2.7410000000e-02 3.2416389819e+10
2.7500000000e-02 3.2455827569e+10
2.7910000000e-02 3.2643117475e+10
2.8000000000e-02 3.2681503979e+10
2.8410000000e-02 3.2863871046e+10
2.8500000000e-02 3.2901248522e+10
2.8910000000e-02 3.3078891760e+10
2.9000000000e-02 3.3115301013e+10
2.9410000000e-02 3.3288413293e+10
2.9500000000e-02 3.3323893802e+10
2.9910000000e-02 3.3492661605e+10
3.0000000000e-02 3.3527251623e+10
3.0410000000e-02 3.3691855619e+10
3.0500000000e-02 3.3725592193e+10
3.0910000000e-02 3.3886207575e+10
3.1000000000e-02 3.3919126595e+10
3.1410000000e-02 3.4075923328e+10
3.1500000000e-02 3.4108059629e+10
3.1910000000e-02 3.4261202616e+10
3.2000000000e-02 3.4292589995e+10
3.2410000000e-02 3.4442239324e+10
3.2500000000e-02 3.4472910610e+10
3.2910000000e-02 3.4619222055e+10
3.3000000000e-02 3.4649209174e+10
3.3410000000e-02 3.4792334110e+10
3.3500000000e-02 3.4821668087e+10
3.3910000000e-02 3.4961753988e+10
3.4000000000e-02 3.4990465049e+10
3.4410000000e-02 3.5127655489e+10
3.4500000000e-02 3.5155773060e+10
3.4910000000e-02 3.5290208044e+10
3.5000000000e-02 3.5317760820e+10
3.5410000000e-02 3.5449576950e+10
3.5500000000e-02 3.5476592945e+10
3.5910000000e-02 3.5605923755e+10
3.6000000000e-02 3.5632430337e+10
3.6410000000e-02 3.5759406287e+10
3.6500000000e-02 3.5785430178e+10
3.6910000000e-02 3.5910178991e+10
3.7000000000e-02 3.5935746402e+10
3.7410000000e-02 3.6058393310e+10
3.7500000000e-02 3.6083529874e+10
3.7910000000e-02 3.6204197456e+10
3.8000000000e-02 3.6228928347e+10
3.8410000000e-02 3.6347737187e+10
3.8500000000e-02 3.6372087069e+10
3.8910000000e-02 3.6489155594e+10
3.9000000000e-02 3.6513148773e+10
3.9410000000e-02 3.6628593587e+10
3.9500000000e-02 3.6652253927e+10
3.9910000000e-02 3.6766189721e+10
4.0000000000e-02 3.6789540798e+10
4.0410000000e-02 3.6902081104e+10
4.0500000000e-02 3.6925146117e+10
4.0910000000e-02 3.7036402641e+10
4.1000000000e-02 3.7059204554e+10
4.1410000000e-02 3.7169288171e+10
4.1500000000e-02 3.7191849657e+10
4.1910000000e-02 3.7300869998e+10
4.2000000000e-02 3.7323213542e+10
4.2410000000e-02 3.7431279325e+10
4.2500000000e-02 3.7453427211e+10
4.2910000000e-02 3.7560646489e+10
4.3000000000e-02 3.7582620879e+10
4.3410000000e-02 3.7689101042e+10
4.3500000000e-02 3.7710923931e+10
4.3910000000e-02 3.7816772037e+10
4.4000000000e-02 3.7838465383e+10
4.4410000000e-02 3.7943788241e+10
4.4500000000e-02 3.7965373917e+10
4.4910000000e-02 3.8070278005e+10
4.5000000000e-02 3.8091777852e+10
4.5410000000e-02 3.8196369894e+10
4.5500000000e-02 3.8217805786e+10
4.5910000000e-02 3.8322192676e+10
4.6000000000e-02 3.8343586521e+10
4.6410000000e-02 3.8447875482e+10
4.6500000000e-02 3.8469249239e+10
4.6910000000e-02 3.8573547909e+10
4.7000000000e-02 3.8594923690e+10
4.7410000000e-02 3.8699340539e+10
4.7500000000e-02 3.8720740525e+10
4.7910000000e-02 3.8825384768e+10
4.8000000000e-02 3.8846831359e+10
4.8410000000e-02 3.8951813209e+10
4.8500000000e-02 3.8973328994e+10
4.8910000000e-02 3.9078759823e+10
4.9000000000e-02 3.9100367611e+10
4.9410000000e-02 3.9206359955e+10
4.9500000000e-02 3.9228082863e+10
4.9910000000e-02 3.9334751000e+10
5.0000000000e-02 3.9356612415e+10
5.0410000000e-02 3.9464072116e+10
5.0500000000e-02 3.9486095766e+10
5.0910000000e-02 3.9594464713e+10
5.1000000000e-02 3.9616674718e+10
5.1410000000e-02 3.9726072334e+10
5.1500000000e-02 3.9748493203e+10
5.1910000000e-02 3.9859041485e+10
5.2000000000e-02 3.9881698155e+10
5.2410000000e-02 3.9993521090e+10
5.2500000000e-02 4.0016439058e+10
5.2910000000e-02 4.0129663456e+10
5.3000000000e-02 4.0152868626e+10
5.3410000000e-02 4.0267623787e+10
5.3500000000e-02 4.0291142729e+10
5.3910000000e-02 4.0407560940e+10
5.4000000000e-02 4.0431420748e+10
5.4410000000e-02 4.0549637616e+10
5.4500000000e-02 4.0573866051e+10
5.4910000000e-02 4.0694020169e+10
5.5000000000e-02 4.0718645688e+10
5.5410000000e-02 4.0840879303e+10
5.5500000000e-02 4.0865931024e+10
5.5910000000e-02 4.0990390283e+10
5.6000000000e-02 4.1015898178e+10
5.6410000000e-02 4.1142732961e+10
5.6500000000e-02 4.1168727732e+10
5.6910000000e-02 4.1298092070e+10
5.7000000000e-02 4.1324605285e+10
5.7410000000e-02 4.1456657690e+10
5.7500000000e-02 4.1483721873e+10
5.7910000000e-02 4.1618625505e+10
5.8000000000e-02 4.1646274078e+10
5.8410000000e-02 4.1784196910e+10
5.8500000000e-02 4.1812464265e+10
5.8910000000e-02 4.1953579416e+10
5.9000000000e-02 4.1982501070e+10
5.9410000000e-02 4.2126986886e+10
5.9500000000e-02 4.2156599392e+10
5.9910000000e-02 4.2304639946e+10
6.0000000000e-02 4.2334981030e+10
6.0410000000e-02 4.2486766206e+10
6.0500000000e-02 4.2517874786e+10
6.0910000000e-02 4.2673600773e+10
6.1000000000e-02 4.2705517025e+10
6.1410000000e-02 4.2865386154e+10
6.1500000000e-02 4.2898151597e+10
6.1910000000e-02 4.3062373089e+10
6.2000000000e-02 4.3096030587e+10
6.2410000000e-02 4.3264820714e+10
6.2500000000e-02 4.3299414560e+10
6.2910000000e-02 4.3472996650e+10
6.3000000000e-02 4.3508572667e+10
6.3410000000e-02 4.3687177932e+10
6.3500000000e-02 4.3723783490e+10
6.3910000000e-02 4.3907650944e+10
6.4000000000e-02 4.3945334997e+10
6.4410000000e-02 4.4134711786e+10
6.4500000000e-02 4.4173525021e+10
6.4910000000e-02 4.4368667004e+10
6.5000000000e-02 4.4408661861e+10
6.5410000000e-02 4.4609833780e+10
6.5500000000e-02 4.4651064519e+10
6.5910000000e-02 4.4858540325e+10
6.6000000000e-02 4.4901063094e+10
6.6410000000e-02 4.5115126449e+10
6.6500000000e-02 4.5158999369e+10
6.6910000000e-02 4.5379943811e+10
6.7000000000e-02 4.5425227044e+10
6.7410000000e-02 4.5653356567e+10
6.7500000000e-02 4.5700112435e+10
6.7910000000e-02 4.5935741576e+10
6.8000000000e-02 4.5984034544e+10
6.8410000000e-02 4.6227489122e+10
6.8500000000e-02 4.6277385970e+10
6.8910000000e-02 4.6529003343e+10
6.9000000000e-02 4.6580573196e+10
6.9410000000e-02 4.6840702505e+10
6.9500000000e-02 4.6894016921e+10
6.9910000000e-02 4.7163019674e+10
7.0000000000e-02 4.7218152764e+10
7.0410000000e-02 4.7496403166e+10
7.0500000000e-02 4.7553431624e+10
7.0910000000e-02 4.7841317158e+10
7.1000000000e-02 4.7900320367e+10
7.1410000000e-02 4.8198241960e+10
7.1500000000e-02 4.8259302127e+10
7.1910000000e-02 4.8567674733e+10
7.2000000000e-02 4.8630876921e+10
7.2410000000e-02 4.8950130017e+10
7.2500000000e-02 4.9015562197e+10
7.2910000000e-02 4.9346140032e+10
7.3000000000e-02 4.9413893308e+10
7.3410000000e-02 4.9756255567e+10
7.3500000000e-02 4.9826424102e+10
7.3910000000e-02 5.0181046155e+10
7.4000000000e-02 5.0253727413e+10
7.4410000000e-02 5.0621100731e+10
7.4500000000e-02 5.0696395441e+10
7.4910000000e-02 5.1077028176e+10
7.5000000000e-02 5.1155040469e+10
7.5410000000e-02 5.1549457702e+10
7.5500000000e-02 5.1630295196e+10
7.5910000000e-02 5.2039039273e+10
7.6000000000e-02 5.2122813141e+10
7.6410000000e-02 5.2546444413e+10
7.6500000000e-02 5.2633269469e+10
7.6910000000e-02 5.3072365883e+10
7.7000000000e-02 5.3162360631e+10
7.7410000000e-02 5.3617518724e+10
7.7500000000e-02 5.3710805393e+10
7.7910000000e-02 5.4182639960e+10
7.8000000000e-02 5.4279344572e+10
7.8410000000e-02 5.4768488915e+10
7.8500000000e-02 5.4868741251e+10
7.8910000000e-02 5.5375847261e+10
7.9000000000e-02 5.5479780913e+10
7.9410000000e-02 5.6005518325e+10
7.9500000000e-02 5.6113270608e+10
7.9910000000e-02 5.6658327000e+10
8.0000000000e-02 5.6770038804e+10
8.0410000000e-02 5.7335118517e+10
8.0500000000e-02 5.7450934200e+10
8.0910000000e-02 5.8036757095e+10
8.1000000000e-02 5.8156824213e+10
8.1410000000e-02 5.8764123761e+10
8.1500000000e-02 5.8888592626e+10
8.1910000000e-02 5.9518113254e+10
8.2000000000e-02 5.9647136439e+10
8.2410000000e-02 6.0299629876e+10
8.2500000000e-02 6.0433361469e+10
8.2910000000e-02 6.1109581436e+10
8.3000000000e-02 6.1248175899e+10
8.3410000000e-02 6.1948871387e+10
8.3500000000e-02 6.2092482229e+10
8.3910000000e-02 6.2818387704e+10
8.4000000000e-02 6.2967165476e+10
8.4410000000e-02 6.3718988020e+10
8.4500000000e-02 6.3873077622e+10
8.4910000000e-02 6.4651479916e+10
8.5000000000e-02 6.4811017152e+10
8.5410000000e-02 6.5616593490e+10
8.5500000000e-02 6.5781700199e+10
8.5910000000e-02 6.6614945704e+10
8.6000000000e-02 6.6785723380e+10
8.6410000000e-02 6.7646991924e+10
8.6500000000e-02 6.7823513027e+10
8.6910000000e-02 6.8712960633e+10
8.7000000000e-02 6.8895257191e+10
8.7410000000e-02 6.9812766925e+10
8.7500000000e-02 7.0000814955e+10
8.7910000000e-02 7.0945896674e+10
8.8000000000e-02 7.1139595736e+10
8.8410000000e-02 7.2111251975e+10
8.8500000000e-02 7.2310397617e+10
8.8910000000e-02 7.3306945077e+10
8.9000000000e-02 7.3511192281e+10
8.9410000000e-02 7.4530024806e+10
8.9500000000e-02 7.4738839462e+10
8.9910000000e-02 7.5776113756e+10
9.0000000000e-02 7.5988708160e+10
9.0410000000e-02 7.7038928581e+10
9.0500000000e-02 7.7254176341e+10
9.0910000000e-02 7.8309648244e+10
9.1000000000e-02 7.8525972321e+10
9.1410000000e-02 7.9576087095e+10
9.1500000000e-02 7.9791313219e+10
9.1910000000e-02 8.0821620033e+10
9.2000000000e-02 8.1032786400e+10
9.2410000000e-02 8.2023797803e+10
9.2500000000e-02 8.2226910381e+10
9.2910000000e-02 8.3152588885e+10
9.3000000000e-02 8.3342311179e+10
9.3410000000e-02 8.4168187778e+10
9.3500000000e-02 8.4337455160e+10
9.3910000000e-02 8.5018357211e+10
9.4000000000e-02 8.5157911358e+10
9.4410000000e-02 8.5635337587e+10
9.4500000000e-02 8.5733188339e+10
9.4910000000e-02 8.5932492553e+10
9.5000000000e-02 8.5973340803e+10
9.5410000000e-02 8.5801113701e+10
9.5500000000e-02 8.5765814767e+10
9.5910000000e-02 8.5108246119e+10
9.6000000000e-02 8.4973474031e+10
9.6410000000e-02 8.3697102417e+10
9.6500000000e-02 8.3435503578e+10
9.6910000000e-02 8.1392674018e+10
9.7000000000e-02 8.0973985808e+10
9.7410000000e-02 7.8016472429e+10
9.7500000000e-02 7.7410315255e+10
9.7910000000e-02 7.3415560031e+10
9.8000000000e-02 7.2596814967e+10
9.8410000000e-02 6.7510982858e+10
9.8500000000e-02 6.6468616197e+10
9.8910000000e-02 6.0366806358e+10
9.9000000000e-02 5.9116210027e+10
9.9410000000e-02 5.2268856634e+10
9.9500000000e-02 5.0865457474e+10
9.9910000000e-02 4.2150269859e+10
1.0000000000e-01 4.0364048923e+10
1.0041000000e-01 3.4130844297e+10
1.0050000000e-01 3.2853318089e+10
1.0091000000e-01 2.8492826953e+10
1.0100000000e-01 2.7599122655e+10
1.0141000000e-01 2.4502196762e+10
1.0150000000e-01 2.3867466438e+10
1.0191000000e-01 2.1651208487e+10
1.0200000000e-01 2.1196975421e+10
1.0241000000e-01 1.9612735784e+10
1.0250000000e-01 1.9288037987e+10
1.0291000000e-01 1.8169529121e+10
1.0300000000e-01 1.7940285170e+10
1.0341000000e-01 1.7173326790e+10
1.0350000000e-01 1.7016134853e+10
1.0391000000e-01 1.6520456573e+10
1.0400000000e-01 1.6418864836e+10
1.0441000000e-01 1.6136843588e+10
1.0450000000e-01 1.6079041936e+10
1.0491000000e-01 1.5968543864e+10
1.0500000000e-01 1.5945896736e+10
1.0541000000e-01 1.5975613698e+10
1.0550000000e-01 1.5981704319e+10
1.0591000000e-01 1.6128045308e+10
1.0600000000e-01 1.6158038602e+10
1.0641000000e-01 1.6403011909e+10
1.0650000000e-01 1.6453220419e+10
1.0691000000e-01 1.6782961542e+10
1.0700000000e-01 1.6850543602e+10
1.0741000000e-01 1.7254271640e+10
1.0750000000e-01 1.7337017685e+10
1.0791000000e-01 1.7806284356e+10
1.0800000000e-01 1.7902462885e+10
1.0841000000e-01 1.8430602047e+10
1.0850000000e-01 1.8538846785e+10
1.0891000000e-01 1.9120566207e+10
1.0900000000e-01 1.9239792485e+10
1.0941000000e-01 1.9870867030e+10
1.0950000000e-01 2.0000208902e+10
1.0991000000e-01 2.0677247655e+10
1.1000000000e-01 2.0816010085e+10
1.1041000000e-01 2.1536277176e+10
1.1050000000e-01 2.1683899485e+10
1.1091000000e-01 2.2445176657e+10
1.1100000000e-01 2.2601204185e+10
1.1141000000e-01 2.3401682407e+10
1.1150000000e-01 2.3565744385e+10
1.1191000000e-01 2.4403939868e+10
1.1200000000e-01 2.4575732185e+10
1.1241000000e-01 2.5450419571e+10
1.1250000000e-01 2.5629691085e+10
1.1291000000e-01 2.6539850669e+10
1.1300000000e-01 2.6726392402e+10
1.1341000000e-01 2.7671167968e+10
1.1350000000e-01 2.7864804385e+10
1.1391000000e-01 2.8843469351e+10
1.1400000000e-01 2.9044051585e+10
1.1441000000e-01 3.0055982193e+10
1.1450000000e-01 3.0263382385e+10
1.1491000000e-01 3.1308035627e+10
1.1500000000e-01 3.1522142502e+10
1.1541000000e-01 3.2599038692e+10
1.1550000000e-01 3.2819753902e+10
1.1591000000e-01 3.3928462236e+10
1.1600000000e-01 3.4155697485e+10
1.1641000000e-01 3.5295824420e+10
1.1650000000e-01 3.5529499102e+10
1.1691000000e-01 3.6700679148e+10
1.1700000000e-01 3.6940718302e+10
1.1741000000e-01 3.8142606301e+10
1.1750000000e-01 3.8388939202e+10
1.1791000000e-01 3.9621204104e+10
1.1800000000e-01 3.9873762902e+10
1.1841000000e-01 4.1136082621e+10
1.1850000000e-01 4.1394801302e+10
1.1891000000e-01 4.2686858813e+10
1.1900000000e-01 4.2951672402e+10
1.1941000000e-01 4.4273152341e+10
1.1950000000e-01 4.4543996202e+10
1.1991000000e-01 4.5894582291e+10
1.2000000000e-01 4.6171391602e+10
1.2041000000e-01 4.7550764244e+10
1.2050000000e-01 4.7833473519e+10
1.2091000000e-01 4.9241308387e+10
1.2100000000e-01 4.9529851119e+10
1.2141000000e-01 5.0965817578e+10
1.2150000000e-01 5.1260126019e+10
1.2191000000e-01 5.2723886131e+10
1.2200000000e-01 5.3023891019e+10
1.2241000000e-01 5.4515098381e+10
1.2250000000e-01 5.4820728736e+10
1.2291000000e-01 5.6339028480e+10
1.2300000000e-01 5.6650211519e+10
1.2341000000e-01 5.8195238984e+10
1.2350000000e-01 5.8511900019e+10
1.2391000000e-01 6.0083280835e+10
1.2400000000e-01 6.0405343136e+10
1.2441000000e-01 6.2002693055e+10
1.2450000000e-01 6.2330077819e+10
1.2491000000e-01 6.3953001806e+10
1.2500000000e-01 6.4285628136e+10
1.2541000000e-01 6.5933721114e+10
1.2550000000e-01 6.6271505936e+10
1.2591000000e-01 6.7944352121e+10
1.2600000000e-01 6.8287210236e+10
1.2641000000e-01 6.9984383140e+10
1.2650000000e-01 7.0332227136e+10
1.2691000000e-01 7.2053289564e+10
1.2700000000e-01 7.2406029836e+10
1.2741000000e-01 7.4150534219e+10
1.2750000000e-01 7.4508079036e+10
1.2791000000e-01 7.6275566934e+10
1.2800000000e-01 7.6637822336e+10
1.2841000000e-01 7.8427824851e+10
1.2850000000e-01 7.8794694736e+10
1.2891000000e-01 8.0606732266e+10
1.2900000000e-01 8.0978118353e+10
1.2941000000e-01 8.2811701170e+10
1.2950000000e-01 8.3187503053e+10
1.2991000000e-01 8.5042130640e+10
1.3000000000e-01 8.5422245753e+10
1.3041000000e-01 8.7297407468e+10
1.3050000000e-01 8.7681731153e+10
1.3091000000e-01 8.9576906147e+10
1.3100000000e-01 8.9965331653e+10
1.3141000000e-01 9.1879988787e+10
1.3150000000e-01 9.2272407253e+10
1.3191000000e-01 9.4206005261e+10
1.3200000000e-01 9.4602305753e+10
1.3241000000e-01 9.6554293660e+10
1.3250000000e-01 9.6954363253e+10
1.3291000000e-01 9.8924179876e+10
1.3300000000e-01 9.9327903553e+10
1.3341000000e-01 1.0131497833e+11
1.3350000000e-01 1.0172223917e+11
1.3391000000e-01 1.0372599125e+11
1.3400000000e-01 1.0413667000e+11
1.3441000000e-01 1.0615650899e+11
1.3450000000e-01 1.0657048517e+11
1.3491000000e-01 1.0860581188e+11
1.3500000000e-01 1.0902296217e+11
1.3541000000e-01 1.1107316744e+11
1.3550000000e-01 1.1149336717e+11
1.3591000000e-01 1.1355783273e+11
1.3600000000e-01 1.1398095517e+11
1.3641000000e-01 1.1605905360e+11
1.3650000000e-01 1.1648497017e+11
1.3691000000e-01 1.1857606494e+11
1.3700000000e-01 1.1900464517e+11
1.3741000000e-01 1.2110809144e+11
1.3750000000e-01 1.2153920317e+11
1.3791000000e-01 1.2365434697e+11
1.3800000000e-01 1.2408785617e+11
1.3841000000e-01 1.2621403441e+11
1.3850000000e-01 1.2664980517e+11
1.3891000000e-01 1.2878634728e+11
1.3900000000e-01 1.2922424217e+11
1.3941000000e-01 1.3137046929e+11
1.3950000000e-01 1.3181034917e+11
1.3991000000e-01 1.3396557330e+11
1.4000000000e-01 1.3440729717e+11
1.4041000000e-01 1.3657082452e+11
1.4050000000e-01 1.3701425017e+11
1.4091000000e-01 1.3918537780e+11
1.4100000000e-01 1.3963036117e+11
1.4141000000e-01 1.4180837952e+11
1.4150000000e-01 1.4225477517e+11
1.4191000000e-01 1.4443896636e+11
1.4200000000e-01 1.4488662717e+11
1.4241000000e-01 1.4707626836e+11
1.4250000000e-01 1.4752504617e+11
1.4291000000e-01 1.4971940621e+11
1.4300000000e-01 1.5016915117e+11
1.4341000000e-01 1.5236749310e+11
1.4350000000e-01 1.5281805434e+11
1.4391000000e-01 1.5501963788e+11
1.4400000000e-01 1.5547086317e+11
1.4441000000e-01 1.5767493809e+11
1.4450000000e-01 1.5812667417e+11
1.4491000000e-01 1.6033248775e+11
1.4500000000e-01 1.6078458017e+11
1.4541000000e-01 1.6299137553e+11
1.4550000000e-01 1.6344366917e+11
1.4591000000e-01 1.6565068279e+11
1.4600000000e-01 1.6610302117e+11
1.4641000000e-01 1.6830948788e+11
1.4650000000e-01 1.6876171417e+11
1.4691000000e-01 1.7096686382e+11
1.4700000000e-01 1.7141882017e+11
1.4741000000e-01 1.7362188095e+11
1.4750000000e-01 1.7407340917e+11
1.4791000000e-01 1.7627360594e+11
1.4800000000e-01 1.7672454717e+11
1.4841000000e-01 1.7892110397e+11
1.4850000000e-01 1.7937129917e+11
1.4891000000e-01 1.8156343921e+11
1.4900000000e-01 1.8201272917e+11
1.4941000000e-01 1.8419967482e+11
1.4950000000e-01 1.8464790017e+11
1.4991000000e-01 1.8682887381e+11
1.5000000000e-01 1.8727587517e+11
1.5041000000e-01 1.8945010084e+11
1.5050000000e-01 1.8989571917e+11
1.5091000000e-01 1.9206242423e+11
1.5100000000e-01 1.9250650117e+11
1.5141000000e-01 1.9466491381e+11
1.5150000000e-01 1.9510729117e+11
1.5191000000e-01 1.9725664455e+11
1.5200000000e-01 1.9769716534e+11
1.5241000000e-01 1.9983669843e+11
1.5250000000e-01 2.0027520617e+11
1.5291000000e-01 2.0240416127e+11
1.5300000000e-01 2.0284050117e+11
1.5341000000e-01 2.0495812971e+11
1.5350000000e-01 2.0539214834e+11
1.5391000000e-01 2.0749771087e+11
1.5400000000e-01 2.0792925634e+11
1.5441000000e-01 2.1002202171e+11
1.5450000000e-01 2.1045094417e+11
1.5491000000e-01 2.1253019285e+11
1.5500000000e-01 2.1295634517e+11
1.5541000000e-01 2.1502136842e+11
1.5550000000e-01 2.1544460534e+11
1.5591000000e-01 2.1749471268e+11
1.5600000000e-01 2.1791489217e+11
1.5641000000e-01 2.1994940391e+11
1.5650000000e-01 2.2036638734e+11
1.5691000000e-01 2.2238464619e+11
1.5700000000e-01 2.2279829817e+11
1.5741000000e-01 2.2479966344e+11
1.5750000000e-01 2.2520985317e+11
1.5791000000e-01 2.2719370575e+11
1.5800000000e-01 2.2760030617e+11
1.5841000000e-01 2.2956605268e+11
1.5850000000e-01 2.2996894217e+11
1.5891000000e-01 2.3191601330e+11
1.5900000000e-01 2.3231507534e+11
1.5941000000e-01 2.3424293164e+11
1.5950000000e-01 2.3463805534e+11
1.5991000000e-01 2.3654618891e+11
1.6000000000e-01 2.3693727017e+11
1.6041000000e-01 2.3882520464e+11
1.6050000000e-01 2.3921214617e+11
1.6091000000e-01 2.4107944585e+11
1.6100000000e-01 2.4146215817e+11
1.6141000000e-01 2.4330842387e+11
1.6150000000e-01 2.4368682534e+11
1.6191000000e-01 2.4551170518e+11
1.6200000000e-01 2.4588572334e+11
1.6241000000e-01 2.4768891108e+11
1.6250000000e-01 2.4805848317e+11
1.6291000000e-01 2.4983972237e+11
1.6300000000e-01 2.5020479634e+11
1.6341000000e-01 2.5196388948e+11
1.6350000000e-01 2.5232442417e+11
1.6391000000e-01 2.5406123100e+11
1.6400000000e-01 2.5441719834e+11
1.6441000000e-01 2.5613164500e+11
1.6450000000e-01 2.5648302934e+11
1.6491000000e-01 2.5817511168e+11
1.6500000000e-01 2.5852191217e+11
1.6541000000e-01 2.6019170156e+11
1.6550000000e-01 2.6053393317e+11
1.6591000000e-01 2.6218158148e+11
1.6600000000e-01 2.6251927517e+11
1.6641000000e-01 2.6414502474e+11
1.6650000000e-01 2.6447823017e+11
1.6691000000e-01 2.6608241628e+11
1.6700000000e-01 2.6641120217e+11
1.6741000000e-01 2.6799426301e+11
1.6750000000e-01 2.6831871934e+11
1.6791000000e-01 2.6988120430e+11
1.6800000000e-01 2.7020144334e+11
1.6841000000e-01 2.7174401968e+11
1.6850000000e-01 2.7206017817e+11
1.6891000000e-01 2.7358364176e+11
1.6900000000e-01 2.7389588317e+11
1.6941000000e-01 2.7540116766e+11
1.6950000000e-01 2.7570968334e+11
1.6991000000e-01 2.7719787341e+11
1.7000000000e-01 2.7750288534e+11
1.7041000000e-01 2.7897522586e+11
1.7050000000e-01 2.7927698917e+11
1.7091000000e-01 2.8073489678e+11
1.7100000000e-01 2.8103370234e+11
1.7141000000e-01 2.8247878458e+11
1.7150000000e-01 2.8277496134e+11
1.7191000000e-01 2.8420902657e+11
1.7200000000e-01 2.8450294517e+11
1.7241000000e-01 2.8592802002e+11
1.7250000000e-01 2.8622009617e+11
1.7291000000e-01 2.8763844546e+11
1.7300000000e-01 2.8792914317e+11
1.7341000000e-01 2.8934328649e+11
1.7350000000e-01 2.8963312217e+11
1.7391000000e-01 2.9104585797e+11
1.7400000000e-01 2.9133540517e+11
1.7441000000e-01 2.9274982983e+11
1.7450000000e-01 2.9303972317e+11
1.7491000000e-01 2.9445926088e+11
1.7500000000e-01 2.9475020217e+11
1.7541000000e-01 2.9617862818e+11
1.7550000000e-01 2.9647139134e+11
1.7591000000e-01 2.9791286597e+11
1.7600000000e-01 2.9820830334e+11
1.7641000000e-01 2.9966740270e+11
1.7650000000e-01 2.9996645234e+11
1.7691000000e-01 3.0144820566e+11
1.7700000000e-01 3.0175189834e+11
1.7741000000e-01 3.0326182947e+11
1.7750000000e-01 3.0357129717e+11
1.7791000000e-01 3.0511546610e+11
1.7800000000e-01 3.0543195134e+11
1.7841000000e-01 3.0701700810e+11
1.7850000000e-01 3.0734187317e+11
1.7891000000e-01 3.0897510684e+11
1.7900000000e-01 3.0930984617e+11
1.7941000000e-01 3.1099924957e+11
1.7950000000e-01 3.1134550117e+11
1.7991000000e-01 3.1309983480e+11
1.8000000000e-01 3.1345939434e+11
1.8041000000e-01 3.1528826437e+11
1.8050000000e-01 3.1566310034e+11
1.8091000000e-01 3.1757703662e+11
1.8100000000e-01 3.1796930734e+11
1.8141000000e-01 3.1997986134e+11
1.8150000000e-01 3.2039193417e+11
1.8191000000e-01 3.2251177773e+11
1.8200000000e-01 3.2294625034e+11
1.8241000000e-01 3.2518929601e+11
1.8250000000e-01 3.2564901934e+11
1.8291000000e-01 3.2803054903e+11
1.8300000000e-01 3.2851865517e+11
1.8341000000e-01 3.3105546452e+11
1.8350000000e-01 3.3157539617e+11
1.8391000000e-01 3.3428596389e+11
1.8400000000e-01 3.3484150817e+11
1.8441000000e-01 3.3774617941e+11
1.8450000000e-01 3.3834150634e+11
1.8491000000e-01 3.4146270766e+11
1.8500000000e-01 3.4210241317e+11
1.8541000000e-01 3.4546488492e+11
1.8550000000e-01 3.4615404034e+11
1.8591000000e-01 3.4978511964e+11
1.8600000000e-01 3.5052932734e+11
1.8641000000e-01 3.5445924852e+11
1.8650000000e-01 3.5526470534e+11
1.8691000000e-01 3.5952696177e+11
1.8700000000e-01 3.6040053234e+11
1.8741000000e-01 3.6503227810e+11
1.8750000000e-01 3.6598157734e+11
1.8791000000e-01 3.7102409696e+11
1.8800000000e-01 3.7205758617e+11
1.8841000000e-01 3.7755682826e+11
1.8850000000e-01 3.7868392534e+11
1.8891000000e-01 3.8469112749e+11
1.8900000000e-01 3.8592233317e+11
1.8941000000e-01 3.9249473239e+11
1.8950000000e-01 3.9384177817e+11
1.8991000000e-01 4.0104344987e+11
1.9000000000e-01 4.0251946817e+11
1.9041000000e-01 4.1042229471e+11
1.9050000000e-01 4.1204201817e+11
1.9091000000e-01 4.2072682249e+11
1.9100000000e-01 4.2250681617e+11
1.9141000000e-01 4.3206468964e+11
1.9150000000e-01 4.3402362317e+11
1.9191000000e-01 4.4455749246e+11
1.9200000000e-01 4.4671646134e+11
1.9241000000e-01 4.5834293496e+11
1.9250000000e-01 4.6072583834e+11
1.9291000000e-01 4.7357739593e+11
1.9300000000e-01 4.7621138617e+11
1.9341000000e-01 4.9043898441e+11
1.9350000000e-01 4.9335500134e+11
1.9391000000e-01 5.0913119689e+11
1.9400000000e-01 5.1236460634e+11
1.9441000000e-01 5.2988729539e+11
1.9450000000e-01 5.3347865734e+11
1.9491000000e-01 5.5297560111e+11
1.9500000000e-01 5.5697159634e+11
1.9541000000e-01 5.7870590341e+11
1.9550000000e-01 5.8316045734e+11
1.9591000000e-01 6.0743727937e+11
1.9600000000e-01 6.1241293451e+11
1.9641000000e-01 6.3958767981e+11
1.9650000000e-01 6.4515727834e+11
1.9691000000e-01 6.7564574834e+11
1.9700000000e-01 6.8189451134e+11
1.9741000000e-01 7.1618551187e+11
1.9750000000e-01 7.2321362234e+11
1.9791000000e-01 7.6188473599e+11
1.9800000000e-01 7.6981057234e+11
1.9841000000e-01 8.1354805214e+11
1.9850000000e-01 8.2251226534e+11
1.9891000000e-01 8.7213632038e+11
1.9900000000e-01 8.8230701634e+11
1.9941000000e-01 9.3880422872e+11
1.9950000000e-01 9.5038361251e+11
1.9991000000e-01 1.0136324067e+12
2.0000000000e-01 1.0265955600e+12
2.0009000000e-01 1.0378304455e+12
2.0050000000e-01 1.0926468100e+12
2.0059000000e-01 1.1039694927e+12
2.0100000000e-01 1.1592142300e+12
2.0109000000e-01 1.1705417178e+12
2.0150000000e-01 1.2258099000e+12
2.0159000000e-01 1.2370575816e+12
2.0200000000e-01 1.2919363800e+12
2.0209000000e-01 1.3030201239e+12
2.0250000000e-01 1.3570990500e+12
2.0259000000e-01 1.3679372384e+12
2.0300000000e-01 1.4208180700e+12
2.0309000000e-01 1.4313334789e+12
2.0350000000e-01 1.4826394300e+12
2.0359000000e-01 1.4927608803e+12
2.0400000000e-01 1.5421446517e+12
2.0409000000e-01 1.5518083601e+12
2.0450000000e-01 1.5989587700e+12
2.0459000000e-01 1.6081093830e+12
2.0500000000e-01 1.6527563300e+12
2.0509000000e-01 1.6613475958e+12
2.0550000000e-01 1.7032654200e+12
2.0559000000e-01 1.7112605337e+12
2.0600000000e-01 1.7502696600e+12
2.0609000000e-01 1.7576412876e+12
2.0650000000e-01 1.7936083500e+12
2.0659000000e-01 1.8003383647e+12
2.0700000000e-01 1.8331749200e+12
2.0709000000e-01 1.8392539156e+12
2.0750000000e-01 1.8689140700e+12
2.0759000000e-01 1.8743406824e+12
2.0800000000e-01 1.9008177800e+12
2.0809000000e-01 1.9055978739e+12
2.0850000000e-01 1.9289205300e+12
2.0859000000e-01 1.9330663029e+12
2.0900000000e-01 1.9532940217e+12
2.0909000000e-01 1.9568230714e+12
2.0950000000e-01 1.9740417400e+12
2.0959000000e-01 1.9769761277e+12
2.1000000000e-01 1.9912933600e+12
2.1009000000e-01 1.9936587017e+12
2.1050000000e-01 2.0051994900e+12
2.1059000000e-01 2.0070241012e+12
2.1100000000e-01 2.0159266000e+12
2.1109000000e-01 2.0172407148e+12
2.1150000000e-01 2.0236524400e+12
2.1159000000e-01 2.0244875053e+12
2.1200000000e-01 2.0285618900e+12
2.1209000000e-01 2.0289499514e+12
2.1250000000e-01 2.0308433417e+12
2.1259000000e-01 2.0308165163e+12
2.1300000000e-01 2.0306856400e+12
2.1309000000e-01 2.0302756773e+12
2.1350000000e-01 2.0282754117e+12
2.1359000000e-01 2.0275133233e+12
2.1400000000e-01 2.0237950017e+12
2.1409000000e-01 2.0227107886e+12
2.1450000000e-01 2.0174207900e+12
2.1459000000e-01 2.0160432167e+12
2.1500000000e-01 2.0093218617e+12
2.1509000000e-01 2.0076782945e+12
2.1550000000e-01 1.9996591400e+12
2.1559000000e-01 1.9977754485e+12
2.1600000000e-01 1.9885846900e+12
2.1609000000e-01 1.9864851737e+12
2.1650000000e-01 1.9762413717e+12
2.1659000000e-01 1.9739487364e+12
2.1700000000e-01 1.9627627000e+12
2.1709000000e-01 1.9602980628e+12
2.1750000000e-01 1.9482727917e+12
2.1759000000e-01 1.9456556980e+12
2.1800000000e-01 1.9328865900e+12
2.1809000000e-01 1.9301350698e+12
2.1850000000e-01 1.9167100700e+12
2.1859000000e-01 1.9138406835e+12
2.1900000000e-01 1.8998406000e+12
2.1909000000e-01 1.8968685162e+12
2.1950000000e-01 1.8823673600e+12
2.1959000000e-01 1.8793064262e+12
2.2000000000e-01 1.8643717517e+12
2.2009000000e-01 1.8612345701e+12
2.2050000000e-01 1.8459278817e+12
2.2059000000e-01 1.8427258962e+12
2.2100000000e-01 1.8271030300e+12
2.2109000000e-01 1.8238466078e+12
2.2150000000e-01 1.8079581217e+12
2.2159000000e-01 1.8046566247e+12
2.2200000000e-01 1.7885482300e+12
2.2209000000e-01 1.7852101017e+12
2.2250000000e-01 1.7689229700e+12
2.2259000000e-01 1.7655558067e+12
2.2300000000e-01 1.7491270100e+12
2.2309000000e-01 1.7457376308e+12
2.2350000000e-01 1.7292004400e+12
2.2359000000e-01 1.7257949564e+12
2.2400000000e-01 1.7091791900e+12
2.2409000000e-01 1.7057630670e+12
2.2450000000e-01 1.6890953900e+12
2.2459000000e-01 1.6856735059e+12
2.2500000000e-01 1.6689777200e+12
2.2509000000e-01 1.6655544225e+12
2.2550000000e-01 1.6488517400e+12
2.2559000000e-01 1.6454308969e+12
2.2600000000e-01 1.6287401817e+12
2.2609000000e-01 1.6253252221e+12
2.2650000000e-01 1.6086632300e+12
2.2659000000e-01 1.6052571970e+12
2.2700000000e-01 1.5886387500e+12
2.2709000000e-01 1.5852443326e+12
2.2750000000e-01 1.5686825517e+12
2.2759000000e-01 1.5653021211e+12
2.2800000000e-01 1.5488085917e+12
2.2809000000e-01 1.5454442367e+12
2.2850000000e-01 1.5290291500e+12
2.2859000000e-01 1.5256827075e+12
2.2900000000e-01 1.5093550100e+12
2.2909000000e-01 1.5060280857e+12
2.2950000000e-01 1.4897956200e+12
2.2959000000e-01 1.4864896189e+12
2.3000000000e-01 1.4703592400e+12
2.3009000000e-01 1.4670753868e+12
2.3050000000e-01 1.4510530700e+12
2.3059000000e-01 1.4477924277e+12
2.3100000000e-01 1.4318833600e+12
2.3109000000e-01 1.4286468455e+12
2.3150000000e-01 1.4128555000e+12
2.3159000000e-01 1.4096439076e+12
2.3200000000e-01 1.3939741600e+12
2.3209000000e-01 1.3907881650e+12
2.3250000000e-01 1.3752433100e+12
2.3259000000e-01 1.3720834906e+12
2.3300000000e-01 1.3566663500e+12
2.3309000000e-01 1.3535331979e+12
2.3350000000e-01 1.3382461617e+12
2.3359000000e-01 1.3351400834e+12
2.3400000000e-01 1.3199851600e+12
2.3409000000e-01 1.3169064973e+12
2.3450000000e-01 1.3018853300e+12
2.3459000000e-01 1.2988343619e+12
2.3500000000e-01 1.2839483200e+12
2.3509000000e-01 1.2809252711e+12
2.3550000000e-01 1.2661754500e+12
2.3559000000e-01 1.2631804988e+12
2.3600000000e-01 1.2485677700e+12
2.3609000000e-01 1.2456010509e+12
2.3650000000e-01 1.2311260700e+12
2.3659000000e-01 1.2281876800e+12
2.3700000000e-01 1.2138509200e+12
2.3709000000e-01 1.2109409271e+12
2.3750000000e-01 1.1967427117e+12
2.3759000000e-01 1.1938611516e+12
2.3800000000e-01 1.1798016717e+12
2.3809000000e-01 1.1769485564e+12
2.3850000000e-01 1.1630278700e+12
2.3859000000e-01 1.1602031943e+12
2.3900000000e-01 1.1464212517e+12
2.3909000000e-01 1.1436249833e+12
2.3950000000e-01 1.1299816600e+12
2.3959000000e-01 1.1272137564e+12
2.4000000000e-01 1.1137088117e+12
2.4009000000e-01 1.1109692116e+12
2.4050000000e-01 1.0976023800e+12
2.4059000000e-01 1.0948910154e+12
2.4100000000e-01 1.0816619400e+12
2.4109000000e-01 1.0789787259e+12
2.4150000000e-01 1.0658870000e+12
2.4159000000e-01 1.0632318462e+12
2.4200000000e-01 1.0502770300e+12
2.4209000000e-01 1.0476498345e+12
2.4250000000e-01 1.0348314300e+12
2.4259000000e-01 1.0322320873e+12
2.4300000000e-01 1.0195495717e+12
2.4309000000e-01 1.0169779661e+12
2.4350000000e-01 1.0044308000e+12
2.4359000000e-01 1.0018868174e+12
2.4400000000e-01 9.8947441734e+11
2.4409000000e-01 9.8695793192e+11
2.4450000000e-01 9.7467969617e+11
2.4459000000e-01 9.7219058219e+11
2.4500000000e-01 9.6004589334e+11
2.4509000000e-01 9.5758402067e+11
2.4550000000e-01 9.4557224717e+11
2.4559000000e-01 9.4313748332e+11
2.4600000000e-01 9.3125797617e+11
2.4609000000e-01 9.2885018625e+11
2.4650000000e-01 9.1710228734e+11
2.4659000000e-01 9.1472133391e+11
2.4700000000e-01 9.0310437517e+11
2.4709000000e-01 9.0075011995e+11
2.4750000000e-01 8.8926342417e+11
2.4759000000e-01 8.8693572684e+11
2.4800000000e-01 8.7557861017e+11
2.4809000000e-01 8.7327732954e+11
2.4850000000e-01 8.6204910317e+11
2.4859000000e-01 8.5977409688e+11
2.4900000000e-01 8.4867406534e+11
2.4909000000e-01 8.4642519016e+11
2.4950000000e-01 8.3545265717e+11
2.4959000000e-01 8.3322976955e+11
2.5000000000e-01 8.2238403134e+11
2.5009000000e-01 8.2018698653e+11
2.5050000000e-01 8.0946734017e+11
2.5059000000e-01 8.0729599376e+11
2.5100000000e-01 7.9670173217e+11
2.5109000000e-01 7.9455593839e+11
2.5150000000e-01 7.8408635200e+11
2.5159000000e-01 7.8196596576e+11
2.5200000000e-01 7.7162034417e+11
2.5209000000e-01 7.6952521936e+11
2.5250000000e-01 7.5930285217e+11
2.5259000000e-01 7.5723284251e+11
2.5300000000e-01 7.4713301517e+11
2.5309000000e-01 7.4508797455e+11
2.5350000000e-01 7.3510997417e+11
2.5359000000e-01 7.3308975597e+11
2.5400000000e-01 7.2323286800e+11
2.5409000000e-01 7.2123732560e+11
2.5450000000e-01 7.1150083300e+11
2.5459000000e-01 7.0952981961e+11
2.5500000000e-01 6.9991300617e+11
2.5509000000e-01 6.9796637448e+11
2.5550000000e-01 6.8846852317e+11
2.5559000000e-01 6.8654612606e+11
2.5600000000e-01 6.7716651900e+11
2.5609000000e-01 6.7526820916e+11
2.5650000000e-01 6.6600612600e+11
2.5659000000e-01 6.6413175597e+11
2.5700000000e-01 6.5498647800e+11
2.5709000000e-01 6.5313589979e+11
2.5750000000e-01 6.4410670500e+11
2.5759000000e-01 6.4227977063e+11
2.5800000000e-01 6.3336593700e+11
2.5809000000e-01 6.3156249832e+11
2.5850000000e-01 6.2276330300e+11
2.5859000000e-01 6.2098321152e+11
2.5900000000e-01 6.1229793083e+11
2.5909000000e-01 6.1054103788e+11
2.5950000000e-01 6.0196894400e+11
2.5959000000e-01 6.0023510042e+11
2.6000000000e-01 5.9177546800e+11
2.6009000000e-01 5.9006452427e+11
2.6050000000e-01 5.8171662383e+11
2.6059000000e-01 5.8002843061e+11
2.6100000000e-01 5.7179153183e+11
2.6109000000e-01 5.7012593876e+11
2.6150000000e-01 5.6199930800e+11
2.6159000000e-01 5.6035616454e+11
2.6200000000e-01 5.5233906983e+11
2.6209000000e-01 5.5071822529e+11
2.6250000000e-01 5.4280992883e+11
2.6259000000e-01 5.4121123181e+11
2.6300000000e-01 5.3341099583e+11
2.6309000000e-01 5.3183429445e+11
2.6350000000e-01 5.2414137783e+11
2.6359000000e-01 5.2258651968e+11
2.6400000000e-01 5.1500017966e+11
2.6409000000e-01 5.1346701234e+11
2.6450000000e-01 5.0598650283e+11
2.6459000000e-01 5.0447487257e+11
2.6500000000e-01 4.9709944666e+11
2.6509000000e-01 4.9560919987e+11
2.6550000000e-01 4.8833810566e+11
2.6559000000e-01 4.8686908773e+11
2.6600000000e-01 4.7970157166e+11
2.6609000000e-01 4.7825362746e+11
2.6650000000e-01 4.7118893266e+11
2.6659000000e-01 4.6976190655e+11
2.6700000000e-01 4.6279927366e+11
2.6709000000e-01 4.6139300933e+11
2.6750000000e-01 4.5453167566e+11
2.6759000000e-01 4.5314601611e+11
2.6800000000e-01 4.4638521566e+11
2.6809000000e-01 4.4502000321e+11
2.6850000000e-01 4.3835896666e+11
2.6859000000e-01 4.3701404296e+11
2.6900000000e-01 4.3045199849e+11
2.6909000000e-01 4.2912720467e+11
2.6950000000e-01 4.2266337549e+11
2.6959000000e-01 4.2135855183e+11
2.7000000000e-01 4.1499215949e+11
2.7009000000e-01 4.1370714543e+11
2.7050000000e-01 4.0743740732e+11
2.7059000000e-01 4.0617204194e+11
2.7100000000e-01 3.9999817049e+11
2.7109000000e-01 3.9875229170e+11
2.7150000000e-01 3.9267349932e+11
2.7159000000e-01 3.9144694485e+11
2.7200000000e-01 3.8546243649e+11
2.7209000000e-01 3.8425504271e+11
2.7250000000e-01 3.7836402332e+11
2.7259000000e-01 3.7717562659e+11
2.7300000000e-01 3.7137729532e+11
2.7309000000e-01 3.7020773083e+11
2.7350000000e-01 3.6450128432e+11
2.7359000000e-01 3.6335038657e+11
2.7400000000e-01 3.5773501732e+11
2.7409000000e-01 3.5660262029e+11
2.7450000000e-01 3.5107751915e+11
2.7459000000e-01 3.4996345616e+11
2.7500000000e-01 3.4452780815e+11
2.7509000000e-01 3.4343191165e+11
2.7550000000e-01 3.3808490015e+11
2.7559000000e-01 3.3700700209e+11
2.7600000000e-01 3.3174780715e+11
2.7609000000e-01 3.3068773879e+11
2.7650000000e-01 3.2551553715e+11
2.7659000000e-01 3.2447312926e+11
2.7700000000e-01 3.1938709598e+11
2.7709000000e-01 3.1836217863e+11
2.7750000000e-01 3.1336148298e+11
2.7759000000e-01 3.1235388556e+11
2.7800000000e-01 3.0743769598e+11
2.7809000000e-01 3.0644724756e+11
2.7850000000e-01 3.0161473081e+11
2.7859000000e-01 3.0064125993e+11
2.7900000000e-01 2.9589157781e+11
2.7909000000e-01 2.9493491250e+11
2.7950000000e-01 2.9026722681e+11
2.7959000000e-01 2.8932719443e+11
2.8000000000e-01 2.8474066281e+11
2.8009000000e-01 2.8381709071e+11
2.8050000000e-01 2.7931087081e+11
2.8059000000e-01 2.7840358550e+11
2.8100000000e-01 2.7397683164e+11
2.8109000000e-01 2.7308565979e+11
2.8150000000e-01 2.6873752464e+11
2.8159000000e-01 2.6786229208e+11
2.8200000000e-01 2.6359192664e+11
2.8209000000e-01 2.6273245936e+11
2.8250000000e-01 2.5853901464e+11
2.8259000000e-01 2.5769513813e+11
2.8300000000e-01 2.5357776347e+11
2.8309000000e-01 2.5274930321e+11
2.8350000000e-01 2.4870714547e+11
2.8359000000e-01 2.4789392661e+11
2.8400000000e-01 2.4392613347e+11
2.8409000000e-01 2.4312798114e+11
2.8450000000e-01 2.3923370030e+11
2.8459000000e-01 2.3845043949e+11
2.8500000000e-01 2.3462881530e+11
2.8509000000e-01 2.3386027097e+11
2.8550000000e-01 2.3011045030e+11
2.8559000000e-01 2.2935644726e+11
2.8600000000e-01 2.2567757613e+11
2.8609000000e-01 2.2493793970e+11
2.8650000000e-01 2.2132916413e+11
2.8659000000e-01 2.2060371910e+11
2.8700000000e-01 2.1706418596e+11
2.8709000000e-01 2.1635275748e+11
2.8750000000e-01 2.1288161196e+11
2.8759000000e-01 2.1218402535e+11
2.8800000000e-01 2.0878041596e+11
2.8809000000e-01 2.0809649653e+11
2.8850000000e-01 2.0475957179e+11
2.8859000000e-01 2.0408914536e+11
2.8900000000e-01 2.0081805379e+11
2.8909000000e-01 2.0016094602e+11
2.8950000000e-01 1.9695483862e+11
2.8959000000e-01 1.9631087584e+11
2.9000000000e-01 1.9316890362e+11
2.9009000000e-01 1.9253791200e+11
2.9050000000e-01 1.8945922762e+11
2.9059000000e-01 1.8884103400e+11
2.9100000000e-01 1.8582479262e+11
2.9109000000e-01 1.8521922385e+11
2.9150000000e-01 1.8226458228e+11
2.9159000000e-01 1.8167146605e+11
2.9200000000e-01 1.7877758028e+11
2.9209000000e-01 1.7819674429e+11
2.9250000000e-01 1.7536277528e+11
2.9259000000e-01 1.7479404773e+11
2.9300000000e-01 1.7201915811e+11
2.9309000000e-01 1.7146236755e+11
2.9350000000e-01 1.6874571994e+11
2.9359000000e-01 1.6820069576e+11
2.9400000000e-01 1.6554145694e+11
2.9409000000e-01 1.6500802855e+11
2.9450000000e-01 1.6240536777e+11
2.9459000000e-01 1.6188336540e+11
2.9500000000e-01 1.5933645277e+11
2.9509000000e-01 1.5882570702e+11
2.9550000000e-01 1.5633371677e+11
2.9559000000e-01 1.5583405873e+11
2.9600000000e-01 1.5339616760e+11
2.9609000000e-01 1.5290742922e+11
2.9650000000e-01 1.5052281643e+11
2.9659000000e-01 1.5004483000e+11
2.9700000000e-01 1.4771267643e+11
2.9709000000e-01 1.4724527474e+11
2.9750000000e-01 1.4496476626e+11
2.9759000000e-01 1.4450778314e+11
2.9800000000e-01 1.4227810809e+11
2.9809000000e-01 1.4183137769e+11
2.9850000000e-01 1.3965172692e+11
2.9859000000e-01 1.3921508442e+11
2.9900000000e-01 1.3708465292e+11
2.9909000000e-01 1.3665793351e+11
2.9950000000e-01 1.3457591875e+11
2.9959000000e-01 1.3415895913e+11
3.0000000000e-01 1.3212456358e+11
3.0009000000e-01 1.3171720080e+11
3.0050000000e-01 1.2972962941e+11
3.0059000000e-01 1.2933170155e+11
3.0100000000e-01 1.2739016341e+11
3.0109000000e-01 1.2700150887e+11
3.0150000000e-01 1.2510521641e+11
3.0159000000e-01 1.2472567480e+11
3.0200000000e-01 1.2287384707e+11
3.0209000000e-01 1.2250325901e+11
3.0250000000e-01 1.2069511590e+11
3.0259000000e-01 1.2033332269e+11
3.0300000000e-01 1.1856808990e+11
3.0309000000e-01 1.1821493370e+11
3.0350000000e-01 1.1649184273e+11
3.0359000000e-01 1.1614716670e+11
3.0400000000e-01 1.1446545156e+11
3.0409000000e-01 1.1412909991e+11
3.0450000000e-01 1.1248800039e+11
3.0459000000e-01 1.1215981850e+11
3.0500000000e-01 1.1055858022e+11
3.0509000000e-01 1.1023841415e+11
3.0550000000e-01 1.0867628605e+11
3.0559000000e-01 1.0836398340e+11
3.0600000000e-01 1.0684022188e+11
3.0609000000e-01 1.0653563110e+11
3.0650000000e-01 1.0504949671e+11
3.0659000000e-01 1.0475246760e+11
3.0700000000e-01 1.0330322754e+11
3.0709000000e-01 1.0301361077e+11
3.0750000000e-01 1.0160053637e+11
3.0759000000e-01 1.0131818429e+11
3.0800000000e-01 9.9940555445e+10
3.0809000000e-01 9.9665321455e+10
3.0850000000e-01 9.8322422458e+10
3.0859000000e-01 9.8054161296e+10
3.0900000000e-01 9.6745283654e+10
3.0909000000e-01 9.6483851421e+10
3.0950000000e-01 9.5208293033e+10
3.0959000000e-01 9.4953547276e+10
3.1000000000e-01 9.3710612929e+10
3.1009000000e-01 9.3462412555e+10
3.1050000000e-01 9.2251414008e+10
3.1059000000e-01 9.2009619456e+10
3.1100000000e-01 9.0829875604e+10
3.1109000000e-01 9.0594348740e+10
3.1150000000e-01 8.9445185782e+10
3.1159000000e-01 8.9215790074e+10
3.1200000000e-01 8.8096541844e+10
3.1209000000e-01 8.7873142287e+10
3.1250000000e-01 8.6783150089e+10
3.1259000000e-01 8.6565613313e+10
3.1300000000e-01 8.5504226251e+10
3.1309000000e-01 8.5292420468e+10
3.1350000000e-01 8.4258995613e+10
3.1359000000e-01 8.4052790736e+10
3.1400000000e-01 8.3046693458e+10
3.1409000000e-01 8.2845961048e+10
3.1450000000e-01 8.1866564769e+10
3.1459000000e-01 8.1671178158e+10
3.1500000000e-01 8.0717864513e+10
3.1509000000e-01 8.0527698701e+10
3.1550000000e-01 7.9599858041e+10
3.1559000000e-01 7.9414789827e+10
3.1600000000e-01 7.8511821052e+10
3.1609000000e-01 7.8331729007e+10
3.1650000000e-01 7.7453039646e+10
3.1659000000e-01 7.7277804161e+10
3.1700000000e-01 7.6422810457e+10
3.1709000000e-01 7.6252313690e+10
3.1750000000e-01 7.5420440851e+10
3.1759000000e-01 7.5254566833e+10
3.1800000000e-01 7.4445249027e+10
3.1809000000e-01 7.4283883643e+10
3.1850000000e-01 7.3496564004e+10
3.1859000000e-01 7.3339594958e+10
3.1900000000e-01 7.2573725581e+10
3.1909000000e-01 7.2421042447e+10
3.1950000000e-01 7.1676084641e+10
3.1959000000e-01 7.1527578900e+10
3.2000000000e-01 7.0803003184e+10
3.2009000000e-01 7.0658568171e+10
3.2050000000e-01 6.9953854027e+10
3.2059000000e-01 6.9813384964e+10
3.2100000000e-01 6.9128021169e+10
3.2109000000e-01 6.8991415150e+10
3.2150000000e-01 6.8324899778e+10
3.2159000000e-01 6.8192055818e+10
3.2200000000e-01 6.7543895904e+10
3.2209000000e-01 6.7414714838e+10
3.2250000000e-01 6.6784426713e+10
3.2259000000e-01 6.6658811316e+10
3.2300000000e-01 6.6045920521e+10
3.2309000000e-01 6.5923775389e+10
3.2350000000e-01 6.5327816596e+10
3.2359000000e-01 6.5209048227e+10
3.2400000000e-01 6.4629564988e+10
3.2409000000e-01 6.4514081702e+10
3.2450000000e-01 6.3950626946e+10
3.2459000000e-01 6.3838338916e+10
3.2500000000e-01 6.3290474204e+10
3.2509000000e-01 6.3181293458e+10
3.2550000000e-01 6.2648589644e+10
3.2559000000e-01 6.2542430014e+10
3.2600000000e-01 6.2024466585e+10
3.2609000000e-01 6.1921243669e+10
3.2650000000e-01 6.1417608909e+10
3.2659000000e-01 6.1317240127e+10
3.2700000000e-01 6.0827531116e+10
3.2709000000e-01 6.0729935657e+10
3.2750000000e-01 6.0253758022e+10
3.2759000000e-01 6.0158856827e+10
3.2800000000e-01 5.9695824912e+10
3.2809000000e-01 5.9603540587e+10
3.2850000000e-01 5.9153276785e+10
3.2859000000e-01 5.9063533724e+10
3.2900000000e-01 5.8625669057e+10
3.2909000000e-01 5.8538393305e+10
3.2950000000e-01 5.8112567013e+10
3.2959000000e-01 5.8027686244e+10
3.3000000000e-01 5.7613545452e+10
3.3009000000e-01 5.7530989027e+10
3.3050000000e-01 5.7128188990e+10
3.3059000000e-01 5.7047887818e+10
3.3100000000e-01 5.6656091595e+10
3.3109000000e-01 5.6577978233e+10
3.3150000000e-01 5.6196856600e+10
3.3159000000e-01 5.6120865119e+10
3.3200000000e-01 5.5750096404e+10
3.3209000000e-01 5.5676162425e+10
3.3250000000e-01 5.5315432592e+10
3.3259000000e-01 5.5243493197e+10
3.3300000000e-01 5.4892495346e+10
3.3309000000e-01 5.4822489148e+10
3.3350000000e-01 5.4480923682e+10
3.3359000000e-01 5.4412790707e+10
3.3400000000e-01 5.4080364836e+10
3.3409000000e-01 5.4014046519e+10
3.3450000000e-01 5.3690474756e+10
3.3459000000e-01 5.3625913913e+10
3.3500000000e-01 5.3310917075e+10
3.3509000000e-01 5.3248057881e+10
3.3550000000e-01 5.2941363761e+10
3.3559000000e-01 5.2880151735e+10
3.3600000000e-01 5.2581494264e+10
3.3609000000e-01 5.2521876166e+10
3.3650000000e-01 5.2230995915e+10
3.3659000000e-01 5.2172919817e+10
3.3700000000e-01 5.1889563084e+10
3.3709000000e-01 5.1832978263e+10
3.3750000000e-01 5.1556897818e+10
3.3759000000e-01 5.1501754744e+10
3.3800000000e-01 5.1232708753e+10
3.3809000000e-01 5.1178959067e+10
3.3850000000e-01 5.0916711670e+10
3.3859000000e-01 5.0864308138e+10
3.3900000000e-01 5.0608628954e+10
3.3909000000e-01 5.0557525480e+10
3.3950000000e-01 5.0308189438e+10
3.3959000000e-01 5.0258340947e+10
3.4000000000e-01 5.0015128204e+10
3.4009000000e-01 4.9966490694e+10
3.4050000000e-01 4.9729186554e+10
3.4059000000e-01 4.9681717024e+10
3.4100000000e-01 4.9450111603e+10
3.4109000000e-01 4.9403768008e+10
3.4150000000e-01 4.9177656236e+10
3.4159000000e-01 4.9132397496e+10
3.4200000000e-01 4.8911578951e+10
3.4209000000e-01 4.8867364892e+10
3.4250000000e-01 4.8651643550e+10
3.4259000000e-01 4.8608434862e+10
3.4300000000e-01 4.8397618848e+10
3.4309000000e-01 4.8355377073e+10
3.4350000000e-01 4.8149278913e+10
3.4359000000e-01 4.8107966427e+10
3.4400000000e-01 4.7906402377e+10
3.4409000000e-01 4.7865982320e+10
3.4450000000e-01 4.7668772708e+10
3.4459000000e-01 4.7629208986e+10
3.4500000000e-01 4.7436177455e+10
3.4509000000e-01 4.7397434673e+10
3.4550000000e-01 4.7208408769e+10
3.4559000000e-01 4.7170452260e+10
3.4600000000e-01 4.6985262682e+10
3.4609000000e-01 4.6948058378e+10
3.4650000000e-01 4.6766539061e+10
3.4659000000e-01 4.6730053590e+10
3.4700000000e-01 4.6552041458e+10
3.4709000000e-01 4.6516241973e+10
3.4750000000e-01 4.6341577020e+10
3.4759000000e-01 4.6306431290e+10
3.4800000000e-01 4.6134956000e+10
3.4809000000e-01 4.6100432284e+10
3.4850000000e-01 4.5931992045e+10
3.4859000000e-01 4.5898059149e+10
3.4900000000e-01 4.5732501591e+10
3.4909000000e-01 4.5699128727e+10
3.4950000000e-01 4.5536303636e+10
3.4959000000e-01 4.5503460511e+10
3.5000000000e-01 4.5343220164e+10
3.5009000000e-01 4.5310876859e+10
3.5050000000e-01 4.5153075276e+10
3.5059000000e-01 4.5121202245e+10
3.5100000000e-01 4.4965695187e+10
3.5109000000e-01 4.4934263243e+10
3.5150000000e-01 4.4780908216e+10
3.5159000000e-01 4.4749888459e+10
3.5200000000e-01 4.4598544627e+10
3.5209000000e-01 4.4567908448e+10
3.5250000000e-01 4.4418436221e+10
3.5259000000e-01 4.4388155232e+10
3.5300000000e-01 4.4240416016e+10
3.5309000000e-01 4.4210462082e+10
3.5350000000e-01 4.4064318527e+10
3.5359000000e-01 4.4034663651e+10
3.5400000000e-01 4.3889979322e+10
3.5409000000e-01 4.3860595677e+10
3.5450000000e-01 4.3717234633e+10
3.5459000000e-01 4.3688094494e+10
3.5500000000e-01 4.3545921544e+10
3.5509000000e-01 4.3516997237e+10
3.5550000000e-01 4.3375877356e+10
3.5559000000e-01 4.3347141325e+10
3.5600000000e-01 4.3206939984e+10
3.5609000000e-01 4.3178364590e+10
3.5650000000e-01 4.3038947013e+10
3.5659000000e-01 4.3010504631e+10
3.5700000000e-01 4.2871736041e+10
3.5709000000e-01 4.2843399015e+10
3.5750000000e-01 4.2705144304e+10
3.5759000000e-01 4.2676884806e+10
3.5800000000e-01 4.2539008449e+10
3.5809000000e-01 4.2510798585e+10
3.5850000000e-01 4.2373164228e+10
3.5859000000e-01 4.2344975881e+10
3.5900000000e-01 4.2207446425e+10
3.5909000000e-01 4.2179251274e+10
3.5950000000e-01 4.2041688538e+10
3.5959000000e-01 4.2013458025e+10
3.6000000000e-01 4.1875722586e+10
3.6009000000e-01 4.1847427828e+10
3.6050000000e-01 4.1709378850e+10
3.6059000000e-01 4.1680990660e+10
3.6100000000e-01 4.1542485732e+10
3.6109000000e-01 4.1513974530e+10
3.6150000000e-01 4.1374869247e+10
3.6159000000e-01 4.1346205047e+10
3.6200000000e-01 4.1206353014e+10
3.6209000000e-01 4.1177505299e+10
3.6250000000e-01 4.1036757880e+10
3.6259000000e-01 4.1007695729e+10
3.6300000000e-01 4.0865901632e+10
3.6309000000e-01 4.0836593458e+10
3.6350000000e-01 4.0693598984e+10
3.6359000000e-01 4.0664012655e+10
3.6400000000e-01 4.0519660786e+10
3.6409000000e-01 4.0489763493e+10
3.6450000000e-01 4.0343894140e+10
3.6459000000e-01 4.0313652356e+10
3.6500000000e-01 4.0166101944e+10
3.6509000000e-01 4.0135481397e+10
3.6550000000e-01 3.9986082617e+10
3.6559000000e-01 3.9955048164e+10
3.6600000000e-01 3.9803629641e+10
3.6609000000e-01 3.9772145308e+10
3.6650000000e-01 3.9618531516e+10
3.6659000000e-01 3.9586560375e+10
3.6700000000e-01 3.9430571059e+10
3.6709000000e-01 3.9398075180e+10
3.6750000000e-01 3.9239525269e+10
3.6759000000e-01 3.9206465650e+10
3.6800000000e-01 3.9045164848e+10
3.6809000000e-01 3.9011501346e+10
3.6850000000e-01 3.8847253795e+10
3.6859000000e-01 3.8812945077e+10
3.6900000000e-01 3.8645549110e+10
3.6909000000e-01 3.8610552568e+10
3.6950000000e-01 3.8439800127e+10
3.6959000000e-01 3.8404071775e+10
3.7000000000e-01 3.8229748412e+10
3.7009000000e-01 3.8193242869e+10
3.7050000000e-01 3.8015126999e+10
3.7059000000e-01 3.7977797336e+10
3.7100000000e-01 3.7795660071e+10
3.7109000000e-01 3.7757457761e+10
3.7150000000e-01 3.7571062329e+10
3.7159000000e-01 3.7531937159e+10
3.7200000000e-01 3.7341038488e+10
3.7209000000e-01 3.7300938445e+10
3.7250000000e-01 3.7105282749e+10
3.7259000000e-01 3.7064153947e+10
3.7300000000e-01 3.6863478313e+10
3.7309000000e-01 3.6821264841e+10
3.7350000000e-01 3.6615296561e+10
3.7359000000e-01 3.6571940453e+10
3.7400000000e-01 3.6360396445e+10
3.7409000000e-01 3.6315837470e+10
3.7450000000e-01 3.6098424032e+10
3.7459000000e-01 3.6052599613e+10
3.7500000000e-01 3.5829011421e+10
3.7509000000e-01 3.5781856547e+10
3.7550000000e-01 3.5551776328e+10
3.7559000000e-01 3.5503223355e+10
3.7600000000e-01 3.5266321055e+10
3.7609000000e-01 3.5216299597e+10
3.7650000000e-01 3.4972231801e+10
3.7659000000e-01 3.4920668564e+10
3.7700000000e-01 3.4669077666e+10
3.7709000000e-01 3.4615896313e+10
3.7750000000e-01 3.4356409850e+10
3.7759000000e-01 3.4301530794e+10
3.7800000000e-01 3.4033760619e+10
3.7809000000e-01 3.3977100906e+10
3.7850000000e-01 3.3700641941e+10
3.7859000000e-01 3.3642114976e+10
3.7900000000e-01 3.3356544965e+10
3.7909000000e-01 3.3296060394e+10
3.7950000000e-01 3.3000938491e+10
3.7959000000e-01 3.2938401930e+10
3.8000000000e-01 3.2633267453e+10
3.8009000000e-01 3.2568580282e+10
3.8050000000e-01 3.2252952300e+10
3.8059000000e-01 3.2186011459e+10
3.8100000000e-01 3.1859386967e+10
3.8109000000e-01 3.1790084599e+10
3.8150000000e-01 3.1451937518e+10
3.8159000000e-01 3.1380160817e+10
3.8200000000e-01 3.1029940672e+10
3.8209000000e-01 3.0955571525e+10
3.8250000000e-01 3.0592702027e+10
3.8259000000e-01 3.0515616676e+10
3.8300000000e-01 3.0139494151e+10
3.8309000000e-01 3.0059562931e+10
3.8350000000e-01 2.9669554659e+10
3.8359000000e-01 2.9586641549e+10
3.8400000000e-01 2.9182084019e+10
3.8409000000e-01 2.9096046376e+10
3.8450000000e-01 2.8676243547e+10
3.8459000000e-01 2.8586931554e+10
3.8500000000e-01 2.8151152525e+10
3.8509000000e-01 2.8058408829e+10
3.8550000000e-01 2.7605885938e+10
3.8559000000e-01 2.7509545156e+10
3.8600000000e-01 2.7039471568e+10
3.8609000000e-01 2.6939359729e+10
3.8650000000e-01 2.6450886697e+10
3.8659000000e-01 2.6346820730e+10
3.8700000000e-01 2.5839054944e+10
3.8709000000e-01 2.5730848035e+10
3.8750000000e-01 2.5202878257e+10
3.8759000000e-01 2.5090342367e+10
3.8800000000e-01 2.4541251136e+10
3.8809000000e-01 2.4424173733e+10
3.8850000000e-01 2.3852924163e+10
3.8859000000e-01 2.3731081201e+10
3.8900000000e-01 2.3136580140e+10
3.8909000000e-01 2.3009735172e+10
3.8950000000e-01 2.2390829131e+10
3.8959000000e-01 2.2258732409e+10
3.9000000000e-01 2.1614203004e+10
3.9009000000e-01 2.1476590440e+10
3.9050000000e-01 2.0805149240e+10
3.9059000000e-01 2.0661741320e+10
3.9100000000e-01 1.9962024624e+10
3.9109000000e-01 1.9812525163e+10
3.9150000000e-01 1.9083087854e+10
3.9159000000e-01 1.8927182708e+10
3.9200000000e-01 1.8166492280e+10
3.9209000000e-01 1.8003847912e+10
3.9250000000e-01 1.7210277002e+10
3.9259000000e-01 1.7040538836e+10
3.9300000000e-01 1.6212357586e+10
3.9309000000e-01 1.6035148285e+10
3.9350000000e-01 1.5170515798e+10
3.9359000000e-01 1.4985433279e+10
3.9400000000e-01 1.4082387738e+10
3.9409000000e-01 1.3889003008e+10
3.9450000000e-01 1.2945451554e+10
3.9459000000e-01 1.2743306212e+10
3.9500000000e-01 1.1757012330e+10
3.9509000000e-01 1.1545615911e+10
3.9550000000e-01 1.0514186649e+10
3.9559000000e-01 1.0293013435e+10
3.9600000000e-01 9.2138839006e+09
3.9609000000e-01 8.9823694739e+09
3.9650000000e-01 7.8527859368e+09
3.9659000000e-01 7.6103231402e+09
3.9700000000e-01 6.4273233325e+09
3.9709000000e-01 6.1732576702e+09
3.9750000000e-01 4.9336483687e+09
3.9759000000e-01 4.6672726704e+09
3.9800000000e-01 3.3676036383e+09
3.9809000000e-01 3.0881518148e+09
3.9850000000e-01 1.7246853522e+09
3.9859000000e-01 1.4313250241e+09
3.9900000000e-01 0.0000000000e+00
3.9900000000e-01 0.0000000000e+00
3.9909000000e-01 0.0000000000e+00
3.9950000000e-01 0.0000000000e+00
3.9959000000e-01 0.0000000000e+00
4.0000000000e-01 0.0000000000e+00
